1.146713197231292725e-01
1.146713420748710632e-01
1.146713122725486755e-01
1.146712824702262878e-01
1.146712303161621094e-01
1.145949289202690125e-01
1.145686283707618713e-01
1.146352738142013550e-01
1.145982593297958374e-01
1.145022436976432800e-01
1.144289299845695496e-01
1.143115237355232239e-01
1.141552329063415527e-01
1.140066012740135193e-01
1.136025711894035339e-01
1.125256121158599854e-01
1.116403564810752869e-01
1.110123023390769958e-01
1.106984615325927734e-01
1.102575063705444336e-01
1.088603287935256958e-01
1.088987290859222412e-01
1.081145405769348145e-01
1.077093482017517090e-01
1.056698858737945557e-01
1.052221208810806274e-01
1.048529818654060364e-01
1.025445610284805298e-01
1.023309975862503052e-01
1.021794155240058899e-01
1.005090996623039246e-01
1.002090945839881897e-01
9.773818403482437134e-02
9.786293655633926392e-02
9.783814847469329834e-02
9.554729610681533813e-02
9.543389827013015747e-02
9.476083517074584961e-02
9.293642640113830566e-02
9.291324019432067871e-02
9.065459668636322021e-02
9.052818268537521362e-02
8.908719569444656372e-02
8.921229839324951172e-02
8.917958289384841919e-02
8.741472661495208740e-02
8.731123805046081543e-02
8.640068769454956055e-02
8.553063124418258667e-02
8.512406796216964722e-02
8.514454960823059082e-02
8.462650328874588013e-02
8.376647531986236572e-02
8.329457789659500122e-02
8.312410116195678711e-02
8.279783278703689575e-02
8.256003260612487793e-02
8.158431202173233032e-02
8.143828809261322021e-02
8.119256049394607544e-02
8.071750402450561523e-02
8.058811724185943604e-02
7.996603101491928101e-02
7.994182407855987549e-02
7.953896373510360718e-02
7.887374609708786011e-02
7.864970713853836060e-02
7.786409556865692139e-02
7.752806693315505981e-02
7.720338553190231323e-02
7.633955031633377075e-02
7.603294402360916138e-02
7.589387893676757812e-02
7.566377520561218262e-02
7.536647468805313110e-02
7.482071965932846069e-02
7.342585176229476929e-02
7.309713214635848999e-02
7.262067496776580811e-02
7.159178704023361206e-02
7.136288285255432129e-02
7.079819589853286743e-02
7.029204070568084717e-02
6.971664726734161377e-02
6.827130168676376343e-02
6.842146068811416626e-02
6.748642772436141968e-02
6.702534854412078857e-02
6.582672894001007080e-02
6.532098352909088135e-02
6.522736698389053345e-02
6.406439840793609619e-02
6.400588154792785645e-02
6.338756531476974487e-02
6.305938214063644409e-02
6.284606456756591797e-02
6.284672766923904419e-02
6.120461970567703247e-02
6.074057519435882568e-02
6.028418242931365967e-02
5.879649519920349121e-02
5.833535641431808472e-02
5.777036026120185852e-02
5.729234591126441956e-02
5.727364495396614075e-02
5.620002374053001404e-02
5.632553249597549438e-02
5.600322037935256958e-02
5.515891313552856445e-02
5.285764113068580627e-02
5.076326057314872742e-02
5.012146010994911194e-02
4.883461073040962219e-02
4.623020067811012268e-02
4.250744730234146118e-02
4.176461324095726013e-02
3.803648427128791809e-02
3.416256234049797058e-02
3.353312984108924866e-02
2.826137281954288483e-02
2.566135302186012268e-02
2.571946568787097931e-02
2.572815306484699249e-02
2.573338523507118225e-02
2.573111280798912048e-02
2.573021501302719116e-02
2.572956308722496033e-02
2.572945132851600647e-02
2.572970092296600342e-02
2.572974190115928650e-02
2.572975493967533112e-02
2.572982385754585266e-02
2.572979964315891266e-02
2.572981826961040497e-02
2.572982013225555420e-02
2.572980523109436035e-02
2.572978287935256958e-02
2.572974935173988342e-02
2.572969347238540649e-02
2.572976611554622650e-02
2.604586258530616760e-02
3.223644569516181946e-02
3.890279680490493774e-02
3.925578296184539795e-02
3.837018460035324097e-02
3.540547937154769897e-02
3.493263199925422668e-02
3.358304128050804138e-02
3.162347152829170227e-02
3.060512617230415344e-02
3.136881813406944275e-02
3.275414928793907166e-02
3.160386532545089722e-02
3.096742182970046997e-02
2.852113172411918640e-02
2.831754088401794434e-02
2.806552127003669739e-02
2.569661289453506470e-02
2.587878704071044922e-02
2.393127232789993286e-02
2.298838272690773010e-02
2.234500460326671600e-02
2.194500155746936798e-02
2.027951180934906006e-02
1.974504627287387848e-02
1.876473799347877502e-02
1.776654459536075592e-02
1.685543358325958252e-02
1.597138494253158569e-02
1.593672111630439758e-02
1.379415392875671387e-02
1.378222648054361343e-02
1.108160801231861115e-02
6.137204822152853012e-03
6.017015315592288971e-03
3.522691782563924789e-03
3.764633787795901299e-03
5.495553370565176010e-03
7.776407990604639053e-03
9.693094529211521149e-03
8.522802032530307770e-03
1.078165415674448013e-02
1.182516571134328842e-02
1.288542430847883224e-02
1.435685437172651291e-02
1.512737572193145752e-02
1.746076531708240509e-02
1.778543926775455475e-02
1.916155591607093811e-02
2.026838809251785278e-02
2.172673679888248444e-02
2.327095530927181244e-02
2.433797344565391541e-02
2.608693204820156097e-02
2.713364176452159882e-02
2.752168476581573486e-02
3.078026510775089264e-02
3.104769438505172729e-02
3.264040872454643250e-02
3.785284981131553650e-02
3.522773832082748413e-02
3.580297157168388367e-02
3.866314142942428589e-02
3.819786757230758667e-02
3.948245570063591003e-02
4.056681320071220398e-02
4.137873277068138123e-02
4.361791908740997314e-02
4.449115693569183350e-02
4.461142420768737793e-02
4.775692895054817200e-02
4.843685030937194824e-02
4.969538003206253052e-02
5.128310248255729675e-02
5.267871916294097900e-02
5.442235991358757019e-02
5.572431161999702454e-02
5.740718171000480652e-02
5.794598162174224854e-02
5.884983763098716736e-02
6.113252043724060059e-02
6.151907145977020264e-02
6.263655424118041992e-02
6.466388702392578125e-02
6.548205018043518066e-02
6.615442782640457153e-02
6.835048645734786987e-02
6.950028240680694580e-02
7.270913571119308472e-02
7.271576672792434692e-02
7.417881488800048828e-02
7.525292038917541504e-02
7.735963165760040283e-02
7.777397334575653076e-02
7.795538753271102905e-02
8.135183900594711304e-02
8.126901090145111084e-02
8.121125400066375732e-02
8.006133884191513062e-02
7.958421111106872559e-02
7.946860790252685547e-02
7.917550206184387207e-02
7.860008627176284790e-02
7.845421135425567627e-02
7.829145342111587524e-02
7.794763147830963135e-02
7.791559398174285889e-02
7.745973765850067139e-02
7.753606140613555908e-02
7.738577574491500854e-02
7.724625617265701294e-02
7.686778157949447632e-02
7.682957500219345093e-02
7.681603729724884033e-02
7.637491077184677124e-02
7.629925012588500977e-02
7.632347196340560913e-02
7.613590359687805176e-02
7.573531568050384521e-02
7.595726847648620605e-02
7.575432211160659790e-02
7.548774033784866333e-02
7.535371184349060059e-02
7.534686475992202759e-02
7.496054470539093018e-02
7.440727949142456055e-02
7.224586606025695801e-02
7.217916101217269897e-02
7.174393534660339355e-02
7.067889720201492310e-02
7.055735588073730469e-02
6.946220993995666504e-02
6.849319487810134888e-02
6.816134601831436157e-02
6.811567395925521851e-02
6.543222814798355103e-02
6.489308178424835205e-02
6.364608556032180786e-02
6.351242959499359131e-02
6.148595362901687622e-02
6.054725125432014465e-02
6.021192297339439392e-02
5.756360292434692383e-02
5.706891417503356934e-02
5.655259639024734497e-02
5.348788574337959290e-02
5.224192142486572266e-02
4.897649213671684265e-02
4.425581544637680054e-02
4.585448279976844788e-02
4.723241925239562988e-02
4.278317466378211975e-02
4.173417389392852783e-02
4.055651649832725525e-02
3.903372585773468018e-02
3.899240866303443909e-02
3.898159042000770569e-02
3.892418742179870605e-02
3.670495003461837769e-02
3.575601428747177124e-02
3.391156718134880066e-02
3.336477279663085938e-02
3.326644003391265869e-02
3.182244300842285156e-02
2.978966571390628815e-02
2.786641195416450500e-02
2.706461213529109955e-02
2.707628346979618073e-02
2.592313662171363831e-02
2.292405441403388977e-02
2.310406416654586792e-02
2.297164499759674072e-02
1.911867782473564148e-02
1.888181641697883606e-02
1.595412939786911011e-02
1.555296871811151505e-02
1.551439519971609116e-02
1.293889246881008148e-02
1.013689022511243820e-02
8.880773559212684631e-03
8.934648707509040833e-03
8.624956011772155762e-03
1.762931235134601593e-03
1.191793591715395451e-03
3.452524309977889061e-03
7.852488197386264801e-03
6.479426287114620209e-03
7.520827930420637131e-03
8.135162293910980225e-03
8.947307243943214417e-03
1.041386649012565613e-02
1.206477638334035873e-02
1.391210313886404037e-02
1.485678926110267639e-02
1.592341996729373932e-02
1.716844365000724792e-02
1.816430129110813141e-02
1.879542693495750427e-02
2.109264396131038666e-02
2.183237113058567047e-02
2.414209023118019104e-02
2.469704486429691315e-02
2.530174516141414642e-02
2.676235139369964600e-02
2.834014222025871277e-02
2.931919880211353302e-02
3.109490685164928436e-02
3.359637409448623657e-02
3.391413018107414246e-02
3.637114539742469788e-02
3.734790533781051636e-02
3.981725126504898071e-02
4.019971191883087158e-02
4.236305877566337585e-02
4.322442039847373962e-02
4.465590789914131165e-02
4.643611609935760498e-02
4.713878780603408813e-02
4.905924573540687561e-02
5.051942169666290283e-02
5.238716676831245422e-02
5.345512181520462036e-02
5.447791516780853271e-02
5.542529746890068054e-02
5.747962743043899536e-02
5.860603973269462585e-02
6.034858524799346924e-02
6.053358688950538635e-02
6.215762346982955933e-02
6.436927616596221924e-02
6.482838839292526245e-02
6.579715758562088013e-02
6.707520782947540283e-02
6.716250628232955933e-02
6.646849960088729858e-02
6.399287283420562744e-02
6.288632005453109741e-02
6.169221922755241394e-02
6.091953068971633911e-02
5.905923247337341309e-02
5.865464732050895691e-02
5.830950662493705750e-02
5.621431022882461548e-02
5.566615611314773560e-02
5.451566725969314575e-02
5.271378532052040100e-02
5.241622775793075562e-02
5.014811456203460693e-02
4.991056397557258606e-02
4.793692752718925476e-02
4.731909185647964478e-02
4.706380516290664673e-02
4.702201113104820251e-02
4.633956402540206909e-02
4.485815763473510742e-02
4.425607994198799133e-02
4.426572099328041077e-02
4.344249144196510315e-02
4.053039103746414185e-02
3.624372929334640503e-02
3.549572080373764038e-02
2.979388833045959473e-02
2.912639640271663666e-02
2.948571927845478058e-02
2.768233977258205414e-02
2.360096387565135956e-02
2.243492007255554199e-02
2.239569649100303650e-02
2.177812717854976654e-02
2.154840528964996338e-02
2.219337224960327148e-02
2.277173846960067749e-02
2.305508032441139221e-02
2.445994317531585693e-02
2.435200475156307220e-02
2.433525770902633667e-02
2.711579203605651855e-02
2.838174067437648773e-02
3.054504841566085815e-02
3.131577745079994202e-02
3.186352923512458801e-02
3.191533312201499939e-02
3.178158402442932129e-02
3.185685351490974426e-02
3.181406855583190918e-02
3.184260055422782898e-02
3.183939680457115173e-02
3.183985128998756409e-02
3.184052929282188416e-02
3.183963894844055176e-02
3.184042125940322876e-02
3.183988109230995178e-02
3.184047713875770569e-02
3.183995932340621948e-02
3.184041008353233337e-02
3.176629915833473206e-02
3.138911351561546326e-02
2.775636129081249237e-02
2.626763284206390381e-02
2.490206807851791382e-02
2.417061477899551392e-02
2.406998164951801300e-02
2.183256298303604126e-02
2.199500985443592072e-02
2.077256515622138977e-02
1.900881342589855194e-02
1.923982240259647369e-02
1.955706067383289337e-02
2.111671492457389832e-02
2.190895937383174896e-02
2.569556050002574921e-02
2.940612100064754486e-02
3.105393983423709869e-02
3.100831620395183563e-02
3.101694770157337189e-02
3.195697441697120667e-02
3.369056433439254761e-02
3.547267243266105652e-02
3.874872252345085144e-02
4.030214622616767883e-02
3.966348245739936829e-02
3.848829492926597595e-02
3.750053420662879944e-02
3.855863958597183228e-02
3.944115340709686279e-02
4.032895341515541077e-02
3.996677696704864502e-02
4.058028385043144226e-02
4.183213785290718079e-02
4.286074265837669373e-02
4.247787594795227051e-02
4.204698652029037476e-02
3.970190137624740601e-02
3.873603790998458862e-02
3.767958655953407288e-02
3.722757846117019653e-02
3.697111085057258606e-02
3.748692944645881653e-02
3.744265437126159668e-02
3.741536289453506470e-02
3.741757944226264954e-02
3.741031512618064880e-02
3.740476816892623901e-02
3.740489482879638672e-02
3.740400448441505432e-02
3.740463033318519592e-02
3.740308806300163269e-02
3.740319237112998962e-02
3.740248084068298340e-02
3.740266337990760803e-02
3.740211576223373413e-02
3.740178793668746948e-02
3.740173578262329102e-02
3.740136697888374329e-02
3.740134462714195251e-02
3.740103542804718018e-02
3.740100190043449402e-02
3.740071877837181091e-02
3.740066662430763245e-02
3.632177412509918213e-02
3.590935841202735901e-02
3.352795168757438660e-02
3.332704305648803711e-02
3.254751116037368774e-02
3.553538024425506592e-02
3.849563002586364746e-02
3.853940218687057495e-02
3.918273746967315674e-02
3.919925540685653687e-02
3.920542448759078979e-02
3.912584483623504639e-02
3.914634510874748230e-02
3.880189731717109680e-02
3.873111307621002197e-02
3.867420926690101624e-02
3.780617937445640564e-02
3.777463734149932861e-02
3.643225133419036865e-02
3.630419448018074036e-02
3.498969227075576782e-02
3.478515148162841797e-02
3.330314904451370239e-02
3.282219171524047852e-02
3.181669488549232483e-02
3.133407607674598694e-02
3.086441755294799805e-02
2.931061387062072754e-02
2.888179197907447815e-02
2.851122431457042694e-02
2.691038697957992554e-02
2.616432309150695801e-02
2.593600936233997345e-02
2.523863688111305237e-02
2.356047928333282471e-02
2.306521125137805939e-02
1.733800396323204041e-02
1.369357481598854065e-02
1.402198337018489838e-02
1.153603103011846542e-02
7.892077788710594177e-03
4.958081059157848358e-03
3.488576039671897888e-03
3.754673758521676064e-03
4.408819600939750671e-03
7.344213780015707016e-03
7.434387225657701492e-03
7.084715180099010468e-03
8.625530637800693512e-03
1.011490076780319214e-02
1.124344300478696823e-02
1.173838507384061813e-02
1.383834052830934525e-02
1.403625030070543289e-02
1.520476583391427994e-02
1.895331405103206635e-02
1.967710815370082855e-02
1.878531835973262787e-02
2.126269601285457611e-02
2.121389098465442657e-02
2.341416664421558380e-02
2.329850383102893829e-02
2.564840018749237061e-02
2.552739158272743225e-02
2.567488700151443481e-02
2.802278287708759308e-02
2.830235473811626434e-02
2.848379872739315033e-02
3.115621954202651978e-02
3.151349723339080811e-02
3.161511570215225220e-02
3.401602804660797119e-02
3.415304794907569885e-02
3.709721192717552185e-02
3.732960671186447144e-02
3.769933059811592102e-02
4.031600803136825562e-02
4.037242755293846130e-02
4.319851845502853394e-02
4.350200295448303223e-02
4.374772682785987854e-02
4.648829996585845947e-02
4.716486483812332153e-02
4.754415526986122131e-02
5.022226646542549133e-02
5.005292221903800964e-02
5.017544701695442200e-02
5.322369188070297241e-02
5.419936776161193848e-02
5.615954101085662842e-02
5.601954087615013123e-02
5.627126991748809814e-02
5.922957882285118103e-02
5.908408761024475098e-02
5.909686908125877380e-02
5.907840654253959656e-02
6.197278201580047607e-02
6.413636356592178345e-02
6.546275317668914795e-02
6.581819057464599609e-02
6.649807095527648926e-02
6.301228702068328857e-02
6.302124261856079102e-02
5.901091918349266052e-02
5.826811492443084717e-02
5.776272341609001160e-02
5.619949474930763245e-02
5.485174059867858887e-02
5.435778200626373291e-02
5.335699766874313354e-02
5.266106128692626953e-02
5.210047960281372070e-02
5.219030380249023438e-02
5.219351127743721008e-02
5.218336358666419983e-02
5.218534544110298157e-02
5.218266695737838745e-02
5.218366906046867371e-02
5.218283459544181824e-02
5.218324065208435059e-02
5.218363553285598755e-02
5.218350142240524292e-02
5.218358337879180908e-02
5.218362063169479370e-02
5.218343064188957214e-02
5.218341574072837830e-02
5.218377709388732910e-02
5.218341574072837830e-02
5.218378454446792603e-02
5.218344181776046753e-02
5.218360945582389832e-02
5.218354612588882446e-02
5.219030380249023438e-02
5.219577997922897339e-02
5.154678598046302795e-02
5.137533321976661682e-02
5.032838135957717896e-02
4.958875104784965515e-02
4.824966937303543091e-02
4.787096753716468811e-02
4.796869307756423950e-02
4.792711138725280762e-02
4.792575910687446594e-02
4.792304709553718567e-02
4.792525246739387512e-02
4.792406782507896423e-02
4.792409390211105347e-02
4.792382940649986267e-02
4.792337864637374878e-02
4.792406782507896423e-02
4.792394489049911499e-02
4.792446643114089966e-02
4.792382568120956421e-02
4.792414978146553040e-02
4.792385920882225037e-02
4.792417585849761963e-02
4.762711003422737122e-02
4.731903597712516785e-02
4.942775890231132507e-02
4.795212298631668091e-02
4.644589871168136597e-02
4.500903934240341187e-02
4.082423448562622070e-02
4.081909731030464172e-02
4.104403033852577209e-02
4.104991629719734192e-02
4.100821912288665771e-02
4.104890674352645874e-02
4.102418571710586548e-02
4.102911427617073059e-02
4.101957380771636963e-02
4.102825000882148743e-02
4.102529957890510559e-02
4.102874174714088440e-02
4.102627187967300415e-02
4.102604836225509644e-02
4.102749750018119812e-02
4.102658480405807495e-02
4.102646559476852417e-02
4.102606326341629028e-02
4.102740436792373657e-02
4.102613404393196106e-02
4.102731123566627502e-02
4.102628678083419800e-02
4.102718085050582886e-02
4.351254925131797791e-02
5.179583653807640076e-02
5.394952744245529175e-02
5.286332592368125916e-02
5.301827564835548401e-02
5.279645696282386780e-02
5.268841981887817383e-02
5.250377580523490906e-02
5.234205722808837891e-02
5.127643421292304993e-02
5.117495730519294739e-02
5.134371668100357056e-02
5.060487240552902222e-02
5.024487525224685669e-02
4.935354739427566528e-02
4.886004328727722168e-02
4.872740432620048523e-02
4.741865769028663635e-02
4.678099602460861206e-02
4.555090889334678650e-02
4.492587968707084656e-02
4.353871196508407593e-02
4.305434226989746094e-02
4.144779220223426819e-02
4.124657064676284790e-02
4.139488190412521362e-02
3.976800665259361267e-02
3.919220715761184692e-02
3.847252950072288513e-02
3.817213326692581177e-02
3.650717064738273621e-02
3.587017208337783813e-02
3.549915924668312073e-02
3.428531810641288757e-02
3.362267464399337769e-02
3.136490657925605774e-02
3.169951215386390686e-02
3.175044432282447815e-02
2.978901937603950500e-02
2.977406978607177734e-02
2.852493338286876678e-02
2.790993824601173401e-02
2.681061998009681702e-02
2.658129110932350159e-02
2.665145136415958405e-02
2.549532055854797363e-02
2.541922032833099365e-02
2.535636350512504578e-02
2.383086271584033966e-02
2.383960410952568054e-02
2.224925905466079712e-02
2.234494872391223907e-02
2.118104323744773865e-02
2.055751346051692963e-02
2.022202312946319580e-02
1.969835348427295685e-02
1.829105429351329803e-02
1.662251539528369904e-02
1.579715311527252197e-02
1.550742518156766891e-02
1.337796356528997421e-02
1.351873390376567841e-02
1.187430694699287415e-02
1.080763619393110275e-02
1.009869109839200974e-02
9.871607646346092224e-03
7.599985226988792419e-03
7.263169158250093460e-03
5.012447945773601532e-03
4.819767083972692490e-03
4.667791537940502167e-03
2.759553492069244385e-03
2.625881927087903023e-03
2.337617566809058189e-03
2.705454360693693161e-03
2.990284468978643417e-03
4.343982320278882980e-03
4.272347316145896912e-03
5.607056431472301483e-03
6.850520148873329163e-03
7.774114608764648438e-03
1.037471089512109756e-02
1.104285009205341339e-02
1.154407579451799393e-02
1.251894235610961914e-02
1.432046759873628616e-02
1.574462093412876129e-02
1.729675196111202240e-02
1.798618398606777191e-02
1.799734681844711304e-02
2.032570727169513702e-02
2.189873531460762024e-02
2.309983409941196442e-02
2.350801788270473480e-02
2.543038502335548401e-02
2.627585828304290771e-02
2.681134082376956940e-02
2.841466106474399567e-02
2.974869869649410248e-02
2.968392148613929749e-02
3.236562758684158325e-02
3.279776871204376221e-02
3.508030250668525696e-02
3.634572401642799377e-02
3.805086016654968262e-02
3.928314521908760071e-02
3.928434848785400391e-02
4.151435196399688721e-02
4.158334434032440186e-02
4.291441291570663452e-02
4.315215721726417542e-02
4.311206936836242676e-02
4.408517107367515564e-02
4.563731327652931213e-02
4.667388647794723511e-02
4.677220061421394348e-02
4.885724186897277832e-02
4.934769496321678162e-02
5.155624449253082275e-02
5.162797495722770691e-02
5.309994146227836609e-02
5.432092025876045227e-02
5.484947562217712402e-02
5.584490299224853516e-02
5.681554228067398071e-02
5.701809749007225037e-02
5.907019600272178650e-02
5.926210433244705200e-02
6.083685159683227539e-02
6.160543486475944519e-02
6.259541213512420654e-02
6.273144483566284180e-02
6.478454172611236572e-02
6.507197022438049316e-02
6.705523282289505005e-02
6.702284514904022217e-02
6.745639443397521973e-02
6.931760907173156738e-02
6.942065060138702393e-02
7.103212922811508179e-02
7.148608565330505371e-02
7.149838656187057495e-02
7.364977151155471802e-02
7.397647947072982788e-02
7.419423758983612061e-02
7.640308886766433716e-02
7.635425031185150146e-02
7.776773720979690552e-02
7.946684211492538452e-02
8.060912787914276123e-02
8.124673366546630859e-02
8.220991492271423340e-02
8.366575092077255249e-02
8.400297909975051880e-02
8.420658856630325317e-02
8.644666522741317749e-02
8.662679046392440796e-02
8.908866345882415771e-02
8.951885253190994263e-02
9.059380739927291870e-02
9.280494600534439087e-02
9.293844550848007202e-02
9.503003209829330444e-02
9.548624604940414429e-02
9.653855860233306885e-02
9.807240962982177734e-02
9.866704046726226807e-02
9.932398051023483276e-02
1.012423262000083923e-01
1.014662459492683411e-01
1.021915748715400696e-01
1.042255833745002747e-01
1.049555987119674683e-01
1.055895984172821045e-01
1.078685075044631958e-01
1.084293425083160400e-01
1.093423962593078613e-01
1.108064875006675720e-01
1.126795783638954163e-01
1.136855110526084900e-01
1.141334921121597290e-01
1.170187219977378845e-01
1.173160225152969360e-01
1.185498088598251343e-01
1.198602765798568726e-01
1.209742203354835510e-01
1.230959147214889526e-01
1.238556653261184692e-01
1.239929273724555969e-01
1.270792931318283081e-01
1.272736787796020508e-01
1.300518363714218140e-01
1.300317943096160889e-01
1.303325593471527100e-01
1.322233676910400391e-01
1.336708515882492065e-01
1.353147178888320923e-01
1.355625391006469727e-01
1.373308002948760986e-01
1.379290968179702759e-01
1.389598697423934937e-01
1.394539326429367065e-01
1.409844756126403809e-01
1.410208046436309814e-01
1.418557167053222656e-01
1.428996175527572632e-01
1.428693383932113647e-01
1.443789154291152954e-01
1.443753391504287720e-01
1.449615359306335449e-01
1.453860253095626831e-01
1.455971300601959229e-01
1.459822654724121094e-01
1.474355161190032959e-01
1.478779464960098267e-01
1.481402665376663208e-01
1.499741226434707642e-01
1.503238081932067871e-01
1.516334414482116699e-01
1.522309333086013794e-01
1.535259187221527100e-01
1.544371992349624634e-01
1.554157882928848267e-01
1.562524586915969849e-01
1.568435430526733398e-01
1.584166288375854492e-01
1.592581868171691895e-01
1.596115976572036743e-01
1.619573533535003662e-01
1.627053022384643555e-01
1.631711721420288086e-01
1.644910722970962524e-01
1.654045283794403076e-01
1.676689684391021729e-01
1.685908287763595581e-01
1.710786223411560059e-01
1.714717745780944824e-01
1.713483035564422607e-01
1.739242225885391235e-01
1.745150685310363770e-01
1.751494407653808594e-01
1.758807152509689331e-01
1.779637336730957031e-01
1.783063858747482300e-01
1.800782680511474609e-01
1.809173375368118286e-01
1.814416646957397461e-01
1.840300112962722778e-01
1.854976266622543335e-01
1.867702305316925049e-01
1.869491934776306152e-01
1.896454989910125732e-01
1.900826990604400635e-01
1.915380507707595825e-01
1.924842447042465210e-01
1.937070339918136597e-01
1.955883800983428955e-01
1.968173235654830933e-01
1.979718804359436035e-01
2.001618593931198120e-01
2.004199475049972534e-01
2.026559263467788696e-01
2.031797617673873901e-01
2.033512443304061890e-01
2.047630101442337036e-01
2.058789283037185669e-01
2.072793692350387573e-01
2.082275897264480591e-01
2.087643146514892578e-01
2.093077898025512695e-01
2.107525765895843506e-01
2.107301503419876099e-01
2.123157382011413574e-01
2.126920372247695923e-01
2.126045823097229004e-01
2.144378870725631714e-01
2.146318703889846802e-01
2.146077752113342285e-01
2.152047008275985718e-01
2.152944654226303101e-01
2.153703868389129639e-01
2.176637202501296997e-01
2.177723348140716553e-01
2.187675237655639648e-01
2.187193334102630615e-01
2.187241315841674805e-01
2.191541343927383423e-01
2.191676050424575806e-01
2.192535698413848877e-01
2.191464304924011230e-01
2.188473790884017944e-01
2.188679128885269165e-01
2.185610979795455933e-01
2.185490280389785767e-01
2.183839678764343262e-01
2.182227969169616699e-01
2.182273417711257935e-01
2.182325124740600586e-01
2.184124290943145752e-01
2.185968905687332153e-01
2.185789644718170166e-01
2.195746600627899170e-01
2.196657657623291016e-01
2.197904735803604126e-01
2.210875451564788818e-01
2.211546897888183594e-01
2.226425558328628540e-01
2.230441719293594360e-01
2.229783684015274048e-01
2.229664176702499390e-01
2.229670286178588867e-01
2.244038283824920654e-01
2.250289916992187500e-01
2.255266606807708740e-01
2.269132137298583984e-01
2.275703847408294678e-01
2.286430895328521729e-01
2.304005920886993408e-01
2.309860885143280029e-01
2.312571257352828979e-01
2.327060550451278687e-01
2.334113866090774536e-01
2.350344210863113403e-01
2.353409528732299805e-01
2.372260391712188721e-01
2.375397235155105591e-01
2.374186515808105469e-01
2.390443980693817139e-01
2.403191179037094116e-01
2.402358502149581909e-01
2.419775724411010742e-01
2.434188574552536011e-01
2.450191527605056763e-01
2.455383092164993286e-01
2.452308833599090576e-01
2.458580732345581055e-01
2.463363260030746460e-01
2.461737543344497681e-01
2.463911324739456177e-01
2.468110173940658569e-01
2.457863241434097290e-01
2.458220422267913818e-01
2.454532086849212646e-01
2.447726577520370483e-01
2.443261295557022095e-01
2.442479431629180908e-01
2.427469342947006226e-01
2.422636449337005615e-01
2.409403026103973389e-01
2.407535910606384277e-01
2.390463352203369141e-01
2.389164716005325317e-01
2.380125820636749268e-01
2.370423525571823120e-01
2.362060546875000000e-01
2.355548590421676636e-01
2.342244833707809448e-01
2.338709086179733276e-01
2.320751249790191650e-01
2.320350259542465210e-01
2.316382527351379395e-01
2.300955355167388916e-01
2.295179665088653564e-01
2.286756485700607300e-01
2.277754247188568115e-01
2.275721728801727295e-01
2.257129698991775513e-01
2.253439128398895264e-01
2.248684167861938477e-01
2.233836799860000610e-01
2.229871898889541626e-01
2.219603508710861206e-01
2.211102992296218872e-01
2.206494063138961792e-01
2.202908396720886230e-01
2.184670269489288330e-01
2.179155647754669189e-01
2.162185758352279663e-01
2.154775559902191162e-01
2.151985317468643188e-01
2.130357027053833008e-01
2.126199454069137573e-01
2.123017311096191406e-01
2.107374221086502075e-01
2.103221416473388672e-01
2.094768583774566650e-01
2.093472182750701904e-01
2.086247950792312622e-01
2.084601074457168579e-01
2.082715779542922974e-01
2.076659798622131348e-01
2.075382173061370850e-01
2.069856524467468262e-01
2.069667130708694458e-01
2.065381258726119995e-01
2.063625156879425049e-01
2.064418196678161621e-01
2.059240043163299561e-01
2.059840112924575806e-01
2.059198915958404541e-01
2.057601511478424072e-01
2.057510316371917725e-01
2.055361717939376831e-01
2.054525166749954224e-01
2.055478543043136597e-01
2.053368091583251953e-01
2.054427564144134521e-01
2.053310722112655640e-01
2.051645666360855103e-01
2.053509354591369629e-01
2.053027898073196411e-01
2.052288055419921875e-01
2.052549123764038086e-01
2.051722258329391479e-01
2.053643614053726196e-01
2.054388821125030518e-01
2.052542269229888916e-01
2.054529786109924316e-01
2.054153829813003540e-01
2.055027484893798828e-01
