3.855951428413391113e-01 -4.129043519496917725e-01 6.538423150777816772e-02
3.855966627597808838e-01 -4.129041433334350586e-01 6.538423150777816772e-02
3.856070339679718018e-01 -4.129026830196380615e-01 6.538423150777816772e-02
3.856343626976013184e-01 -4.128988385200500488e-01 6.538423150777816772e-02
3.856859803199768066e-01 -4.128915667533874512e-01 6.538423150777816772e-02
3.857684731483459473e-01 -4.128799736499786377e-01 6.538423150777816772e-02
3.858876228332519531e-01 -4.128632247447967529e-01 6.538423150777816772e-02
3.860485255718231201e-01 -4.128405749797821045e-01 6.538423150777816772e-02
3.862555027008056641e-01 -4.128114581108093262e-01 6.538423150777816772e-02
3.865121901035308838e-01 -4.127753376960754395e-01 6.538423150777816772e-02
3.868215084075927734e-01 -4.127317965030670166e-01 6.538423150777816772e-02
3.871857225894927979e-01 -4.126805365085601807e-01 6.538423150777816772e-02
3.876063227653503418e-01 -4.126212894916534424e-01 6.538423150777816772e-02
3.880842924118041992e-01 -4.125539660453796387e-01 6.538423150777816772e-02
3.886198401451110840e-01 -4.124785363674163818e-01 6.538423150777816772e-02
3.892126083374023438e-01 -4.123950004577636719e-01 6.538423150777816772e-02
3.898616135120391846e-01 -4.123035371303558350e-01 6.538423150777816772e-02
3.905652463436126709e-01 -4.122043251991271973e-01 6.538423150777816772e-02
3.913213014602661133e-01 -4.120976924896240234e-01 6.538423150777816772e-02
3.921270072460174561e-01 -4.119839966297149658e-01 6.538423150777816772e-02
3.929790854454040527e-01 -4.118637442588806152e-01 6.538423150777816772e-02
3.938735723495483398e-01 -4.117374420166015625e-01 6.538423150777816772e-02
3.948061168193817139e-01 -4.116057157516479492e-01 6.538423150777816772e-02
3.957717418670654297e-01 -4.114692211151123047e-01 6.538423150777816772e-02
3.967649638652801514e-01 -4.113287627696990967e-01 6.538423150777816772e-02
3.977798819541931152e-01 -4.111851453781127930e-01 6.538423150777816772e-02
3.988100588321685791e-01 -4.110392630100250244e-01 6.538423150777816772e-02
3.998485505580902100e-01 -4.108920991420745850e-01 6.538423150777816772e-02
4.008880257606506348e-01 -4.107446670532226562e-01 6.538423150777816772e-02
4.019206762313842773e-01 -4.105980396270751953e-01 6.538423150777816772e-02
4.029383063316345215e-01 -4.104533493518829346e-01 6.538423150777816772e-02
4.039323329925537109e-01 -4.103118479251861572e-01 6.538423150777816772e-02
4.048974215984344482e-01 -4.101742208003997803e-01 6.538423150777816772e-02
4.058322608470916748e-01 -4.100407361984252930e-01 6.538423150777816772e-02
4.067359566688537598e-01 -4.099115431308746338e-01 6.538423150777816772e-02
4.076078236103057861e-01 -4.097867012023925781e-01 6.538423150777816772e-02
4.084474742412567139e-01 -4.096663296222686768e-01 6.538423150777816772e-02
4.092545509338378906e-01 -4.095505177974700928e-01 6.538423150777816772e-02
4.100290536880493164e-01 -4.094392955303192139e-01 6.538423150777816772e-02
4.107711017131805420e-01 -4.093326032161712646e-01 6.538423150777816772e-02
4.114809930324554443e-01 -4.092305004596710205e-01 6.538423150777816772e-02
4.121592342853546143e-01 -4.091329276561737061e-01 6.538423150777816772e-02
4.128065109252929688e-01 -4.090397655963897705e-01 6.538423150777816772e-02
4.134236872196197510e-01 -4.089509844779968262e-01 6.538423150777816772e-02
4.140118360519409180e-01 -4.088664054870605469e-01 6.538423150777816772e-02
4.145721197128295898e-01 -4.087859094142913818e-01 6.538423150777816772e-02
4.151059687137603760e-01 -4.087093472480773926e-01 6.538423150777816772e-02
4.156148731708526611e-01 -4.086364805698394775e-01 6.538423150777816772e-02
4.161005616188049316e-01 -4.085671305656433105e-01 6.538423150777816772e-02
4.165649116039276123e-01 -4.085010588169097900e-01 6.538423150777816772e-02
4.170099198818206787e-01 -4.084379971027374268e-01 6.538423150777816772e-02
4.174377620220184326e-01 -4.083777070045471191e-01 6.538423150777816772e-02
4.178507328033447266e-01 -4.083198308944702148e-01 6.538423150777816772e-02
4.182513058185577393e-01 -4.082640707492828369e-01 6.538423150777816772e-02
4.186420738697052002e-01 -4.082100987434387207e-01 6.538423150777816772e-02
4.190257191658020020e-01 -4.081575572490692139e-01 6.538423150777816772e-02
4.194051325321197510e-01 -4.081060588359832764e-01 6.538423150777816772e-02
4.197833240032196045e-01 -4.080552160739898682e-01 6.538423150777816772e-02
4.201633632183074951e-01 -4.080046415328979492e-01 6.538423150777816772e-02
4.205484986305236816e-01 -4.079538583755493164e-01 6.538423150777816772e-02
4.209420680999755859e-01 -4.079024791717529297e-01 6.538423150777816772e-02
4.213475286960601807e-01 -4.078500270843505859e-01 6.538423150777816772e-02
4.217680096626281738e-01 -4.077960252761840820e-01 6.538423150777816772e-02
4.222042858600616455e-01 -4.077403843402862549e-01 6.538423150777816772e-02
4.226562380790710449e-01 -4.076829552650451660e-01 6.538423150777816772e-02
4.231236279010772705e-01 -4.076237082481384277e-01 6.538423150777816772e-02
4.236062169075012207e-01 -4.075625836849212646e-01 6.538423150777816772e-02
4.241037070751190186e-01 -4.074994921684265137e-01 6.538423150777816772e-02
4.246157407760620117e-01 -4.074344336986541748e-01 6.538423150777816772e-02
4.251419305801391602e-01 -4.073673784732818604e-01 6.538423150777816772e-02
4.256817996501922607e-01 -4.072982370853424072e-01 6.538423150777816772e-02
4.262348413467407227e-01 -4.072270095348358154e-01 6.538423150777816772e-02
4.268004894256591797e-01 -4.071536958217620850e-01 6.538423150777816772e-02
4.273781180381774902e-01 -4.070782959461212158e-01 6.538423150777816772e-02
4.279671013355255127e-01 -4.070007801055908203e-01 6.538423150777816772e-02
4.285667240619659424e-01 -4.069211483001708984e-01 6.538423150777816772e-02
4.291762411594390869e-01 -4.068394303321838379e-01 6.538423150777816772e-02
4.297948777675628662e-01 -4.067556560039520264e-01 6.538423150777816772e-02
4.304217398166656494e-01 -4.066697955131530762e-01 6.538423150777816772e-02
4.310560226440429688e-01 -4.065819084644317627e-01 6.538423150777816772e-02
4.316967427730560303e-01 -4.064920246601104736e-01 6.538423150777816772e-02
4.323430061340332031e-01 -4.064002037048339844e-01 6.538423150777816772e-02
4.329937398433685303e-01 -4.063064455986022949e-01 6.538423150777816772e-02
4.336479306221008301e-01 -4.062108397483825684e-01 6.538423150777816772e-02
4.343045353889465332e-01 -4.061134457588195801e-01 6.538423150777816772e-02
4.349623918533325195e-01 -4.060142934322357178e-01 6.538423150777816772e-02
4.356203675270080566e-01 -4.059134721755981445e-01 6.538423150777816772e-02
4.362773001194000244e-01 -4.058110117912292480e-01 6.538423150777816772e-02
4.369319379329681396e-01 -4.057070612907409668e-01 6.538423150777816772e-02
4.375830590724945068e-01 -4.056016206741333008e-01 6.538423150777816772e-02
4.382293522357940674e-01 -4.054948389530181885e-01 6.538423150777816772e-02
4.388695359230041504e-01 -4.053867757320404053e-01 6.538423150777816772e-02
4.395022392272949219e-01 -4.052775204181671143e-01 6.538423150777816772e-02
4.401268064975738525e-01 -4.051672518253326416e-01 6.538423150777816772e-02
4.407435655593872070e-01 -4.050562679767608643e-01 6.538423150777816772e-02
4.413529634475708008e-01 -4.049448370933532715e-01 6.538423150777816772e-02
4.419555068016052246e-01 -4.048332571983337402e-01 6.538423150777816772e-02
4.425516128540039062e-01 -4.047217965126037598e-01 6.538423150777816772e-02
4.431418180465698242e-01 -4.046108126640319824e-01 6.538423150777816772e-02
4.437266290187835693e-01 -4.045005142688751221e-01 6.538423150777816772e-02
4.443065524101257324e-01 -4.043911993503570557e-01 6.538423150777816772e-02
4.448821544647216797e-01 -4.042831659317016602e-01 6.538423150777816772e-02
4.454539716243743896e-01 -4.041767120361328125e-01 6.538423150777816772e-02
4.460225403308868408e-01 -4.040720462799072266e-01 6.538423150777816772e-02
4.465884864330291748e-01 -4.039695262908935547e-01 6.538423150777816772e-02
4.471523463726043701e-01 -4.038693606853485107e-01 6.538423150777816772e-02
4.477147459983825684e-01 -4.037718474864959717e-01 6.538423150777816772e-02
4.482763409614562988e-01 -4.036772549152374268e-01 6.538423150777816772e-02
4.488376677036285400e-01 -4.035858213901519775e-01 6.538423150777816772e-02
4.493994414806365967e-01 -4.034978747367858887e-01 6.538423150777816772e-02
4.499622881412506104e-01 -4.034136533737182617e-01 6.538423150777816772e-02
4.505268633365631104e-01 -4.033333957195281982e-01 6.538423150777816772e-02
4.510938227176666260e-01 -4.032573699951171875e-01 6.538423150777816772e-02
4.516638517379760742e-01 -4.031858444213867188e-01 6.538423150777816772e-02
4.522376656532287598e-01 -4.031191170215606689e-01 6.538423150777816772e-02
4.528159499168395996e-01 -4.030573666095733643e-01 6.538423150777816772e-02
4.533993899822235107e-01 -4.030009210109710693e-01 6.538423150777816772e-02
4.535377621650695801e-01 -4.030404686927795410e-01 6.538423150777816772e-02
4.543336927890777588e-01 -4.032677114009857178e-01 6.538423150777816772e-02
4.559979140758514404e-01 -4.037420749664306641e-01 6.538423150777816772e-02
4.583097398281097412e-01 -4.043991565704345703e-01 6.538423150777816772e-02
4.606871306896209717e-01 -4.050708413124084473e-01 6.538423150777816772e-02
4.626209437847137451e-01 -4.056125283241271973e-01 6.538423150777816772e-02
4.640635550022125244e-01 -4.060157239437103271e-01 6.538423150777816772e-02
4.651218056678771973e-01 -4.063163697719573975e-01 6.538423150777816772e-02
4.660120308399200439e-01 -4.065819084644317627e-01 6.538423150777816772e-02
4.670160114765167236e-01 -4.068966805934906006e-01 6.538423150777816772e-02
4.682430326938629150e-01 -4.072794914245605469e-01 6.538423150777816772e-02
4.696724116802215576e-01 -4.077042043209075928e-01 6.538423150777816772e-02
4.712493717670440674e-01 -4.081348180770874023e-01 6.538423150777816772e-02
4.728899896144866943e-01 -4.085268974304199219e-01 6.538423150777816772e-02
4.745064973831176758e-01 -4.088443517684936523e-01 6.538423150777816772e-02
4.760594069957733154e-01 -4.090886116027832031e-01 6.538423150777816772e-02
4.775332212448120117e-01 -4.092716872692108154e-01 6.538423150777816772e-02
4.789284169673919678e-01 -4.094101488590240479e-01 6.538423150777816772e-02
4.802602529525756836e-01 -4.095249176025390625e-01 6.538423150777816772e-02
4.815571308135986328e-01 -4.096405506134033203e-01 6.538423150777816772e-02
4.828591644763946533e-01 -4.097849726676940918e-01 6.538423150777816772e-02
4.842008054256439209e-01 -4.099739789962768555e-01 6.538423150777816772e-02
4.855867028236389160e-01 -4.101932942867279053e-01 6.538423150777816772e-02
4.870135188102722168e-01 -4.104236960411071777e-01 6.538423150777816772e-02
4.884738326072692871e-01 -4.106447994709014893e-01 6.538423150777816772e-02
4.899564683437347412e-01 -4.108351767063140869e-01 6.538423150777816772e-02
4.914469718933105469e-01 -4.109724164009094238e-01 6.538423150777816772e-02
4.929280579090118408e-01 -4.110334813594818115e-01 6.538423150777816772e-02
4.943889081478118896e-01 -4.110111892223358154e-01 6.538423150777816772e-02
4.958326816558837891e-01 -4.109252393245697021e-01 6.538423150777816772e-02
4.972645044326782227e-01 -4.107981324195861816e-01 6.538423150777816772e-02
4.986899495124816895e-01 -4.106525182723999023e-01 6.538423150777816772e-02
5.001150369644165039e-01 -4.105103313922882080e-01 6.538423150777816772e-02
5.015444159507751465e-01 -4.103849828243255615e-01 6.538423150777816772e-02
5.029819011688232422e-01 -4.102846086025238037e-01 6.538423150777816772e-02
5.044310688972473145e-01 -4.102172255516052246e-01 6.538423150777816772e-02
5.058953166007995605e-01 -4.101907908916473389e-01 6.538423150777816772e-02
5.073731541633605957e-01 -4.102002382278442383e-01 6.538423150777816772e-02
5.088472962379455566e-01 -4.101988673210144043e-01 6.538423150777816772e-02
5.102975368499755859e-01 -4.101318418979644775e-01 6.538423150777816772e-02
5.117038488388061523e-01 -4.099443852901458740e-01 6.538423150777816772e-02
5.130465030670166016e-01 -4.095830321311950684e-01 6.538423150777816772e-02
5.143203139305114746e-01 -4.090325236320495605e-01 6.538423150777816772e-02
5.155358314514160156e-01 -4.083197116851806641e-01 6.538423150777816772e-02
5.167043209075927734e-01 -4.074735045433044434e-01 6.538423150777816772e-02
5.178371071815490723e-01 -4.065228998661041260e-01 6.538423150777816772e-02
5.189454555511474609e-01 -4.054968655109405518e-01 6.538423150777816772e-02
5.200406908988952637e-01 -4.044243097305297852e-01 6.538423150777816772e-02
5.211340188980102539e-01 -4.033343195915222168e-01 6.538423150777816772e-02
5.222350358963012695e-01 -4.022577404975891113e-01 6.538423150777816772e-02
5.233523249626159668e-01 -4.012271761894226074e-01 6.538423150777816772e-02
5.244942903518676758e-01 -4.002752304077148438e-01 6.538423150777816772e-02
5.256693363189697266e-01 -3.994345068931579590e-01 6.538423150777816772e-02
5.268859267234802246e-01 -3.987376391887664795e-01 6.538423150777816772e-02
5.281524658203125000e-01 -3.982172906398773193e-01 6.538423150777816772e-02
5.294765830039978027e-01 -3.979032337665557861e-01 6.538423150777816772e-02
5.308552384376525879e-01 -3.977856040000915527e-01 6.538423150777816772e-02
5.322771668434143066e-01 -3.978253901004791260e-01 6.538423150777816772e-02
5.337311029434204102e-01 -3.979828655719757080e-01 6.538423150777816772e-02
5.352057218551635742e-01 -3.982183635234832764e-01 6.538423150777816772e-02
5.366896986961364746e-01 -3.984921574592590332e-01 6.538423150777816772e-02
5.381717085838317871e-01 -3.987645506858825684e-01 6.538423150777816772e-02
5.396412014961242676e-01 -3.989983797073364258e-01 6.538423150777816772e-02
5.410962104797363281e-01 -3.991836607456207275e-01 6.538423150777816772e-02
5.425398945808410645e-01 -3.993265926837921143e-01 6.538423150777816772e-02
5.439754724502563477e-01 -3.994336724281311035e-01 6.538423150777816772e-02
5.454061031341552734e-01 -3.995113372802734375e-01 6.538423150777816772e-02
5.468350052833557129e-01 -3.995660245418548584e-01 6.538423150777816772e-02
5.482654571533203125e-01 -3.996042311191558838e-01 6.538423150777816772e-02
5.497002601623535156e-01 -3.996319174766540527e-01 6.538423150777816772e-02
5.511397123336791992e-01 -3.996514678001403809e-01 6.538423150777816772e-02
5.525829195976257324e-01 -3.996634483337402344e-01 6.538423150777816772e-02
5.540288686752319336e-01 -3.996684253215789795e-01 6.538423150777816772e-02
5.554766654968261719e-01 -3.996669650077819824e-01 6.538423150777816772e-02
5.569251775741577148e-01 -3.996596038341522217e-01 6.538423150777816772e-02
5.583736300468444824e-01 -3.996469378471374512e-01 6.538423150777816772e-02
5.598210096359252930e-01 -3.996299207210540771e-01 6.538423150777816772e-02
5.612672567367553711e-01 -3.996121585369110107e-01 6.538423150777816772e-02
5.627124309539794922e-01 -3.995982706546783447e-01 6.538423150777816772e-02
5.641567707061767578e-01 -3.995928168296813965e-01 6.538423150777816772e-02
5.656003355979919434e-01 -3.996004164218902588e-01 6.538423150777816772e-02
5.670432448387145996e-01 -3.996256887912750244e-01 6.538423150777816772e-02
5.684856772422790527e-01 -3.996732532978057861e-01 6.538423150777816772e-02
5.699276328086853027e-01 -3.997462987899780273e-01 6.538423150777816772e-02
5.713691115379333496e-01 -3.998410999774932861e-01 6.538423150777816772e-02
5.728099346160888672e-01 -3.999517261981964111e-01 6.538423150777816772e-02
5.742498636245727539e-01 -4.000722765922546387e-01 6.538423150777816772e-02
5.756887793540954590e-01 -4.001968801021575928e-01 6.538423150777816772e-02
5.771269798278808594e-01 -4.003196060657501221e-01 6.538423150777816772e-02
5.785658359527587891e-01 -4.004346132278442383e-01 6.538423150777816772e-02
5.800065398216247559e-01 -4.005360901355743408e-01 6.538423150777816772e-02
5.814505219459533691e-01 -4.006181955337524414e-01 6.538423150777816772e-02
5.828986763954162598e-01 -4.006770551204681396e-01 6.538423150777816772e-02
5.843482017517089844e-01 -4.007294476032257080e-01 6.538423150777816772e-02
5.857940316200256348e-01 -4.008044302463531494e-01 6.538423150777816772e-02
5.872309803962707520e-01 -4.009312093257904053e-01 6.538423150777816772e-02
5.886539220809936523e-01 -4.011390209197998047e-01 6.538423150777816772e-02
5.900600552558898926e-01 -4.014442563056945801e-01 6.538423150777816772e-02
5.914534330368041992e-01 -4.018228948116302490e-01 6.538423150777816772e-02
5.928395986557006836e-01 -4.022429287433624268e-01 6.538423150777816772e-02
5.942240953445434570e-01 -4.026723504066467285e-01 6.538423150777816772e-02
5.956124067306518555e-01 -4.030800461769104004e-01 6.538423150777816772e-02
5.970056056976318359e-01 -4.034584462642669678e-01 6.538423150777816772e-02
5.984007716178894043e-01 -4.038258790969848633e-01 6.538423150777816772e-02
5.997946262359619141e-01 -4.042020440101623535e-01 6.538423150777816772e-02
6.011837720870971680e-01 -4.046066105365753174e-01 6.538423150777816772e-02
6.025660634040832520e-01 -4.050524234771728516e-01 6.538423150777816772e-02
6.039464473724365234e-01 -4.055096209049224854e-01 6.538423150777816772e-02
6.053326129913330078e-01 -4.059315621852874756e-01 6.538423150777816772e-02
6.067321896553039551e-01 -4.062715470790863037e-01 6.538423150777816772e-02
6.081529259681701660e-01 -4.064832031726837158e-01 6.538423895835876465e-02
6.095960736274719238e-01 -4.065460860729217529e-01 6.538423895835876465e-02
6.110499501228332520e-01 -4.064930379390716553e-01 6.538423895835876465e-02
6.125013232231140137e-01 -4.063632190227508545e-01 6.538423895835876465e-02
6.139369010925292969e-01 -4.061958789825439453e-01 6.538423895835876465e-02
6.153452992439270020e-01 -4.060292243957519531e-01 6.538423150777816772e-02
6.167392134666442871e-01 -4.058899581432342529e-01 6.538423150777816772e-02
6.181492805480957031e-01 -4.057958126068115234e-01 6.538423150777816772e-02
6.196065545082092285e-01 -4.057644605636596680e-01 6.538423150777816772e-02
6.211417913436889648e-01 -4.058136343955993652e-01 6.538423895835876465e-02
6.227626204490661621e-01 -4.059392511844635010e-01 6.538423895835876465e-02
6.243814229965209961e-01 -4.060527384281158447e-01 6.538423895835876465e-02
6.258871555328369141e-01 -4.060443341732025146e-01 6.538423895835876465e-02
6.271690726280212402e-01 -4.058042764663696289e-01 6.538423895835876465e-02
6.281182169914245605e-01 -4.052245020866394043e-01 6.538423150777816772e-02
6.287015080451965332e-01 -4.042723476886749268e-01 6.538423150777816772e-02
6.289885640144348145e-01 -4.030154645442962646e-01 6.538423150777816772e-02
6.290560364723205566e-01 -4.015285074710845947e-01 6.538423150777816772e-02
6.289805173873901367e-01 -3.998862504959106445e-01 6.538423150777816772e-02
6.288386583328247070e-01 -3.981634080410003662e-01 6.538423150777816772e-02
6.287070512771606445e-01 -3.964346945285797119e-01 6.538423150777816772e-02
6.286604404449462891e-01 -3.947733044624328613e-01 6.538423150777816772e-02
6.287229061126708984e-01 -3.932091891765594482e-01 6.538423150777816772e-02
6.288630962371826172e-01 -3.917252421379089355e-01 6.538423150777816772e-02
6.290469169616699219e-01 -3.903017938137054443e-01 6.538423150777816772e-02
6.292401552200317383e-01 -3.889192938804626465e-01 6.538423150777816772e-02
6.294085979461669922e-01 -3.875581622123718262e-01 6.538423150777816772e-02
6.295182108879089355e-01 -3.861987590789794922e-01 6.538423150777816772e-02
6.295359730720520020e-01 -3.848222494125366211e-01 6.538423150777816772e-02
6.294549107551574707e-01 -3.834220468997955322e-01 6.538423150777816772e-02
6.292906403541564941e-01 -3.820028901100158691e-01 6.538423150777816772e-02
6.290597915649414062e-01 -3.805698454380035400e-01 6.538423150777816772e-02
6.287789344787597656e-01 -3.791279792785644531e-01 6.538423150777816772e-02
6.284646391868591309e-01 -3.776824176311492920e-01 6.538423150777816772e-02
6.281334161758422852e-01 -3.762382268905639648e-01 6.538423150777816772e-02
6.278016567230224609e-01 -3.748001158237457275e-01 6.538423150777816772e-02
6.274828910827636719e-01 -3.733690083026885986e-01 6.538423150777816772e-02
6.271885633468627930e-01 -3.719427585601806641e-01 6.538423150777816772e-02
6.269299983978271484e-01 -3.705191612243652344e-01 6.538423150777816772e-02
6.267186999320983887e-01 -3.690960705280303955e-01 6.538423150777816772e-02
6.265659332275390625e-01 -3.676713109016418457e-01 6.538423150777816772e-02
6.264831423759460449e-01 -3.662427365779876709e-01 6.538423150777816772e-02
6.264794468879699707e-01 -3.648085594177246094e-01 6.538424640893936157e-02
6.265434622764587402e-01 -3.633688986301422119e-01 6.538424640893936157e-02
6.266504526138305664e-01 -3.619258105754852295e-01 6.538424640893936157e-02
6.267758607864379883e-01 -3.604812324047088623e-01 6.538424640893936157e-02
6.268955469131469727e-01 -3.590367734432220459e-01 6.538422405719757080e-02
6.269917488098144531e-01 -3.575943708419799805e-01 6.538422405719757080e-02
6.270730495452880859e-01 -3.561531901359558105e-01 6.538422405719757080e-02
6.271523237228393555e-01 -3.547122478485107422e-01 6.538422405719757080e-02
6.272424459457397461e-01 -3.532705903053283691e-01 6.538422405719757080e-02
6.273556947708129883e-01 -3.518275320529937744e-01 6.538423150777816772e-02
6.274859309196472168e-01 -3.503831028938293457e-01 6.538423150777816772e-02
6.276073455810546875e-01 -3.489392399787902832e-01 6.538423150777816772e-02
6.276929378509521484e-01 -3.474977612495422363e-01 6.538423150777816772e-02
6.277158260345458984e-01 -3.460604846477508545e-01 6.538423150777816772e-02
6.276527643203735352e-01 -3.446289896965026855e-01 6.538423895835876465e-02
6.275069713592529297e-01 -3.432027101516723633e-01 6.538423895835876465e-02
6.272903084754943848e-01 -3.417804837226867676e-01 6.538423895835876465e-02
6.270151734352111816e-01 -3.403611183166503906e-01 6.538423895835876465e-02
6.266939043998718262e-01 -3.389433920383453369e-01 6.538423895835876465e-02
6.263388395309448242e-01 -3.375260829925537109e-01 6.538423895835876465e-02
6.259621977806091309e-01 -3.361080288887023926e-01 6.538423895835876465e-02
6.255775094032287598e-01 -3.346881568431854248e-01 6.538422405719757080e-02
6.252025365829467773e-01 -3.332668244838714600e-01 6.538422405719757080e-02
6.248569488525390625e-01 -3.318445682525634766e-01 6.538422405719757080e-02
6.245601177215576172e-01 -3.304219245910644531e-01 6.538422405719757080e-02
6.243316531181335449e-01 -3.289995193481445312e-01 6.538422405719757080e-02
6.241909861564636230e-01 -3.275779187679290771e-01 6.538422405719757080e-02
6.241578459739685059e-01 -3.261576592922210693e-01 6.538423150777816772e-02
6.242445707321166992e-01 -3.247393071651458740e-01 6.538423150777816772e-02
6.244370341300964355e-01 -3.233228027820587158e-01 6.538423150777816772e-02
6.247143745422363281e-01 -3.219080567359924316e-01 6.538423150777816772e-02
6.250557303428649902e-01 -3.204949796199798584e-01 6.538423150777816772e-02
6.254402399063110352e-01 -3.190834224224090576e-01 6.538423150777816772e-02
6.258470416069030762e-01 -3.176732957363128662e-01 6.538423150777816772e-02
6.262551546096801758e-01 -3.162645697593688965e-01 6.538423150777816772e-02
6.266471743583679199e-01 -3.148567378520965576e-01 6.538423150777816772e-02
6.270154714584350586e-01 -3.134489059448242188e-01 6.538423150777816772e-02
6.273546218872070312e-01 -3.120398521423339844e-01 6.538423150777816772e-02
6.276590824127197266e-01 -3.106284141540527344e-01 6.538423150777816772e-02
6.279233098030090332e-01 -3.092133998870849609e-01 6.538423150777816772e-02
6.281419396400451660e-01 -3.077937066555023193e-01 6.538423150777816772e-02
6.283093690872192383e-01 -3.063681423664093018e-01 6.538422405719757080e-02
6.284248232841491699e-01 -3.049360811710357666e-01 6.538422405719757080e-02
6.284992694854736328e-01 -3.034983277320861816e-01 6.538422405719757080e-02
6.285455226898193359e-01 -3.020559549331665039e-01 6.538422405719757080e-02
6.285763382911682129e-01 -3.006099760532379150e-01 6.538422405719757080e-02
6.286044716835021973e-01 -2.991614341735839844e-01 6.538422405719757080e-02
6.286427378654479980e-01 -2.977113425731658936e-01 6.538422405719757080e-02
6.287038326263427734e-01 -2.962607741355895996e-01 6.538422405719757080e-02
6.287917494773864746e-01 -2.948106527328491211e-01 6.538422405719757080e-02
6.288931965827941895e-01 -2.933617830276489258e-01 6.538422405719757080e-02
6.289925575256347656e-01 -2.919149398803710938e-01 6.538422405719757080e-02
6.290743350982666016e-01 -2.904709577560424805e-01 6.538422405719757080e-02
6.291230320930480957e-01 -2.890305519104003906e-01 6.538422405719757080e-02
6.291230916976928711e-01 -2.875945270061492920e-01 6.538422405719757080e-02
6.290590167045593262e-01 -2.861636281013488770e-01 6.538423895835876465e-02
6.289238929748535156e-01 -2.847380936145782471e-01 6.538423895835876465e-02
6.287236213684082031e-01 -2.833170294761657715e-01 6.538423895835876465e-02
6.284655928611755371e-01 -2.818994522094726562e-01 6.538423895835876465e-02
6.281571388244628906e-01 -2.804844677448272705e-01 6.538423895835876465e-02
6.278055906295776367e-01 -2.790710926055908203e-01 6.538423895835876465e-02
6.274183392524719238e-01 -2.776583731174468994e-01 6.538423895835876465e-02
6.270028948783874512e-01 -2.762453854084014893e-01 6.538417935371398926e-02
6.265752911567687988e-01 -2.748315036296844482e-01 6.538417935371398926e-02
6.261628270149230957e-01 -2.734164595603942871e-01 6.538417935371398926e-02
6.257935166358947754e-01 -2.720000743865966797e-01 6.538417935371398926e-02
6.254955530166625977e-01 -2.705821394920349121e-01 6.538417935371398926e-02
6.252968907356262207e-01 -2.691624462604522705e-01 6.538417935371398926e-02
6.252256631851196289e-01 -2.677407562732696533e-01 6.538417935371398926e-02
6.253079175949096680e-01 -2.663165330886840820e-01 6.538426131010055542e-02
6.255340576171875000e-01 -2.648924291133880615e-01 6.538426131010055542e-02
6.258516907691955566e-01 -2.634719908237457275e-01 6.538426131010055542e-02
6.262072920799255371e-01 -2.620592713356018066e-01 6.538426131010055542e-02
6.265470981597900391e-01 -2.606582939624786377e-01 6.538426131010055542e-02
6.268248558044433594e-01 -2.592715620994567871e-01 6.538433581590652466e-02
6.270681619644165039e-01 -2.578858733177185059e-01 6.538434326648712158e-02
6.273210644721984863e-01 -2.564845681190490723e-01 6.538434326648712158e-02
6.276304125785827637e-01 -2.550503611564636230e-01 6.538434326648712158e-02
6.280448436737060547e-01 -2.535648047924041748e-01 6.538425385951995850e-02
6.285511255264282227e-01 -2.520388364791870117e-01 6.538425385951995850e-02
6.290308237075805664e-01 -2.505300939083099365e-01 6.538425385951995850e-02
6.293497681617736816e-01 -2.491035312414169312e-01 6.538425385951995850e-02
6.293740868568420410e-01 -2.478242516517639160e-01 6.538425385951995850e-02
6.289802789688110352e-01 -2.467539310455322266e-01 6.538425385951995850e-02
6.281629800796508789e-01 -2.458892017602920532e-01 6.538425385951995850e-02
6.270105838775634766e-01 -2.451853156089782715e-01 6.538425385951995850e-02
6.256119608879089355e-01 -2.445954531431198120e-01 6.538425385951995850e-02
6.240559220314025879e-01 -2.440727353096008301e-01 6.538425385951995850e-02
6.224313378334045410e-01 -2.435703426599502563e-01 6.538425385951995850e-02
6.208270788192749023e-01 -2.430413812398910522e-01 6.538425385951995850e-02
6.193247437477111816e-01 -2.424436658620834351e-01 6.538423150777816772e-02
6.179380416870117188e-01 -2.417787611484527588e-01 6.538423150777816772e-02
6.166381239891052246e-01 -2.410756051540374756e-01 6.538423150777816772e-02
6.153960824012756348e-01 -2.403631657361984253e-01 6.538423150777816772e-02
6.141828894615173340e-01 -2.396703958511352539e-01 6.538423150777816772e-02
6.129697561264038086e-01 -2.390262782573699951e-01 6.538423150777816772e-02
6.117277145385742188e-01 -2.384597808122634888e-01 6.538423150777816772e-02
6.104316115379333496e-01 -2.379958331584930420e-01 6.538421660661697388e-02
6.090795397758483887e-01 -2.376246005296707153e-01 6.538421660661697388e-02
6.076834201812744141e-01 -2.373206913471221924e-01 6.538421660661697388e-02
6.062546968460083008e-01 -2.370583713054656982e-01 6.538421660661697388e-02
6.048046350479125977e-01 -2.368118911981582642e-01 6.538421660661697388e-02
6.033446192741394043e-01 -2.365555018186569214e-01 6.538421660661697388e-02
6.018860936164855957e-01 -2.362634688615798950e-01 6.538421660661697388e-02
6.004391312599182129e-01 -2.359157651662826538e-01 6.538419425487518311e-02
5.990056395530700684e-01 -2.355293333530426025e-01 6.538419425487518311e-02
5.975844264030456543e-01 -2.351346909999847412e-01 6.538419425487518311e-02
5.961743593215942383e-01 -2.347625792026519775e-01 6.538419425487518311e-02
5.947741270065307617e-01 -2.344437092542648315e-01 6.538419425487518311e-02
5.933826565742492676e-01 -2.342088073492050171e-01 6.538419425487518311e-02
5.919986367225646973e-01 -2.340885996818542480e-01 6.538419425487518311e-02
5.906214118003845215e-01 -2.341074049472808838e-01 6.538420915603637695e-02
5.892446041107177734e-01 -2.342609614133834839e-01 6.538420915603637695e-02
5.878640413284301758e-01 -2.345347702503204346e-01 6.538420915603637695e-02
5.864744782447814941e-01 -2.349147200584411621e-01 6.538420915603637695e-02
5.850706696510314941e-01 -2.353866547346115112e-01 6.538420915603637695e-02
5.836475491523742676e-01 -2.359364777803421021e-01 6.538420915603637695e-02
5.821986198425292969e-01 -2.365501672029495239e-01 6.538423150777816772e-02
5.807255506515502930e-01 -2.372059971094131470e-01 6.538423150777816772e-02
5.792434811592102051e-01 -2.378538697957992554e-01 6.538423150777816772e-02
5.777729749679565430e-01 -2.384365648031234741e-01 6.538423150777816772e-02
5.778677463531494141e-01 -2.384107708930969238e-01 6.538423150777816772e-02
5.784434080123901367e-01 -2.382498681545257568e-01 6.538423150777816772e-02
5.797506570816040039e-01 -2.378705739974975586e-01 6.538423150777816772e-02
5.818107724189758301e-01 -2.372411638498306274e-01 6.538423150777816772e-02
5.844396352767944336e-01 -2.363761663436889648e-01 6.538423150777816772e-02
5.872713923454284668e-01 -2.353309690952301025e-01 6.538423150777816772e-02
5.898666381835937500e-01 -2.342042475938796997e-01 6.538423150777816772e-02
5.920528769493103027e-01 -2.331422269344329834e-01 6.538423150777816772e-02
5.937914848327636719e-01 -2.322881966829299927e-01 6.538423150777816772e-02
5.951027870178222656e-01 -2.317721545696258545e-01 6.538423150777816772e-02
5.960593223571777344e-01 -2.317123115062713623e-01 6.538423150777816772e-02
5.967794656753540039e-01 -2.322166264057159424e-01 6.538423150777816772e-02
5.973979234695434570e-01 -2.333319485187530518e-01 6.538423150777816772e-02
5.979787111282348633e-01 -2.348883748054504395e-01 6.538423150777816772e-02
5.985571742057800293e-01 -2.366635054349899292e-01 6.538423150777816772e-02
5.991607308387756348e-01 -2.384366542100906372e-01 6.538423150777816772e-02
5.997997522354125977e-01 -2.400430738925933838e-01 6.538423150777816772e-02
6.004390120506286621e-01 -2.415402680635452271e-01 6.538423150777816772e-02
6.010342240333557129e-01 -2.430417388677597046e-01 6.538423150777816772e-02
6.015431284904479980e-01 -2.446605414152145386e-01 6.538423150777816772e-02
6.019561290740966797e-01 -2.464529722929000854e-01 6.538423150777816772e-02
6.023904085159301758e-01 -2.482446581125259399e-01 6.538423150777816772e-02
6.029949784278869629e-01 -2.498023808002471924e-01 6.538423150777816772e-02
6.039182543754577637e-01 -2.508930563926696777e-01 6.538423150777816772e-02
6.052594184875488281e-01 -2.513560950756072998e-01 6.538423150777816772e-02
6.069172024726867676e-01 -2.513287961483001709e-01 6.538423150777816772e-02
6.087387800216674805e-01 -2.510248124599456787e-01 6.538423150777816772e-02
6.105718016624450684e-01 -2.506578266620635986e-01 6.538423150777816772e-02
6.122983098030090332e-01 -2.504044473171234131e-01 6.538423150777816772e-02
6.139429807662963867e-01 -2.502885460853576660e-01 6.538423150777816772e-02
6.155671477317810059e-01 -2.502944767475128174e-01 6.538423150777816772e-02
6.172322034835815430e-01 -2.504066824913024902e-01 6.538423150777816772e-02
6.189746260643005371e-01 -2.505877614021301270e-01 6.538423150777816772e-02
6.207281351089477539e-01 -2.507098913192749023e-01 6.538423150777816772e-02
6.223996877670288086e-01 -2.506217956542968750e-01 6.538423150777816772e-02
6.238962411880493164e-01 -2.501721978187561035e-01 6.538423150777816772e-02
6.251534223556518555e-01 -2.492601126432418823e-01 6.538423150777816772e-02
6.262252926826477051e-01 -2.479939758777618408e-01 6.538423150777816772e-02
6.271971464157104492e-01 -2.465367764234542847e-01 6.538423150777816772e-02
6.281539797782897949e-01 -2.450515329837799072e-01 6.538423150777816772e-02
6.291639208793640137e-01 -2.436684072017669678e-01 6.538423150777816772e-02
6.302236318588256836e-01 -2.423803210258483887e-01 6.538423150777816772e-02
6.301792860031127930e-01 -2.423714995384216309e-01 6.538423150777816772e-02
6.298995018005371094e-01 -2.423166036605834961e-01 6.538423150777816772e-02
6.292307376861572266e-01 -2.421877086162567139e-01 6.538423150777816772e-02
6.281032562255859375e-01 -2.419754564762115479e-01 6.538423150777816772e-02
6.265245676040649414e-01 -2.416876554489135742e-01 6.538423150777816772e-02
6.245733499526977539e-01 -2.413479238748550415e-01 6.538423150777816772e-02
6.223932504653930664e-01 -2.409942448139190674e-01 6.538423150777816772e-02
6.201865673065185547e-01 -2.406776398420333862e-01 6.538423150777816772e-02
6.181576848030090332e-01 -2.404417544603347778e-01 6.538423150777816772e-02
6.163747310638427734e-01 -2.402757704257965088e-01 6.538423150777816772e-02
6.148560047149658203e-01 -2.401530593633651733e-01 6.538423150777816772e-02
6.135974526405334473e-01 -2.400420457124710083e-01 6.538423150777816772e-02
6.125746369361877441e-01 -2.399065792560577393e-01 6.538423150777816772e-02
6.117439270019531250e-01 -2.397063374519348145e-01 6.538423150777816772e-02
6.110446453094482422e-01 -2.393971383571624756e-01 6.538423150777816772e-02
6.104004383087158203e-01 -2.389314323663711548e-01 6.538423150777816772e-02
6.097425222396850586e-01 -2.382796704769134521e-01 6.538423150777816772e-02
6.090499162673950195e-01 -2.374629527330398560e-01 6.538423150777816772e-02
6.083149313926696777e-01 -2.365113943815231323e-01 6.538423150777816772e-02
6.075358390808105469e-01 -2.354564219713211060e-01 6.538423150777816772e-02
6.067162752151489258e-01 -2.343306541442871094e-01 6.538423150777816772e-02
6.058651208877563477e-01 -2.331678569316864014e-01 6.538423150777816772e-02
6.049956679344177246e-01 -2.320027798414230347e-01 6.538423150777816772e-02
6.041254401206970215e-01 -2.308710068464279175e-01 6.538423150777816772e-02
6.032699942588806152e-01 -2.297939658164978027e-01 6.538423150777816772e-02
6.024354696273803711e-01 -2.287643551826477051e-01 6.538423150777816772e-02
6.016250848770141602e-01 -2.277711480855941772e-01 6.538423150777816772e-02
6.008406877517700195e-01 -2.268030047416687012e-01 6.538423150777816772e-02
6.000823974609375000e-01 -2.258482575416564941e-01 6.538423150777816772e-02
5.993492603302001953e-01 -2.248949259519577026e-01 6.538423150777816772e-02
5.986389517784118652e-01 -2.239307612180709839e-01 6.538423150777816772e-02
5.979480147361755371e-01 -2.229433953762054443e-01 6.538423150777816772e-02
5.972736477851867676e-01 -2.219255715608596802e-01 6.538423150777816772e-02
5.966148972511291504e-01 -2.208784073591232300e-01 6.538423150777816772e-02
5.959713459014892578e-01 -2.198037952184677124e-01 6.538423150777816772e-02
5.953432321548461914e-01 -2.187037169933319092e-01 6.538423150777816772e-02
5.947309136390686035e-01 -2.175802439451217651e-01 6.538423150777816772e-02
5.941353440284729004e-01 -2.164355516433715820e-01 6.538423150777816772e-02
5.935575962066650391e-01 -2.152718752622604370e-01 6.538423150777816772e-02
5.929989814758300781e-01 -2.140916138887405396e-01 6.538423150777816772e-02
5.924543142318725586e-01 -2.129022032022476196e-01 6.538423150777816772e-02
5.919099450111389160e-01 -2.117171138525009155e-01 6.538423150777816772e-02
5.913517475128173828e-01 -2.105502039194107056e-01 6.538423150777816772e-02
5.907654166221618652e-01 -2.094153314828872681e-01 6.538423150777816772e-02
5.901364684104919434e-01 -2.083262652158737183e-01 6.538423150777816772e-02
5.894504189491271973e-01 -2.072968333959579468e-01 6.538423150777816772e-02
5.886927247047424316e-01 -2.063407599925994873e-01 6.538423150777816772e-02
5.878493189811706543e-01 -2.054711282253265381e-01 6.538423150777816772e-02
5.869209766387939453e-01 -2.046845257282257080e-01 6.538423150777816772e-02
5.859233140945434570e-01 -2.039611786603927612e-01 6.538423150777816772e-02
5.848727822303771973e-01 -2.032805979251861572e-01 6.538423150777816772e-02
5.837857127189636230e-01 -2.026223093271255493e-01 6.538423150777816772e-02
5.826784372329711914e-01 -2.019658237695693970e-01 6.538423150777816772e-02
5.815674662590026855e-01 -2.012906968593597412e-01 6.538423150777816772e-02
5.804692506790161133e-01 -2.005764394998550415e-01 6.538423150777816772e-02
5.793992877006530762e-01 -1.998042911291122437e-01 6.538423150777816772e-02
5.783587098121643066e-01 -1.989828497171401978e-01 6.538423150777816772e-02
5.773369669914245605e-01 -1.981426179409027100e-01 6.538423150777816772e-02
5.763232111930847168e-01 -1.973147690296173096e-01 6.538423150777816772e-02
5.753064751625061035e-01 -1.965304315090179443e-01 6.538423150777816772e-02
5.742759108543395996e-01 -1.958207786083221436e-01 6.538423150777816772e-02
5.732206106185913086e-01 -1.952169388532638550e-01 6.538423150777816772e-02
5.721296668052673340e-01 -1.947500705718994141e-01 6.538423150777816772e-02
5.709930062294006348e-01 -1.944486647844314575e-01 6.538423150777816772e-02
5.698108077049255371e-01 -1.943103671073913574e-01 6.538423150777816772e-02
5.685899257659912109e-01 -1.943129301071166992e-01 6.538423150777816772e-02
5.673371553421020508e-01 -1.944337785243988037e-01 6.538423150777816772e-02
5.660595297813415527e-01 -1.946503221988677979e-01 6.538423150777816772e-02
5.647637844085693359e-01 -1.949400007724761963e-01 6.538423150777816772e-02
5.634569525718688965e-01 -1.952802091836929321e-01 6.538423150777816772e-02
5.621458292007446289e-01 -1.956484019756317139e-01 6.538423150777816772e-02
5.608371496200561523e-01 -1.960219889879226685e-01 6.538423150777816772e-02
5.595355629920959473e-01 -1.963785290718078613e-01 6.538423150777816772e-02
5.582446455955505371e-01 -1.966956406831741333e-01 6.538423150777816772e-02
5.569679141044616699e-01 -1.969509422779083252e-01 6.538423150777816772e-02
5.557089447975158691e-01 -1.971220523118972778e-01 6.538423150777816772e-02
5.544713735580444336e-01 -1.971865743398666382e-01 6.538423150777816772e-02
5.532587170600891113e-01 -1.971221119165420532e-01 6.538423150777816772e-02
5.520745515823364258e-01 -1.969063133001327515e-01 6.538423150777816772e-02
5.509213209152221680e-01 -1.965232044458389282e-01 6.538423150777816772e-02
5.497936606407165527e-01 -1.959996372461318970e-01 6.538423150777816772e-02
5.486830472946166992e-01 -1.953799128532409668e-01 6.538423150777816772e-02
5.475810766220092773e-01 -1.947083771228790283e-01 6.538423150777816772e-02
5.464791655540466309e-01 -1.940293610095977783e-01 6.538423150777816772e-02
5.453692674636840820e-01 -1.933854073286056519e-01 6.538423150777816772e-02
5.442503690719604492e-01 -1.927859932184219360e-01 6.538423150777816772e-02
5.431275963783264160e-01 -1.922120749950408936e-01 6.538423150777816772e-02
5.420063734054565430e-01 -1.916436553001403809e-01 6.538423150777816772e-02
5.408918857574462891e-01 -1.910607665777206421e-01 6.538423150777816772e-02
5.397895574569702148e-01 -1.904436051845550537e-01 6.538423150777816772e-02
5.386984944343566895e-01 -1.897909194231033325e-01 6.538423150777816772e-02
5.376070737838745117e-01 -1.891348212957382202e-01 6.538423150777816772e-02
5.365023016929626465e-01 -1.885109394788742065e-01 6.538423150777816772e-02
5.353713035583496094e-01 -1.879548728466033936e-01 6.538423150777816772e-02
5.342013239860534668e-01 -1.875022351741790771e-01 6.538423150777816772e-02
5.329843163490295410e-01 -1.871778666973114014e-01 6.538423150777816772e-02
5.317320227622985840e-01 -1.869635432958602905e-01 6.538423150777816772e-02
5.304611921310424805e-01 -1.868302822113037109e-01 6.538423150777816772e-02
5.291885137557983398e-01 -1.867491155862808228e-01 6.538423150777816772e-02
5.279306769371032715e-01 -1.866910457611083984e-01 6.538423150777816772e-02
5.267018079757690430e-01 -1.866280734539031982e-01 6.538423150777816772e-02
5.254912972450256348e-01 -1.865417212247848511e-01 6.538423150777816772e-02
5.242748856544494629e-01 -1.864188164472579956e-01 6.538423150777816772e-02
5.230281352996826172e-01 -1.862462013959884644e-01 6.538423150777816772e-02
5.217266678810119629e-01 -1.860107630491256714e-01 6.538423150777816772e-02
5.203476548194885254e-01 -1.857007145881652832e-01 6.538423150777816772e-02
5.189148187637329102e-01 -1.853463500738143921e-01 6.538423150777816772e-02
5.175063014030456543e-01 -1.850264668464660645e-01 6.538423150777816772e-02
5.174894928932189941e-01 -1.850331127643585205e-01 6.538423150777816772e-02
5.173801779747009277e-01 -1.850763410329818726e-01 6.538423150777816772e-02
5.171087980270385742e-01 -1.851838827133178711e-01 6.538423150777816772e-02
5.166296362876892090e-01 -1.853742301464080811e-01 6.538423150777816772e-02
5.159195065498352051e-01 -1.856571435928344727e-01 6.538423150777816772e-02
5.149765610694885254e-01 -1.860341429710388184e-01 6.538423150777816772e-02
5.138192176818847656e-01 -1.864989399909973145e-01 6.538423150777816772e-02
5.124844908714294434e-01 -1.870379596948623657e-01 6.538423150777816772e-02
5.110271573066711426e-01 -1.876308470964431763e-01 6.538423150777816772e-02
5.095183849334716797e-01 -1.882508844137191772e-01 6.538423150777816772e-02
5.080442428588867188e-01 -1.888655275106430054e-01 6.538423150777816772e-02
5.066813826560974121e-01 -1.894447654485702515e-01 6.538423150777816772e-02
5.054489374160766602e-01 -1.899777203798294067e-01 6.538423150777816772e-02
5.043500065803527832e-01 -1.904591619968414307e-01 6.538423150777816772e-02
5.033813714981079102e-01 -1.908863335847854614e-01 6.538423150777816772e-02
5.025337338447570801e-01 -1.912587881088256836e-01 6.538423150777816772e-02
5.017921924591064453e-01 -1.915783137083053589e-01 6.538423150777816772e-02
5.011365413665771484e-01 -1.918486952781677246e-01 6.538423150777816772e-02
5.005415081977844238e-01 -1.920756995677947998e-01 6.538423150777816772e-02
4.999771714210510254e-01 -1.922669112682342529e-01 6.538423150777816772e-02
4.994092583656311035e-01 -1.924315541982650757e-01 6.538423150777816772e-02
4.987996518611907959e-01 -1.925803869962692261e-01 6.538423150777816772e-02
4.981214702129364014e-01 -1.927226632833480835e-01 6.538423150777816772e-02
4.973742067813873291e-01 -1.928626298904418945e-01 6.538423150777816772e-02
4.965618550777435303e-01 -1.930033564567565918e-01 6.538423150777816772e-02
4.956900477409362793e-01 -1.931472271680831909e-01 6.538423150777816772e-02
4.947660863399505615e-01 -1.932960301637649536e-01 6.538423150777816772e-02
4.937987327575683594e-01 -1.934509873390197754e-01 6.538423150777816772e-02
4.927981197834014893e-01 -1.936127394437789917e-01 6.538423150777816772e-02
4.917758107185363770e-01 -1.937814503908157349e-01 6.538423150777816772e-02
4.907445013523101807e-01 -1.939567774534225464e-01 6.538423150777816772e-02
4.897180795669555664e-01 -1.941379606723785400e-01 6.538423150777816772e-02
4.887112975120544434e-01 -1.943237930536270142e-01 6.538423150777816772e-02
4.877321124076843262e-01 -1.945122033357620239e-01 6.538423150777816772e-02
4.867788255214691162e-01 -1.947004050016403198e-01 6.538423150777816772e-02
4.858487248420715332e-01 -1.948857605457305908e-01 6.538423150777816772e-02
4.849385619163513184e-01 -1.950657665729522705e-01 6.538423150777816772e-02
4.840447604656219482e-01 -1.952381134033203125e-01 6.538423150777816772e-02
4.831633269786834717e-01 -1.954005956649780273e-01 6.538423150777816772e-02
4.822899699211120605e-01 -1.955511868000030518e-01 6.538423150777816772e-02
4.814199805259704590e-01 -1.956879794597625732e-01 6.538423150777816772e-02
4.805483818054199219e-01 -1.958091706037521362e-01 6.538423150777816772e-02
4.796699285507202148e-01 -1.959130614995956421e-01 6.538423150777816772e-02
4.787793457508087158e-01 -1.959981769323348999e-01 6.538423150777816772e-02
4.778754115104675293e-01 -1.960652023553848267e-01 6.538423150777816772e-02
4.769607484340667725e-01 -1.961166560649871826e-01 6.538423150777816772e-02
4.760381281375885010e-01 -1.961550861597061157e-01 6.538423150777816772e-02
4.751104414463043213e-01 -1.961830705404281616e-01 6.538423150777816772e-02
4.741806089878082275e-01 -1.962031275033950806e-01 6.538423150777816772e-02
4.732515811920166016e-01 -1.962177306413650513e-01 6.538423150777816772e-02
4.723263382911682129e-01 -1.962294131517410278e-01 6.538423150777816772e-02
4.714061915874481201e-01 -1.962409764528274536e-01 6.538423150777816772e-02
4.704895019531250000e-01 -1.962558925151824951e-01 6.538423150777816772e-02
4.695742726325988770e-01 -1.962776333093643188e-01 6.538423150777816772e-02
4.686585664749145508e-01 -1.963097304105758667e-01 6.538423150777816772e-02
4.677404463291168213e-01 -1.963557004928588867e-01 6.538423150777816772e-02
4.668178558349609375e-01 -1.964190602302551270e-01 6.538423150777816772e-02
4.658888578414916992e-01 -1.965033411979675293e-01 6.538423150777816772e-02
4.649527370929718018e-01 -1.966080963611602783e-01 6.538423150777816772e-02
4.640134871006011963e-01 -1.967196017503738403e-01 6.538423150777816772e-02
4.630759656429290771e-01 -1.968212574720382690e-01 6.538423150777816772e-02
4.621451497077941895e-01 -1.968965232372283936e-01 6.538423150777816772e-02
4.612259268760681152e-01 -1.969288438558578491e-01 6.538423150777816772e-02
4.603231847286224365e-01 -1.969016343355178833e-01 6.538423150777816772e-02
4.594419002532958984e-01 -1.967983394861221313e-01 6.538423150777816772e-02
4.585860967636108398e-01 -1.966050416231155396e-01 6.538423150777816772e-02
4.577536284923553467e-01 -1.963263303041458130e-01 6.538423150777816772e-02
4.569396674633026123e-01 -1.959748119115829468e-01 6.538423150777816772e-02
4.561394453048706055e-01 -1.955631077289581299e-01 6.538423150777816772e-02
4.553480744361877441e-01 -1.951038539409637451e-01 6.538423150777816772e-02
4.545607566833496094e-01 -1.946096569299697876e-01 6.538423150777816772e-02
4.537726640701293945e-01 -1.940931528806686401e-01 6.538423150777816772e-02
4.529789686203002930e-01 -1.935669630765914917e-01 6.538423150777816772e-02
4.521748125553131104e-01 -1.930437237024307251e-01 6.538423150777816772e-02
4.513553977012634277e-01 -1.925360411405563354e-01 6.538423150777816772e-02
4.505158364772796631e-01 -1.920565664768218994e-01 6.538423150777816772e-02
4.496533572673797607e-01 -1.916146427392959595e-01 6.538423150777816772e-02
4.487743079662322998e-01 -1.912043988704681396e-01 6.538423150777816772e-02
4.478877484798431396e-01 -1.908155679702758789e-01 6.538423150777816772e-02
4.470028281211853027e-01 -1.904379129409790039e-01 6.538423150777816772e-02
4.461285471916198730e-01 -1.900611668825149536e-01 6.538423150777816772e-02
4.452740252017974854e-01 -1.896750479936599731e-01 6.538423150777816772e-02
4.444483518600463867e-01 -1.892693042755126953e-01 6.538423150777816772e-02
4.436605572700500488e-01 -1.888336688280105591e-01 6.538423150777816772e-02
4.429197907447814941e-01 -1.883578896522521973e-01 6.538423150777816772e-02
4.422350525856018066e-01 -1.878316849470138550e-01 6.538423150777816772e-02
4.416154623031616211e-01 -1.872448027133941650e-01 6.538423150777816772e-02
4.410659074783325195e-01 -1.865909844636917114e-01 6.538423150777816772e-02
4.405782520771026611e-01 -1.858762949705123901e-01 6.538423150777816772e-02
4.401418566703796387e-01 -1.851091831922531128e-01 6.538423150777816772e-02
4.397461414337158203e-01 -1.842980980873107910e-01 6.538423150777816772e-02
4.393804669380187988e-01 -1.834515035152435303e-01 6.538423150777816772e-02
4.390341937541961670e-01 -1.825778335332870483e-01 6.538423150777816772e-02
4.386967420578002930e-01 -1.816855370998382568e-01 6.538423150777816772e-02
4.383574426174163818e-01 -1.807830780744552612e-01 6.538423150777816772e-02
4.380057454109191895e-01 -1.798789054155349731e-01 6.538423150777816772e-02
4.376309514045715332e-01 -1.789814531803131104e-01 6.538423150777816772e-02
4.372225403785705566e-01 -1.780991554260253906e-01 6.538423150777816772e-02
4.367768168449401855e-01 -1.772368848323822021e-01 6.538423150777816772e-02
4.363044798374176025e-01 -1.763920038938522339e-01 6.538423150777816772e-02
4.358180761337280273e-01 -1.755609512329101562e-01 6.538423150777816772e-02
4.353301525115966797e-01 -1.747401803731918335e-01 6.538423150777816772e-02
4.348532259464263916e-01 -1.739261150360107422e-01 6.538423150777816772e-02
4.343998730182647705e-01 -1.731151938438415527e-01 6.538423150777816772e-02
4.339825809001922607e-01 -1.723038703203201294e-01 6.538423150777816772e-02
4.336139559745788574e-01 -1.714885681867599487e-01 6.538423150777816772e-02
4.333064854145050049e-01 -1.706657260656356812e-01 6.538423150777816772e-02
4.330727159976959229e-01 -1.698317974805831909e-01 6.538423150777816772e-02
4.329250454902648926e-01 -1.689832508563995361e-01 6.538423150777816772e-02
4.328670501708984375e-01 -1.681187450885772705e-01 6.538423150777816772e-02
4.328896403312683105e-01 -1.672400385141372681e-01 6.538423150777816772e-02
4.329827427864074707e-01 -1.663492023944854736e-01 6.538423150777816772e-02
4.331362545490264893e-01 -1.654482334852218628e-01 6.538423150777816772e-02
4.333401322364807129e-01 -1.645391732454299927e-01 6.538423150777816772e-02
4.335842728614807129e-01 -1.636240482330322266e-01 6.538423150777816772e-02
4.338586032390594482e-01 -1.627049148082733154e-01 6.538423150777816772e-02
4.341530203819274902e-01 -1.617837697267532349e-01 6.538423150777816772e-02
4.344574511051177979e-01 -1.608626544475555420e-01 6.538423150777816772e-02
4.347618222236633301e-01 -1.599436104297637939e-01 6.538423150777816772e-02
4.350562095642089844e-01 -1.590286046266555786e-01 6.538423150777816772e-02
4.353346824645996094e-01 -1.581182479858398438e-01 6.538423150777816772e-02
4.355954527854919434e-01 -1.572118401527404785e-01 6.538423150777816772e-02
4.358368217945098877e-01 -1.563085615634918213e-01 6.538423150777816772e-02
4.360571503639221191e-01 -1.554076075553894043e-01 6.538423150777816772e-02
4.362547397613525391e-01 -1.545082032680511475e-01 6.538423150777816772e-02
4.364279806613922119e-01 -1.536095291376113892e-01 6.538423150777816772e-02
4.365751743316650391e-01 -1.527107954025268555e-01 6.538423150777816772e-02
4.366946518421173096e-01 -1.518112123012542725e-01 6.538423150777816772e-02
4.367847740650177002e-01 -1.509099751710891724e-01 6.538423150777816772e-02
4.368438720703125000e-01 -1.500062793493270874e-01 6.538423150777816772e-02
4.368705451488494873e-01 -1.490993797779083252e-01 6.538423150777816772e-02
4.368663430213928223e-01 -1.481892317533493042e-01 6.538423150777816772e-02
4.368350803852081299e-01 -1.472762078046798706e-01 6.538423150777816772e-02
4.367805719375610352e-01 -1.463607549667358398e-01 6.538423150777816772e-02
4.367066621780395508e-01 -1.454432904720306396e-01 6.538423150777816772e-02
4.366171360015869141e-01 -1.445242166519165039e-01 6.538423150777816772e-02
4.365158379077911377e-01 -1.436039805412292480e-01 6.538423150777816772e-02
4.364065825939178467e-01 -1.426829993724822998e-01 6.538423150777816772e-02
4.362932145595550537e-01 -1.417616605758666992e-01 6.538423150777816772e-02
4.361795186996459961e-01 -1.408404260873794556e-01 6.538423150777816772e-02
4.360693395137786865e-01 -1.399196982383728027e-01 6.538423150777816772e-02
4.359661638736724854e-01 -1.389998644590377808e-01 6.538423150777816772e-02
4.358706474304199219e-01 -1.380809396505355835e-01 6.538423150777816772e-02
4.357820749282836914e-01 -1.371627748012542725e-01 6.538423150777816772e-02
4.356997609138488770e-01 -1.362452507019042969e-01 6.538423150777816772e-02
4.356229305267333984e-01 -1.353281885385513306e-01 6.538423150777816772e-02
4.355508983135223389e-01 -1.344114542007446289e-01 6.538423150777816772e-02
4.354829192161560059e-01 -1.334948986768722534e-01 6.538423150777816772e-02
4.354182779788970947e-01 -1.325783729553222656e-01 6.538423150777816772e-02
4.353562593460083008e-01 -1.316617429256439209e-01 6.538423150777816772e-02
4.352961480617523193e-01 -1.307448446750640869e-01 6.538423150777816772e-02
4.352371990680694580e-01 -1.298275291919708252e-01 6.538423150777816772e-02
4.351787269115447998e-01 -1.289097070693969727e-01 6.538423150777816772e-02
4.351202845573425293e-01 -1.279914379119873047e-01 6.538423150777816772e-02
4.350614547729492188e-01 -1.270728707313537598e-01 6.538423150777816772e-02
4.350018501281738281e-01 -1.261541247367858887e-01 6.538423150777816772e-02
4.349410533905029297e-01 -1.252353638410568237e-01 6.538423150777816772e-02
4.348787069320678711e-01 -1.243167221546173096e-01 6.538423150777816772e-02
4.348143637180328369e-01 -1.233983263373374939e-01 6.538423150777816772e-02
4.347476661205291748e-01 -1.224803030490875244e-01 6.538423150777816772e-02
4.346796572208404541e-01 -1.215625852346420288e-01 6.538423150777816772e-02
4.346119165420532227e-01 -1.206449270248413086e-01 6.538423150777816772e-02
4.345461428165435791e-01 -1.197271049022674561e-01 6.538423150777816772e-02
4.344840347766876221e-01 -1.188089028000831604e-01 6.538423150777816772e-02
4.344272315502166748e-01 -1.178900822997093201e-01 6.538423150777816772e-02
4.343774318695068359e-01 -1.169704198837280273e-01 6.538423150777816772e-02
4.343363344669342041e-01 -1.160496994853019714e-01 6.538423150777816772e-02
4.343019127845764160e-01 -1.151281297206878662e-01 6.538423150777816772e-02
4.342682063579559326e-01 -1.142064481973648071e-01 6.538423150777816772e-02
4.342288672924041748e-01 -1.132854223251342773e-01 6.538423150777816772e-02
4.341775774955749512e-01 -1.123658195137977600e-01 6.538423150777816772e-02
4.341079890727996826e-01 -1.114484071731567383e-01 6.538423150777816772e-02
4.340137541294097900e-01 -1.105339601635932922e-01 6.538423150777816772e-02
4.338886141777038574e-01 -1.096232533454895020e-01 6.538423895835876465e-02
4.337292015552520752e-01 -1.087168380618095398e-01 6.538423895835876465e-02
4.335396289825439453e-01 -1.078148484230041504e-01 6.538423895835876465e-02
4.333249628543853760e-01 -1.069173365831375122e-01 6.538423895835876465e-02
4.330903887748718262e-01 -1.060243472456932068e-01 6.538423895835876465e-02
4.328409731388092041e-01 -1.051359400153160095e-01 6.538423895835876465e-02
4.325818717479705811e-01 -1.042521670460700989e-01 6.538423895835876465e-02
4.323182106018066406e-01 -1.033730655908584595e-01 6.538423895835876465e-02
4.320549070835113525e-01 -1.024981737136840820e-01 6.538423150777816772e-02
4.317966699600219727e-01 -1.016244143247604370e-01 6.538423150777816772e-02
4.315477609634399414e-01 -1.007479131221771240e-01 6.538423150777816772e-02
4.313125908374786377e-01 -9.986479580402374268e-02 6.538423150777816772e-02
4.310955107212066650e-01 -9.897119551897048950e-02 6.538423150777816772e-02
4.309009015560150146e-01 -9.806323796510696411e-02 6.538423150777816772e-02
4.307331442832946777e-01 -9.713705629110336304e-02 6.538423150777816772e-02
4.305950999259948730e-01 -9.618983417749404907e-02 6.538422405719757080e-02
4.304739534854888916e-01 -9.523000568151473999e-02 6.538422405719757080e-02
4.303472042083740234e-01 -9.427292644977569580e-02 6.538422405719757080e-02
4.301922619342803955e-01 -9.333404153585433960e-02 6.538422405719757080e-02
4.299864768981933594e-01 -9.242878109216690063e-02 6.538422405719757080e-02
4.297072291374206543e-01 -9.157259017229080200e-02 6.538422405719757080e-02
4.293319582939147949e-01 -9.078089147806167603e-02 6.538422405719757080e-02
4.288386404514312744e-01 -9.006863832473754883e-02 6.538423150777816772e-02
4.282267391681671143e-01 -8.943694084882736206e-02 6.538423150777816772e-02
4.275200366973876953e-01 -8.887075632810592651e-02 6.538423150777816772e-02
4.267436563968658447e-01 -8.835415542125701904e-02 6.538423150777816772e-02
4.259228110313415527e-01 -8.787123113870620728e-02 6.538423150777816772e-02
4.250826537609100342e-01 -8.740607649087905884e-02 6.538423150777816772e-02
4.242483973503112793e-01 -8.694276958703994751e-02 6.538423150777816772e-02
4.234449863433837891e-01 -8.646545559167861938e-02 6.538423150777816772e-02
4.226857721805572510e-01 -8.596450835466384888e-02 6.538423150777816772e-02
4.219570159912109375e-01 -8.544433116912841797e-02 6.538423150777816772e-02
4.212415814399719238e-01 -8.491116762161254883e-02 6.538423150777816772e-02
4.205222129821777344e-01 -8.437124639749526978e-02 6.538423150777816772e-02
4.197818040847778320e-01 -8.383083343505859375e-02 6.538423150777816772e-02
4.190031588077545166e-01 -8.329616487026214600e-02 6.538423150777816772e-02
4.181691110134124756e-01 -8.277349174022674561e-02 6.538423150777816772e-02
4.172716736793518066e-01 -8.226681500673294067e-02 6.538423895835876465e-02
4.163424670696258545e-01 -8.176989853382110596e-02 6.538423895835876465e-02
4.154253005981445312e-01 -8.127369731664657593e-02 6.538423895835876465e-02
4.145636856555938721e-01 -8.076913654804229736e-02 6.538423895835876465e-02
4.138011634349822998e-01 -8.024715632200241089e-02 6.538423895835876465e-02
4.131812751293182373e-01 -7.969867438077926636e-02 6.538423895835876465e-02
4.127475619316101074e-01 -7.911462336778640747e-02 6.538423895835876465e-02
4.125390946865081787e-01 -7.848682999610900879e-02 6.538423150777816772e-02
4.125531911849975586e-01 -7.781627774238586426e-02 6.538423150777816772e-02
4.127631783485412598e-01 -7.710894197225570679e-02 6.538422405719757080e-02
4.131421446800231934e-01 -7.637088745832443237e-02 6.538422405719757080e-02
4.136632680892944336e-01 -7.560817897319793701e-02 6.538422405719757080e-02
4.142996370792388916e-01 -7.482688874006271362e-02 6.538422405719757080e-02
4.150244295597076416e-01 -7.403308153152465820e-02 6.538422405719757080e-02
4.158107638359069824e-01 -7.323282957077026367e-02 6.538422405719757080e-02
4.166317582130432129e-01 -7.243219017982482910e-02 6.538422405719757080e-02
4.174605309963226318e-01 -7.163724303245544434e-02 6.538422405719757080e-02
4.182702600955963135e-01 -7.085404545068740845e-02 6.538422405719757080e-02
4.190369248390197754e-01 -7.008761167526245117e-02 6.538423895835876465e-02
4.197542965412139893e-01 -6.933622807264328003e-02 6.538423895835876465e-02
4.204230308532714844e-01 -6.859566271305084229e-02 6.538423895835876465e-02
4.210438430309295654e-01 -6.786162406206130981e-02 6.538423895835876465e-02
4.216173887252807617e-01 -6.712986528873443604e-02 6.538423895835876465e-02
4.221443533897399902e-01 -6.639610230922698975e-02 6.538423895835876465e-02
4.226254522800445557e-01 -6.565608084201812744e-02 6.538423895835876465e-02
4.230613410472869873e-01 -6.490553170442581177e-02 6.538423895835876465e-02
4.234527051448822021e-01 -6.414017826318740845e-02 6.538423895835876465e-02
4.238002002239227295e-01 -6.335576623678207397e-02 6.538423895835876465e-02
4.241045713424682617e-01 -6.254801899194717407e-02 6.538423895835876465e-02
4.243670701980590820e-01 -6.171385943889617920e-02 6.538422405719757080e-02
4.245914816856384277e-01 -6.085514277219772339e-02 6.538422405719757080e-02
4.247822761535644531e-01 -5.997499078512191772e-02 6.538422405719757080e-02
4.249438643455505371e-01 -5.907653272151947021e-02 6.538422405719757080e-02
4.250807166099548340e-01 -5.816289037466049194e-02 6.538422405719757080e-02
4.251972734928131104e-01 -5.723718926310539246e-02 6.538422405719757080e-02
4.252979457378387451e-01 -5.630255118012428284e-02 6.538422405719757080e-02
4.253872334957122803e-01 -5.536210536956787109e-02 6.538422405719757080e-02
4.254695177078247070e-01 -5.441897362470626831e-02 6.538422405719757080e-02
4.255492985248565674e-01 -5.347628146409988403e-02 6.538422405719757080e-02
4.256310164928436279e-01 -5.253714695572853088e-02 6.538423150777816772e-02
4.257183074951171875e-01 -5.160388723015785217e-02 6.538423150777816772e-02
4.258127808570861816e-01 -5.067652836441993713e-02 6.538423150777816772e-02
4.259156882762908936e-01 -4.975471645593643188e-02 6.538423150777816772e-02
4.260282814502716064e-01 -4.883809387683868408e-02 6.538423150777816772e-02
4.261517524719238281e-01 -4.792631044983863831e-02 6.538423150777816772e-02
4.262874126434326172e-01 -4.701901227235794067e-02 6.538423150777816772e-02
4.264364242553710938e-01 -4.611583799123764038e-02 6.538423150777816772e-02
4.266000986099243164e-01 -4.521644115447998047e-02 6.538423150777816772e-02
4.267796277999877930e-01 -4.432046040892601013e-02 6.538423150777816772e-02
4.269762337207794189e-01 -4.342754185199737549e-02 6.538423150777816772e-02
4.271906614303588867e-01 -4.253732785582542419e-02 6.538426876068115234e-02
4.274238348007202148e-01 -4.164955392479896545e-02 6.538426876068115234e-02
4.276726245880126953e-01 -4.076407104730606079e-02 6.538426876068115234e-02
4.279341101646423340e-01 -3.988075628876686096e-02 6.538426876068115234e-02
4.282054603099822998e-01 -3.899949043989181519e-02 6.538426876068115234e-02
4.284836947917938232e-01 -3.812015056610107422e-02 6.538426876068115234e-02
4.287660121917724609e-01 -3.724261373281478882e-02 6.538426876068115234e-02
4.290503859519958496e-01 -3.636675700545310974e-02 6.538427621126174927e-02
4.293323457241058350e-01 -3.549222648143768311e-02 6.538427621126174927e-02
4.296110868453979492e-01 -3.461781516671180725e-02 6.538427621126174927e-02
4.298851191997528076e-01 -3.374211117625236511e-02 6.538427621126174927e-02
4.301529526710510254e-01 -3.286369517445564270e-02 6.538427621126174927e-02
4.304131567478179932e-01 -3.198116272687911987e-02 6.538427621126174927e-02
4.306641817092895508e-01 -3.109308890998363495e-02 6.538427621126174927e-02
4.309045374393463135e-01 -3.019806742668151855e-02 6.538427621126174927e-02
4.311333298683166504e-01 -2.929528243839740753e-02 6.538423895835876465e-02
4.313567578792572021e-01 -2.838826552033424377e-02 6.538423895835876465e-02
4.315834343433380127e-01 -2.748282067477703094e-02 6.538423895835876465e-02
4.318221807479858398e-01 -2.658472955226898193e-02 6.538423895835876465e-02
4.320818185806274414e-01 -2.569977007806301117e-02 6.538423895835876465e-02
4.323711991310119629e-01 -2.483372017741203308e-02 6.538423895835876465e-02
4.326992034912109375e-01 -2.399235777556896210e-02 6.538423895835876465e-02
4.330739676952362061e-01 -2.318110316991806030e-02 6.538423150777816772e-02
4.334962666034698486e-01 -2.239912375807762146e-02 6.538423150777816772e-02
4.339585900306701660e-01 -2.163962461054325104e-02 6.538423150777816772e-02
4.344534277915954590e-01 -2.089563012123107910e-02 6.538423150777816772e-02
4.349732398986816406e-01 -2.016016282141208649e-02 6.538423150777816772e-02
4.355105161666870117e-01 -1.942624524235725403e-02 6.538423150777816772e-02
4.360577166080474854e-01 -1.868690177798271179e-02 6.538423150777816772e-02
4.366073310375213623e-01 -1.793515682220458984e-02 6.538423150777816772e-02
4.371517896652221680e-01 -1.716403476893901825e-02 6.538423150777816772e-02
4.376836121082305908e-01 -1.636655814945697784e-02 6.538423150777816772e-02
4.381952583789825439e-01 -1.553575415164232254e-02 6.538423150777816772e-02
4.386801719665527344e-01 -1.466581784188747406e-02 6.538423150777816772e-02
4.391409456729888916e-01 -1.376446709036827087e-02 6.538423150777816772e-02
4.395867884159088135e-01 -1.284812390804290771e-02 6.538423895835876465e-02
4.400268495082855225e-01 -1.193335093557834625e-02 6.538423895835876465e-02
4.404703080654144287e-01 -1.103671081364154816e-02 6.538423895835876465e-02
4.409262835979461670e-01 -1.017476432025432587e-02 6.538423895835876465e-02
4.414039552211761475e-01 -9.364072233438491821e-03 6.538423895835876465e-02
4.419124424457550049e-01 -8.621195331215858459e-03 6.538423895835876465e-02
4.424609243869781494e-01 -7.962692528963088989e-03 6.538423895835876465e-02
4.430585503578186035e-01 -7.405123207718133926e-03 6.538423895835876465e-02
4.437144398689270020e-01 -6.965045817196369171e-03 6.538423895835876465e-02
4.444361627101898193e-01 -6.656187120825052261e-03 6.538422405719757080e-02
4.452206194400787354e-01 -6.471633911132812500e-03 6.538422405719757080e-02
4.460596144199371338e-01 -6.395314820110797882e-03 6.538422405719757080e-02
4.469449818134307861e-01 -6.411121226847171783e-03 6.538422405719757080e-02
4.478685557842254639e-01 -6.502946373075246811e-03 6.538422405719757080e-02
4.488222002983093262e-01 -6.654685363173484802e-03 6.538422405719757080e-02
4.497977793216705322e-01 -6.850235629826784134e-03 6.538422405719757080e-02
4.507871568202972412e-01 -7.073496934026479721e-03 6.538422405719757080e-02
4.517821669578552246e-01 -7.308372296392917633e-03 6.538422405719757080e-02
4.527747035026550293e-01 -7.538765668869018555e-03 6.538422405719757080e-02
4.537566304206848145e-01 -7.748585194349288940e-03 6.538422405719757080e-02
4.547215700149536133e-01 -7.924917154014110565e-03 6.538422405719757080e-02
4.556697607040405273e-01 -8.068521507084369659e-03 6.538422405719757080e-02
4.566037356853485107e-01 -8.183855563402175903e-03 6.538422405719757080e-02
4.575257897377014160e-01 -8.275366388261318207e-03 6.538422405719757080e-02
4.584383666515350342e-01 -8.347491733729839325e-03 6.538422405719757080e-02
4.593437314033508301e-01 -8.404664695262908936e-03 6.538422405719757080e-02
4.602442383766174316e-01 -8.451306261122226715e-03 6.538422405719757080e-02
4.611422419548034668e-01 -8.491831831634044647e-03 6.538422405719757080e-02
4.620400071144104004e-01 -8.530646562576293945e-03 6.538422405719757080e-02
4.629398286342620850e-01 -8.572144433856010437e-03 6.538422405719757080e-02
4.638439714908599854e-01 -8.620699867606163025e-03 6.538422405719757080e-02
4.647538661956787109e-01 -8.679199963808059692e-03 6.538422405719757080e-02
4.656686186790466309e-01 -8.746622130274772644e-03 6.538422405719757080e-02
4.665869772434234619e-01 -8.821344003081321716e-03 6.538422405719757080e-02
4.675077497959136963e-01 -8.901771157979965210e-03 6.538422405719757080e-02
4.684297740459442139e-01 -8.986336179077625275e-03 6.538422405719757080e-02
4.693519771099090576e-01 -9.073498658835887909e-03 6.538422405719757080e-02
4.702732264995574951e-01 -9.161752648651599884e-03 6.538422405719757080e-02
4.711925387382507324e-01 -9.249624796211719513e-03 6.538422405719757080e-02
4.721089601516723633e-01 -9.335677139461040497e-03 6.538422405719757080e-02
4.730215072631835938e-01 -9.418509900569915771e-03 6.538422405719757080e-02
4.739297926425933838e-01 -9.496789425611495972e-03 6.538420170545578003e-02
4.748332798480987549e-01 -9.570324793457984924e-03 6.538420170545578003e-02
4.757344424724578857e-01 -9.640770964324474335e-03 6.538420170545578003e-02
4.766354262828826904e-01 -9.709855541586875916e-03 6.538420170545578003e-02
4.775381982326507568e-01 -9.779207408428192139e-03 6.538420170545578003e-02
4.784446060657501221e-01 -9.850355796515941620e-03 6.538420170545578003e-02
4.793563485145568848e-01 -9.924715384840965271e-03 6.538420170545578003e-02
4.802749156951904297e-01 -1.000358257442712784e-02 6.538420170545578003e-02
4.812017083168029785e-01 -1.008812710642814636e-02 6.538420170545578003e-02
4.821378290653228760e-01 -1.017938554286956787e-02 6.538420170545578003e-02
4.830842614173889160e-01 -1.027825102210044861e-02 6.538420170545578003e-02
4.840412437915802002e-01 -1.038536336272954941e-02 6.538426131010055542e-02
4.850067198276519775e-01 -1.049876306205987930e-02 6.538426131010055542e-02
4.859743714332580566e-01 -1.061408594250679016e-02 6.538426131010055542e-02
4.869385063648223877e-01 -1.072717644274234772e-02 6.538426131010055542e-02
4.878939092159271240e-01 -1.083424687385559082e-02 6.538426131010055542e-02
4.888359904289245605e-01 -1.093189883977174759e-02 6.538426131010055542e-02
4.897606968879699707e-01 -1.101715583354234695e-02 6.538426131010055542e-02
4.906646013259887695e-01 -1.108748931437730789e-02 6.538426131010055542e-02
4.915449321269989014e-01 -1.114085037261247635e-02 6.538426131010055542e-02
4.923996031284332275e-01 -1.117569487541913986e-02 6.538426131010055542e-02
4.932273328304290771e-01 -1.119101420044898987e-02 6.538426131010055542e-02
4.940281212329864502e-01 -1.118697505444288254e-02 6.538420915603637695e-02
4.948133528232574463e-01 -1.117138564586639404e-02 6.538420915603637695e-02
4.955991208553314209e-01 -1.115607190877199173e-02 6.538420915603637695e-02
4.964001178741455078e-01 -1.115168444812297821e-02 6.538420915603637695e-02
4.972291588783264160e-01 -1.116749923676252365e-02 6.538420915603637695e-02
4.980970323085784912e-01 -1.121131330728530884e-02 6.538420915603637695e-02
4.990123212337493896e-01 -1.128933299332857132e-02 6.538420915603637695e-02
4.999812543392181396e-01 -1.140607148408889771e-02 6.538420915603637695e-02
5.010075569152832031e-01 -1.156423985958099365e-02 6.538420915603637695e-02
5.020923018455505371e-01 -1.176464185118675232e-02 6.538420915603637695e-02
5.032337903976440430e-01 -1.200606580823659897e-02 6.538420915603637695e-02
5.044239759445190430e-01 -1.228259224444627762e-02 6.538423150777816772e-02
5.056296586990356445e-01 -1.257042586803436279e-02 6.538423150777816772e-02
5.068129897117614746e-01 -1.284214295446872711e-02 6.538423150777816772e-02
5.079426169395446777e-01 -1.307510305196046829e-02 6.538423150777816772e-02
5.089944601058959961e-01 -1.325186435133218765e-02 6.538423150777816772e-02
5.099521279335021973e-01 -1.336058042943477631e-02 6.538423150777816772e-02
5.108074545860290527e-01 -1.339539885520935059e-02 6.538423150777816772e-02
5.115612149238586426e-01 -1.335685979574918747e-02 6.538423150777816772e-02
5.122235417366027832e-01 -1.325229462236166000e-02 6.538423150777816772e-02
5.128146409988403320e-01 -1.309622451663017273e-02 6.538423150777816772e-02
5.139067173004150391e-01 -1.272039208561182022e-02 6.538422405719757080e-02
5.144457817077636719e-01 -1.253092102706432343e-02 6.538422405719757080e-02
5.149821639060974121e-01 -1.234237663447856903e-02 6.538422405719757080e-02
5.155157446861267090e-01 -1.215477939695119858e-02 6.538422405719757080e-02
5.160463452339172363e-01 -1.196814514696598053e-02 6.538423150777816772e-02
5.165742635726928711e-01 -1.178245712071657181e-02 6.538423150777816772e-02
5.170998573303222656e-01 -1.159755047410726547e-02 6.538423150777816772e-02
5.176236033439636230e-01 -1.141323521733283997e-02 6.538423150777816772e-02
5.181460976600646973e-01 -1.122932415455579758e-02 6.538423150777816772e-02
5.186678767204284668e-01 -1.104563381522893906e-02 6.538423150777816772e-02
5.191894173622131348e-01 -1.086198631674051285e-02 6.538423150777816772e-02
5.197111964225769043e-01 -1.067820470780134201e-02 6.538423150777816772e-02
5.202338099479675293e-01 -1.049411948770284653e-02 6.538423150777816772e-02
5.207576155662536621e-01 -1.030956115573644638e-02 6.538423150777816772e-02
5.212831497192382812e-01 -1.012436859309673309e-02 6.538423150777816772e-02
5.218108892440795898e-01 -9.938383474946022034e-03 6.538423150777816772e-02
5.223411917686462402e-01 -9.751450270414352417e-03 6.538423150777816772e-02
5.228745937347412109e-01 -9.563420899212360382e-03 6.538423150777816772e-02
5.234113931655883789e-01 -9.374151006340980530e-03 6.538423150777816772e-02
5.239520668983459473e-01 -9.183499962091445923e-03 6.538423150777816772e-02
5.244970321655273438e-01 -8.991332724690437317e-03 6.538423150777816772e-02
5.250465869903564453e-01 -8.797521702945232391e-03 6.538423150777816772e-02
5.256011486053466797e-01 -8.601940236985683441e-03 6.538423150777816772e-02
5.261610150337219238e-01 -8.404470048844814301e-03 6.538423150777816772e-02
5.267265439033508301e-01 -8.204997517168521881e-03 6.538423150777816772e-02
5.272980332374572754e-01 -8.003414608538150787e-03 6.538423150777816772e-02
5.278757810592651367e-01 -7.799617946147918701e-03 6.538423150777816772e-02
5.284600853919982910e-01 -7.593512535095214844e-03 6.538423150777816772e-02
5.290511846542358398e-01 -7.385006174445152283e-03 6.538423150777816772e-02
5.296493172645568848e-01 -7.174014579504728317e-03 6.538423150777816772e-02
5.302547812461853027e-01 -6.960459519177675247e-03 6.538423150777816772e-02
5.308676958084106445e-01 -6.744268350303173065e-03 6.538423150777816772e-02
5.314882993698120117e-01 -6.525375414639711380e-03 6.538423150777816772e-02
5.321167707443237305e-01 -6.303720641881227493e-03 6.538423150777816772e-02
5.327532291412353516e-01 -6.079251877963542938e-03 6.538423150777816772e-02
5.333978533744812012e-01 -5.851951427757740021e-03 6.538423150777816772e-02
5.340492725372314453e-01 -5.622233729809522629e-03 6.538423150777816772e-02
5.347055196762084961e-01 -5.390835925936698914e-03 6.538423150777816772e-02
5.353645086288452148e-01 -5.158482119441032410e-03 6.538423150777816772e-02
5.360242724418640137e-01 -4.925871733576059341e-03 6.538423150777816772e-02
5.366828441619873047e-01 -4.693683236837387085e-03 6.538423150777816772e-02
5.373384356498718262e-01 -4.462568555027246475e-03 6.538423150777816772e-02
5.379891395568847656e-01 -4.233156796544790268e-03 6.538423150777816772e-02
5.386334061622619629e-01 -4.006050992757081985e-03 6.538423150777816772e-02
5.392694473266601562e-01 -3.781828563660383224e-03 6.538423150777816772e-02
5.398958325386047363e-01 -3.561040619388222694e-03 6.538423150777816772e-02
5.405109524726867676e-01 -3.344211494550108910e-03 6.538423150777816772e-02
5.411134362220764160e-01 -3.131837816908955574e-03 6.538423150777816772e-02
5.417019724845886230e-01 -2.924388274550437927e-03 6.538423150777816772e-02
5.422753691673278809e-01 -2.722302451729774475e-03 6.538423150777816772e-02
5.428323149681091309e-01 -2.525991527363657951e-03 6.538423150777816772e-02
5.433718562126159668e-01 -2.335835946723818779e-03 6.538423150777816772e-02
5.438929200172424316e-01 -2.152186119928956032e-03 6.538423150777816772e-02
5.443946123123168945e-01 -1.975361490622162819e-03 6.538423150777816772e-02
5.448761582374572754e-01 -1.805650186724960804e-03 6.538423150777816772e-02
5.453367829322814941e-01 -1.643307739868760109e-03 6.538423150777816772e-02
5.457758903503417969e-01 -1.488556852564215660e-03 6.538423150777816772e-02
5.461929440498352051e-01 -1.341587514616549015e-03 6.538423150777816772e-02
5.465874671936035156e-01 -1.202555140480399132e-03 6.538423150777816772e-02
5.469591021537780762e-01 -1.071581267751753330e-03 6.538423150777816772e-02
5.473076701164245605e-01 -9.487519273534417152e-04 6.538423150777816772e-02
5.476329326629638672e-01 -8.341176435351371765e-04 6.538423150777816772e-02
5.479349493980407715e-01 -7.276929100044071674e-04 6.538423150777816772e-02
5.482137203216552734e-01 -6.294550839811563492e-04 6.538423150777816772e-02
5.484694242477416992e-01 -5.393444444052875042e-04 6.538423150777816772e-02
5.487023591995239258e-01 -4.572631441988050938e-04 6.538423150777816772e-02
5.489128828048706055e-01 -3.830748028121888638e-04 6.538423150777816772e-02
5.491015315055847168e-01 -3.166039532516151667e-04 6.538423150777816772e-02
5.492688417434692383e-01 -2.576354600023478270e-04 6.538423150777816772e-02
5.494156479835510254e-01 -2.059138350887224078e-04 6.538423150777816772e-02
5.495427250862121582e-01 -1.611427433090284467e-04 6.538423150777816772e-02
5.496510267257690430e-01 -1.229844201589003205e-04 6.538423150777816772e-02
5.497416257858276367e-01 -9.105909703066572547e-05 6.538423150777816772e-02
5.498157143592834473e-01 -6.494435365311801434e-05 6.538423150777816772e-02
5.498746633529663086e-01 -4.417460513650439680e-05 6.538423150777816772e-02
5.499199032783508301e-01 -2.824051443894859403e-05 6.538423150777816772e-02
5.499529242515563965e-01 -1.658836845308542252e-05 6.538423150777816772e-02
5.499755740165710449e-01 -8.619535947218537331e-06 6.538423150777816772e-02
5.499895811080932617e-01 -3.689901859615929425e-06 6.538423150777816772e-02
5.499968528747558594e-01 -1.109227014239877462e-06 6.538423150777816772e-02
5.499996542930603027e-01 -1.406388037139549851e-07 6.538423150777816772e-02
