3.855951428413391113e-01 -4.129043519496917725e-01 6.538423150777816772e-02
3.855966627597808838e-01 -4.129041433334350586e-01 6.538423150777816772e-02
3.856070339679718018e-01 -4.129026830196380615e-01 6.538423150777816772e-02
3.856343626976013184e-01 -4.128988385200500488e-01 6.538423150777816772e-02
3.856859803199768066e-01 -4.128915667533874512e-01 6.538423150777816772e-02
3.857684731483459473e-01 -4.128799736499786377e-01 6.538423150777816772e-02
3.858876228332519531e-01 -4.128632247447967529e-01 6.538423150777816772e-02
3.860485255718231201e-01 -4.128405749797821045e-01 6.538423150777816772e-02
3.862555027008056641e-01 -4.128114581108093262e-01 6.538423150777816772e-02
3.865121901035308838e-01 -4.127753376960754395e-01 6.538423150777816772e-02
3.868215084075927734e-01 -4.127317965030670166e-01 6.538423150777816772e-02
3.871857225894927979e-01 -4.126805365085601807e-01 6.538423150777816772e-02
3.876063227653503418e-01 -4.126212894916534424e-01 6.538423150777816772e-02
3.880842924118041992e-01 -4.125539660453796387e-01 6.538423150777816772e-02
3.886198401451110840e-01 -4.124785363674163818e-01 6.538423150777816772e-02
3.892126083374023438e-01 -4.123950004577636719e-01 6.538423150777816772e-02
3.898616135120391846e-01 -4.123035371303558350e-01 6.538423150777816772e-02
3.905652463436126709e-01 -4.122043251991271973e-01 6.538423150777816772e-02
3.913213014602661133e-01 -4.120976924896240234e-01 6.538423150777816772e-02
3.921270072460174561e-01 -4.119839966297149658e-01 6.538423150777816772e-02
3.929790854454040527e-01 -4.118637442588806152e-01 6.538423150777816772e-02
3.938735723495483398e-01 -4.117374420166015625e-01 6.538423150777816772e-02
3.948061168193817139e-01 -4.116057157516479492e-01 6.538423150777816772e-02
3.957717418670654297e-01 -4.114692211151123047e-01 6.538423150777816772e-02
3.967649638652801514e-01 -4.113287627696990967e-01 6.538423150777816772e-02
3.977798819541931152e-01 -4.111851453781127930e-01 6.538423150777816772e-02
3.988100588321685791e-01 -4.110392630100250244e-01 6.538423150777816772e-02
3.998485505580902100e-01 -4.108920991420745850e-01 6.538423150777816772e-02
4.008880257606506348e-01 -4.107446670532226562e-01 6.538423150777816772e-02
4.019206762313842773e-01 -4.105980396270751953e-01 6.538423150777816772e-02
4.029383063316345215e-01 -4.104533493518829346e-01 6.538423150777816772e-02
4.039323329925537109e-01 -4.103118479251861572e-01 6.538423150777816772e-02
4.048974215984344482e-01 -4.101742208003997803e-01 6.538423150777816772e-02
4.058322608470916748e-01 -4.100407361984252930e-01 6.538423150777816772e-02
4.067359566688537598e-01 -4.099115431308746338e-01 6.538423150777816772e-02
4.076078236103057861e-01 -4.097867012023925781e-01 6.538423150777816772e-02
4.084474742412567139e-01 -4.096663296222686768e-01 6.538423150777816772e-02
4.092545509338378906e-01 -4.095505177974700928e-01 6.538423150777816772e-02
4.100290536880493164e-01 -4.094392955303192139e-01 6.538423150777816772e-02
4.107711017131805420e-01 -4.093326032161712646e-01 6.538423150777816772e-02
4.114809930324554443e-01 -4.092305004596710205e-01 6.538423150777816772e-02
4.121592342853546143e-01 -4.091329276561737061e-01 6.538423150777816772e-02
4.128065109252929688e-01 -4.090397655963897705e-01 6.538423150777816772e-02
4.134236872196197510e-01 -4.089509844779968262e-01 6.538423150777816772e-02
4.140118360519409180e-01 -4.088664054870605469e-01 6.538423150777816772e-02
4.145721197128295898e-01 -4.087859094142913818e-01 6.538423150777816772e-02
4.151059687137603760e-01 -4.087093472480773926e-01 6.538423150777816772e-02
4.156148731708526611e-01 -4.086364805698394775e-01 6.538423150777816772e-02
4.161005616188049316e-01 -4.085671305656433105e-01 6.538423150777816772e-02
4.165649116039276123e-01 -4.085010588169097900e-01 6.538423150777816772e-02
4.170099198818206787e-01 -4.084379971027374268e-01 6.538423150777816772e-02
4.174377620220184326e-01 -4.083777070045471191e-01 6.538423150777816772e-02
4.178507328033447266e-01 -4.083198308944702148e-01 6.538423150777816772e-02
4.182513058185577393e-01 -4.082640707492828369e-01 6.538423150777816772e-02
4.186420738697052002e-01 -4.082100987434387207e-01 6.538423150777816772e-02
4.190257191658020020e-01 -4.081575572490692139e-01 6.538423150777816772e-02
4.194051325321197510e-01 -4.081060588359832764e-01 6.538423150777816772e-02
4.197833240032196045e-01 -4.080552160739898682e-01 6.538423150777816772e-02
4.201633632183074951e-01 -4.080046415328979492e-01 6.538423150777816772e-02
4.205484986305236816e-01 -4.079538583755493164e-01 6.538423150777816772e-02
4.209420680999755859e-01 -4.079024791717529297e-01 6.538423150777816772e-02
4.213475286960601807e-01 -4.078500270843505859e-01 6.538423150777816772e-02
4.217680096626281738e-01 -4.077960252761840820e-01 6.538423150777816772e-02
4.222042858600616455e-01 -4.077403843402862549e-01 6.538423150777816772e-02
4.226562380790710449e-01 -4.076829552650451660e-01 6.538423150777816772e-02
4.231236279010772705e-01 -4.076237082481384277e-01 6.538423150777816772e-02
4.236062169075012207e-01 -4.075625836849212646e-01 6.538423150777816772e-02
4.241037070751190186e-01 -4.074994921684265137e-01 6.538423150777816772e-02
4.246157407760620117e-01 -4.074344336986541748e-01 6.538423150777816772e-02
4.251419305801391602e-01 -4.073673784732818604e-01 6.538423150777816772e-02
4.256817996501922607e-01 -4.072982370853424072e-01 6.538423150777816772e-02
4.262348413467407227e-01 -4.072270095348358154e-01 6.538423150777816772e-02
4.268004894256591797e-01 -4.071536958217620850e-01 6.538423150777816772e-02
4.273781180381774902e-01 -4.070782959461212158e-01 6.538423150777816772e-02
4.279671013355255127e-01 -4.070007801055908203e-01 6.538423150777816772e-02
4.285667240619659424e-01 -4.069211483001708984e-01 6.538423150777816772e-02
4.291762411594390869e-01 -4.068394303321838379e-01 6.538423150777816772e-02
4.297948777675628662e-01 -4.067556560039520264e-01 6.538423150777816772e-02
4.304217398166656494e-01 -4.066697955131530762e-01 6.538423150777816772e-02
4.310560226440429688e-01 -4.065819084644317627e-01 6.538423150777816772e-02
4.316967427730560303e-01 -4.064920246601104736e-01 6.538423150777816772e-02
4.323430061340332031e-01 -4.064002037048339844e-01 6.538423150777816772e-02
4.329937398433685303e-01 -4.063064455986022949e-01 6.538423150777816772e-02
4.336479306221008301e-01 -4.062108397483825684e-01 6.538423150777816772e-02
4.343045353889465332e-01 -4.061134457588195801e-01 6.538423150777816772e-02
4.349623918533325195e-01 -4.060142934322357178e-01 6.538423150777816772e-02
4.356203675270080566e-01 -4.059134721755981445e-01 6.538423150777816772e-02
4.362773001194000244e-01 -4.058110117912292480e-01 6.538423150777816772e-02
4.369319379329681396e-01 -4.057070612907409668e-01 6.538423150777816772e-02
4.375830590724945068e-01 -4.056016206741333008e-01 6.538423150777816772e-02
4.382293522357940674e-01 -4.054948389530181885e-01 6.538423150777816772e-02
4.388695359230041504e-01 -4.053867757320404053e-01 6.538423150777816772e-02
4.395022392272949219e-01 -4.052775204181671143e-01 6.538423150777816772e-02
4.401268064975738525e-01 -4.051672518253326416e-01 6.538423150777816772e-02
4.407435655593872070e-01 -4.050562679767608643e-01 6.538423150777816772e-02
4.413529634475708008e-01 -4.049448370933532715e-01 6.538423150777816772e-02
4.419555068016052246e-01 -4.048332571983337402e-01 6.538423150777816772e-02
4.425516128540039062e-01 -4.047217965126037598e-01 6.538423150777816772e-02
4.431418180465698242e-01 -4.046108126640319824e-01 6.538423150777816772e-02
4.437266290187835693e-01 -4.045005142688751221e-01 6.538423150777816772e-02
4.443065524101257324e-01 -4.043911993503570557e-01 6.538423150777816772e-02
4.448821544647216797e-01 -4.042831659317016602e-01 6.538423150777816772e-02
4.454539716243743896e-01 -4.041767120361328125e-01 6.538423150777816772e-02
4.460225403308868408e-01 -4.040720462799072266e-01 6.538423150777816772e-02
4.465884864330291748e-01 -4.039695262908935547e-01 6.538423150777816772e-02
4.471523463726043701e-01 -4.038693606853485107e-01 6.538423150777816772e-02
4.477147459983825684e-01 -4.037718474864959717e-01 6.538423150777816772e-02
4.482763409614562988e-01 -4.036772549152374268e-01 6.538423150777816772e-02
4.488376677036285400e-01 -4.035858213901519775e-01 6.538423150777816772e-02
4.493994414806365967e-01 -4.034978747367858887e-01 6.538423150777816772e-02
4.499622881412506104e-01 -4.034136533737182617e-01 6.538423150777816772e-02
4.505268633365631104e-01 -4.033333957195281982e-01 6.538423150777816772e-02
4.510938227176666260e-01 -4.032573699951171875e-01 6.538423150777816772e-02
4.516638517379760742e-01 -4.031858444213867188e-01 6.538423150777816772e-02
4.522376656532287598e-01 -4.031191170215606689e-01 6.538423150777816772e-02
4.528159499168395996e-01 -4.030573666095733643e-01 6.538423150777816772e-02
4.533993899822235107e-01 -4.030009210109710693e-01 6.538423150777816772e-02
4.535377621650695801e-01 -4.030404686927795410e-01 6.538423150777816772e-02
4.543336927890777588e-01 -4.032677114009857178e-01 6.538423150777816772e-02
4.559979140758514404e-01 -4.037420749664306641e-01 6.538423150777816772e-02
4.583097398281097412e-01 -4.043991565704345703e-01 6.538423150777816772e-02
4.606871306896209717e-01 -4.050708413124084473e-01 6.538423150777816772e-02
4.626209437847137451e-01 -4.056125283241271973e-01 6.538423150777816772e-02
4.640635550022125244e-01 -4.060157239437103271e-01 6.538423150777816772e-02
4.651218056678771973e-01 -4.063163697719573975e-01 6.538423150777816772e-02
4.660120308399200439e-01 -4.065819084644317627e-01 6.538423150777816772e-02
4.670160114765167236e-01 -4.068966805934906006e-01 6.538423150777816772e-02
4.682430326938629150e-01 -4.072794914245605469e-01 6.538423150777816772e-02
4.696724116802215576e-01 -4.077042043209075928e-01 6.538423150777816772e-02
4.712493717670440674e-01 -4.081348180770874023e-01 6.538423150777816772e-02
4.728899896144866943e-01 -4.085268974304199219e-01 6.538423150777816772e-02
4.745064973831176758e-01 -4.088443517684936523e-01 6.538423150777816772e-02
4.760594069957733154e-01 -4.090886116027832031e-01 6.538423150777816772e-02
4.775332212448120117e-01 -4.092716872692108154e-01 6.538423150777816772e-02
4.789284169673919678e-01 -4.094101488590240479e-01 6.538423150777816772e-02
4.802602529525756836e-01 -4.095249176025390625e-01 6.538423150777816772e-02
4.815571308135986328e-01 -4.096405506134033203e-01 6.538423150777816772e-02
4.828591644763946533e-01 -4.097849726676940918e-01 6.538423150777816772e-02
4.842008054256439209e-01 -4.099739789962768555e-01 6.538423150777816772e-02
4.855867028236389160e-01 -4.101932942867279053e-01 6.538423150777816772e-02
4.870135188102722168e-01 -4.104236960411071777e-01 6.538423150777816772e-02
4.884738326072692871e-01 -4.106447994709014893e-01 6.538423150777816772e-02
4.899564683437347412e-01 -4.108351767063140869e-01 6.538423150777816772e-02
4.914469718933105469e-01 -4.109724164009094238e-01 6.538423150777816772e-02
4.929280579090118408e-01 -4.110334813594818115e-01 6.538423150777816772e-02
4.943889081478118896e-01 -4.110111892223358154e-01 6.538423150777816772e-02
4.958326816558837891e-01 -4.109252393245697021e-01 6.538423150777816772e-02
4.972645044326782227e-01 -4.107981324195861816e-01 6.538423150777816772e-02
4.986899495124816895e-01 -4.106525182723999023e-01 6.538423150777816772e-02
5.001150369644165039e-01 -4.105103313922882080e-01 6.538423150777816772e-02
5.015444159507751465e-01 -4.103849828243255615e-01 6.538423150777816772e-02
5.029819011688232422e-01 -4.102846086025238037e-01 6.538423150777816772e-02
5.044310688972473145e-01 -4.102172255516052246e-01 6.538423150777816772e-02
5.058953166007995605e-01 -4.101907908916473389e-01 6.538423150777816772e-02
5.073731541633605957e-01 -4.102002382278442383e-01 6.538423150777816772e-02
5.088472962379455566e-01 -4.101988673210144043e-01 6.538423150777816772e-02
5.102975368499755859e-01 -4.101318418979644775e-01 6.538423150777816772e-02
5.117038488388061523e-01 -4.099443852901458740e-01 6.538423150777816772e-02
5.130465030670166016e-01 -4.095830321311950684e-01 6.538423150777816772e-02
5.143203139305114746e-01 -4.090325236320495605e-01 6.538423150777816772e-02
5.155358314514160156e-01 -4.083197116851806641e-01 6.538423150777816772e-02
5.167043209075927734e-01 -4.074735045433044434e-01 6.538423150777816772e-02
5.178371071815490723e-01 -4.065228998661041260e-01 6.538423150777816772e-02
5.189454555511474609e-01 -4.054968655109405518e-01 6.538423150777816772e-02
5.200406908988952637e-01 -4.044243097305297852e-01 6.538423150777816772e-02
5.211340188980102539e-01 -4.033343195915222168e-01 6.538423150777816772e-02
5.222350358963012695e-01 -4.022577404975891113e-01 6.538423150777816772e-02
5.233523249626159668e-01 -4.012271761894226074e-01 6.538423150777816772e-02
5.244942903518676758e-01 -4.002752304077148438e-01 6.538423150777816772e-02
5.256693363189697266e-01 -3.994345068931579590e-01 6.538423150777816772e-02
5.268859267234802246e-01 -3.987376391887664795e-01 6.538423150777816772e-02
5.281524658203125000e-01 -3.982172906398773193e-01 6.538423150777816772e-02
5.294765830039978027e-01 -3.979032337665557861e-01 6.538423150777816772e-02
5.308552384376525879e-01 -3.977856040000915527e-01 6.538423150777816772e-02
5.322771668434143066e-01 -3.978253901004791260e-01 6.538423150777816772e-02
5.337311029434204102e-01 -3.979828655719757080e-01 6.538423150777816772e-02
5.352057218551635742e-01 -3.982183635234832764e-01 6.538423150777816772e-02
5.366896986961364746e-01 -3.984921574592590332e-01 6.538423150777816772e-02
5.381717085838317871e-01 -3.987645506858825684e-01 6.538423150777816772e-02
5.396412014961242676e-01 -3.989983797073364258e-01 6.538423150777816772e-02
5.410962104797363281e-01 -3.991836607456207275e-01 6.538423150777816772e-02
5.425398945808410645e-01 -3.993265926837921143e-01 6.538423150777816772e-02
5.439754724502563477e-01 -3.994336724281311035e-01 6.538423150777816772e-02
5.454061031341552734e-01 -3.995113372802734375e-01 6.538423150777816772e-02
5.468350052833557129e-01 -3.995660245418548584e-01 6.538423150777816772e-02
5.482654571533203125e-01 -3.996042311191558838e-01 6.538423150777816772e-02
5.497002601623535156e-01 -3.996319174766540527e-01 6.538423150777816772e-02
5.511397123336791992e-01 -3.996514678001403809e-01 6.538423150777816772e-02
5.525829195976257324e-01 -3.996634483337402344e-01 6.538423150777816772e-02
5.540288686752319336e-01 -3.996684253215789795e-01 6.538423150777816772e-02
5.554766654968261719e-01 -3.996669650077819824e-01 6.538423150777816772e-02
5.569251775741577148e-01 -3.996596038341522217e-01 6.538423150777816772e-02
5.583736300468444824e-01 -3.996469378471374512e-01 6.538423150777816772e-02
5.598210096359252930e-01 -3.996299207210540771e-01 6.538423150777816772e-02
5.612672567367553711e-01 -3.996121585369110107e-01 6.538423150777816772e-02
5.627124309539794922e-01 -3.995982706546783447e-01 6.538423150777816772e-02
5.641567707061767578e-01 -3.995928168296813965e-01 6.538423150777816772e-02
5.656003355979919434e-01 -3.996004164218902588e-01 6.538423150777816772e-02
5.670432448387145996e-01 -3.996256887912750244e-01 6.538423150777816772e-02
5.684856772422790527e-01 -3.996732532978057861e-01 6.538423150777816772e-02
5.699276328086853027e-01 -3.997462987899780273e-01 6.538423150777816772e-02
5.713691115379333496e-01 -3.998410999774932861e-01 6.538423150777816772e-02
5.728099346160888672e-01 -3.999517261981964111e-01 6.538423150777816772e-02
5.742498636245727539e-01 -4.000722765922546387e-01 6.538423150777816772e-02
5.756887793540954590e-01 -4.001968801021575928e-01 6.538423150777816772e-02
5.771269798278808594e-01 -4.003196060657501221e-01 6.538423150777816772e-02
5.785658359527587891e-01 -4.004346132278442383e-01 6.538423150777816772e-02
5.800065398216247559e-01 -4.005360901355743408e-01 6.538423150777816772e-02
5.814505219459533691e-01 -4.006181955337524414e-01 6.538423150777816772e-02
5.828986763954162598e-01 -4.006770551204681396e-01 6.538423150777816772e-02
5.843482017517089844e-01 -4.007294476032257080e-01 6.538423150777816772e-02
5.857940316200256348e-01 -4.008044302463531494e-01 6.538423150777816772e-02
5.872309803962707520e-01 -4.009312093257904053e-01 6.538423150777816772e-02
5.886539220809936523e-01 -4.011390209197998047e-01 6.538423150777816772e-02
5.900600552558898926e-01 -4.014442563056945801e-01 6.538423150777816772e-02
5.914534330368041992e-01 -4.018228948116302490e-01 6.538423150777816772e-02
5.928395986557006836e-01 -4.022429287433624268e-01 6.538423150777816772e-02
5.942240953445434570e-01 -4.026723504066467285e-01 6.538423150777816772e-02
5.956124067306518555e-01 -4.030800461769104004e-01 6.538423150777816772e-02
5.970056056976318359e-01 -4.034584462642669678e-01 6.538423150777816772e-02
5.984007716178894043e-01 -4.038258790969848633e-01 6.538423150777816772e-02
5.997946262359619141e-01 -4.042020440101623535e-01 6.538423150777816772e-02
6.011837720870971680e-01 -4.046066105365753174e-01 6.538423150777816772e-02
6.025660634040832520e-01 -4.050524234771728516e-01 6.538423150777816772e-02
6.039464473724365234e-01 -4.055096209049224854e-01 6.538423150777816772e-02
6.053326129913330078e-01 -4.059315621852874756e-01 6.538423150777816772e-02
6.067321896553039551e-01 -4.062715470790863037e-01 6.538423150777816772e-02
6.081529259681701660e-01 -4.064832031726837158e-01 6.538423895835876465e-02
6.095960736274719238e-01 -4.065460860729217529e-01 6.538423895835876465e-02
6.110499501228332520e-01 -4.064930379390716553e-01 6.538423895835876465e-02
6.125013232231140137e-01 -4.063632190227508545e-01 6.538423895835876465e-02
6.139369010925292969e-01 -4.061958789825439453e-01 6.538423895835876465e-02
6.153452992439270020e-01 -4.060292243957519531e-01 6.538423150777816772e-02
6.167392134666442871e-01 -4.058899581432342529e-01 6.538423150777816772e-02
6.181492805480957031e-01 -4.057958126068115234e-01 6.538423150777816772e-02
6.196065545082092285e-01 -4.057644605636596680e-01 6.538423150777816772e-02
6.211417913436889648e-01 -4.058136343955993652e-01 6.538423895835876465e-02
6.227626204490661621e-01 -4.059392511844635010e-01 6.538423895835876465e-02
6.243814229965209961e-01 -4.060527384281158447e-01 6.538423895835876465e-02
6.258871555328369141e-01 -4.060443341732025146e-01 6.538423895835876465e-02
6.271690726280212402e-01 -4.058042764663696289e-01 6.538423895835876465e-02
6.281182169914245605e-01 -4.052245020866394043e-01 6.538423150777816772e-02
6.287015080451965332e-01 -4.042723476886749268e-01 6.538423150777816772e-02
6.289885640144348145e-01 -4.030154645442962646e-01 6.538423150777816772e-02
6.290560364723205566e-01 -4.015285074710845947e-01 6.538423150777816772e-02
6.289805173873901367e-01 -3.998862504959106445e-01 6.538423150777816772e-02
6.288386583328247070e-01 -3.981634080410003662e-01 6.538423150777816772e-02
6.287070512771606445e-01 -3.964346945285797119e-01 6.538423150777816772e-02
6.286604404449462891e-01 -3.947733044624328613e-01 6.538423150777816772e-02
6.287229061126708984e-01 -3.932091891765594482e-01 6.538423150777816772e-02
6.288630962371826172e-01 -3.917252421379089355e-01 6.538423150777816772e-02
6.290469169616699219e-01 -3.903017938137054443e-01 6.538423150777816772e-02
6.292401552200317383e-01 -3.889192938804626465e-01 6.538423150777816772e-02
6.294085979461669922e-01 -3.875581622123718262e-01 6.538423150777816772e-02
6.295182108879089355e-01 -3.861987590789794922e-01 6.538423150777816772e-02
6.295359730720520020e-01 -3.848222494125366211e-01 6.538423150777816772e-02
6.294549107551574707e-01 -3.834220468997955322e-01 6.538423150777816772e-02
6.292906403541564941e-01 -3.820028901100158691e-01 6.538423150777816772e-02
6.290597915649414062e-01 -3.805698454380035400e-01 6.538423150777816772e-02
6.287789344787597656e-01 -3.791279792785644531e-01 6.538423150777816772e-02
6.284646391868591309e-01 -3.776824176311492920e-01 6.538423150777816772e-02
6.281334161758422852e-01 -3.762382268905639648e-01 6.538423150777816772e-02
6.278016567230224609e-01 -3.748001158237457275e-01 6.538423150777816772e-02
6.274828910827636719e-01 -3.733690083026885986e-01 6.538423150777816772e-02
6.271885633468627930e-01 -3.719427585601806641e-01 6.538423150777816772e-02
6.269299983978271484e-01 -3.705191612243652344e-01 6.538423150777816772e-02
6.267186999320983887e-01 -3.690960705280303955e-01 6.538423150777816772e-02
6.265659332275390625e-01 -3.676713109016418457e-01 6.538423150777816772e-02
6.264831423759460449e-01 -3.662427365779876709e-01 6.538423150777816772e-02
6.264794468879699707e-01 -3.648085594177246094e-01 6.538424640893936157e-02
6.265434622764587402e-01 -3.633688986301422119e-01 6.538424640893936157e-02
6.266504526138305664e-01 -3.619258105754852295e-01 6.538424640893936157e-02
6.267758607864379883e-01 -3.604812324047088623e-01 6.538424640893936157e-02
6.268955469131469727e-01 -3.590367734432220459e-01 6.538422405719757080e-02
6.269917488098144531e-01 -3.575943708419799805e-01 6.538422405719757080e-02
6.270730495452880859e-01 -3.561531901359558105e-01 6.538422405719757080e-02
6.271523237228393555e-01 -3.547122478485107422e-01 6.538422405719757080e-02
6.272424459457397461e-01 -3.532705903053283691e-01 6.538422405719757080e-02
6.273556947708129883e-01 -3.518275320529937744e-01 6.538423150777816772e-02
6.274859309196472168e-01 -3.503831028938293457e-01 6.538423150777816772e-02
6.276073455810546875e-01 -3.489392399787902832e-01 6.538423150777816772e-02
6.276929378509521484e-01 -3.474977612495422363e-01 6.538423150777816772e-02
6.277158260345458984e-01 -3.460604846477508545e-01 6.538423150777816772e-02
6.276527643203735352e-01 -3.446289896965026855e-01 6.538423895835876465e-02
6.275069713592529297e-01 -3.432027101516723633e-01 6.538423895835876465e-02
6.272903084754943848e-01 -3.417804837226867676e-01 6.538423895835876465e-02
6.270151734352111816e-01 -3.403611183166503906e-01 6.538423895835876465e-02
6.266939043998718262e-01 -3.389433920383453369e-01 6.538423895835876465e-02
6.263388395309448242e-01 -3.375260829925537109e-01 6.538423895835876465e-02
6.259621977806091309e-01 -3.361080288887023926e-01 6.538423895835876465e-02
6.255775094032287598e-01 -3.346881568431854248e-01 6.538422405719757080e-02
6.252025365829467773e-01 -3.332668244838714600e-01 6.538422405719757080e-02
6.248569488525390625e-01 -3.318445682525634766e-01 6.538422405719757080e-02
6.245601177215576172e-01 -3.304219245910644531e-01 6.538422405719757080e-02
6.243316531181335449e-01 -3.289995193481445312e-01 6.538422405719757080e-02
6.241909861564636230e-01 -3.275779187679290771e-01 6.538422405719757080e-02
6.241578459739685059e-01 -3.261576592922210693e-01 6.538423150777816772e-02
6.242445707321166992e-01 -3.247393071651458740e-01 6.538423150777816772e-02
6.244370341300964355e-01 -3.233228027820587158e-01 6.538423150777816772e-02
6.247143745422363281e-01 -3.219080567359924316e-01 6.538423150777816772e-02
6.250557303428649902e-01 -3.204949796199798584e-01 6.538423150777816772e-02
6.254402399063110352e-01 -3.190834224224090576e-01 6.538423150777816772e-02
6.258470416069030762e-01 -3.176732957363128662e-01 6.538423150777816772e-02
6.262551546096801758e-01 -3.162645697593688965e-01 6.538423150777816772e-02
6.266471743583679199e-01 -3.148567378520965576e-01 6.538423150777816772e-02
6.270154714584350586e-01 -3.134489059448242188e-01 6.538423150777816772e-02
6.273546218872070312e-01 -3.120398521423339844e-01 6.538423150777816772e-02
6.276590824127197266e-01 -3.106284141540527344e-01 6.538423150777816772e-02
6.279233098030090332e-01 -3.092133998870849609e-01 6.538423150777816772e-02
6.281419396400451660e-01 -3.077937066555023193e-01 6.538423150777816772e-02
6.283093690872192383e-01 -3.063681423664093018e-01 6.538422405719757080e-02
6.284248232841491699e-01 -3.049360811710357666e-01 6.538422405719757080e-02
6.284992694854736328e-01 -3.034983277320861816e-01 6.538422405719757080e-02
6.285455226898193359e-01 -3.020559549331665039e-01 6.538422405719757080e-02
6.285763382911682129e-01 -3.006099760532379150e-01 6.538422405719757080e-02
6.286044716835021973e-01 -2.991614341735839844e-01 6.538422405719757080e-02
6.286427378654479980e-01 -2.977113425731658936e-01 6.538422405719757080e-02
6.287038326263427734e-01 -2.962607741355895996e-01 6.538422405719757080e-02
6.287917494773864746e-01 -2.948106527328491211e-01 6.538422405719757080e-02
6.288931965827941895e-01 -2.933617830276489258e-01 6.538422405719757080e-02
6.289925575256347656e-01 -2.919149398803710938e-01 6.538422405719757080e-02
6.290743350982666016e-01 -2.904709577560424805e-01 6.538422405719757080e-02
6.291230320930480957e-01 -2.890305519104003906e-01 6.538422405719757080e-02
6.291230916976928711e-01 -2.875945270061492920e-01 6.538422405719757080e-02
6.290590167045593262e-01 -2.861636281013488770e-01 6.538423895835876465e-02
6.289238929748535156e-01 -2.847380936145782471e-01 6.538423895835876465e-02
6.287236213684082031e-01 -2.833170294761657715e-01 6.538423895835876465e-02
6.284655928611755371e-01 -2.818994522094726562e-01 6.538423895835876465e-02
6.281571388244628906e-01 -2.804844677448272705e-01 6.538423895835876465e-02
6.278055906295776367e-01 -2.790710926055908203e-01 6.538423895835876465e-02
6.274183392524719238e-01 -2.776583731174468994e-01 6.538423895835876465e-02
6.270028948783874512e-01 -2.762453854084014893e-01 6.538417935371398926e-02
6.265752911567687988e-01 -2.748315036296844482e-01 6.538417935371398926e-02
6.261628270149230957e-01 -2.734164595603942871e-01 6.538417935371398926e-02
6.257935166358947754e-01 -2.720000743865966797e-01 6.538417935371398926e-02
6.254955530166625977e-01 -2.705821394920349121e-01 6.538417935371398926e-02
6.252968907356262207e-01 -2.691624462604522705e-01 6.538417935371398926e-02
6.252256631851196289e-01 -2.677407562732696533e-01 6.538417935371398926e-02
6.253079175949096680e-01 -2.663165330886840820e-01 6.538426131010055542e-02
6.255340576171875000e-01 -2.648924291133880615e-01 6.538426131010055542e-02
6.258516907691955566e-01 -2.634719908237457275e-01 6.538426131010055542e-02
6.262072920799255371e-01 -2.620592713356018066e-01 6.538426131010055542e-02
6.265470981597900391e-01 -2.606582939624786377e-01 6.538426131010055542e-02
6.268248558044433594e-01 -2.592715620994567871e-01 6.538433581590652466e-02
6.270681619644165039e-01 -2.578858733177185059e-01 6.538434326648712158e-02
6.273210644721984863e-01 -2.564845681190490723e-01 6.538434326648712158e-02
6.276304125785827637e-01 -2.550503611564636230e-01 6.538434326648712158e-02
6.280448436737060547e-01 -2.535648047924041748e-01 6.538425385951995850e-02
6.285511255264282227e-01 -2.520388364791870117e-01 6.538425385951995850e-02
6.290308237075805664e-01 -2.505300939083099365e-01 6.538425385951995850e-02
6.293497681617736816e-01 -2.491035312414169312e-01 6.538425385951995850e-02
6.293740868568420410e-01 -2.478242516517639160e-01 6.538425385951995850e-02
6.289802789688110352e-01 -2.467539310455322266e-01 6.538425385951995850e-02
6.281629800796508789e-01 -2.458892017602920532e-01 6.538425385951995850e-02
6.270105838775634766e-01 -2.451853156089782715e-01 6.538425385951995850e-02
6.256119608879089355e-01 -2.445954531431198120e-01 6.538425385951995850e-02
6.240559220314025879e-01 -2.440727353096008301e-01 6.538425385951995850e-02
6.224313378334045410e-01 -2.435703426599502563e-01 6.538425385951995850e-02
6.208270788192749023e-01 -2.430413812398910522e-01 6.538425385951995850e-02
6.193247437477111816e-01 -2.424436658620834351e-01 6.538423150777816772e-02
6.179380416870117188e-01 -2.417787611484527588e-01 6.538423150777816772e-02
6.166381239891052246e-01 -2.410756051540374756e-01 6.538423150777816772e-02
6.153960824012756348e-01 -2.403631657361984253e-01 6.538423150777816772e-02
6.141828894615173340e-01 -2.396703958511352539e-01 6.538423150777816772e-02
6.129697561264038086e-01 -2.390262782573699951e-01 6.538423150777816772e-02
6.117277145385742188e-01 -2.384597808122634888e-01 6.538423150777816772e-02
6.104316115379333496e-01 -2.379958331584930420e-01 6.538421660661697388e-02
6.090795397758483887e-01 -2.376246005296707153e-01 6.538421660661697388e-02
6.076834201812744141e-01 -2.373206913471221924e-01 6.538421660661697388e-02
6.062546968460083008e-01 -2.370583713054656982e-01 6.538421660661697388e-02
6.048046350479125977e-01 -2.368118911981582642e-01 6.538421660661697388e-02
6.033446192741394043e-01 -2.365555018186569214e-01 6.538421660661697388e-02
6.018860936164855957e-01 -2.362634688615798950e-01 6.538421660661697388e-02
6.004391312599182129e-01 -2.359157651662826538e-01 6.538419425487518311e-02
5.990056395530700684e-01 -2.355293333530426025e-01 6.538419425487518311e-02
5.975844264030456543e-01 -2.351346909999847412e-01 6.538419425487518311e-02
5.961743593215942383e-01 -2.347625792026519775e-01 6.538419425487518311e-02
5.947741270065307617e-01 -2.344437092542648315e-01 6.538419425487518311e-02
5.933826565742492676e-01 -2.342088073492050171e-01 6.538419425487518311e-02
5.919986367225646973e-01 -2.340885996818542480e-01 6.538419425487518311e-02
5.906214118003845215e-01 -2.341074049472808838e-01 6.538420915603637695e-02
5.892446041107177734e-01 -2.342609614133834839e-01 6.538420915603637695e-02
5.878640413284301758e-01 -2.345347702503204346e-01 6.538420915603637695e-02
5.864744782447814941e-01 -2.349147200584411621e-01 6.538420915603637695e-02
5.850706696510314941e-01 -2.353866547346115112e-01 6.538420915603637695e-02
5.836475491523742676e-01 -2.359364777803421021e-01 6.538420915603637695e-02
5.821986198425292969e-01 -2.365501672029495239e-01 6.538423150777816772e-02
5.807255506515502930e-01 -2.372059971094131470e-01 6.538423150777816772e-02
5.792434811592102051e-01 -2.378538697957992554e-01 6.538423150777816772e-02
5.777729749679565430e-01 -2.384365648031234741e-01 6.538423150777816772e-02
5.778677463531494141e-01 -2.384107708930969238e-01 6.538423150777816772e-02
5.784434080123901367e-01 -2.382498681545257568e-01 6.538423150777816772e-02
5.797506570816040039e-01 -2.378705739974975586e-01 6.538423150777816772e-02
5.818107724189758301e-01 -2.372411638498306274e-01 6.538423150777816772e-02
5.844396352767944336e-01 -2.363761663436889648e-01 6.538423150777816772e-02
5.872713923454284668e-01 -2.353309690952301025e-01 6.538423150777816772e-02
5.898666381835937500e-01 -2.342042475938796997e-01 6.538423150777816772e-02
5.920528769493103027e-01 -2.331422269344329834e-01 6.538423150777816772e-02
5.937914848327636719e-01 -2.322881966829299927e-01 6.538423150777816772e-02
5.951027870178222656e-01 -2.317721545696258545e-01 6.538423150777816772e-02
5.960593223571777344e-01 -2.317123115062713623e-01 6.538423150777816772e-02
5.967794656753540039e-01 -2.322166264057159424e-01 6.538423150777816772e-02
5.973979234695434570e-01 -2.333319485187530518e-01 6.538423150777816772e-02
5.979787111282348633e-01 -2.348883748054504395e-01 6.538423150777816772e-02
5.985571742057800293e-01 -2.366635054349899292e-01 6.538423150777816772e-02
5.991607308387756348e-01 -2.384366542100906372e-01 6.538423150777816772e-02
5.997997522354125977e-01 -2.400430738925933838e-01 6.538423150777816772e-02
6.004390120506286621e-01 -2.415402680635452271e-01 6.538423150777816772e-02
6.010342240333557129e-01 -2.430417388677597046e-01 6.538423150777816772e-02
6.015431284904479980e-01 -2.446605414152145386e-01 6.538423150777816772e-02
6.019561290740966797e-01 -2.464529722929000854e-01 6.538423150777816772e-02
6.023904085159301758e-01 -2.482446581125259399e-01 6.538423150777816772e-02
6.029949784278869629e-01 -2.498023808002471924e-01 6.538423150777816772e-02
6.039182543754577637e-01 -2.508930563926696777e-01 6.538423150777816772e-02
6.052594184875488281e-01 -2.513560950756072998e-01 6.538423150777816772e-02
6.069172024726867676e-01 -2.513287961483001709e-01 6.538423150777816772e-02
6.087387800216674805e-01 -2.510248124599456787e-01 6.538423150777816772e-02
6.105718016624450684e-01 -2.506578266620635986e-01 6.538423150777816772e-02
6.122983098030090332e-01 -2.504044473171234131e-01 6.538423150777816772e-02
6.139429807662963867e-01 -2.502885460853576660e-01 6.538423150777816772e-02
6.155671477317810059e-01 -2.502944767475128174e-01 6.538423150777816772e-02
6.172322034835815430e-01 -2.504066824913024902e-01 6.538423150777816772e-02
6.189746260643005371e-01 -2.505877614021301270e-01 6.538423150777816772e-02
6.207281351089477539e-01 -2.507098913192749023e-01 6.538423150777816772e-02
6.223996877670288086e-01 -2.506217956542968750e-01 6.538423150777816772e-02
6.238962411880493164e-01 -2.501721978187561035e-01 6.538423150777816772e-02
6.251534223556518555e-01 -2.492601126432418823e-01 6.538423150777816772e-02
6.262252926826477051e-01 -2.479939758777618408e-01 6.538423150777816772e-02
6.271971464157104492e-01 -2.465367764234542847e-01 6.538423150777816772e-02
6.281539797782897949e-01 -2.450515329837799072e-01 6.538423150777816772e-02
6.291639208793640137e-01 -2.436684072017669678e-01 6.538423150777816772e-02
6.302236318588256836e-01 -2.423803210258483887e-01 6.538423150777816772e-02
6.301792860031127930e-01 -2.423714995384216309e-01 6.538423150777816772e-02
6.298995018005371094e-01 -2.423166036605834961e-01 6.538423150777816772e-02
6.292307376861572266e-01 -2.421877086162567139e-01 6.538423150777816772e-02
6.281032562255859375e-01 -2.419754564762115479e-01 6.538423150777816772e-02
6.265245676040649414e-01 -2.416876554489135742e-01 6.538423150777816772e-02
6.245733499526977539e-01 -2.413479238748550415e-01 6.538423150777816772e-02
6.223932504653930664e-01 -2.409942448139190674e-01 6.538423150777816772e-02
6.201865673065185547e-01 -2.406776398420333862e-01 6.538423150777816772e-02
6.181576848030090332e-01 -2.404417544603347778e-01 6.538423150777816772e-02
6.163747310638427734e-01 -2.402757704257965088e-01 6.538423150777816772e-02
6.148560047149658203e-01 -2.401530593633651733e-01 6.538423150777816772e-02
6.135974526405334473e-01 -2.400420457124710083e-01 6.538423150777816772e-02
6.125746369361877441e-01 -2.399065792560577393e-01 6.538423150777816772e-02
6.117439270019531250e-01 -2.397063374519348145e-01 6.538423150777816772e-02
6.110446453094482422e-01 -2.393971383571624756e-01 6.538423150777816772e-02
6.104004383087158203e-01 -2.389314323663711548e-01 6.538423150777816772e-02
6.097425222396850586e-01 -2.382796704769134521e-01 6.538423150777816772e-02
6.090499162673950195e-01 -2.374629527330398560e-01 6.538423150777816772e-02
6.083149313926696777e-01 -2.365113943815231323e-01 6.538423150777816772e-02
6.075358390808105469e-01 -2.354564219713211060e-01 6.538423150777816772e-02
6.067162752151489258e-01 -2.343306541442871094e-01 6.538423150777816772e-02
6.058651208877563477e-01 -2.331678569316864014e-01 6.538423150777816772e-02
6.049956679344177246e-01 -2.320027798414230347e-01 6.538423150777816772e-02
6.041254401206970215e-01 -2.308710068464279175e-01 6.538423150777816772e-02
6.032699942588806152e-01 -2.297939658164978027e-01 6.538423150777816772e-02
6.024354696273803711e-01 -2.287643551826477051e-01 6.538423150777816772e-02
6.016250848770141602e-01 -2.277711480855941772e-01 6.538423150777816772e-02
6.008406877517700195e-01 -2.268030047416687012e-01 6.538423150777816772e-02
6.000823974609375000e-01 -2.258482575416564941e-01 6.538423150777816772e-02
5.993492603302001953e-01 -2.248949259519577026e-01 6.538423150777816772e-02
5.986389517784118652e-01 -2.239307612180709839e-01 6.538423150777816772e-02
5.979480147361755371e-01 -2.229433953762054443e-01 6.538423150777816772e-02
5.972736477851867676e-01 -2.219255715608596802e-01 6.538423150777816772e-02
5.966148972511291504e-01 -2.208784073591232300e-01 6.538423150777816772e-02
5.959713459014892578e-01 -2.198037952184677124e-01 6.538423150777816772e-02
5.953432321548461914e-01 -2.187037169933319092e-01 6.538423150777816772e-02
5.947309136390686035e-01 -2.175802439451217651e-01 6.538423150777816772e-02
5.941353440284729004e-01 -2.164355516433715820e-01 6.538423150777816772e-02
5.935575962066650391e-01 -2.152718752622604370e-01 6.538423150777816772e-02
5.929989814758300781e-01 -2.140916138887405396e-01 6.538423150777816772e-02
5.924543142318725586e-01 -2.129022032022476196e-01 6.538423150777816772e-02
5.919099450111389160e-01 -2.117171138525009155e-01 6.538423150777816772e-02
5.913517475128173828e-01 -2.105502039194107056e-01 6.538423150777816772e-02
5.907654166221618652e-01 -2.094153314828872681e-01 6.538423150777816772e-02
5.901364684104919434e-01 -2.083262652158737183e-01 6.538423150777816772e-02
5.894504189491271973e-01 -2.072968333959579468e-01 6.538423150777816772e-02
5.886927247047424316e-01 -2.063407599925994873e-01 6.538423150777816772e-02
5.878493189811706543e-01 -2.054711282253265381e-01 6.538423150777816772e-02
5.869209766387939453e-01 -2.046845257282257080e-01 6.538423150777816772e-02
5.859233140945434570e-01 -2.039611786603927612e-01 6.538423150777816772e-02
5.848727822303771973e-01 -2.032805979251861572e-01 6.538423150777816772e-02
5.837857127189636230e-01 -2.026223093271255493e-01 6.538423150777816772e-02
5.826784372329711914e-01 -2.019658237695693970e-01 6.538423150777816772e-02
5.815674662590026855e-01 -2.012906968593597412e-01 6.538423150777816772e-02
5.804692506790161133e-01 -2.005764394998550415e-01 6.538423150777816772e-02
5.793992877006530762e-01 -1.998042911291122437e-01 6.538423150777816772e-02
5.783587098121643066e-01 -1.989828497171401978e-01 6.538423150777816772e-02
5.773369669914245605e-01 -1.981426179409027100e-01 6.538423150777816772e-02
5.763232111930847168e-01 -1.973147690296173096e-01 6.538423150777816772e-02
5.753064751625061035e-01 -1.965304315090179443e-01 6.538423150777816772e-02
5.742759108543395996e-01 -1.958207786083221436e-01 6.538423150777816772e-02
5.732206106185913086e-01 -1.952169388532638550e-01 6.538423150777816772e-02
5.721296668052673340e-01 -1.947500705718994141e-01 6.538423150777816772e-02
5.709930062294006348e-01 -1.944486647844314575e-01 6.538423150777816772e-02
5.698108077049255371e-01 -1.943103671073913574e-01 6.538423150777816772e-02
5.685899257659912109e-01 -1.943129301071166992e-01 6.538423150777816772e-02
5.673371553421020508e-01 -1.944337785243988037e-01 6.538423150777816772e-02
5.660595297813415527e-01 -1.946503221988677979e-01 6.538423150777816772e-02
5.647637844085693359e-01 -1.949400007724761963e-01 6.538423150777816772e-02
5.634569525718688965e-01 -1.952802091836929321e-01 6.538423150777816772e-02
5.621458292007446289e-01 -1.956484019756317139e-01 6.538423150777816772e-02
5.608371496200561523e-01 -1.960219889879226685e-01 6.538423150777816772e-02
5.595355629920959473e-01 -1.963785290718078613e-01 6.538423150777816772e-02
5.582446455955505371e-01 -1.966956406831741333e-01 6.538423150777816772e-02
5.569679141044616699e-01 -1.969509422779083252e-01 6.538423150777816772e-02
5.557089447975158691e-01 -1.971220523118972778e-01 6.538423150777816772e-02
5.544713735580444336e-01 -1.971865743398666382e-01 6.538423150777816772e-02
5.532587170600891113e-01 -1.971221119165420532e-01 6.538423150777816772e-02
5.520745515823364258e-01 -1.969063133001327515e-01 6.538423150777816772e-02
5.509213209152221680e-01 -1.965232044458389282e-01 6.538423150777816772e-02
5.497936606407165527e-01 -1.959996372461318970e-01 6.538423150777816772e-02
5.486830472946166992e-01 -1.953799128532409668e-01 6.538423150777816772e-02
5.475810766220092773e-01 -1.947083771228790283e-01 6.538423150777816772e-02
5.464791655540466309e-01 -1.940293610095977783e-01 6.538423150777816772e-02
5.453692674636840820e-01 -1.933854073286056519e-01 6.538423150777816772e-02
5.442503690719604492e-01 -1.927859932184219360e-01 6.538423150777816772e-02
5.431275963783264160e-01 -1.922120749950408936e-01 6.538423150777816772e-02
5.420063734054565430e-01 -1.916436553001403809e-01 6.538423150777816772e-02
5.408918857574462891e-01 -1.910607665777206421e-01 6.538423150777816772e-02
5.397895574569702148e-01 -1.904436051845550537e-01 6.538423150777816772e-02
5.386984944343566895e-01 -1.897909194231033325e-01 6.538423150777816772e-02
5.376070737838745117e-01 -1.891348212957382202e-01 6.538423150777816772e-02
5.365023016929626465e-01 -1.885109394788742065e-01 6.538423150777816772e-02
5.353713035583496094e-01 -1.879548728466033936e-01 6.538423150777816772e-02
5.342013239860534668e-01 -1.875022351741790771e-01 6.538423150777816772e-02
5.329843163490295410e-01 -1.871778666973114014e-01 6.538423150777816772e-02
5.317320227622985840e-01 -1.869635432958602905e-01 6.538423150777816772e-02
5.304611921310424805e-01 -1.868302822113037109e-01 6.538423150777816772e-02
5.291885137557983398e-01 -1.867491155862808228e-01 6.538423150777816772e-02
5.279306769371032715e-01 -1.866910457611083984e-01 6.538423150777816772e-02
5.267018079757690430e-01 -1.866280734539031982e-01 6.538423150777816772e-02
5.254912972450256348e-01 -1.865417212247848511e-01 6.538423150777816772e-02
5.242748856544494629e-01 -1.864188164472579956e-01 6.538423150777816772e-02
5.230281352996826172e-01 -1.862462013959884644e-01 6.538423150777816772e-02
5.217266678810119629e-01 -1.860107630491256714e-01 6.538423150777816772e-02
5.203476548194885254e-01 -1.857007145881652832e-01 6.538423150777816772e-02
5.189148187637329102e-01 -1.853463500738143921e-01 6.538423150777816772e-02
5.175063014030456543e-01 -1.850264668464660645e-01 6.538423150777816772e-02
5.174894928932189941e-01 -1.850331127643585205e-01 6.538423150777816772e-02
5.173801779747009277e-01 -1.850763410329818726e-01 6.538423150777816772e-02
5.171087980270385742e-01 -1.851838827133178711e-01 6.538423150777816772e-02
5.166296362876892090e-01 -1.853742301464080811e-01 6.538423150777816772e-02
5.159195065498352051e-01 -1.856571435928344727e-01 6.538423150777816772e-02
5.149765610694885254e-01 -1.860341429710388184e-01 6.538423150777816772e-02
5.149738788604736328e-01 -1.860867142677307129e-01 6.538423150777816772e-02
5.149570107460021973e-01 -1.864096075296401978e-01 6.538423150777816772e-02
5.149173736572265625e-01 -1.871540546417236328e-01 6.538423150777816772e-02
5.148519277572631836e-01 -1.883515417575836182e-01 6.538423150777816772e-02
5.147625207901000977e-01 -1.899248957633972168e-01 6.538423150777816772e-02
5.146555900573730469e-01 -1.916994452476501465e-01 6.538423150777816772e-02
5.145416259765625000e-01 -1.934184581041336060e-01 6.538423150777816772e-02
5.144319534301757812e-01 -1.948975920677185059e-01 6.538423150777816772e-02
5.143353343009948730e-01 -1.961160749197006226e-01 6.538423150777816772e-02
5.142589807510375977e-01 -1.970952153205871582e-01 6.538423150777816772e-02
5.142086744308471680e-01 -1.978872269392013550e-01 6.538423150777816772e-02
5.141888260841369629e-01 -1.985722333192825317e-01 6.538423150777816772e-02
5.142027139663696289e-01 -1.992552578449249268e-01 6.538423150777816772e-02
5.142490863800048828e-01 -2.000457793474197388e-01 6.538423150777816772e-02
5.143052339553833008e-01 -2.009629309177398682e-01 6.538423150777816772e-02
5.143412947654724121e-01 -2.019828557968139648e-01 6.538423150777816772e-02
5.143276453018188477e-01 -2.030725777149200439e-01 6.538423150777816772e-02
5.142353773117065430e-01 -2.041908651590347290e-01 6.538423150777816772e-02
5.140355229377746582e-01 -2.052889615297317505e-01 6.538423150777816772e-02
5.137000679969787598e-01 -2.063116580247879028e-01 6.538423150777816772e-02
5.132187604904174805e-01 -2.072224020957946777e-01 6.538423150777816772e-02
5.126105546951293945e-01 -2.080242335796356201e-01 6.538423150777816772e-02
5.118967890739440918e-01 -2.087281793355941772e-01 6.538423150777816772e-02
5.110985040664672852e-01 -2.093495577573776245e-01 6.538423150777816772e-02
5.102367401123046875e-01 -2.099077850580215454e-01 6.538423150777816772e-02
5.093322396278381348e-01 -2.104260176420211792e-01 6.538423150777816772e-02
5.084056258201599121e-01 -2.109310030937194824e-01 6.538423150777816772e-02
5.074772834777832031e-01 -2.114527076482772827e-01 6.538423150777816772e-02
5.065675377845764160e-01 -2.120241820812225342e-01 6.538423150777816772e-02
5.056961178779602051e-01 -2.126799970865249634e-01 6.538423150777816772e-02
5.048686861991882324e-01 -2.134249210357666016e-01 6.538423150777816772e-02
5.040762424468994141e-01 -2.142294049263000488e-01 6.538423150777816772e-02
5.033089518547058105e-01 -2.150609940290451050e-01 6.538423150777816772e-02
5.025572180747985840e-01 -2.158861905336380005e-01 6.538423150777816772e-02
5.018113255500793457e-01 -2.166704088449478149e-01 6.538423150777816772e-02
5.010617375373840332e-01 -2.173781692981719971e-01 6.538423150777816772e-02
5.002987980842590332e-01 -2.179730385541915894e-01 6.538423150777816772e-02
4.995130896568298340e-01 -2.184178084135055542e-01 6.538423150777816772e-02
4.986950457096099854e-01 -2.186745405197143555e-01 6.538423150777816772e-02
4.978360235691070557e-01 -2.187081277370452881e-01 6.538423150777816772e-02
4.969378709793090820e-01 -2.185299694538116455e-01 6.538423150777816772e-02
4.960099756717681885e-01 -2.181848436594009399e-01 6.538423150777816772e-02
4.950618147850036621e-01 -2.177184075117111206e-01 6.538423150777816772e-02
4.941028356552124023e-01 -2.171764671802520752e-01 6.538423150777816772e-02
4.931425750255584717e-01 -2.166049331426620483e-01 6.538423150777816772e-02
4.921904504299163818e-01 -2.160498797893524170e-01 6.538423150777816772e-02
4.912528395652770996e-01 -2.155463546514511108e-01 6.538423150777816772e-02
4.903257191181182861e-01 -2.150934189558029175e-01 6.538423150777816772e-02
4.894030392169952393e-01 -2.146827429533004761e-01 6.538423150777816772e-02
4.884787797927856445e-01 -2.143059223890304565e-01 6.538423150777816772e-02
4.875468909740447998e-01 -2.139545828104019165e-01 6.538423150777816772e-02
4.866012930870056152e-01 -2.136202752590179443e-01 6.538423150777816772e-02
4.856363832950592041e-01 -2.132944017648696899e-01 6.538423150777816772e-02
4.846566617488861084e-01 -2.129665166139602661e-01 6.538423150777816772e-02
4.836764335632324219e-01 -2.126242071390151978e-01 6.538423150777816772e-02
4.827103912830352783e-01 -2.122550457715988159e-01 6.538423150777816772e-02
4.817733168601989746e-01 -2.118466198444366455e-01 6.538423150777816772e-02
4.808798730373382568e-01 -2.113865017890930176e-01 6.538423150777816772e-02
4.800448119640350342e-01 -2.108622789382934570e-01 6.538423150777816772e-02
4.792797267436981201e-01 -2.102641463279724121e-01 6.538423150777816772e-02
4.785813689231872559e-01 -2.095943242311477661e-01 6.538423150777816772e-02
4.779422283172607422e-01 -2.088586241006851196e-01 6.538423150777816772e-02
4.773546755313873291e-01 -2.080628424882888794e-01 6.538423150777816772e-02
4.768112301826477051e-01 -2.072127461433410645e-01 6.538423150777816772e-02
4.763042330741882324e-01 -2.063141465187072754e-01 6.538423150777816772e-02
4.758262038230895996e-01 -2.053728103637695312e-01 6.538423150777816772e-02
4.753695130348205566e-01 -2.043944895267486572e-01 6.538423150777816772e-02
4.749266505241394043e-01 -2.033849805593490601e-01 6.538423150777816772e-02
4.744900166988372803e-01 -2.023500502109527588e-01 6.538423150777816772e-02
4.740521609783172607e-01 -2.012981921434402466e-01 6.538423150777816772e-02
4.736057817935943604e-01 -2.002460658550262451e-01 6.538423150777816772e-02
4.731436371803283691e-01 -1.992118060588836670e-01 6.538423150777816772e-02
4.726584851741790771e-01 -1.982135176658630371e-01 6.538423150777816772e-02
4.721431136131286621e-01 -1.972693353891372681e-01 6.538423150777816772e-02
4.715902805328369141e-01 -1.963973790407180786e-01 6.538423150777816772e-02
4.709927439689636230e-01 -1.956157982349395752e-01 6.538423150777816772e-02
4.703432619571685791e-01 -1.949427127838134766e-01 6.538423150777816772e-02
4.696346223354339600e-01 -1.943962574005126953e-01 6.538423150777816772e-02
4.688595831394195557e-01 -1.939944624900817871e-01 6.538423150777816772e-02
4.680160880088806152e-01 -1.937438398599624634e-01 6.538423150777816772e-02
4.671114981174468994e-01 -1.936292201280593872e-01 6.538423150777816772e-02
4.661543965339660645e-01 -1.936330199241638184e-01 6.538423150777816772e-02
4.651532173156738281e-01 -1.937377005815505981e-01 6.538423150777816772e-02
4.641164541244506836e-01 -1.939256638288497925e-01 6.538423150777816772e-02
4.630526304244995117e-01 -1.941793560981750488e-01 6.538423150777816772e-02
4.619702100753784180e-01 -1.944811940193176270e-01 6.538423150777816772e-02
4.608776867389678955e-01 -1.948135942220687866e-01 6.538423150777816772e-02
4.597835838794708252e-01 -1.951590180397033691e-01 6.538423150777816772e-02
4.586962759494781494e-01 -1.954999715089797974e-01 6.538423150777816772e-02
4.576210975646972656e-01 -1.958228498697280884e-01 6.538423150777816772e-02
4.565595686435699463e-01 -1.961188018321990967e-01 6.538423150777816772e-02
4.555130004882812500e-01 -1.963792741298675537e-01 6.538423150777816772e-02
4.544826149940490723e-01 -1.965956836938858032e-01 6.538423150777816772e-02
4.534696936607360840e-01 -1.967594921588897705e-01 6.538423150777816772e-02
4.524755775928497314e-01 -1.968621313571929932e-01 6.538423150777816772e-02
4.515015184879302979e-01 -1.968950480222702026e-01 6.538423150777816772e-02
4.505487978458404541e-01 -1.968496590852737427e-01 6.538423150777816772e-02
4.496186673641204834e-01 -1.967174410820007324e-01 6.538423150777816772e-02
4.487121701240539551e-01 -1.964905709028244019e-01 6.538423150777816772e-02
4.478256106376647949e-01 -1.961740851402282715e-01 6.538423150777816772e-02
4.469515979290008545e-01 -1.957834810018539429e-01 6.538423150777816772e-02
4.460825622081756592e-01 -1.953345239162445068e-01 6.538423150777816772e-02
4.452109038829803467e-01 -1.948430538177490234e-01 6.538423150777816772e-02
4.443290829658508301e-01 -1.943248212337493896e-01 6.538423150777816772e-02
4.434295594692230225e-01 -1.937956660985946655e-01 6.538423150777816772e-02
4.425047636032104492e-01 -1.932713687419891357e-01 6.538423150777816772e-02
4.415471255779266357e-01 -1.927677094936370850e-01 6.538423150777816772e-02
4.405490756034851074e-01 -1.923005282878875732e-01 6.538423150777816772e-02
4.395050704479217529e-01 -1.918833106756210327e-01 6.538423150777816772e-02
4.384280145168304443e-01 -1.915087848901748657e-01 6.538423150777816772e-02
4.373407065868377686e-01 -1.911584287881851196e-01 6.538423150777816772e-02
4.362660348415374756e-01 -1.908136159181594849e-01 6.538423150777816772e-02
4.352269172668457031e-01 -1.904557645320892334e-01 6.538423150777816772e-02
4.342462420463562012e-01 -1.900662183761596680e-01 6.538423150777816772e-02
4.333469271659851074e-01 -1.896263808012008667e-01 6.538423150777816772e-02
4.325518310070037842e-01 -1.891176253557205200e-01 6.538423150777816772e-02
4.318839311599731445e-01 -1.885213553905487061e-01 6.538423150777816772e-02
4.313660562038421631e-01 -1.878189295530319214e-01 6.538423150777816772e-02
4.310145974159240723e-01 -1.869968771934509277e-01 6.538423150777816772e-02
4.308096468448638916e-01 -1.860701590776443481e-01 6.538423150777816772e-02
4.307188093662261963e-01 -1.850635707378387451e-01 6.538423150777816772e-02
4.307096302509307861e-01 -1.840018779039382935e-01 6.538423150777816772e-02
4.307496845722198486e-01 -1.829099059104919434e-01 6.538423150777816772e-02
4.308065474033355713e-01 -1.818124204874038696e-01 6.538423150777816772e-02
4.308480322360992432e-01 -1.807340085506439209e-01 6.538423150777816772e-02
4.308544397354125977e-01 -1.796872168779373169e-01 6.538423150777816772e-02
4.308257699012756348e-01 -1.786656379699707031e-01 6.538423150777816772e-02
4.307637512683868408e-01 -1.776612401008605957e-01 6.538423150777816772e-02
4.306701421737670898e-01 -1.766659766435623169e-01 6.538423150777816772e-02
4.305466115474700928e-01 -1.756718456745147705e-01 6.538423150777816772e-02
4.303949475288391113e-01 -1.746708005666732788e-01 6.538423150777816772e-02
4.302185475826263428e-01 -1.736559718847274780e-01 6.538423150777816772e-02
4.300358295440673828e-01 -1.726300120353698730e-01 6.538423150777816772e-02
4.298722445964813232e-01 -1.716002076864242554e-01 6.538423150777816772e-02
4.297533035278320312e-01 -1.705739051103591919e-01 6.538423150777816772e-02
4.297046065330505371e-01 -1.695584356784820557e-01 6.538423150777816772e-02
4.297516644001007080e-01 -1.685611605644226074e-01 6.538423150777816772e-02
4.299199581146240234e-01 -1.675893366336822510e-01 6.538422405719757080e-02
4.302191734313964844e-01 -1.666464507579803467e-01 6.538422405719757080e-02
4.306244850158691406e-01 -1.657273620367050171e-01 6.538422405719757080e-02
4.311065673828125000e-01 -1.648258417844772339e-01 6.538422405719757080e-02
4.316360354423522949e-01 -1.639356166124343872e-01 6.538422405719757080e-02
4.321835339069366455e-01 -1.630504876375198364e-01 6.538422405719757080e-02
4.327196478843688965e-01 -1.621641963720321655e-01 6.538422405719757080e-02
4.332171976566314697e-01 -1.612709164619445801e-01 6.538423150777816772e-02
4.336751103401184082e-01 -1.603697240352630615e-01 6.538423150777816772e-02
4.341105222702026367e-01 -1.594631224870681763e-01 6.538423150777816772e-02
4.345408082008361816e-01 -1.585536450147628784e-01 6.538423150777816772e-02
4.349833726882934570e-01 -1.576438397169113159e-01 6.538423150777816772e-02
4.354555904865264893e-01 -1.567362844944000244e-01 6.538423150777816772e-02
4.359748363494873047e-01 -1.558334976434707642e-01 6.538423150777816772e-02
4.365463554859161377e-01 -1.549366563558578491e-01 6.538423150777816772e-02
4.371373057365417480e-01 -1.540426462888717651e-01 6.538423150777816772e-02
4.377074241638183594e-01 -1.531475037336349487e-01 6.538423150777816772e-02
4.382165670394897461e-01 -1.522472798824310303e-01 6.538423150777816772e-02
4.386245012283325195e-01 -1.513379961252212524e-01 6.538423150777816772e-02
4.388909935951232910e-01 -1.504157334566116333e-01 6.538423150777816772e-02
4.389775991439819336e-01 -1.494766771793365479e-01 6.538423150777816772e-02
4.388855099678039551e-01 -1.485207676887512207e-01 6.538423150777816772e-02
4.386524558067321777e-01 -1.475514024496078491e-01 6.538423150777816772e-02
4.383178651332855225e-01 -1.465720981359481812e-01 6.538423150777816772e-02
4.379210472106933594e-01 -1.455864310264587402e-01 6.538423150777816772e-02
4.375014305114746094e-01 -1.445979028940200806e-01 6.538423150777816772e-02
4.370983242988586426e-01 -1.436100602149963379e-01 6.538423150777816772e-02
4.367435872554779053e-01 -1.426258683204650879e-01 6.538422405719757080e-02
4.364334344863891602e-01 -1.416455954313278198e-01 6.538422405719757080e-02
4.361549019813537598e-01 -1.406687945127487183e-01 6.538422405719757080e-02
4.358948469161987305e-01 -1.396950036287307739e-01 6.538422405719757080e-02
4.356400966644287109e-01 -1.387237906455993652e-01 6.538422405719757080e-02
4.353774785995483398e-01 -1.377546936273574829e-01 6.538422405719757080e-02
4.350941181182861328e-01 -1.367872357368469238e-01 6.538423150777816772e-02
4.347880780696868896e-01 -1.358204334974288940e-01 6.538423150777816772e-02
4.344716966152191162e-01 -1.348526179790496826e-01 6.538423150777816772e-02
4.341582953929901123e-01 -1.338820457458496094e-01 6.538423150777816772e-02
4.338611364364624023e-01 -1.329070180654525757e-01 6.538423150777816772e-02
4.335935115814208984e-01 -1.319257915019989014e-01 6.538423150777816772e-02
4.333687722682952881e-01 -1.309366673231124878e-01 6.538423150777816772e-02
4.331977069377899170e-01 -1.299382895231246948e-01 6.538421660661697388e-02
4.330759942531585693e-01 -1.289316862821578979e-01 6.538421660661697388e-02
4.329927563667297363e-01 -1.279189139604568481e-01 6.538421660661697388e-02
4.329372048377990723e-01 -1.269019842147827148e-01 6.538421660661697388e-02
4.328985512256622314e-01 -1.258829385042190552e-01 6.538421660661697388e-02
4.328659772872924805e-01 -1.248638033866882324e-01 6.538421660661697388e-02
4.328286945819854736e-01 -1.238465532660484314e-01 6.538421660661697388e-02
4.327798485755920410e-01 -1.228322610259056091e-01 6.538421660661697388e-02
4.327193498611450195e-01 -1.218199953436851501e-01 6.538421660661697388e-02
4.326477944850921631e-01 -1.208086535334587097e-01 6.538421660661697388e-02
4.325658380985260010e-01 -1.197971627116203308e-01 6.538421660661697388e-02
4.324741661548614502e-01 -1.187844201922416687e-01 6.538421660661697388e-02
4.323734045028686523e-01 -1.177693456411361694e-01 6.538421660661697388e-02
4.322647154331207275e-01 -1.167510673403739929e-01 6.538423150777816772e-02
4.321536421775817871e-01 -1.157307177782058716e-01 6.538423150777816772e-02
4.320483207702636719e-01 -1.147106215357780457e-01 6.538423150777816772e-02
4.319570064544677734e-01 -1.136931031942367554e-01 6.538423150777816772e-02
4.318878650665283203e-01 -1.126804873347282410e-01 6.538423150777816772e-02
4.318490922451019287e-01 -1.116751059889793396e-01 6.538423150777816772e-02
4.318488240242004395e-01 -1.106792911887168884e-01 6.538423150777816772e-02
4.318929612636566162e-01 -1.096938550472259521e-01 6.538423150777816772e-02
4.319811463356018066e-01 -1.087158769369125366e-01 6.538423150777816772e-02
4.321120679378509521e-01 -1.077418327331542969e-01 6.538423150777816772e-02
4.322845041751861572e-01 -1.067681759595870972e-01 6.538423150777816772e-02
4.324971139430999756e-01 -1.057913973927497864e-01 6.538423150777816772e-02
4.327487051486968994e-01 -1.048079505562782288e-01 6.538423150777816772e-02
4.330379366874694824e-01 -1.038143113255500793e-01 6.538423150777816772e-02
4.333635568618774414e-01 -1.028069481253623962e-01 6.538423150777816772e-02
4.337242841720581055e-01 -1.017823368310928345e-01 6.538423150777816772e-02
4.341187477111816406e-01 -1.007370129227638245e-01 6.538423150777816772e-02
4.345384836196899414e-01 -9.967254847288131714e-02 6.538423150777816772e-02
4.349631667137145996e-01 -9.859877824783325195e-02 6.538423150777816772e-02
4.353714287281036377e-01 -9.752634167671203613e-02 6.538423150777816772e-02
4.357419312000274658e-01 -9.646584838628768921e-02 6.538423150777816772e-02
4.360533058643341064e-01 -9.542793035507202148e-02 6.538423150777816772e-02
4.362841248512268066e-01 -9.442321211099624634e-02 6.538423150777816772e-02
4.364130795001983643e-01 -9.346231073141098022e-02 6.538423150777816772e-02
4.364187717437744141e-01 -9.255585074424743652e-02 6.538423150777816772e-02
4.362798333168029785e-01 -9.171445667743682861e-02 6.538423150777816772e-02
4.359756112098693848e-01 -9.094842523336410522e-02 6.538423150777816772e-02
4.355035722255706787e-01 -9.025941044092178345e-02 6.538423150777816772e-02
4.348810911178588867e-01 -8.963964879512786865e-02 6.538423150777816772e-02
4.341264367103576660e-01 -8.908092230558395386e-02 6.538423150777816772e-02
4.332579970359802246e-01 -8.857499063014984131e-02 6.538423150777816772e-02
4.322941005229949951e-01 -8.811363577842712402e-02 6.538423150777816772e-02
4.312530159950256348e-01 -8.768860995769500732e-02 6.538423150777816772e-02
4.301531314849853516e-01 -8.729170262813568115e-02 6.538423150777816772e-02
4.290127456188201904e-01 -8.691467344760894775e-02 6.538423150777816772e-02
4.278501868247985840e-01 -8.654928952455520630e-02 6.538423150777816772e-02
4.266837537288665771e-01 -8.618733286857604980e-02 6.538423150777816772e-02
4.255305826663970947e-01 -8.582042902708053589e-02 6.538423150777816772e-02
4.244072437286376953e-01 -8.544014394283294678e-02 6.538423150777816772e-02
4.233302175998687744e-01 -8.503804355859756470e-02 6.538423150777816772e-02
4.223159849643707275e-01 -8.460570126771926880e-02 6.538423150777816772e-02
4.213810563087463379e-01 -8.413466811180114746e-02 6.538423150777816772e-02
4.205418527126312256e-01 -8.361651003360748291e-02 6.538423150777816772e-02
4.198149442672729492e-01 -8.304279297590255737e-02 6.538423150777816772e-02
4.192167520523071289e-01 -8.240507543087005615e-02 6.538423150777816772e-02
4.187638163566589355e-01 -8.169491589069366455e-02 6.538423150777816772e-02
4.184695482254028320e-01 -8.090540021657943726e-02 6.538423150777816772e-02
4.183247387409210205e-01 -8.004139363765716553e-02 6.538423150777816772e-02
4.183091223239898682e-01 -7.911331206560134888e-02 6.538423150777816772e-02
4.184024333953857422e-01 -7.813158631324768066e-02 6.538423150777816772e-02
4.185844361782073975e-01 -7.710666209459304810e-02 6.538423150777816772e-02
4.188348948955535889e-01 -7.604899257421493530e-02 6.538423150777816772e-02
4.191335439682006836e-01 -7.496900856494903564e-02 6.538423150777816772e-02
4.194601476192474365e-01 -7.387714833021163940e-02 6.538423150777816772e-02
4.197944700717926025e-01 -7.278386503458023071e-02 6.538423150777816772e-02
4.201162457466125488e-01 -7.169959694147109985e-02 6.538423150777816772e-02
4.204081594944000244e-01 -7.063308358192443848e-02 6.538422405719757080e-02
4.206664860248565674e-01 -6.958495825529098511e-02 6.538422405719757080e-02
4.208917319774627686e-01 -6.855342537164688110e-02 6.538422405719757080e-02
4.210843741893768311e-01 -6.753668189048767090e-02 6.538422405719757080e-02
4.212448894977569580e-01 -6.653293967247009277e-02 6.538422405719757080e-02
4.213737547397613525e-01 -6.554040312767028809e-02 6.538422405719757080e-02
4.214714169502258301e-01 -6.455727666616439819e-02 6.538422405719757080e-02
4.215383827686309814e-01 -6.358176469802856445e-02 6.538422405719757080e-02
4.215750694274902344e-01 -6.261207163333892822e-02 6.538422405719757080e-02
4.215819537639617920e-01 -6.164640560746192932e-02 6.538423150777816772e-02
4.215590357780456543e-01 -6.068271771073341370e-02 6.538423150777816772e-02
4.215047359466552734e-01 -5.971821397542953491e-02 6.538423150777816772e-02
4.214171469211578369e-01 -5.874995514750480652e-02 6.538423150777816772e-02
4.212944507598876953e-01 -5.777500197291374207e-02 6.538423150777816772e-02
4.211347699165344238e-01 -5.679042264819145203e-02 6.538423150777816772e-02
4.209362268447875977e-01 -5.579328164458274841e-02 6.538423150777816772e-02
4.206969439983367920e-01 -5.478063970804214478e-02 6.538423150777816772e-02
4.204151034355163574e-01 -5.374956130981445312e-02 6.538423150777816772e-02
4.200887978076934814e-01 -5.269711464643478394e-02 6.538423150777816772e-02
4.197164177894592285e-01 -5.162040144205093384e-02 6.538423895835876465e-02
4.193051755428314209e-01 -5.052168667316436768e-02 6.538423895835876465e-02
4.188804030418395996e-01 -4.941308125853538513e-02 6.538423895835876465e-02
4.184693396091461182e-01 -4.830779507756233215e-02 6.538423895835876465e-02
4.180991947650909424e-01 -4.721904546022415161e-02 6.538423895835876465e-02
4.177971780300140381e-01 -4.616004228591918945e-02 6.538423895835876465e-02
4.175904989242553711e-01 -4.514400288462638855e-02 6.538423895835876465e-02
4.175063371658325195e-01 -4.418414086103439331e-02 6.538423895835876465e-02
4.175719618797302246e-01 -4.329366609454154968e-02 6.538423895835876465e-02
4.178145527839660645e-01 -4.248579591512680054e-02 6.538423895835876465e-02
4.182599484920501709e-01 -4.177338629961013794e-02 6.538425385951995850e-02
4.189062118530273438e-01 -4.115550592541694641e-02 6.538425385951995850e-02
4.197129011154174805e-01 -4.061412066221237183e-02 6.538425385951995850e-02
4.206378161907196045e-01 -4.013008624315261841e-02 6.538425385951995850e-02
4.216386973857879639e-01 -3.968425467610359192e-02 6.538425385951995850e-02
4.226733744144439697e-01 -3.925748541951179504e-02 6.538425385951995850e-02
4.236995577812194824e-01 -3.883062675595283508e-02 6.538425385951995850e-02
4.246811866760253906e-01 -3.838675096631050110e-02 6.538425385951995850e-02
4.256135821342468262e-01 -3.792157396674156189e-02 6.538425385951995850e-02
4.265072345733642578e-01 -3.743623942136764526e-02 6.538425385951995850e-02
4.273719787597656250e-01 -3.693176805973052979e-02 6.538425385951995850e-02
4.282176792621612549e-01 -3.640919178724288940e-02 6.538425385951995850e-02
4.290541112422943115e-01 -3.586953505873680115e-02 6.538425385951995850e-02
4.298894703388214111e-01 -3.531373664736747742e-02 6.538437306880950928e-02
4.307344555854797363e-01 -3.474795818328857422e-02 6.538437306880950928e-02
4.315907359123229980e-01 -3.418626263737678528e-02 6.538437306880950928e-02
4.324612617492675781e-01 -3.364370018243789673e-02 6.538438051939010620e-02
4.333489537239074707e-01 -3.313530609011650085e-02 6.538438051939010620e-02
4.342567324638366699e-01 -3.267612308263778687e-02 6.538438051939010620e-02
4.351875483989715576e-01 -3.228119388222694397e-02 6.538438051939010620e-02
4.361445307731628418e-01 -3.196351975202560425e-02 6.538415700197219849e-02
4.371236860752105713e-01 -3.171786293387413025e-02 6.538415700197219849e-02
4.381206631660461426e-01 -3.152873739600181580e-02 6.538415700197219849e-02
4.391302764415740967e-01 -3.138061612844467163e-02 6.538415700197219849e-02
4.401473402976989746e-01 -3.125797584652900696e-02 6.538415700197219849e-02
4.411666989326477051e-01 -3.114529326558113098e-02 6.538415700197219849e-02
4.421819448471069336e-01 -3.102712333202362061e-02 6.538422405719757080e-02
4.431921541690826416e-01 -3.089226037263870239e-02 6.538422405719757080e-02
4.441967904567718506e-01 -3.074052371084690094e-02 6.538423150777816772e-02
4.451972842216491699e-01 -3.057329542934894562e-02 6.538423150777816772e-02
4.461950063705444336e-01 -3.039195574820041656e-02 6.538423150777816772e-02
4.471913278102874756e-01 -3.019788675010204315e-02 6.538423150777816772e-02
4.481876492500305176e-01 -2.999246865510940552e-02 6.538423150777816772e-02
4.491876959800720215e-01 -2.977740205824375153e-02 6.538442522287368774e-02
4.501870572566986084e-01 -2.955905720591545105e-02 6.538442522287368774e-02
4.511877000331878662e-01 -2.934734523296356201e-02 6.538443267345428467e-02
4.521892964839935303e-01 -2.915226295590400696e-02 6.538443267345428467e-02
4.531914889812469482e-01 -2.898381277918815613e-02 6.538443267345428467e-02
4.541938304901123047e-01 -2.885199151933193207e-02 6.538443267345428467e-02
4.551957845687866211e-01 -2.876679040491580963e-02 6.538420915603637695e-02
4.561975300312042236e-01 -2.873547375202178955e-02 6.538420170545578003e-02
4.571991562843322754e-01 -2.875562570989131927e-02 6.538420170545578003e-02
4.582010805606842041e-01 -2.882272563874721527e-02 6.538420170545578003e-02
4.592036902904510498e-01 -2.893225103616714478e-02 6.538420170545578003e-02
4.602074325084686279e-01 -2.907967567443847656e-02 6.538420170545578003e-02
4.612127244472503662e-01 -2.926046960055828094e-02 6.538420170545578003e-02
4.622199833393096924e-01 -2.947009727358818054e-02 6.538420170545578003e-02
4.632296562194824219e-01 -2.970401942729949951e-02 6.538420170545578003e-02
4.642422199249267578e-01 -2.995769493281841278e-02 6.538420170545578003e-02
4.652579426765441895e-01 -3.022654354572296143e-02 6.538422405719757080e-02
4.662769436836242676e-01 -3.050404042005538940e-02 6.538422405719757080e-02
4.672975242137908936e-01 -3.077914007008075714e-02 6.538422405719757080e-02
4.683178961277008057e-01 -3.104023635387420654e-02 6.538422405719757080e-02
4.693362414836883545e-01 -3.127573430538177490e-02 6.538422405719757080e-02
4.703507125377655029e-01 -3.147404640913009644e-02 6.538422405719757080e-02
4.713594913482666016e-01 -3.162360936403274536e-02 6.538422405719757080e-02
4.723607003688812256e-01 -3.171286731958389282e-02 6.538422405719757080e-02
4.733524620532989502e-01 -3.173028677701950073e-02 6.538422405719757080e-02
4.743328094482421875e-01 -3.166434913873672485e-02 6.538422405719757080e-02
4.752999246120452881e-01 -3.150375559926033020e-02 6.538425385951995850e-02
4.762529134750366211e-01 -3.124742582440376282e-02 6.538425385951995850e-02
4.771930277347564697e-01 -3.090898506343364716e-02 6.538425385951995850e-02
4.781215488910675049e-01 -3.050317242741584778e-02 6.538425385951995850e-02
4.790399670600891113e-01 -3.004468604922294617e-02 6.538426131010055542e-02
4.799496829509735107e-01 -2.954817563295364380e-02 6.538426131010055542e-02
4.808522760868072510e-01 -2.902824059128761292e-02 6.538426131010055542e-02
4.817494153976440430e-01 -2.849942445755004883e-02 6.538426131010055542e-02
4.826428294181823730e-01 -2.797621302306652069e-02 6.538426131010055542e-02
4.835350215435028076e-01 -2.747304737567901611e-02 6.538429856300354004e-02
4.844267368316650391e-01 -2.699716016650199890e-02 6.538429856300354004e-02
4.853210747241973877e-01 -2.654409594833850861e-02 6.538429856300354004e-02
4.862203299999237061e-01 -2.610822394490242004e-02 6.538429856300354004e-02
4.871264994144439697e-01 -2.568406984210014343e-02 6.538429856300354004e-02
4.880412817001342773e-01 -2.526633627712726593e-02 6.538429856300354004e-02
4.889661669731140137e-01 -2.484990656375885010e-02 6.538429856300354004e-02
4.899022877216339111e-01 -2.442986704409122467e-02 6.538429856300354004e-02
4.908504486083984375e-01 -2.400152385234832764e-02 6.538429856300354004e-02
4.918102622032165527e-01 -2.356034144759178162e-02 6.538418680429458618e-02
4.927807152271270752e-01 -2.310555800795555115e-02 6.538418680429458618e-02
4.937527775764465332e-01 -2.264307811856269836e-02 6.538418680429458618e-02
4.947183132171630859e-01 -2.217928692698478699e-02 6.538418680429458618e-02
4.956699907779693604e-01 -2.171998843550682068e-02 6.538418680429458618e-02
4.966015815734863281e-01 -2.127034589648246765e-02 6.538418680429458618e-02
4.975078701972961426e-01 -2.083483710885047913e-02 6.538418680429458618e-02
4.983847737312316895e-01 -2.041718922555446625e-02 6.538418680429458618e-02
4.992295205593109131e-01 -2.002033405005931854e-02 6.538418680429458618e-02
5.000407695770263672e-01 -1.964630931615829468e-02 6.538425385951995850e-02
5.008244514465332031e-01 -1.929190382361412048e-02 6.538425385951995850e-02
5.016033053398132324e-01 -1.894243434071540833e-02 6.538425385951995850e-02
5.023996233940124512e-01 -1.858319342136383057e-02 6.538425385951995850e-02
5.032324790954589844e-01 -1.820163242518901825e-02 6.538425385951995850e-02
5.041172504425048828e-01 -1.778756454586982727e-02 6.538425385951995850e-02
5.050652027130126953e-01 -1.733337156474590302e-02 6.538425385951995850e-02
5.060834884643554688e-01 -1.683420129120349884e-02 6.538425385951995850e-02
5.071746110916137695e-01 -1.628816500306129456e-02 6.538425385951995850e-02
5.083360075950622559e-01 -1.569659076631069183e-02 6.538415700197219849e-02
5.095490217208862305e-01 -1.507130078971385956e-02 6.538415700197219849e-02
5.107592940330505371e-01 -1.444723550230264664e-02 6.538414955139160156e-02
5.119158625602722168e-01 -1.385741494596004486e-02 6.538414955139160156e-02
5.129798650741577148e-01 -1.332684792578220367e-02 6.538414955139160156e-02
5.139262080192565918e-01 -1.287177950143814087e-02 6.538414955139160156e-02
5.147445797920227051e-01 -1.249893661588430405e-02 6.538414955139160156e-02
5.154405832290649414e-01 -1.220477838069200516e-02 6.538414955139160156e-02
5.160368084907531738e-01 -1.197473518550395966e-02 6.538414955139160156e-02
5.170998573303222656e-01 -1.159755047410726547e-02 6.538423150777816772e-02
5.176236033439636230e-01 -1.141323521733283997e-02 6.538423150777816772e-02
5.181460976600646973e-01 -1.122932415455579758e-02 6.538423150777816772e-02
5.186678767204284668e-01 -1.104563381522893906e-02 6.538423150777816772e-02
5.191894173622131348e-01 -1.086198631674051285e-02 6.538423150777816772e-02
5.197111964225769043e-01 -1.067820470780134201e-02 6.538423150777816772e-02
5.202338099479675293e-01 -1.049411948770284653e-02 6.538423150777816772e-02
5.207576155662536621e-01 -1.030956115573644638e-02 6.538423150777816772e-02
5.212831497192382812e-01 -1.012436859309673309e-02 6.538423150777816772e-02
5.218108892440795898e-01 -9.938383474946022034e-03 6.538423150777816772e-02
5.223411917686462402e-01 -9.751450270414352417e-03 6.538423150777816772e-02
5.228745937347412109e-01 -9.563420899212360382e-03 6.538423150777816772e-02
5.234113931655883789e-01 -9.374151006340980530e-03 6.538423150777816772e-02
5.239520668983459473e-01 -9.183499962091445923e-03 6.538423150777816772e-02
5.244970321655273438e-01 -8.991332724690437317e-03 6.538423150777816772e-02
5.250465869903564453e-01 -8.797521702945232391e-03 6.538423150777816772e-02
5.256011486053466797e-01 -8.601940236985683441e-03 6.538423150777816772e-02
5.261610150337219238e-01 -8.404470048844814301e-03 6.538423150777816772e-02
5.267265439033508301e-01 -8.204997517168521881e-03 6.538423150777816772e-02
5.272980332374572754e-01 -8.003414608538150787e-03 6.538423150777816772e-02
5.278757810592651367e-01 -7.799617946147918701e-03 6.538423150777816772e-02
5.284600853919982910e-01 -7.593512535095214844e-03 6.538423150777816772e-02
5.290511846542358398e-01 -7.385006174445152283e-03 6.538423150777816772e-02
5.296493172645568848e-01 -7.174014579504728317e-03 6.538423150777816772e-02
5.302547812461853027e-01 -6.960459519177675247e-03 6.538423150777816772e-02
5.308676958084106445e-01 -6.744268350303173065e-03 6.538423150777816772e-02
5.314882993698120117e-01 -6.525375414639711380e-03 6.538423150777816772e-02
5.321167707443237305e-01 -6.303720641881227493e-03 6.538423150777816772e-02
5.327532291412353516e-01 -6.079251877963542938e-03 6.538423150777816772e-02
5.333978533744812012e-01 -5.851951427757740021e-03 6.538423150777816772e-02
5.340492725372314453e-01 -5.622233729809522629e-03 6.538423150777816772e-02
5.347055196762084961e-01 -5.390835925936698914e-03 6.538423150777816772e-02
5.353645086288452148e-01 -5.158482119441032410e-03 6.538423150777816772e-02
5.360242724418640137e-01 -4.925871733576059341e-03 6.538423150777816772e-02
5.366828441619873047e-01 -4.693683236837387085e-03 6.538423150777816772e-02
5.373384356498718262e-01 -4.462568555027246475e-03 6.538423150777816772e-02
5.379891395568847656e-01 -4.233156796544790268e-03 6.538423150777816772e-02
5.386334061622619629e-01 -4.006050992757081985e-03 6.538423150777816772e-02
5.392694473266601562e-01 -3.781828563660383224e-03 6.538423150777816772e-02
5.398958325386047363e-01 -3.561040619388222694e-03 6.538423150777816772e-02
5.405109524726867676e-01 -3.344211494550108910e-03 6.538423150777816772e-02
5.411134362220764160e-01 -3.131837816908955574e-03 6.538423150777816772e-02
5.417019724845886230e-01 -2.924388274550437927e-03 6.538423150777816772e-02
5.422753691673278809e-01 -2.722302451729774475e-03 6.538423150777816772e-02
5.428323149681091309e-01 -2.525991527363657951e-03 6.538423150777816772e-02
5.433718562126159668e-01 -2.335835946723818779e-03 6.538423150777816772e-02
5.438929200172424316e-01 -2.152186119928956032e-03 6.538423150777816772e-02
5.443946123123168945e-01 -1.975361490622162819e-03 6.538423150777816772e-02
5.448761582374572754e-01 -1.805650186724960804e-03 6.538423150777816772e-02
5.453367829322814941e-01 -1.643307739868760109e-03 6.538423150777816772e-02
5.457758903503417969e-01 -1.488556852564215660e-03 6.538423150777816772e-02
5.461929440498352051e-01 -1.341587514616549015e-03 6.538423150777816772e-02
5.465874671936035156e-01 -1.202555140480399132e-03 6.538423150777816772e-02
5.469591021537780762e-01 -1.071581267751753330e-03 6.538423150777816772e-02
5.473076701164245605e-01 -9.487519273534417152e-04 6.538423150777816772e-02
5.476329326629638672e-01 -8.341176435351371765e-04 6.538423150777816772e-02
5.479349493980407715e-01 -7.276929100044071674e-04 6.538423150777816772e-02
5.482137203216552734e-01 -6.294550839811563492e-04 6.538423150777816772e-02
5.484694242477416992e-01 -5.393444444052875042e-04 6.538423150777816772e-02
5.487023591995239258e-01 -4.572631441988050938e-04 6.538423150777816772e-02
5.489128828048706055e-01 -3.830748028121888638e-04 6.538423150777816772e-02
5.491015315055847168e-01 -3.166039532516151667e-04 6.538423150777816772e-02
5.492688417434692383e-01 -2.576354600023478270e-04 6.538423150777816772e-02
5.494156479835510254e-01 -2.059138350887224078e-04 6.538423150777816772e-02
5.495427250862121582e-01 -1.611427433090284467e-04 6.538423150777816772e-02
5.496510267257690430e-01 -1.229844201589003205e-04 6.538423150777816772e-02
5.497416257858276367e-01 -9.105909703066572547e-05 6.538423150777816772e-02
5.498157143592834473e-01 -6.494435365311801434e-05 6.538423150777816772e-02
5.498746633529663086e-01 -4.417460513650439680e-05 6.538423150777816772e-02
5.499199032783508301e-01 -2.824051443894859403e-05 6.538423150777816772e-02
5.499529242515563965e-01 -1.658836845308542252e-05 6.538423150777816772e-02
5.499755740165710449e-01 -8.619535947218537331e-06 6.538423150777816772e-02
5.499895811080932617e-01 -3.689901859615929425e-06 6.538423150777816772e-02
5.499968528747558594e-01 -1.109227014239877462e-06 6.538423150777816772e-02
5.499996542930603027e-01 -1.406388037139549851e-07 6.538423150777816772e-02
