3.855951428413391113e-01 -4.129043519496917725e-01 6.538423150777816772e-02
3.855966627597808838e-01 -4.129041433334350586e-01 6.538423150777816772e-02
3.856070339679718018e-01 -4.129026830196380615e-01 6.538423150777816772e-02
3.856343626976013184e-01 -4.128988385200500488e-01 6.538423150777816772e-02
3.856859803199768066e-01 -4.128915667533874512e-01 6.538423150777816772e-02
3.857684731483459473e-01 -4.128799736499786377e-01 6.538423150777816772e-02
3.858876228332519531e-01 -4.128632247447967529e-01 6.538423150777816772e-02
3.860485255718231201e-01 -4.128405749797821045e-01 6.538423150777816772e-02
3.862555027008056641e-01 -4.128114581108093262e-01 6.538423150777816772e-02
3.865121901035308838e-01 -4.127753376960754395e-01 6.538423150777816772e-02
3.868215084075927734e-01 -4.127317965030670166e-01 6.538423150777816772e-02
3.871857225894927979e-01 -4.126805365085601807e-01 6.538423150777816772e-02
3.876063227653503418e-01 -4.126212894916534424e-01 6.538423150777816772e-02
3.880842924118041992e-01 -4.125539660453796387e-01 6.538423150777816772e-02
3.886198401451110840e-01 -4.124785363674163818e-01 6.538423150777816772e-02
3.892126083374023438e-01 -4.123950004577636719e-01 6.538423150777816772e-02
3.898616135120391846e-01 -4.123035371303558350e-01 6.538423150777816772e-02
3.905652463436126709e-01 -4.122043251991271973e-01 6.538423150777816772e-02
3.913213014602661133e-01 -4.120976924896240234e-01 6.538423150777816772e-02
3.921270072460174561e-01 -4.119839966297149658e-01 6.538423150777816772e-02
3.929790854454040527e-01 -4.118637442588806152e-01 6.538423150777816772e-02
3.938735723495483398e-01 -4.117374420166015625e-01 6.538423150777816772e-02
3.948061168193817139e-01 -4.116057157516479492e-01 6.538423150777816772e-02
3.957717418670654297e-01 -4.114692211151123047e-01 6.538423150777816772e-02
3.967649638652801514e-01 -4.113287627696990967e-01 6.538423150777816772e-02
3.977798819541931152e-01 -4.111851453781127930e-01 6.538423150777816772e-02
3.988100588321685791e-01 -4.110392630100250244e-01 6.538423150777816772e-02
3.998485505580902100e-01 -4.108920991420745850e-01 6.538423150777816772e-02
4.008880257606506348e-01 -4.107446670532226562e-01 6.538423150777816772e-02
4.019206762313842773e-01 -4.105980396270751953e-01 6.538423150777816772e-02
4.029383063316345215e-01 -4.104533493518829346e-01 6.538423150777816772e-02
4.039323329925537109e-01 -4.103118479251861572e-01 6.538423150777816772e-02
4.048974215984344482e-01 -4.101742208003997803e-01 6.538423150777816772e-02
4.058322608470916748e-01 -4.100407361984252930e-01 6.538423150777816772e-02
4.067359566688537598e-01 -4.099115431308746338e-01 6.538423150777816772e-02
4.076078236103057861e-01 -4.097867012023925781e-01 6.538423150777816772e-02
4.084474742412567139e-01 -4.096663296222686768e-01 6.538423150777816772e-02
4.092545509338378906e-01 -4.095505177974700928e-01 6.538423150777816772e-02
4.100290536880493164e-01 -4.094392955303192139e-01 6.538423150777816772e-02
4.107711017131805420e-01 -4.093326032161712646e-01 6.538423150777816772e-02
4.114809930324554443e-01 -4.092305004596710205e-01 6.538423150777816772e-02
4.121592342853546143e-01 -4.091329276561737061e-01 6.538423150777816772e-02
4.128065109252929688e-01 -4.090397655963897705e-01 6.538423150777816772e-02
4.134236872196197510e-01 -4.089509844779968262e-01 6.538423150777816772e-02
4.140118360519409180e-01 -4.088664054870605469e-01 6.538423150777816772e-02
4.145721197128295898e-01 -4.087859094142913818e-01 6.538423150777816772e-02
4.151059687137603760e-01 -4.087093472480773926e-01 6.538423150777816772e-02
4.156148731708526611e-01 -4.086364805698394775e-01 6.538423150777816772e-02
4.161005616188049316e-01 -4.085671305656433105e-01 6.538423150777816772e-02
4.165649116039276123e-01 -4.085010588169097900e-01 6.538423150777816772e-02
4.170099198818206787e-01 -4.084379971027374268e-01 6.538423150777816772e-02
4.174377620220184326e-01 -4.083777070045471191e-01 6.538423150777816772e-02
4.178507328033447266e-01 -4.083198308944702148e-01 6.538423150777816772e-02
4.182513058185577393e-01 -4.082640707492828369e-01 6.538423150777816772e-02
4.186420738697052002e-01 -4.082100987434387207e-01 6.538423150777816772e-02
4.190257191658020020e-01 -4.081575572490692139e-01 6.538423150777816772e-02
4.194051325321197510e-01 -4.081060588359832764e-01 6.538423150777816772e-02
4.197833240032196045e-01 -4.080552160739898682e-01 6.538423150777816772e-02
4.201633632183074951e-01 -4.080046415328979492e-01 6.538423150777816772e-02
4.205484986305236816e-01 -4.079538583755493164e-01 6.538423150777816772e-02
4.209420680999755859e-01 -4.079024791717529297e-01 6.538423150777816772e-02
4.213475286960601807e-01 -4.078500270843505859e-01 6.538423150777816772e-02
4.217680096626281738e-01 -4.077960252761840820e-01 6.538423150777816772e-02
4.222042858600616455e-01 -4.077403843402862549e-01 6.538423150777816772e-02
4.226562380790710449e-01 -4.076829552650451660e-01 6.538423150777816772e-02
4.231236279010772705e-01 -4.076237082481384277e-01 6.538423150777816772e-02
4.236062169075012207e-01 -4.075625836849212646e-01 6.538423150777816772e-02
4.241037070751190186e-01 -4.074994921684265137e-01 6.538423150777816772e-02
4.246157407760620117e-01 -4.074344336986541748e-01 6.538423150777816772e-02
4.251419305801391602e-01 -4.073673784732818604e-01 6.538423150777816772e-02
4.256817996501922607e-01 -4.072982370853424072e-01 6.538423150777816772e-02
4.262348413467407227e-01 -4.072270095348358154e-01 6.538423150777816772e-02
4.268004894256591797e-01 -4.071536958217620850e-01 6.538423150777816772e-02
4.273781180381774902e-01 -4.070782959461212158e-01 6.538423150777816772e-02
4.279671013355255127e-01 -4.070007801055908203e-01 6.538423150777816772e-02
4.285667240619659424e-01 -4.069211483001708984e-01 6.538423150777816772e-02
4.291762411594390869e-01 -4.068394303321838379e-01 6.538423150777816772e-02
4.297948777675628662e-01 -4.067556560039520264e-01 6.538423150777816772e-02
4.304217398166656494e-01 -4.066697955131530762e-01 6.538423150777816772e-02
4.310560226440429688e-01 -4.065819084644317627e-01 6.538423150777816772e-02
4.316967427730560303e-01 -4.064920246601104736e-01 6.538423150777816772e-02
4.323430061340332031e-01 -4.064002037048339844e-01 6.538423150777816772e-02
4.329937398433685303e-01 -4.063064455986022949e-01 6.538423150777816772e-02
4.336479306221008301e-01 -4.062108397483825684e-01 6.538423150777816772e-02
4.343045353889465332e-01 -4.061134457588195801e-01 6.538423150777816772e-02
4.349623918533325195e-01 -4.060142934322357178e-01 6.538423150777816772e-02
4.356203675270080566e-01 -4.059134721755981445e-01 6.538423150777816772e-02
4.362773001194000244e-01 -4.058110117912292480e-01 6.538423150777816772e-02
4.369319379329681396e-01 -4.057070612907409668e-01 6.538423150777816772e-02
4.375830590724945068e-01 -4.056016206741333008e-01 6.538423150777816772e-02
4.382293522357940674e-01 -4.054948389530181885e-01 6.538423150777816772e-02
4.388695359230041504e-01 -4.053867757320404053e-01 6.538423150777816772e-02
4.395022392272949219e-01 -4.052775204181671143e-01 6.538423150777816772e-02
4.401268064975738525e-01 -4.051672518253326416e-01 6.538423150777816772e-02
4.407435655593872070e-01 -4.050562679767608643e-01 6.538423150777816772e-02
4.413529634475708008e-01 -4.049448370933532715e-01 6.538423150777816772e-02
4.419555068016052246e-01 -4.048332571983337402e-01 6.538423150777816772e-02
4.425516128540039062e-01 -4.047217965126037598e-01 6.538423150777816772e-02
4.431418180465698242e-01 -4.046108126640319824e-01 6.538423150777816772e-02
4.437266290187835693e-01 -4.045005142688751221e-01 6.538423150777816772e-02
4.443065524101257324e-01 -4.043911993503570557e-01 6.538423150777816772e-02
4.448821544647216797e-01 -4.042831659317016602e-01 6.538423150777816772e-02
4.454539716243743896e-01 -4.041767120361328125e-01 6.538423150777816772e-02
4.460225403308868408e-01 -4.040720462799072266e-01 6.538423150777816772e-02
4.465884864330291748e-01 -4.039695262908935547e-01 6.538423150777816772e-02
4.471523463726043701e-01 -4.038693606853485107e-01 6.538423150777816772e-02
4.477147459983825684e-01 -4.037718474864959717e-01 6.538423150777816772e-02
4.482763409614562988e-01 -4.036772549152374268e-01 6.538423150777816772e-02
4.488376677036285400e-01 -4.035858213901519775e-01 6.538423150777816772e-02
4.493994414806365967e-01 -4.034978747367858887e-01 6.538423150777816772e-02
4.499622881412506104e-01 -4.034136533737182617e-01 6.538423150777816772e-02
4.505268633365631104e-01 -4.033333957195281982e-01 6.538423150777816772e-02
4.510938227176666260e-01 -4.032573699951171875e-01 6.538423150777816772e-02
4.516638517379760742e-01 -4.031858444213867188e-01 6.538423150777816772e-02
4.522376656532287598e-01 -4.031191170215606689e-01 6.538423150777816772e-02
4.528159499168395996e-01 -4.030573666095733643e-01 6.538423150777816772e-02
4.533993899822235107e-01 -4.030009210109710693e-01 6.538423150777816772e-02
4.535377621650695801e-01 -4.030404686927795410e-01 6.538423150777816772e-02
4.543336927890777588e-01 -4.032677114009857178e-01 6.538423150777816772e-02
4.559979140758514404e-01 -4.037420749664306641e-01 6.538423150777816772e-02
4.583097398281097412e-01 -4.043991565704345703e-01 6.538423150777816772e-02
4.606871306896209717e-01 -4.050708413124084473e-01 6.538423150777816772e-02
4.626209437847137451e-01 -4.056125283241271973e-01 6.538423150777816772e-02
4.640635550022125244e-01 -4.060157239437103271e-01 6.538423150777816772e-02
4.651218056678771973e-01 -4.063163697719573975e-01 6.538423150777816772e-02
4.660120308399200439e-01 -4.065819084644317627e-01 6.538423150777816772e-02
4.670160114765167236e-01 -4.068966805934906006e-01 6.538423150777816772e-02
4.682430326938629150e-01 -4.072794914245605469e-01 6.538423150777816772e-02
4.696724116802215576e-01 -4.077042043209075928e-01 6.538423150777816772e-02
4.712493717670440674e-01 -4.081348180770874023e-01 6.538423150777816772e-02
4.728899896144866943e-01 -4.085268974304199219e-01 6.538423150777816772e-02
4.745064973831176758e-01 -4.088443517684936523e-01 6.538423150777816772e-02
4.760594069957733154e-01 -4.090886116027832031e-01 6.538423150777816772e-02
4.775332212448120117e-01 -4.092716872692108154e-01 6.538423150777816772e-02
4.789284169673919678e-01 -4.094101488590240479e-01 6.538423150777816772e-02
4.802602529525756836e-01 -4.095249176025390625e-01 6.538423150777816772e-02
4.815571308135986328e-01 -4.096405506134033203e-01 6.538423150777816772e-02
4.828591644763946533e-01 -4.097849726676940918e-01 6.538423150777816772e-02
4.842008054256439209e-01 -4.099739789962768555e-01 6.538423150777816772e-02
4.855867028236389160e-01 -4.101932942867279053e-01 6.538423150777816772e-02
4.870135188102722168e-01 -4.104236960411071777e-01 6.538423150777816772e-02
4.884738326072692871e-01 -4.106447994709014893e-01 6.538423150777816772e-02
4.899564683437347412e-01 -4.108351767063140869e-01 6.538423150777816772e-02
4.914469718933105469e-01 -4.109724164009094238e-01 6.538423150777816772e-02
4.929280579090118408e-01 -4.110334813594818115e-01 6.538423150777816772e-02
4.943889081478118896e-01 -4.110111892223358154e-01 6.538423150777816772e-02
4.958326816558837891e-01 -4.109252393245697021e-01 6.538423150777816772e-02
4.972645044326782227e-01 -4.107981324195861816e-01 6.538423150777816772e-02
4.986899495124816895e-01 -4.106525182723999023e-01 6.538423150777816772e-02
5.001150369644165039e-01 -4.105103313922882080e-01 6.538423150777816772e-02
5.015444159507751465e-01 -4.103849828243255615e-01 6.538423150777816772e-02
5.029819011688232422e-01 -4.102846086025238037e-01 6.538423150777816772e-02
5.044310688972473145e-01 -4.102172255516052246e-01 6.538423150777816772e-02
5.058953166007995605e-01 -4.101907908916473389e-01 6.538423150777816772e-02
5.073731541633605957e-01 -4.102002382278442383e-01 6.538423150777816772e-02
5.088472962379455566e-01 -4.101988673210144043e-01 6.538423150777816772e-02
5.102975368499755859e-01 -4.101318418979644775e-01 6.538423150777816772e-02
5.117038488388061523e-01 -4.099443852901458740e-01 6.538423150777816772e-02
5.130465030670166016e-01 -4.095830321311950684e-01 6.538423150777816772e-02
5.143203139305114746e-01 -4.090325236320495605e-01 6.538423150777816772e-02
5.155358314514160156e-01 -4.083197116851806641e-01 6.538423150777816772e-02
5.167043209075927734e-01 -4.074735045433044434e-01 6.538423150777816772e-02
5.178371071815490723e-01 -4.065228998661041260e-01 6.538423150777816772e-02
5.189454555511474609e-01 -4.054968655109405518e-01 6.538423150777816772e-02
5.200406908988952637e-01 -4.044243097305297852e-01 6.538423150777816772e-02
5.211340188980102539e-01 -4.033343195915222168e-01 6.538423150777816772e-02
5.222350358963012695e-01 -4.022577404975891113e-01 6.538423150777816772e-02
5.233523249626159668e-01 -4.012271761894226074e-01 6.538423150777816772e-02
5.244942903518676758e-01 -4.002752304077148438e-01 6.538423150777816772e-02
5.256693363189697266e-01 -3.994345068931579590e-01 6.538423150777816772e-02
5.268859267234802246e-01 -3.987376391887664795e-01 6.538423150777816772e-02
5.281524658203125000e-01 -3.982172906398773193e-01 6.538423150777816772e-02
5.294765830039978027e-01 -3.979032337665557861e-01 6.538423150777816772e-02
5.308552384376525879e-01 -3.977856040000915527e-01 6.538423150777816772e-02
5.322771668434143066e-01 -3.978253901004791260e-01 6.538423150777816772e-02
5.337311029434204102e-01 -3.979828655719757080e-01 6.538423150777816772e-02
5.352057218551635742e-01 -3.982183635234832764e-01 6.538423150777816772e-02
5.366896986961364746e-01 -3.984921574592590332e-01 6.538423150777816772e-02
5.381717085838317871e-01 -3.987645506858825684e-01 6.538423150777816772e-02
5.396412014961242676e-01 -3.989983797073364258e-01 6.538423150777816772e-02
5.410962104797363281e-01 -3.991836607456207275e-01 6.538423150777816772e-02
5.425398945808410645e-01 -3.993265926837921143e-01 6.538423150777816772e-02
5.439754724502563477e-01 -3.994336724281311035e-01 6.538423150777816772e-02
5.454061031341552734e-01 -3.995113372802734375e-01 6.538423150777816772e-02
5.468350052833557129e-01 -3.995660245418548584e-01 6.538423150777816772e-02
5.482654571533203125e-01 -3.996042311191558838e-01 6.538423150777816772e-02
5.497002601623535156e-01 -3.996319174766540527e-01 6.538423150777816772e-02
5.511397123336791992e-01 -3.996514678001403809e-01 6.538423150777816772e-02
5.525829195976257324e-01 -3.996634483337402344e-01 6.538423150777816772e-02
5.540288686752319336e-01 -3.996684253215789795e-01 6.538423150777816772e-02
5.554766654968261719e-01 -3.996669650077819824e-01 6.538423150777816772e-02
5.569251775741577148e-01 -3.996596038341522217e-01 6.538423150777816772e-02
5.583736300468444824e-01 -3.996469378471374512e-01 6.538423150777816772e-02
5.598210096359252930e-01 -3.996299207210540771e-01 6.538423150777816772e-02
5.612672567367553711e-01 -3.996121585369110107e-01 6.538423150777816772e-02
5.627124309539794922e-01 -3.995982706546783447e-01 6.538423150777816772e-02
5.641567707061767578e-01 -3.995928168296813965e-01 6.538423150777816772e-02
5.656003355979919434e-01 -3.996004164218902588e-01 6.538423150777816772e-02
5.670432448387145996e-01 -3.996256887912750244e-01 6.538423150777816772e-02
5.684856772422790527e-01 -3.996732532978057861e-01 6.538423150777816772e-02
5.699276328086853027e-01 -3.997462987899780273e-01 6.538423150777816772e-02
5.713691115379333496e-01 -3.998410999774932861e-01 6.538423150777816772e-02
5.728099346160888672e-01 -3.999517261981964111e-01 6.538423150777816772e-02
5.742498636245727539e-01 -4.000722765922546387e-01 6.538423150777816772e-02
5.756887793540954590e-01 -4.001968801021575928e-01 6.538423150777816772e-02
5.771269798278808594e-01 -4.003196060657501221e-01 6.538423150777816772e-02
5.785658359527587891e-01 -4.004346132278442383e-01 6.538423150777816772e-02
5.800065398216247559e-01 -4.005360901355743408e-01 6.538423150777816772e-02
5.814505219459533691e-01 -4.006181955337524414e-01 6.538423150777816772e-02
5.828986763954162598e-01 -4.006770551204681396e-01 6.538423150777816772e-02
5.843482017517089844e-01 -4.007294476032257080e-01 6.538423150777816772e-02
5.857940316200256348e-01 -4.008044302463531494e-01 6.538423150777816772e-02
5.872309803962707520e-01 -4.009312093257904053e-01 6.538423150777816772e-02
5.886539220809936523e-01 -4.011390209197998047e-01 6.538423150777816772e-02
5.900600552558898926e-01 -4.014442563056945801e-01 6.538423150777816772e-02
5.914534330368041992e-01 -4.018228948116302490e-01 6.538423150777816772e-02
5.928395986557006836e-01 -4.022429287433624268e-01 6.538423150777816772e-02
5.942240953445434570e-01 -4.026723504066467285e-01 6.538423150777816772e-02
5.956124067306518555e-01 -4.030800461769104004e-01 6.538423150777816772e-02
5.970056056976318359e-01 -4.034584462642669678e-01 6.538423150777816772e-02
5.984007716178894043e-01 -4.038258790969848633e-01 6.538423150777816772e-02
5.997946262359619141e-01 -4.042020440101623535e-01 6.538423150777816772e-02
6.011837720870971680e-01 -4.046066105365753174e-01 6.538423150777816772e-02
6.025660634040832520e-01 -4.050524234771728516e-01 6.538423150777816772e-02
6.039464473724365234e-01 -4.055096209049224854e-01 6.538423150777816772e-02
6.053326129913330078e-01 -4.059315621852874756e-01 6.538423150777816772e-02
6.067321896553039551e-01 -4.062715470790863037e-01 6.538423150777816772e-02
6.081529259681701660e-01 -4.064832031726837158e-01 6.538423895835876465e-02
6.095960736274719238e-01 -4.065460860729217529e-01 6.538423895835876465e-02
6.110499501228332520e-01 -4.064930379390716553e-01 6.538423895835876465e-02
6.125013232231140137e-01 -4.063632190227508545e-01 6.538423895835876465e-02
6.139369010925292969e-01 -4.061958789825439453e-01 6.538423895835876465e-02
6.153452992439270020e-01 -4.060292243957519531e-01 6.538423150777816772e-02
6.167392134666442871e-01 -4.058899581432342529e-01 6.538423150777816772e-02
6.181492805480957031e-01 -4.057958126068115234e-01 6.538423150777816772e-02
6.196065545082092285e-01 -4.057644605636596680e-01 6.538423150777816772e-02
6.211417913436889648e-01 -4.058136343955993652e-01 6.538423895835876465e-02
6.227626204490661621e-01 -4.059392511844635010e-01 6.538423895835876465e-02
6.243814229965209961e-01 -4.060527384281158447e-01 6.538423895835876465e-02
6.258871555328369141e-01 -4.060443341732025146e-01 6.538423895835876465e-02
6.271690726280212402e-01 -4.058042764663696289e-01 6.538423895835876465e-02
6.281182169914245605e-01 -4.052245020866394043e-01 6.538423150777816772e-02
6.287015080451965332e-01 -4.042723476886749268e-01 6.538423150777816772e-02
6.289885640144348145e-01 -4.030154645442962646e-01 6.538423150777816772e-02
6.290560364723205566e-01 -4.015285074710845947e-01 6.538423150777816772e-02
6.289805173873901367e-01 -3.998862504959106445e-01 6.538423150777816772e-02
6.288386583328247070e-01 -3.981634080410003662e-01 6.538423150777816772e-02
6.287070512771606445e-01 -3.964346945285797119e-01 6.538423150777816772e-02
6.286604404449462891e-01 -3.947733044624328613e-01 6.538423150777816772e-02
6.287229061126708984e-01 -3.932091891765594482e-01 6.538423150777816772e-02
6.288630962371826172e-01 -3.917252421379089355e-01 6.538423150777816772e-02
6.290469169616699219e-01 -3.903017938137054443e-01 6.538423150777816772e-02
6.292401552200317383e-01 -3.889192938804626465e-01 6.538423150777816772e-02
6.294085979461669922e-01 -3.875581622123718262e-01 6.538423150777816772e-02
6.295182108879089355e-01 -3.861987590789794922e-01 6.538423150777816772e-02
6.295359730720520020e-01 -3.848222494125366211e-01 6.538423150777816772e-02
6.294549107551574707e-01 -3.834220468997955322e-01 6.538423150777816772e-02
6.292906403541564941e-01 -3.820028901100158691e-01 6.538423150777816772e-02
6.290597915649414062e-01 -3.805698454380035400e-01 6.538423150777816772e-02
6.287789344787597656e-01 -3.791279792785644531e-01 6.538423150777816772e-02
6.284646391868591309e-01 -3.776824176311492920e-01 6.538423150777816772e-02
6.281334161758422852e-01 -3.762382268905639648e-01 6.538423150777816772e-02
6.278016567230224609e-01 -3.748001158237457275e-01 6.538423150777816772e-02
6.274828910827636719e-01 -3.733690083026885986e-01 6.538423150777816772e-02
6.271885633468627930e-01 -3.719427585601806641e-01 6.538423150777816772e-02
6.269299983978271484e-01 -3.705191612243652344e-01 6.538423150777816772e-02
6.267186999320983887e-01 -3.690960705280303955e-01 6.538423150777816772e-02
6.265659332275390625e-01 -3.676713109016418457e-01 6.538423150777816772e-02
6.264831423759460449e-01 -3.662427365779876709e-01 6.538423150777816772e-02
6.264794468879699707e-01 -3.648085594177246094e-01 6.538424640893936157e-02
6.265434622764587402e-01 -3.633688986301422119e-01 6.538424640893936157e-02
6.266504526138305664e-01 -3.619258105754852295e-01 6.538424640893936157e-02
6.267758607864379883e-01 -3.604812324047088623e-01 6.538424640893936157e-02
6.268955469131469727e-01 -3.590367734432220459e-01 6.538422405719757080e-02
6.269917488098144531e-01 -3.575943708419799805e-01 6.538422405719757080e-02
6.270730495452880859e-01 -3.561531901359558105e-01 6.538422405719757080e-02
6.271523237228393555e-01 -3.547122478485107422e-01 6.538422405719757080e-02
6.272424459457397461e-01 -3.532705903053283691e-01 6.538422405719757080e-02
6.273556947708129883e-01 -3.518275320529937744e-01 6.538423150777816772e-02
6.274859309196472168e-01 -3.503831028938293457e-01 6.538423150777816772e-02
6.276073455810546875e-01 -3.489392399787902832e-01 6.538423150777816772e-02
6.276929378509521484e-01 -3.474977612495422363e-01 6.538423150777816772e-02
6.277158260345458984e-01 -3.460604846477508545e-01 6.538423150777816772e-02
6.276527643203735352e-01 -3.446289896965026855e-01 6.538423895835876465e-02
6.275069713592529297e-01 -3.432027101516723633e-01 6.538423895835876465e-02
6.272903084754943848e-01 -3.417804837226867676e-01 6.538423895835876465e-02
6.270151734352111816e-01 -3.403611183166503906e-01 6.538423895835876465e-02
6.266939043998718262e-01 -3.389433920383453369e-01 6.538423895835876465e-02
6.263388395309448242e-01 -3.375260829925537109e-01 6.538423895835876465e-02
6.259621977806091309e-01 -3.361080288887023926e-01 6.538423895835876465e-02
6.255775094032287598e-01 -3.346881568431854248e-01 6.538422405719757080e-02
6.252025365829467773e-01 -3.332668244838714600e-01 6.538422405719757080e-02
6.248569488525390625e-01 -3.318445682525634766e-01 6.538422405719757080e-02
6.245601177215576172e-01 -3.304219245910644531e-01 6.538422405719757080e-02
6.243316531181335449e-01 -3.289995193481445312e-01 6.538422405719757080e-02
6.241909861564636230e-01 -3.275779187679290771e-01 6.538422405719757080e-02
6.241578459739685059e-01 -3.261576592922210693e-01 6.538423150777816772e-02
6.242445707321166992e-01 -3.247393071651458740e-01 6.538423150777816772e-02
6.244370341300964355e-01 -3.233228027820587158e-01 6.538423150777816772e-02
6.247143745422363281e-01 -3.219080567359924316e-01 6.538423150777816772e-02
6.250557303428649902e-01 -3.204949796199798584e-01 6.538423150777816772e-02
6.254402399063110352e-01 -3.190834224224090576e-01 6.538423150777816772e-02
6.258470416069030762e-01 -3.176732957363128662e-01 6.538423150777816772e-02
6.262551546096801758e-01 -3.162645697593688965e-01 6.538423150777816772e-02
6.266471743583679199e-01 -3.148567378520965576e-01 6.538423150777816772e-02
6.270154714584350586e-01 -3.134489059448242188e-01 6.538423150777816772e-02
6.273546218872070312e-01 -3.120398521423339844e-01 6.538423150777816772e-02
6.276590824127197266e-01 -3.106284141540527344e-01 6.538423150777816772e-02
6.279233098030090332e-01 -3.092133998870849609e-01 6.538423150777816772e-02
6.281419396400451660e-01 -3.077937066555023193e-01 6.538423150777816772e-02
6.283093690872192383e-01 -3.063681423664093018e-01 6.538422405719757080e-02
6.284248232841491699e-01 -3.049360811710357666e-01 6.538422405719757080e-02
6.284992694854736328e-01 -3.034983277320861816e-01 6.538422405719757080e-02
6.285455226898193359e-01 -3.020559549331665039e-01 6.538422405719757080e-02
6.285763382911682129e-01 -3.006099760532379150e-01 6.538422405719757080e-02
6.286044716835021973e-01 -2.991614341735839844e-01 6.538422405719757080e-02
6.286427378654479980e-01 -2.977113425731658936e-01 6.538422405719757080e-02
6.287038326263427734e-01 -2.962607741355895996e-01 6.538422405719757080e-02
6.287917494773864746e-01 -2.948106527328491211e-01 6.538422405719757080e-02
6.288931965827941895e-01 -2.933617830276489258e-01 6.538422405719757080e-02
6.289925575256347656e-01 -2.919149398803710938e-01 6.538422405719757080e-02
6.290743350982666016e-01 -2.904709577560424805e-01 6.538422405719757080e-02
6.291230320930480957e-01 -2.890305519104003906e-01 6.538422405719757080e-02
6.291230916976928711e-01 -2.875945270061492920e-01 6.538422405719757080e-02
6.290590167045593262e-01 -2.861636281013488770e-01 6.538423895835876465e-02
6.289238929748535156e-01 -2.847380936145782471e-01 6.538423895835876465e-02
6.287236213684082031e-01 -2.833170294761657715e-01 6.538423895835876465e-02
6.284655928611755371e-01 -2.818994522094726562e-01 6.538423895835876465e-02
6.281571388244628906e-01 -2.804844677448272705e-01 6.538423895835876465e-02
6.278055906295776367e-01 -2.790710926055908203e-01 6.538423895835876465e-02
6.274183392524719238e-01 -2.776583731174468994e-01 6.538423895835876465e-02
6.270028948783874512e-01 -2.762453854084014893e-01 6.538417935371398926e-02
6.265752911567687988e-01 -2.748315036296844482e-01 6.538417935371398926e-02
6.261628270149230957e-01 -2.734164595603942871e-01 6.538417935371398926e-02
6.257935166358947754e-01 -2.720000743865966797e-01 6.538417935371398926e-02
6.254955530166625977e-01 -2.705821394920349121e-01 6.538417935371398926e-02
6.252968907356262207e-01 -2.691624462604522705e-01 6.538417935371398926e-02
6.252256631851196289e-01 -2.677407562732696533e-01 6.538417935371398926e-02
6.253079175949096680e-01 -2.663165330886840820e-01 6.538426131010055542e-02
6.255340576171875000e-01 -2.648924291133880615e-01 6.538426131010055542e-02
6.258516907691955566e-01 -2.634719908237457275e-01 6.538426131010055542e-02
6.262072920799255371e-01 -2.620592713356018066e-01 6.538426131010055542e-02
6.265470981597900391e-01 -2.606582939624786377e-01 6.538426131010055542e-02
6.268248558044433594e-01 -2.592715620994567871e-01 6.538433581590652466e-02
6.270681619644165039e-01 -2.578858733177185059e-01 6.538434326648712158e-02
6.273210644721984863e-01 -2.564845681190490723e-01 6.538434326648712158e-02
6.276304125785827637e-01 -2.550503611564636230e-01 6.538434326648712158e-02
6.280448436737060547e-01 -2.535648047924041748e-01 6.538425385951995850e-02
6.285511255264282227e-01 -2.520388364791870117e-01 6.538425385951995850e-02
6.290308237075805664e-01 -2.505300939083099365e-01 6.538425385951995850e-02
6.293497681617736816e-01 -2.491035312414169312e-01 6.538425385951995850e-02
6.293740868568420410e-01 -2.478242516517639160e-01 6.538425385951995850e-02
6.289802789688110352e-01 -2.467539310455322266e-01 6.538425385951995850e-02
6.281629800796508789e-01 -2.458892017602920532e-01 6.538425385951995850e-02
6.270105838775634766e-01 -2.451853156089782715e-01 6.538425385951995850e-02
6.256119608879089355e-01 -2.445954531431198120e-01 6.538425385951995850e-02
6.240559220314025879e-01 -2.440727353096008301e-01 6.538425385951995850e-02
6.224313378334045410e-01 -2.435703426599502563e-01 6.538425385951995850e-02
6.208270788192749023e-01 -2.430413812398910522e-01 6.538425385951995850e-02
6.193247437477111816e-01 -2.424436658620834351e-01 6.538423150777816772e-02
6.179380416870117188e-01 -2.417787611484527588e-01 6.538423150777816772e-02
6.166381239891052246e-01 -2.410756051540374756e-01 6.538423150777816772e-02
6.153960824012756348e-01 -2.403631657361984253e-01 6.538423150777816772e-02
6.141828894615173340e-01 -2.396703958511352539e-01 6.538423150777816772e-02
6.129697561264038086e-01 -2.390262782573699951e-01 6.538423150777816772e-02
6.117277145385742188e-01 -2.384597808122634888e-01 6.538423150777816772e-02
6.104316115379333496e-01 -2.379958331584930420e-01 6.538421660661697388e-02
6.090795397758483887e-01 -2.376246005296707153e-01 6.538421660661697388e-02
6.076834201812744141e-01 -2.373206913471221924e-01 6.538421660661697388e-02
6.062546968460083008e-01 -2.370583713054656982e-01 6.538421660661697388e-02
6.048046350479125977e-01 -2.368118911981582642e-01 6.538421660661697388e-02
6.033446192741394043e-01 -2.365555018186569214e-01 6.538421660661697388e-02
6.018860936164855957e-01 -2.362634688615798950e-01 6.538421660661697388e-02
6.004391312599182129e-01 -2.359157651662826538e-01 6.538419425487518311e-02
5.990056395530700684e-01 -2.355293333530426025e-01 6.538419425487518311e-02
5.975844264030456543e-01 -2.351346909999847412e-01 6.538419425487518311e-02
5.961743593215942383e-01 -2.347625792026519775e-01 6.538419425487518311e-02
5.947741270065307617e-01 -2.344437092542648315e-01 6.538419425487518311e-02
5.933826565742492676e-01 -2.342088073492050171e-01 6.538419425487518311e-02
5.919986367225646973e-01 -2.340885996818542480e-01 6.538419425487518311e-02
5.906214118003845215e-01 -2.341074049472808838e-01 6.538420915603637695e-02
5.892446041107177734e-01 -2.342609614133834839e-01 6.538420915603637695e-02
5.878640413284301758e-01 -2.345347702503204346e-01 6.538420915603637695e-02
5.864744782447814941e-01 -2.349147200584411621e-01 6.538420915603637695e-02
5.850706696510314941e-01 -2.353866547346115112e-01 6.538420915603637695e-02
5.836475491523742676e-01 -2.359364777803421021e-01 6.538420915603637695e-02
5.821986198425292969e-01 -2.365501672029495239e-01 6.538423150777816772e-02
5.807255506515502930e-01 -2.372059971094131470e-01 6.538423150777816772e-02
5.792434811592102051e-01 -2.378538697957992554e-01 6.538423150777816772e-02
5.777729749679565430e-01 -2.384365648031234741e-01 6.538423150777816772e-02
5.778677463531494141e-01 -2.384107708930969238e-01 6.538423150777816772e-02
5.784434080123901367e-01 -2.382498681545257568e-01 6.538423150777816772e-02
5.797506570816040039e-01 -2.378705739974975586e-01 6.538423150777816772e-02
5.818107724189758301e-01 -2.372411638498306274e-01 6.538423150777816772e-02
5.844396352767944336e-01 -2.363761663436889648e-01 6.538423150777816772e-02
5.872713923454284668e-01 -2.353309690952301025e-01 6.538423150777816772e-02
5.898666381835937500e-01 -2.342042475938796997e-01 6.538423150777816772e-02
5.920528769493103027e-01 -2.331422269344329834e-01 6.538423150777816772e-02
5.937914848327636719e-01 -2.322881966829299927e-01 6.538423150777816772e-02
5.951027870178222656e-01 -2.317721545696258545e-01 6.538423150777816772e-02
5.960593223571777344e-01 -2.317123115062713623e-01 6.538423150777816772e-02
5.967794656753540039e-01 -2.322166264057159424e-01 6.538423150777816772e-02
5.973979234695434570e-01 -2.333319485187530518e-01 6.538423150777816772e-02
5.979787111282348633e-01 -2.348883748054504395e-01 6.538423150777816772e-02
5.985571742057800293e-01 -2.366635054349899292e-01 6.538423150777816772e-02
5.991607308387756348e-01 -2.384366542100906372e-01 6.538423150777816772e-02
5.997997522354125977e-01 -2.400430738925933838e-01 6.538423150777816772e-02
6.004390120506286621e-01 -2.415402680635452271e-01 6.538423150777816772e-02
6.010342240333557129e-01 -2.430417388677597046e-01 6.538423150777816772e-02
6.015431284904479980e-01 -2.446605414152145386e-01 6.538423150777816772e-02
6.019561290740966797e-01 -2.464529722929000854e-01 6.538423150777816772e-02
6.023904085159301758e-01 -2.482446581125259399e-01 6.538423150777816772e-02
6.029949784278869629e-01 -2.498023808002471924e-01 6.538423150777816772e-02
6.039182543754577637e-01 -2.508930563926696777e-01 6.538423150777816772e-02
6.052594184875488281e-01 -2.513560950756072998e-01 6.538423150777816772e-02
6.069172024726867676e-01 -2.513287961483001709e-01 6.538423150777816772e-02
6.087387800216674805e-01 -2.510248124599456787e-01 6.538423150777816772e-02
6.105718016624450684e-01 -2.506578266620635986e-01 6.538423150777816772e-02
6.122983098030090332e-01 -2.504044473171234131e-01 6.538423150777816772e-02
6.139429807662963867e-01 -2.502885460853576660e-01 6.538423150777816772e-02
6.155671477317810059e-01 -2.502944767475128174e-01 6.538423150777816772e-02
6.172322034835815430e-01 -2.504066824913024902e-01 6.538423150777816772e-02
6.189746260643005371e-01 -2.505877614021301270e-01 6.538423150777816772e-02
6.207281351089477539e-01 -2.507098913192749023e-01 6.538423150777816772e-02
6.223996877670288086e-01 -2.506217956542968750e-01 6.538423150777816772e-02
6.238962411880493164e-01 -2.501721978187561035e-01 6.538423150777816772e-02
6.251534223556518555e-01 -2.492601126432418823e-01 6.538423150777816772e-02
6.262252926826477051e-01 -2.479939758777618408e-01 6.538423150777816772e-02
6.271971464157104492e-01 -2.465367764234542847e-01 6.538423150777816772e-02
6.281539797782897949e-01 -2.450515329837799072e-01 6.538423150777816772e-02
6.291639208793640137e-01 -2.436684072017669678e-01 6.538423150777816772e-02
6.302236318588256836e-01 -2.423803210258483887e-01 6.538423150777816772e-02
6.301792860031127930e-01 -2.423714995384216309e-01 6.538423150777816772e-02
6.298995018005371094e-01 -2.423166036605834961e-01 6.538423150777816772e-02
6.292307376861572266e-01 -2.421877086162567139e-01 6.538423150777816772e-02
6.281032562255859375e-01 -2.419754564762115479e-01 6.538423150777816772e-02
6.265245676040649414e-01 -2.416876554489135742e-01 6.538423150777816772e-02
6.245733499526977539e-01 -2.413479238748550415e-01 6.538423150777816772e-02
6.223932504653930664e-01 -2.409942448139190674e-01 6.538423150777816772e-02
6.201865673065185547e-01 -2.406776398420333862e-01 6.538423150777816772e-02
6.181576848030090332e-01 -2.404417544603347778e-01 6.538423150777816772e-02
6.163747310638427734e-01 -2.402757704257965088e-01 6.538423150777816772e-02
6.148560047149658203e-01 -2.401530593633651733e-01 6.538423150777816772e-02
6.135974526405334473e-01 -2.400420457124710083e-01 6.538423150777816772e-02
6.125746369361877441e-01 -2.399065792560577393e-01 6.538423150777816772e-02
6.117439270019531250e-01 -2.397063374519348145e-01 6.538423150777816772e-02
6.110446453094482422e-01 -2.393971383571624756e-01 6.538423150777816772e-02
6.104004383087158203e-01 -2.389314323663711548e-01 6.538423150777816772e-02
6.097425222396850586e-01 -2.382796704769134521e-01 6.538423150777816772e-02
6.090499162673950195e-01 -2.374629527330398560e-01 6.538423150777816772e-02
6.083149313926696777e-01 -2.365113943815231323e-01 6.538423150777816772e-02
6.075358390808105469e-01 -2.354564219713211060e-01 6.538423150777816772e-02
6.067162752151489258e-01 -2.343306541442871094e-01 6.538423150777816772e-02
6.058651208877563477e-01 -2.331678569316864014e-01 6.538423150777816772e-02
6.049956679344177246e-01 -2.320027798414230347e-01 6.538423150777816772e-02
6.041254401206970215e-01 -2.308710068464279175e-01 6.538423150777816772e-02
6.032699942588806152e-01 -2.297939658164978027e-01 6.538423150777816772e-02
6.024354696273803711e-01 -2.287643551826477051e-01 6.538423150777816772e-02
6.016250848770141602e-01 -2.277711480855941772e-01 6.538423150777816772e-02
6.008406877517700195e-01 -2.268030047416687012e-01 6.538423150777816772e-02
6.000823974609375000e-01 -2.258482575416564941e-01 6.538423150777816772e-02
5.993492603302001953e-01 -2.248949259519577026e-01 6.538423150777816772e-02
5.986389517784118652e-01 -2.239307612180709839e-01 6.538423150777816772e-02
5.979480147361755371e-01 -2.229433953762054443e-01 6.538423150777816772e-02
5.972736477851867676e-01 -2.219255715608596802e-01 6.538423150777816772e-02
5.966148972511291504e-01 -2.208784073591232300e-01 6.538423150777816772e-02
5.959713459014892578e-01 -2.198037952184677124e-01 6.538423150777816772e-02
5.953432321548461914e-01 -2.187037169933319092e-01 6.538423150777816772e-02
5.947309136390686035e-01 -2.175802439451217651e-01 6.538423150777816772e-02
5.941353440284729004e-01 -2.164355516433715820e-01 6.538423150777816772e-02
5.935575962066650391e-01 -2.152718752622604370e-01 6.538423150777816772e-02
5.929989814758300781e-01 -2.140916138887405396e-01 6.538423150777816772e-02
5.924543142318725586e-01 -2.129022032022476196e-01 6.538423150777816772e-02
5.919099450111389160e-01 -2.117171138525009155e-01 6.538423150777816772e-02
5.913517475128173828e-01 -2.105502039194107056e-01 6.538423150777816772e-02
5.907654166221618652e-01 -2.094153314828872681e-01 6.538423150777816772e-02
5.901364684104919434e-01 -2.083262652158737183e-01 6.538423150777816772e-02
5.894504189491271973e-01 -2.072968333959579468e-01 6.538423150777816772e-02
5.886927247047424316e-01 -2.063407599925994873e-01 6.538423150777816772e-02
5.878493189811706543e-01 -2.054711282253265381e-01 6.538423150777816772e-02
5.869209766387939453e-01 -2.046845257282257080e-01 6.538423150777816772e-02
5.859233140945434570e-01 -2.039611786603927612e-01 6.538423150777816772e-02
5.848727822303771973e-01 -2.032805979251861572e-01 6.538423150777816772e-02
5.837857127189636230e-01 -2.026223093271255493e-01 6.538423150777816772e-02
5.826784372329711914e-01 -2.019658237695693970e-01 6.538423150777816772e-02
5.815674662590026855e-01 -2.012906968593597412e-01 6.538423150777816772e-02
5.804692506790161133e-01 -2.005764394998550415e-01 6.538423150777816772e-02
5.793992877006530762e-01 -1.998042911291122437e-01 6.538423150777816772e-02
5.783587098121643066e-01 -1.989828497171401978e-01 6.538423150777816772e-02
5.773369669914245605e-01 -1.981426179409027100e-01 6.538423150777816772e-02
5.763232111930847168e-01 -1.973147690296173096e-01 6.538423150777816772e-02
5.753064751625061035e-01 -1.965304315090179443e-01 6.538423150777816772e-02
5.742759108543395996e-01 -1.958207786083221436e-01 6.538423150777816772e-02
5.732206106185913086e-01 -1.952169388532638550e-01 6.538423150777816772e-02
5.721296668052673340e-01 -1.947500705718994141e-01 6.538423150777816772e-02
5.709930062294006348e-01 -1.944486647844314575e-01 6.538423150777816772e-02
5.698108077049255371e-01 -1.943103671073913574e-01 6.538423150777816772e-02
5.685899257659912109e-01 -1.943129301071166992e-01 6.538423150777816772e-02
5.673371553421020508e-01 -1.944337785243988037e-01 6.538423150777816772e-02
5.660595297813415527e-01 -1.946503221988677979e-01 6.538423150777816772e-02
5.647637844085693359e-01 -1.949400007724761963e-01 6.538423150777816772e-02
5.634569525718688965e-01 -1.952802091836929321e-01 6.538423150777816772e-02
5.621458292007446289e-01 -1.956484019756317139e-01 6.538423150777816772e-02
5.608371496200561523e-01 -1.960219889879226685e-01 6.538423150777816772e-02
5.595355629920959473e-01 -1.963785290718078613e-01 6.538423150777816772e-02
5.582446455955505371e-01 -1.966956406831741333e-01 6.538423150777816772e-02
5.569679141044616699e-01 -1.969509422779083252e-01 6.538423150777816772e-02
5.557089447975158691e-01 -1.971220523118972778e-01 6.538423150777816772e-02
5.544713735580444336e-01 -1.971865743398666382e-01 6.538423150777816772e-02
5.532587170600891113e-01 -1.971221119165420532e-01 6.538423150777816772e-02
5.520745515823364258e-01 -1.969063133001327515e-01 6.538423150777816772e-02
5.509213209152221680e-01 -1.965232044458389282e-01 6.538423150777816772e-02
5.497936606407165527e-01 -1.959996372461318970e-01 6.538423150777816772e-02
5.486830472946166992e-01 -1.953799128532409668e-01 6.538423150777816772e-02
5.475810766220092773e-01 -1.947083771228790283e-01 6.538423150777816772e-02
5.464791655540466309e-01 -1.940293610095977783e-01 6.538423150777816772e-02
5.453692674636840820e-01 -1.933854073286056519e-01 6.538423150777816772e-02
5.442503690719604492e-01 -1.927859932184219360e-01 6.538423150777816772e-02
5.431275963783264160e-01 -1.922120749950408936e-01 6.538423150777816772e-02
5.420063734054565430e-01 -1.916436553001403809e-01 6.538423150777816772e-02
5.408918857574462891e-01 -1.910607665777206421e-01 6.538423150777816772e-02
5.397895574569702148e-01 -1.904436051845550537e-01 6.538423150777816772e-02
5.386984944343566895e-01 -1.897909194231033325e-01 6.538423150777816772e-02
5.376070737838745117e-01 -1.891348212957382202e-01 6.538423150777816772e-02
5.365023016929626465e-01 -1.885109394788742065e-01 6.538423150777816772e-02
5.353713035583496094e-01 -1.879548728466033936e-01 6.538423150777816772e-02
5.342013239860534668e-01 -1.875022351741790771e-01 6.538423150777816772e-02
5.329843163490295410e-01 -1.871778666973114014e-01 6.538423150777816772e-02
5.317320227622985840e-01 -1.869635432958602905e-01 6.538423150777816772e-02
5.304611921310424805e-01 -1.868302822113037109e-01 6.538423150777816772e-02
5.291885137557983398e-01 -1.867491155862808228e-01 6.538423150777816772e-02
5.279306769371032715e-01 -1.866910457611083984e-01 6.538423150777816772e-02
5.267018079757690430e-01 -1.866280734539031982e-01 6.538423150777816772e-02
5.254912972450256348e-01 -1.865417212247848511e-01 6.538423150777816772e-02
5.242748856544494629e-01 -1.864188164472579956e-01 6.538423150777816772e-02
5.230281352996826172e-01 -1.862462013959884644e-01 6.538423150777816772e-02
5.217266678810119629e-01 -1.860107630491256714e-01 6.538423150777816772e-02
5.203476548194885254e-01 -1.857007145881652832e-01 6.538423150777816772e-02
5.189148187637329102e-01 -1.853463500738143921e-01 6.538423150777816772e-02
5.175063014030456543e-01 -1.850264668464660645e-01 6.538423150777816772e-02
5.174894928932189941e-01 -1.850331127643585205e-01 6.538423150777816772e-02
5.173801779747009277e-01 -1.850763410329818726e-01 6.538423150777816772e-02
5.171087980270385742e-01 -1.851838827133178711e-01 6.538423150777816772e-02
5.166296362876892090e-01 -1.853742301464080811e-01 6.538423150777816772e-02
5.159195065498352051e-01 -1.856571435928344727e-01 6.538423150777816772e-02
5.149765610694885254e-01 -1.860341429710388184e-01 6.538423150777816772e-02
5.149738788604736328e-01 -1.860867142677307129e-01 6.538423150777816772e-02
5.149570107460021973e-01 -1.864096075296401978e-01 6.538423150777816772e-02
5.149173736572265625e-01 -1.871540546417236328e-01 6.538423150777816772e-02
5.148519277572631836e-01 -1.883515417575836182e-01 6.538423150777816772e-02
5.147625207901000977e-01 -1.899248957633972168e-01 6.538423150777816772e-02
5.146555900573730469e-01 -1.916994452476501465e-01 6.538423150777816772e-02
5.146628022193908691e-01 -1.917867660522460938e-01 6.538423150777816772e-02
5.147054791450500488e-01 -1.923076361417770386e-01 6.538423150777816772e-02
5.147988200187683105e-01 -1.934591084718704224e-01 6.538423150777816772e-02
5.149381160736083984e-01 -1.952047049999237061e-01 6.538423150777816772e-02
5.151007175445556641e-01 -1.973013132810592651e-01 6.538423150777816772e-02
5.152500271797180176e-01 -1.993373334407806396e-01 6.538423150777816772e-02
5.153650641441345215e-01 -2.010288685560226440e-01 6.538423150777816772e-02
5.154522657394409180e-01 -2.023562341928482056e-01 6.538423150777816772e-02
5.155248641967773438e-01 -2.033753395080566406e-01 6.538423150777816772e-02
5.156009793281555176e-01 -2.042010128498077393e-01 6.538423150777816772e-02
5.157032608985900879e-01 -2.049998342990875244e-01 6.538423150777816772e-02
5.158476829528808594e-01 -2.059406638145446777e-01 6.538423150777816772e-02
5.160109996795654297e-01 -2.070476710796356201e-01 6.538423150777816772e-02
5.161589384078979492e-01 -2.082912176847457886e-01 6.538423150777816772e-02
5.162556767463684082e-01 -2.096248865127563477e-01 6.538423150777816772e-02
5.162642598152160645e-01 -2.109874188899993896e-01 6.538423150777816772e-02
5.161481499671936035e-01 -2.123068720102310181e-01 6.538423150777816772e-02
5.159047245979309082e-01 -2.135485857725143433e-01 6.538423150777816772e-02
5.155649781227111816e-01 -2.147235125303268433e-01 6.538423150777816772e-02
5.151614546775817871e-01 -2.158491164445877075e-01 6.538423150777816772e-02
5.147272944450378418e-01 -2.169470638036727905e-01 6.538423150777816772e-02
5.142958164215087891e-01 -2.180427461862564087e-01 6.538423150777816772e-02
5.138936638832092285e-01 -2.191591858863830566e-01 6.538423150777816772e-02
5.135216712951660156e-01 -2.202997654676437378e-01 6.538423150777816772e-02
5.131741166114807129e-01 -2.214619070291519165e-01 6.538423150777816772e-02
5.128453969955444336e-01 -2.226418256759643555e-01 6.538423150777816772e-02
5.125297904014587402e-01 -2.238346636295318604e-01 6.538423150777816772e-02
5.122212767601013184e-01 -2.250345647335052490e-01 6.538423150777816772e-02
5.119114518165588379e-01 -2.262331843376159668e-01 6.538423150777816772e-02
5.115898847579956055e-01 -2.274205684661865234e-01 6.538423150777816772e-02
5.112458467483520508e-01 -2.285870313644409180e-01 6.538423150777816772e-02
5.108688473701477051e-01 -2.297232300043106079e-01 6.538423150777816772e-02
5.104482173919677734e-01 -2.308200895786285400e-01 6.538423150777816772e-02
5.099776983261108398e-01 -2.318738996982574463e-01 6.538423150777816772e-02
5.094667673110961914e-01 -2.328998744487762451e-01 6.538423150777816772e-02
5.089283585548400879e-01 -2.339173704385757446e-01 6.538423150777816772e-02
5.083754658699035645e-01 -2.349455952644348145e-01 6.538423150777816772e-02
5.078210830688476562e-01 -2.360035777091979980e-01 6.538423150777816772e-02
5.072782039642333984e-01 -2.371102422475814819e-01 6.538423150777816772e-02
5.067596435546875000e-01 -2.382843494415283203e-01 6.538423150777816772e-02
5.062783956527709961e-01 -2.395445406436920166e-01 6.538423150777816772e-02
5.058442950248718262e-01 -2.409030050039291382e-01 6.538423150777816772e-02
5.054429769515991211e-01 -2.423224300146102905e-01 6.538423150777816772e-02
5.050488114356994629e-01 -2.437426149845123291e-01 6.538423150777816772e-02
5.046362280845642090e-01 -2.451031804084777832e-01 6.538423150777816772e-02
5.041795372962951660e-01 -2.463438659906387329e-01 6.538423150777816772e-02
5.036531090736389160e-01 -2.474043965339660645e-01 6.538423150777816772e-02
5.030313134193420410e-01 -2.482245713472366333e-01 6.538423150777816772e-02
5.022884607315063477e-01 -2.487441599369049072e-01 6.538423150777816772e-02
5.014007091522216797e-01 -2.489069998264312744e-01 6.538423150777816772e-02
5.003758072853088379e-01 -2.487319856882095337e-01 6.538423150777816772e-02
4.992500543594360352e-01 -2.483051121234893799e-01 6.538423150777816772e-02
4.980607032775878906e-01 -2.477147132158279419e-01 6.538423150777816772e-02
4.968450069427490234e-01 -2.470491081476211548e-01 6.538423150777816772e-02
4.956402480602264404e-01 -2.463966310024261475e-01 6.538423150777816772e-02
4.944739341735839844e-01 -2.458252310752868652e-01 6.538423150777816772e-02
4.933399558067321777e-01 -2.453323602676391602e-01 6.538423150777816772e-02
4.922249615192413330e-01 -2.449002414941787720e-01 6.538423150777816772e-02
4.911155402660369873e-01 -2.445110529661178589e-01 6.538423150777816772e-02
4.899983406066894531e-01 -2.441470175981521606e-01 6.538423150777816772e-02
4.888607859611511230e-01 -2.437903434038162231e-01 6.538423150777816772e-02
4.877054989337921143e-01 -2.434235960245132446e-01 6.538423150777816772e-02
4.865483343601226807e-01 -2.430296391248703003e-01 6.538423150777816772e-02
4.854055643081665039e-01 -2.425913363695144653e-01 6.538423150777816772e-02
4.842934608459472656e-01 -2.420915514230728149e-01 6.538423150777816772e-02
4.832282662391662598e-01 -2.415131628513336182e-01 6.538423150777816772e-02
4.822204709053039551e-01 -2.408465445041656494e-01 6.538423150777816772e-02
4.812610149383544922e-01 -2.401072978973388672e-01 6.538423150777816772e-02
4.803367853164672852e-01 -2.393163442611694336e-01 6.538423150777816772e-02
4.794345796108245850e-01 -2.384945899248123169e-01 6.538423150777816772e-02
4.785412251949310303e-01 -2.376629561185836792e-01 6.538423150777816772e-02
4.776439666748046875e-01 -2.368417084217071533e-01 6.538423150777816772e-02
4.767355620861053467e-01 -2.360397130250930786e-01 6.538423150777816772e-02
4.758136868476867676e-01 -2.352561503648757935e-01 6.538423150777816772e-02
4.748761355876922607e-01 -2.344898879528045654e-01 6.538423150777816772e-02
4.739207029342651367e-01 -2.337397933006286621e-01 6.538423150777816772e-02
4.729451537132263184e-01 -2.330047488212585449e-01 6.538423150777816772e-02
4.719522297382354736e-01 -2.322805225849151611e-01 6.538423150777816772e-02
4.709605872631072998e-01 -2.315527796745300293e-01 6.538423150777816772e-02
4.699922502040863037e-01 -2.308051139116287231e-01 6.538423150777816772e-02
4.690691828727722168e-01 -2.300211042165756226e-01 6.538423150777816772e-02
4.682133793830871582e-01 -2.291843593120574951e-01 6.538423150777816772e-02
4.674456417560577393e-01 -2.282793521881103516e-01 6.538423150777816772e-02
4.667663276195526123e-01 -2.273054867982864380e-01 6.538423150777816772e-02
4.661589860916137695e-01 -2.262745499610900879e-01 6.538423150777816772e-02
4.656066298484802246e-01 -2.251986712217330933e-01 6.538423150777816772e-02
4.650923311710357666e-01 -2.240900099277496338e-01 6.538423150777816772e-02
4.645991027355194092e-01 -2.229606956243515015e-01 6.538423150777816772e-02
4.641099572181701660e-01 -2.218228727579116821e-01 6.538423150777816772e-02
4.636079072952270508e-01 -2.206887006759643555e-01 6.538423150777816772e-02
4.630762040615081787e-01 -2.195702046155929565e-01 6.538423150777816772e-02
4.625090956687927246e-01 -2.184730172157287598e-01 6.538423150777816772e-02
4.619180560111999512e-01 -2.173927575349807739e-01 6.538423150777816772e-02
4.613161683082580566e-01 -2.163241356611251831e-01 6.538423150777816772e-02
4.607164859771728516e-01 -2.152618914842605591e-01 6.538423150777816772e-02
4.601320326328277588e-01 -2.142007350921630859e-01 6.538423150777816772e-02
4.595758616924285889e-01 -2.131354063749313354e-01 6.538423150777816772e-02
4.590610265731811523e-01 -2.120606154203414917e-01 6.538423150777816772e-02
4.586005508899688721e-01 -2.109711021184921265e-01 6.538423150777816772e-02
4.582036137580871582e-01 -2.098624110221862793e-01 6.538423150777816772e-02
4.578675627708435059e-01 -2.087326496839523315e-01 6.538423150777816772e-02
4.575873613357543945e-01 -2.075804024934768677e-01 6.538423150777816772e-02
4.573580622673034668e-01 -2.064042687416076660e-01 6.538423150777816772e-02
4.571746289730072021e-01 -2.052028328180313110e-01 6.538423150777816772e-02
4.570320844650268555e-01 -2.039746791124343872e-01 6.538423150777816772e-02
4.569254815578460693e-01 -2.027184218168258667e-01 6.538423150777816772e-02
4.568497538566589355e-01 -2.014326453208923340e-01 6.538423150777816772e-02
4.567981362342834473e-01 -2.001181989908218384e-01 6.538423150777816772e-02
4.567519724369049072e-01 -1.987905651330947876e-01 6.538423150777816772e-02
4.566880464553833008e-01 -1.974709779024124146e-01 6.538423150777816772e-02
4.565829932689666748e-01 -1.961807310581207275e-01 6.538423150777816772e-02
4.564135670661926270e-01 -1.949410885572433472e-01 6.538423150777816772e-02
4.561564326286315918e-01 -1.937732994556427002e-01 6.538423150777816772e-02
4.557883441448211670e-01 -1.926986277103424072e-01 6.538423150777816772e-02
4.552859961986541748e-01 -1.917383670806884766e-01 6.538423150777816772e-02
4.546275436878204346e-01 -1.909123808145523071e-01 6.538423150777816772e-02
4.538133144378662109e-01 -1.902197003364562988e-01 6.538423150777816772e-02
4.528605043888092041e-01 -1.896434277296066284e-01 6.538423150777816772e-02
4.517867565155029297e-01 -1.891662180423736572e-01 6.538423150777816772e-02
4.506097435951232910e-01 -1.887707263231277466e-01 6.538423150777816772e-02
4.493471682071685791e-01 -1.884396225214004517e-01 6.538423150777816772e-02
4.480166137218475342e-01 -1.881555765867233276e-01 6.538423150777816772e-02
4.466358125209808350e-01 -1.879012435674667358e-01 6.538423150777816772e-02
4.452225267887115479e-01 -1.876592934131622314e-01 6.538423150777816772e-02
4.438005089759826660e-01 -1.874120086431503296e-01 6.538423150777816772e-02
4.424022436141967773e-01 -1.871412098407745361e-01 6.538423150777816772e-02
4.410608708858489990e-01 -1.868286281824111938e-01 6.538423150777816772e-02
4.398095309734344482e-01 -1.864560097455978394e-01 6.538423150777816772e-02
4.386813938617706299e-01 -1.860051006078720093e-01 6.538423150777816772e-02
4.377095997333526611e-01 -1.854576617479324341e-01 6.538423150777816772e-02
4.369273185729980469e-01 -1.847954392433166504e-01 6.538423150777816772e-02
4.363676309585571289e-01 -1.840001940727233887e-01 6.538423150777816772e-02
4.360474944114685059e-01 -1.830632090568542480e-01 6.538423150777816772e-02
4.359376728534698486e-01 -1.820027828216552734e-01 6.538423150777816772e-02
4.360008239746093750e-01 -1.808419972658157349e-01 6.538423150777816772e-02
4.361996352672576904e-01 -1.796039342880249023e-01 6.538423150777816772e-02
4.364967644214630127e-01 -1.783116757869720459e-01 6.538423150777816772e-02
4.368548691272735596e-01 -1.769883185625076294e-01 6.538423150777816772e-02
4.372366070747375488e-01 -1.756569147109985352e-01 6.538423150777816772e-02
4.376046657562255859e-01 -1.743405461311340332e-01 6.538423150777816772e-02
4.379261732101440430e-01 -1.730590015649795532e-01 6.538423150777816772e-02
4.381948113441467285e-01 -1.718125641345977783e-01 6.538423150777816772e-02
4.384137392044067383e-01 -1.705944389104843140e-01 6.538423150777816772e-02
4.385863244533538818e-01 -1.693978160619735718e-01 6.538423150777816772e-02
4.387157559394836426e-01 -1.682158708572387695e-01 6.538423150777816772e-02
4.388053417205810547e-01 -1.670418083667755127e-01 6.538423150777816772e-02
4.388583302497863770e-01 -1.658688187599182129e-01 6.538423150777816772e-02
4.388780295848846436e-01 -1.646900773048400879e-01 6.538423150777816772e-02
4.388677775859832764e-01 -1.634992361068725586e-01 6.538423150777816772e-02
4.388320744037628174e-01 -1.622957140207290649e-01 6.538423150777816772e-02
4.387763738632202148e-01 -1.610831767320632935e-01 6.538423150777816772e-02
4.387060403823852539e-01 -1.598653048276901245e-01 6.538423150777816772e-02
4.386265277862548828e-01 -1.586458384990692139e-01 6.538423150777816772e-02
4.385432302951812744e-01 -1.574283540248870850e-01 6.538423150777816772e-02
4.384613037109375000e-01 -1.562153697013854980e-01 6.538423150777816772e-02
4.383852779865264893e-01 -1.550053358078002930e-01 6.538423150777816772e-02
4.383196234703063965e-01 -1.537961512804031372e-01 6.538423150777816772e-02
4.382687807083129883e-01 -1.525857299566268921e-01 6.538423150777816772e-02
4.382371902465820312e-01 -1.513720005750656128e-01 6.538423150777816772e-02
4.382281005382537842e-01 -1.501532047986984253e-01 6.538424640893936157e-02
4.382292628288269043e-01 -1.489312201738357544e-01 6.538424640893936157e-02
4.382177293300628662e-01 -1.477106809616088867e-01 6.538424640893936157e-02
4.381703138351440430e-01 -1.464962214231491089e-01 6.538424640893936157e-02
4.380638301372528076e-01 -1.452924758195877075e-01 6.538424640893936157e-02
4.378751218318939209e-01 -1.441040337085723877e-01 6.538425385951995850e-02
4.375926554203033447e-01 -1.429333984851837158e-01 6.538425385951995850e-02
4.372352361679077148e-01 -1.417770683765411377e-01 6.538425385951995850e-02
4.368266463279724121e-01 -1.406306922435760498e-01 6.538425385951995850e-02
4.363906085491180420e-01 -1.394898742437362671e-01 6.538425385951995850e-02
4.359508752822875977e-01 -1.383502632379531860e-01 6.538425385951995850e-02
4.355297386646270752e-01 -1.372077763080596924e-01 6.538423150777816772e-02
4.351320266723632812e-01 -1.360610574483871460e-01 6.538423150777816772e-02
4.347507655620574951e-01 -1.349108815193176270e-01 6.538423150777816772e-02
4.343787431716918945e-01 -1.337580531835556030e-01 6.538423150777816772e-02
4.340087473392486572e-01 -1.326033025979995728e-01 6.538423150777816772e-02
4.336333274841308594e-01 -1.314474195241928101e-01 6.538424640893936157e-02
4.332488179206848145e-01 -1.302912980318069458e-01 6.538424640893936157e-02
4.328589141368865967e-01 -1.291362047195434570e-01 6.538425385951995850e-02
4.324687719345092773e-01 -1.279834210872650146e-01 6.538425385951995850e-02
4.320835173130035400e-01 -1.268342435359954834e-01 6.538425385951995850e-02
4.317083060741424561e-01 -1.256899684667587280e-01 6.538425385951995850e-02
4.313477575778961182e-01 -1.245517507195472717e-01 6.538423150777816772e-02
4.309973120689392090e-01 -1.234182640910148621e-01 6.538423150777816772e-02
4.306474328041076660e-01 -1.222867667675018311e-01 6.538423150777816772e-02
4.302882254123687744e-01 -1.211544647812843323e-01 6.538423150777816772e-02
4.299098253250122070e-01 -1.200185418128967285e-01 6.538423150777816772e-02
4.295023381710052490e-01 -1.188761964440345764e-01 6.538423150777816772e-02
4.290558993816375732e-01 -1.177246272563934326e-01 6.538423150777816772e-02
4.285606145858764648e-01 -1.165610253810882568e-01 6.538423150777816772e-02
4.280071258544921875e-01 -1.153827160596847534e-01 6.538423150777816772e-02
4.274061918258666992e-01 -1.141921579837799072e-01 6.538423150777816772e-02
4.267932474613189697e-01 -1.129981353878974915e-01 6.538423150777816772e-02
4.262053668498992920e-01 -1.118098348379135132e-01 6.538423150777816772e-02
4.256795644760131836e-01 -1.106364428997039795e-01 6.538423150777816772e-02
4.252529442310333252e-01 -1.094871461391448975e-01 6.538423150777816772e-02
4.249625504016876221e-01 -1.083711385726928711e-01 6.538423150777816772e-02
4.248454272747039795e-01 -1.072976067662239075e-01 6.538423150777816772e-02
4.249387085437774658e-01 -1.062757223844528198e-01 6.538423895835876465e-02
4.252624511718750000e-01 -1.053101867437362671e-01 6.538423895835876465e-02
4.257969260215759277e-01 -1.043949127197265625e-01 6.538423895835876465e-02
4.265163242816925049e-01 -1.035222262144088745e-01 6.538423895835876465e-02
4.273948371410369873e-01 -1.026844605803489685e-01 6.538423895835876465e-02
4.284066855907440186e-01 -1.018739342689514160e-01 6.538423895835876465e-02
4.295260906219482422e-01 -1.010829806327819824e-01 6.538423895835876465e-02
4.307272136211395264e-01 -1.003039255738258362e-01 6.538423895835876465e-02
4.319842755794525146e-01 -9.952909499406814575e-02 6.538423895835876465e-02
4.332687258720397949e-01 -9.875118732452392578e-02 6.538423895835876465e-02
4.345383346080780029e-01 -9.796487540006637573e-02 6.538423895835876465e-02
4.357466697692871094e-01 -9.716536849737167358e-02 6.538423895835876465e-02
4.368472695350646973e-01 -9.634789079427719116e-02 6.538423895835876465e-02
4.377937316894531250e-01 -9.550765901803970337e-02 6.538423895835876465e-02
4.385396242141723633e-01 -9.463991224765777588e-02 6.538423895835876465e-02
4.390385150909423828e-01 -9.373986721038818359e-02 6.538423895835876465e-02
4.392439424991607666e-01 -9.280274808406829834e-02 6.538423895835876465e-02
4.391160011291503906e-01 -9.182462841272354126e-02 6.538426876068115234e-02
4.386918246746063232e-01 -9.080971777439117432e-02 6.538426876068115234e-02
4.380531311035156250e-01 -8.976751565933227539e-02 6.538426876068115234e-02
4.372828602790832520e-01 -8.870755136013031006e-02 6.538426876068115234e-02
4.364638924598693848e-01 -8.763931691646575928e-02 6.538426876068115234e-02
4.356788992881774902e-01 -8.657237142324447632e-02 6.538427621126174927e-02
4.349801838397979736e-01 -8.551340550184249878e-02 6.538427621126174927e-02
4.343497455120086670e-01 -8.446308970451354980e-02 6.538428366184234619e-02
4.337600767612457275e-01 -8.342117071151733398e-02 6.538428366184234619e-02
4.331836104393005371e-01 -8.238741755485534668e-02 6.538428366184234619e-02
4.325927793979644775e-01 -8.136157691478729248e-02 6.538428366184234619e-02
4.319630861282348633e-01 -8.034267276525497437e-02 6.538427621126174927e-02
4.313024878501892090e-01 -7.932565361261367798e-02 6.538427621126174927e-02
4.306380152702331543e-01 -7.830172777175903320e-02 6.538427621126174927e-02
4.299969375133514404e-01 -7.726237177848815918e-02 6.538427621126174927e-02
4.294066131114959717e-01 -7.619902491569519043e-02 6.538428366184234619e-02
4.288946390151977539e-01 -7.510332763195037842e-02 6.538425385951995850e-02
4.284731447696685791e-01 -7.397152483463287354e-02 6.538425385951995850e-02
4.281236231327056885e-01 -7.281153649091720581e-02 6.538425385951995850e-02
4.278229176998138428e-01 -7.163266837596893311e-02 6.538425385951995850e-02
4.275477826595306396e-01 -7.044419646263122559e-02 6.538426131010055542e-02
4.272750914096832275e-01 -6.925541907548904419e-02 6.538426131010055542e-02
4.269823431968688965e-01 -6.807497143745422363e-02 6.538420170545578003e-02
4.266680777072906494e-01 -6.690361350774765015e-02 6.538420170545578003e-02
4.263380467891693115e-01 -6.573799997568130493e-02 6.538420170545578003e-02
4.259991645812988281e-01 -6.457464396953582764e-02 6.538420170545578003e-02
4.256583452224731445e-01 -6.341004371643066406e-02 6.538420170545578003e-02
4.253247082233428955e-01 -6.224055215716362000e-02 6.538414210081100464e-02
4.249973893165588379e-01 -6.106539443135261536e-02 6.538414210081100464e-02
4.246751070022583008e-01 -5.988842248916625977e-02 6.538414210081100464e-02
4.243533611297607422e-01 -5.871432274580001831e-02 6.538414210081100464e-02
4.240276813507080078e-01 -5.754777789115905762e-02 6.538414210081100464e-02
4.236936569213867188e-01 -5.639347061514854431e-02 6.538413465023040771e-02
4.233457744121551514e-01 -5.525567382574081421e-02 6.538423895835876465e-02
4.229792952537536621e-01 -5.413310229778289795e-02 6.538423895835876465e-02
4.225860536098480225e-01 -5.302187800407409668e-02 6.538423895835876465e-02
4.221586883068084717e-01 -5.191797390580177307e-02 6.538423895835876465e-02
4.216898679733276367e-01 -5.081736668944358826e-02 6.538423895835876465e-02
4.211722314357757568e-01 -4.971602931618690491e-02 6.538423895835876465e-02
4.205983579158782959e-01 -4.860994219779968262e-02 6.538423895835876465e-02
4.199609756469726562e-01 -4.749507084488868713e-02 6.538423895835876465e-02
4.192536175251007080e-01 -4.636758193373680115e-02 6.538422405719757080e-02
4.184950590133666992e-01 -4.522868245840072632e-02 6.538422405719757080e-02
4.177311062812805176e-01 -4.408493265509605408e-02 6.538422405719757080e-02
4.170088171958923340e-01 -4.294317215681076050e-02 6.538421660661697388e-02
4.163752794265747070e-01 -4.181024432182312012e-02 6.538421660661697388e-02
4.158775806427001953e-01 -4.069297760725021362e-02 6.538421660661697388e-02
4.155627787113189697e-01 -3.959821164608001709e-02 6.538421660661697388e-02
4.154779911041259766e-01 -3.853278607130050659e-02 6.538421660661697388e-02
4.156693518161773682e-01 -3.750347346067428589e-02 6.538438051939010620e-02
4.161494374275207520e-01 -3.651353716850280762e-02 6.538438051939010620e-02
4.168558716773986816e-01 -3.555870056152343750e-02 6.538438051939010620e-02
4.177180230617523193e-01 -3.463380038738250732e-02 6.538438051939010620e-02
4.186652004718780518e-01 -3.373369574546813965e-02 6.538438051939010620e-02
4.196267426013946533e-01 -3.285322338342666626e-02 6.538438796997070312e-02
4.205388426780700684e-01 -3.198638185858726501e-02 6.538388133049011230e-02
4.213831424713134766e-01 -3.111819364130496979e-02 6.538387387990951538e-02
4.221718907356262207e-01 -3.022931516170501709e-02 6.538387387990951538e-02
4.229162335395812988e-01 -2.930027060210704803e-02 6.538386642932891846e-02
4.236273765563964844e-01 -2.831157296895980835e-02 6.538386642932891846e-02
4.243161380290985107e-01 -2.724377624690532684e-02 6.538382172584533691e-02
4.249989986419677734e-01 -2.610972151160240173e-02 6.538381427526473999e-02
4.257005155086517334e-01 -2.498478628695011139e-02 6.538381427526473999e-02
4.264466762542724609e-01 -2.395204827189445496e-02 6.538380682468414307e-02
4.272634983062744141e-01 -2.309458144009113312e-02 6.538379937410354614e-02
4.281769394874572754e-01 -2.249546162784099579e-02 6.538379937410354614e-02
4.292103052139282227e-01 -2.222617715597152710e-02 6.538399308919906616e-02
4.303475320339202881e-01 -2.225348353385925293e-02 6.538399308919906616e-02
4.315580427646636963e-01 -2.249035984277725220e-02 6.538399308919906616e-02
4.328097403049468994e-01 -2.284912765026092529e-02 6.538398563861846924e-02
4.340705871582031250e-01 -2.324211038649082184e-02 6.538398563861846924e-02
4.353069663047790527e-01 -2.358189970254898071e-02 6.538444757461547852e-02
4.365063905715942383e-01 -2.382230944931507111e-02 6.538444757461547852e-02
4.376828670501708984e-01 -2.399661950767040253e-02 6.538444757461547852e-02
4.388556480407714844e-01 -2.414732053875923157e-02 6.538444757461547852e-02
4.400439560413360596e-01 -2.431691251695156097e-02 6.538444757461547852e-02
4.412670731544494629e-01 -2.454788610339164734e-02 6.538445502519607544e-02
4.425400197505950928e-01 -2.487371116876602173e-02 6.538471579551696777e-02
4.438372552394866943e-01 -2.525148540735244751e-02 6.538472324609756470e-02
4.451144635677337646e-01 -2.559912949800491333e-02 6.538472324609756470e-02
4.463267326354980469e-01 -2.583434246480464935e-02 6.538473069667816162e-02
4.474291205406188965e-01 -2.587482333183288574e-02 6.538473069667816162e-02
4.483764767646789551e-01 -2.563875913619995117e-02 6.538426131010055542e-02
4.491487443447113037e-01 -2.508697472512722015e-02 6.538426131010055542e-02
4.497691988945007324e-01 -2.426180429756641388e-02 6.538426131010055542e-02
4.502664804458618164e-01 -2.321451716125011444e-02 6.538426131010055542e-02
4.506693184375762939e-01 -2.199638262391090393e-02 6.538426131010055542e-02
4.510064423084259033e-01 -2.065867371857166290e-02 6.538426131010055542e-02
4.513064920902252197e-01 -1.925265975296497345e-02 6.538426131010055542e-02
4.515982270240783691e-01 -1.782961003482341766e-02 6.538426131010055542e-02
4.519100487232208252e-01 -1.644081808626651764e-02 6.538420170545578003e-02
4.522650241851806641e-01 -1.512671168893575668e-02 6.538420170545578003e-02
4.526617825031280518e-01 -1.388673298060894012e-02 6.538420170545578003e-02
4.530936777591705322e-01 -1.271053962409496307e-02 6.538420170545578003e-02
4.535540938377380371e-01 -1.158779207617044449e-02 6.538420170545578003e-02
4.540363252162933350e-01 -1.050814799964427948e-02 6.538420170545578003e-02
4.545336961746215820e-01 -9.461265988647937775e-03 6.538420170545578003e-02
4.550395905971527100e-01 -8.436802774667739868e-03 6.538420170545578003e-02
4.555473029613494873e-01 -7.424416951835155487e-03 6.538420170545578003e-02
4.560503661632537842e-01 -6.413757335394620895e-03 6.538427621126174927e-02
4.565442800521850586e-01 -5.394299980252981186e-03 6.538427621126174927e-02
4.570252001285552979e-01 -4.355485551059246063e-03 6.538427621126174927e-02
4.574894607067108154e-01 -3.286744235083460808e-03 6.538427621126174927e-02
4.579332470893859863e-01 -2.177508315071463585e-03 6.538427621126174927e-02
4.583528637886047363e-01 -1.017211354337632656e-03 6.538427621126174927e-02
4.587445557117462158e-01 2.047112357104197145e-04 6.538427621126174927e-02
4.591046571731567383e-01 1.498822355642914772e-03 6.538427621126174927e-02
4.594301283359527588e-01 2.874100580811500549e-03 6.538434326648712158e-02
4.597312211990356445e-01 4.307661205530166626e-03 6.538434326648712158e-02
4.600308835506439209e-01 5.747334100306034088e-03 6.538434326648712158e-02
4.603523612022399902e-01 7.139844354242086411e-03 6.538435071706771851e-02
4.607189595699310303e-01 8.431921713054180145e-03 6.538435071706771851e-02
4.611539840698242188e-01 9.570303373038768768e-03 6.538435071706771851e-02
4.616806209087371826e-01 1.050173118710517883e-02 6.538435071706771851e-02
4.623222351074218750e-01 1.117295399308204651e-02 6.538435071706771851e-02
4.631003737449645996e-01 1.153119094669818878e-02 6.538438796997070312e-02
4.640236794948577881e-01 1.156297232955694199e-02 6.538438796997070312e-02
4.650662839412689209e-01 1.132356189191341400e-02 6.538438796997070312e-02
4.662007391452789307e-01 1.087513659149408340e-02 6.538438796997070312e-02
4.673995375633239746e-01 1.027985848486423492e-02 6.538438796997070312e-02
4.686352908611297607e-01 9.599871933460235596e-03 6.538439542055130005e-02
4.698805212974548340e-01 8.897299878299236298e-03 6.538439542055130005e-02
4.711101949214935303e-01 8.234230801463127136e-03 6.538421660661697388e-02
4.723002612590789795e-01 7.654942106455564499e-03 6.538421660661697388e-02
4.734568297863006592e-01 7.151557132601737976e-03 6.538420915603637695e-02
4.745879471302032471e-01 6.706728599965572357e-03 6.538420915603637695e-02
4.757015705108642578e-01 6.303169298917055130e-03 6.538420915603637695e-02
4.768056273460388184e-01 5.923656281083822250e-03 6.538420915603637695e-02
4.779079556465148926e-01 5.551037844270467758e-03 6.538420915603637695e-02
4.790163040161132812e-01 5.168240983039140701e-03 6.538420915603637695e-02
4.801384210586547852e-01 4.761389456689357758e-03 6.538458168506622314e-02
4.812691509723663330e-01 4.332462791353464127e-03 6.538458168506622314e-02
4.824058413505554199e-01 3.888291539624333382e-03 6.538458913564682007e-02
4.835443794727325439e-01 3.435497637838125229e-03 6.538458913564682007e-02
4.846809506416320801e-01 2.980465535074472427e-03 6.538458913564682007e-02
4.858119785785675049e-01 2.529318444430828094e-03 6.538459658622741699e-02
4.869341254234313965e-01 2.087891800329089165e-03 6.538459658622741699e-02
4.880401790142059326e-01 1.660734298638999462e-03 6.538399308919906616e-02
4.891446232795715332e-01 1.243489561602473259e-03 6.538399308919906616e-02
4.902502894401550293e-01 8.275894797407090664e-04 6.538399308919906616e-02
4.913641214370727539e-01 4.052081494592130184e-04 6.538398563861846924e-02
4.924922883510589600e-01 -3.061062307097017765e-05 6.538398563861846924e-02
4.936399757862091064e-01 -4.858621105086058378e-04 6.538398563861846924e-02
4.948113858699798584e-01 -9.654891910031437874e-04 6.538398563861846924e-02
4.960113465785980225e-01 -1.472515170462429523e-03 6.538423150777816772e-02
4.972234666347503662e-01 -1.995460595935583115e-03 6.538423150777816772e-02
4.984290003776550293e-01 -2.512351842597126961e-03 6.538423150777816772e-02
4.996090531349182129e-01 -3.003649413585662842e-03 6.538423150777816772e-02
5.007478594779968262e-01 -3.452996723353862762e-03 6.538423150777816772e-02
5.018331408500671387e-01 -3.847560612484812737e-03 6.538423895835876465e-02
5.028561949729919434e-01 -4.178373143076896667e-03 6.538423895835876465e-02
5.038135647773742676e-01 -4.441208206117153168e-03 6.538410484790802002e-02
5.047295689582824707e-01 -4.661744926124811172e-03 6.538409739732742310e-02
5.056614875793457031e-01 -4.898427519947290421e-03 6.538409739732742310e-02
5.066590905189514160e-01 -5.202357657253742218e-03 6.538409739732742310e-02
5.077607631683349609e-01 -5.612994078546762466e-03 6.538409739732742310e-02
5.089924335479736328e-01 -6.156879011541604996e-03 6.538409739732742310e-02
5.103659629821777344e-01 -6.846363190561532974e-03 6.538409739732742310e-02
5.118772387504577637e-01 -7.678211200982332230e-03 6.538432836532592773e-02
5.134730339050292969e-01 -8.595886640250682831e-03 6.538432836532592773e-02
5.150195360183715820e-01 -9.463057853281497955e-03 6.538432836532592773e-02
5.164067745208740234e-01 -1.016677636653184891e-02 6.538432836532592773e-02
5.175660848617553711e-01 -1.063667051494121552e-02 6.538432836532592773e-02
5.184749960899353027e-01 -1.084970310330390930e-02 6.538432836532592773e-02
5.191619396209716797e-01 -1.083491835743188858e-02 6.538432836532592773e-02
5.202338099479675293e-01 -1.049411948770284653e-02 6.538423150777816772e-02
5.207576155662536621e-01 -1.030956115573644638e-02 6.538423150777816772e-02
5.212831497192382812e-01 -1.012436859309673309e-02 6.538423150777816772e-02
5.218108892440795898e-01 -9.938383474946022034e-03 6.538423150777816772e-02
5.223411917686462402e-01 -9.751450270414352417e-03 6.538423150777816772e-02
5.228745937347412109e-01 -9.563420899212360382e-03 6.538423150777816772e-02
5.234113931655883789e-01 -9.374151006340980530e-03 6.538423150777816772e-02
5.239520668983459473e-01 -9.183499962091445923e-03 6.538423150777816772e-02
5.244970321655273438e-01 -8.991332724690437317e-03 6.538423150777816772e-02
5.250465869903564453e-01 -8.797521702945232391e-03 6.538423150777816772e-02
5.256011486053466797e-01 -8.601940236985683441e-03 6.538423150777816772e-02
5.261610150337219238e-01 -8.404470048844814301e-03 6.538423150777816772e-02
5.267265439033508301e-01 -8.204997517168521881e-03 6.538423150777816772e-02
5.272980332374572754e-01 -8.003414608538150787e-03 6.538423150777816772e-02
5.278757810592651367e-01 -7.799617946147918701e-03 6.538423150777816772e-02
5.284600853919982910e-01 -7.593512535095214844e-03 6.538423150777816772e-02
5.290511846542358398e-01 -7.385006174445152283e-03 6.538423150777816772e-02
5.296493172645568848e-01 -7.174014579504728317e-03 6.538423150777816772e-02
5.302547812461853027e-01 -6.960459519177675247e-03 6.538423150777816772e-02
5.308676958084106445e-01 -6.744268350303173065e-03 6.538423150777816772e-02
5.314882993698120117e-01 -6.525375414639711380e-03 6.538423150777816772e-02
5.321167707443237305e-01 -6.303720641881227493e-03 6.538423150777816772e-02
5.327532291412353516e-01 -6.079251877963542938e-03 6.538423150777816772e-02
5.333978533744812012e-01 -5.851951427757740021e-03 6.538423150777816772e-02
5.340492725372314453e-01 -5.622233729809522629e-03 6.538423150777816772e-02
5.347055196762084961e-01 -5.390835925936698914e-03 6.538423150777816772e-02
5.353645086288452148e-01 -5.158482119441032410e-03 6.538423150777816772e-02
5.360242724418640137e-01 -4.925871733576059341e-03 6.538423150777816772e-02
5.366828441619873047e-01 -4.693683236837387085e-03 6.538423150777816772e-02
5.373384356498718262e-01 -4.462568555027246475e-03 6.538423150777816772e-02
5.379891395568847656e-01 -4.233156796544790268e-03 6.538423150777816772e-02
5.386334061622619629e-01 -4.006050992757081985e-03 6.538423150777816772e-02
5.392694473266601562e-01 -3.781828563660383224e-03 6.538423150777816772e-02
5.398958325386047363e-01 -3.561040619388222694e-03 6.538423150777816772e-02
5.405109524726867676e-01 -3.344211494550108910e-03 6.538423150777816772e-02
5.411134362220764160e-01 -3.131837816908955574e-03 6.538423150777816772e-02
5.417019724845886230e-01 -2.924388274550437927e-03 6.538423150777816772e-02
5.422753691673278809e-01 -2.722302451729774475e-03 6.538423150777816772e-02
5.428323149681091309e-01 -2.525991527363657951e-03 6.538423150777816772e-02
5.433718562126159668e-01 -2.335835946723818779e-03 6.538423150777816772e-02
5.438929200172424316e-01 -2.152186119928956032e-03 6.538423150777816772e-02
5.443946123123168945e-01 -1.975361490622162819e-03 6.538423150777816772e-02
5.448761582374572754e-01 -1.805650186724960804e-03 6.538423150777816772e-02
5.453367829322814941e-01 -1.643307739868760109e-03 6.538423150777816772e-02
5.457758903503417969e-01 -1.488556852564215660e-03 6.538423150777816772e-02
5.461929440498352051e-01 -1.341587514616549015e-03 6.538423150777816772e-02
5.465874671936035156e-01 -1.202555140480399132e-03 6.538423150777816772e-02
5.469591021537780762e-01 -1.071581267751753330e-03 6.538423150777816772e-02
5.473076701164245605e-01 -9.487519273534417152e-04 6.538423150777816772e-02
5.476329326629638672e-01 -8.341176435351371765e-04 6.538423150777816772e-02
5.479349493980407715e-01 -7.276929100044071674e-04 6.538423150777816772e-02
5.482137203216552734e-01 -6.294550839811563492e-04 6.538423150777816772e-02
5.484694242477416992e-01 -5.393444444052875042e-04 6.538423150777816772e-02
5.487023591995239258e-01 -4.572631441988050938e-04 6.538423150777816772e-02
5.489128828048706055e-01 -3.830748028121888638e-04 6.538423150777816772e-02
5.491015315055847168e-01 -3.166039532516151667e-04 6.538423150777816772e-02
5.492688417434692383e-01 -2.576354600023478270e-04 6.538423150777816772e-02
5.494156479835510254e-01 -2.059138350887224078e-04 6.538423150777816772e-02
5.495427250862121582e-01 -1.611427433090284467e-04 6.538423150777816772e-02
5.496510267257690430e-01 -1.229844201589003205e-04 6.538423150777816772e-02
5.497416257858276367e-01 -9.105909703066572547e-05 6.538423150777816772e-02
5.498157143592834473e-01 -6.494435365311801434e-05 6.538423150777816772e-02
5.498746633529663086e-01 -4.417460513650439680e-05 6.538423150777816772e-02
5.499199032783508301e-01 -2.824051443894859403e-05 6.538423150777816772e-02
5.499529242515563965e-01 -1.658836845308542252e-05 6.538423150777816772e-02
5.499755740165710449e-01 -8.619535947218537331e-06 6.538423150777816772e-02
5.499895811080932617e-01 -3.689901859615929425e-06 6.538423150777816772e-02
5.499968528747558594e-01 -1.109227014239877462e-06 6.538423150777816772e-02
5.499996542930603027e-01 -1.406388037139549851e-07 6.538423150777816772e-02
