1.260076910257339478e-01
1.260076165199279785e-01
1.260076314210891724e-01
1.260077208280563354e-01
1.256146281957626343e-01
1.252019256353378296e-01
1.242452710866928101e-01
1.235340535640716553e-01
1.231182888150215149e-01
1.228531301021575928e-01
1.220950037240982056e-01
1.219464391469955444e-01
1.215110719203948975e-01
1.212245002388954163e-01
1.204928457736968994e-01
1.205075234174728394e-01
1.197919771075248718e-01
1.195037215948104858e-01
1.191097497940063477e-01
1.187738627195358276e-01
1.184713318943977356e-01
1.180283278226852417e-01
1.176640391349792480e-01
1.172519400715827942e-01
1.166570335626602173e-01
1.163135096430778503e-01
1.163917854428291321e-01
1.149750277400016785e-01
1.142779886722564697e-01
1.139617115259170532e-01
1.133443564176559448e-01
1.127134710550308228e-01
1.118832677602767944e-01
1.111905425786972046e-01
1.106664165854454041e-01
1.101555898785591125e-01
1.095815151929855347e-01
1.098786965012550354e-01
1.091415360569953918e-01
1.068997010588645935e-01
1.059079915285110474e-01
1.039268895983695984e-01
1.007105112075805664e-01
1.000715345144271851e-01
9.571490436792373657e-02
9.481595456600189209e-02
9.110974520444869995e-02
8.648543059825897217e-02
8.713530004024505615e-02
8.542838692665100098e-02
7.942220568656921387e-02
7.911796867847442627e-02
7.828273624181747437e-02
7.892508804798126221e-02
7.882235199213027954e-02
7.773654907941818237e-02
7.729903608560562134e-02
7.635760307312011719e-02
7.565183937549591064e-02
7.424562424421310425e-02
7.383590936660766602e-02
7.335039228200912476e-02
7.293959707021713257e-02
7.294053584337234497e-02
7.295998930931091309e-02
7.292091846466064453e-02
7.293422520160675049e-02
7.293722033500671387e-02
7.293742895126342773e-02
7.293721288442611694e-02
7.293774187564849854e-02
7.293771952390670776e-02
7.293782383203506470e-02
7.293775677680969238e-02
7.293762266635894775e-02
7.293768972158432007e-02
7.293771207332611084e-02
7.293774932622909546e-02
7.293760776519775391e-02
7.293761521577835083e-02
7.293762266635894775e-02
7.293749600648880005e-02
7.293750345706939697e-02
7.293748110532760620e-02
7.293748855590820312e-02
7.293748110532760620e-02
7.293747365474700928e-02
7.284929603338241577e-02
7.141846418380737305e-02
7.020635902881622314e-02
7.072864472866058350e-02
7.621628046035766602e-02
7.611493021249771118e-02
7.570211589336395264e-02
7.714036107063293457e-02
7.690517604351043701e-02
7.931130379438400269e-02
7.929641008377075195e-02
7.896658778190612793e-02
7.748942077159881592e-02
7.618470489978790283e-02
7.572533190250396729e-02
7.325826585292816162e-02
7.238987088203430176e-02
7.015461474657058716e-02
6.827738881111145020e-02
6.748636811971664429e-02
6.483367085456848145e-02
6.392206251621246338e-02
6.360834091901779175e-02
6.042102351784706116e-02
6.038407608866691589e-02
5.997183546423912048e-02
5.696202069520950317e-02
5.701104551553726196e-02
5.589196830987930298e-02
5.356350913643836975e-02
5.363857746124267578e-02
5.258382111787796021e-02
5.068946257233619690e-02
5.021324008703231812e-02
4.794947430491447449e-02
4.585736617445945740e-02
4.345848411321640015e-02
4.322718083858489990e-02
4.027291014790534973e-02
3.969648107886314392e-02
3.857238963246345520e-02
3.654972463846206665e-02
3.584940358996391296e-02
3.399163112044334412e-02
3.151814267039299011e-02
3.154332935810089111e-02
2.835239097476005554e-02
2.762762084603309631e-02
2.462897263467311859e-02
2.460018545389175415e-02
2.182513661682605743e-02
2.130900695919990540e-02
2.111992612481117249e-02
1.948485895991325378e-02
1.777570880949497223e-02
1.451023668050765991e-02
1.284517347812652588e-02
1.019233465194702148e-02
7.699133828282356262e-03
5.669185426086187363e-03
4.784994758665561676e-03
1.359523623250424862e-03
7.941080839373171329e-04
1.617696718312799931e-03
4.871603101491928101e-03
6.332670338451862335e-03
6.568985059857368469e-03
7.829952053725719452e-03
1.152087096124887466e-02
1.310695055872201920e-02
1.359829585999250412e-02
1.691906526684761047e-02
1.743069849908351898e-02
1.967483758926391602e-02
2.153742313385009766e-02
2.356502786278724670e-02
2.534105256199836731e-02
2.524544857442378998e-02
3.068652004003524780e-02
3.228211030364036560e-02
3.209009021520614624e-02
3.552435338497161865e-02
3.551802039146423340e-02
3.486815467476844788e-02
3.664492070674896240e-02
3.923673182725906372e-02
3.969673439860343933e-02
4.180686548352241516e-02
4.435664787888526917e-02
4.464684054255485535e-02
4.832312092185020447e-02
4.950007423758506775e-02
5.060360580682754517e-02
5.260386690497398376e-02
5.375691503286361694e-02
5.643516778945922852e-02
5.766839534044265747e-02
6.050229817628860474e-02
6.065479293465614319e-02
6.365305185317993164e-02
6.449911743402481079e-02
6.479811668395996094e-02
6.727387756109237671e-02
6.780001521110534668e-02
7.132119685411453247e-02
7.197210192680358887e-02
7.382393628358840942e-02
7.403192669153213501e-02
7.528754323720932007e-02
7.685935497283935547e-02
7.972637563943862915e-02
7.991794496774673462e-02
8.147351443767547607e-02
8.135752379894256592e-02
8.466101437807083130e-02
8.622089773416519165e-02
8.587151020765304565e-02
8.421603590250015259e-02
8.376056700944900513e-02
8.251723647117614746e-02
8.120176941156387329e-02
8.088348060846328735e-02
8.036443591117858887e-02
7.916188240051269531e-02
7.784124463796615601e-02
7.729128003120422363e-02
7.578744739294052124e-02
7.534084469079971313e-02
7.468270510435104370e-02
7.336113601922988892e-02
7.216914743185043335e-02
7.145137339830398560e-02
6.975094974040985107e-02
6.891543418169021606e-02
6.672332435846328735e-02
6.535111367702484131e-02
6.554294377565383911e-02
6.283658742904663086e-02
6.178657338023185730e-02
6.090650334954261780e-02
5.842574685811996460e-02
5.809307843446731567e-02
5.534736439585685730e-02
5.480759590864181519e-02
5.339100584387779236e-02
5.098359286785125732e-02
5.029534548521041870e-02
4.914637655019760132e-02
4.774044081568717957e-02
4.653922840952873230e-02
4.587722569704055786e-02
4.332934692502021790e-02
4.064295440912246704e-02
3.993407636880874634e-02
3.816183283925056458e-02
3.660474717617034912e-02
3.621285781264305115e-02
3.140561282634735107e-02
3.058453090488910675e-02
2.949485555291175842e-02
2.676478400826454163e-02
2.574880979955196381e-02
2.323174290359020233e-02
2.217382378876209259e-02
2.235416695475578308e-02
2.187898382544517517e-02
1.950588822364807129e-02
1.826510205864906311e-02
1.732804998755455017e-02
1.472302898764610291e-02
1.242597308009862900e-02
1.032430306077003479e-02
6.720898207277059555e-03
5.208310671150684357e-03
4.219774156808853149e-03
2.477832371369004250e-03
1.342762960121035576e-03
2.104478655382990837e-03
2.882036613300442696e-03
6.093554664403200150e-03
7.239307742565870285e-03
9.877470321953296661e-03
1.076200883835554123e-02
1.254815421998500824e-02
1.522620581090450287e-02
1.607669703662395477e-02
1.893649995326995850e-02
2.011385187506675720e-02
2.177665755152702332e-02
2.421471104025840759e-02
2.593022584915161133e-02
2.732060290873050690e-02
2.841217815876007080e-02
2.993878349661827087e-02
3.197504580020904541e-02
3.337408974766731262e-02
3.502721711993217468e-02
3.616619855165481567e-02
3.743207827210426331e-02
4.139400646090507507e-02
4.144382104277610779e-02
4.462473466992378235e-02
4.580196738243103027e-02
4.857619479298591614e-02
4.973595961928367615e-02
5.212622508406639099e-02
5.358660966157913208e-02
5.422221869230270386e-02
5.705788731575012207e-02
5.786687135696411133e-02
5.998368188738822937e-02
6.224776431918144226e-02
6.211660802364349365e-02
6.246715039014816284e-02
6.596550345420837402e-02
6.696420162916183472e-02
6.788010150194168091e-02
6.673339009284973145e-02
6.318795680999755859e-02
6.161314249038696289e-02
6.130081042647361755e-02
5.783673003315925598e-02
5.730898678302764893e-02
5.729709193110466003e-02
5.518632754683494568e-02
5.340029299259185791e-02
5.263204127550125122e-02
4.953651130199432373e-02
4.896037653088569641e-02
4.729093238711357117e-02
4.506156221032142639e-02
4.334653913974761963e-02
4.131042584776878357e-02
4.078502953052520752e-02
3.956857323646545410e-02
3.772615641355514526e-02
3.722033649682998657e-02
3.720491379499435425e-02
3.724332898855209351e-02
3.724559769034385681e-02
3.724722191691398621e-02
3.724901750683784485e-02
3.718822821974754333e-02
3.297007456421852112e-02
3.099120967090129852e-02
3.120701760053634644e-02
3.112237900495529175e-02
3.118360787630081177e-02
3.117159754037857056e-02
3.116888366639614105e-02
3.123625926673412323e-02
3.349579125642776489e-02
3.365715965628623962e-02
3.359362110495567322e-02
3.365993127226829529e-02
3.361223265528678894e-02
3.265737369656562805e-02
2.828416973352432251e-02
2.798478305339813232e-02
2.586456388235092163e-02
2.416356094181537628e-02
2.256532758474349976e-02
2.240671962499618530e-02
2.229667082428932190e-02
2.081498689949512482e-02
2.065909840166568756e-02
1.931077241897583008e-02
2.138346247375011444e-02
2.094519510865211487e-02
2.004897966980934143e-02
1.597507297992706299e-02
1.402506884187459946e-02
1.233300939202308655e-02
1.281344611197710037e-02
1.288101635873317719e-02
8.254405111074447632e-03
6.313268560916185379e-03
8.797161281108856201e-03
5.953272338956594467e-03
2.616283018141984940e-03
3.519586753100156784e-03
5.028377752751111984e-03
5.665824748575687408e-03
8.785888552665710449e-03
6.738105788826942444e-03
5.760540254414081573e-03
1.185390539467334747e-02
1.289993990212678909e-02
1.594549231231212616e-02
1.897373236715793610e-02
1.969677768647670746e-02
2.150696702301502228e-02
2.426044084131717682e-02
2.545910142362117767e-02
2.614912576973438263e-02
3.011982887983322144e-02
3.065527789294719696e-02
3.299212455749511719e-02
3.390084952116012573e-02
3.426678478717803955e-02
3.786994516849517822e-02
3.871195018291473389e-02
3.944472223520278931e-02
4.190857335925102234e-02
4.469947144389152527e-02
4.525423422455787659e-02
4.708214104175567627e-02
4.869460687041282654e-02
5.129715800285339355e-02
5.127439647912979126e-02
5.435313284397125244e-02
5.545160174369812012e-02
5.746751278638839722e-02
5.764330551028251648e-02
5.965845659375190735e-02
6.231114640831947327e-02
6.252678483724594116e-02
6.607370078563690186e-02
6.598998606204986572e-02
6.773927807807922363e-02
6.931272149085998535e-02
6.855154037475585938e-02
6.758304685354232788e-02
6.695724278688430786e-02
6.539272516965866089e-02
6.431040167808532715e-02
6.403012573719024658e-02
6.247679144144058228e-02
6.123542785644531250e-02
5.922280624508857727e-02
5.856374651193618774e-02
5.742458999156951904e-02
5.629835277795791626e-02
5.618620663881301880e-02
5.435114353895187378e-02
5.341051518917083740e-02
5.256148055195808411e-02
5.173170194029808044e-02
4.984176531434059143e-02
4.986456409096717834e-02
4.816641286015510559e-02
4.759813845157623291e-02
4.730806499719619751e-02
4.652715846896171570e-02
4.447219520807266235e-02
4.391400516033172607e-02
4.265441745519638062e-02
4.216022416949272156e-02
4.126182571053504944e-02
3.883679583668708801e-02
3.827605023980140686e-02
3.657581284642219543e-02
3.621756285429000854e-02
3.531399369239807129e-02
3.442044556140899658e-02
3.206192329525947571e-02
3.159420937299728394e-02
3.125058114528656006e-02
2.927510812878608704e-02
2.883421070873737335e-02
2.684919163584709167e-02
2.583174407482147217e-02
2.347059175372123718e-02
2.299198321998119354e-02
2.320585027337074280e-02
2.280359156429767609e-02
2.071310393512248993e-02
1.972100697457790375e-02
1.938083209097385406e-02
1.647047698497772217e-02
1.564353704452514648e-02
1.378834620118141174e-02
1.268113031983375549e-02
1.102526392787694931e-02
1.094532106071710587e-02
8.769894950091838837e-03
8.282338269054889679e-03
5.912708118557929993e-03
5.472031421959400177e-03
5.004669539630413055e-03
3.880778793245553970e-03
3.379700705409049988e-03
3.377817571163177490e-03
3.292605280876159668e-03
3.810692112892866135e-03
9.967362275347113609e-04
3.319802694022655487e-03
2.079497789964079857e-03
4.678208380937576294e-03
2.380090299993753433e-03
4.372677765786647797e-03
6.073181983083486557e-03
5.206745117902755737e-03
7.065438199788331985e-03
7.459078915417194366e-03
9.844079613685607910e-03
1.083607412874698639e-02
1.104158721864223480e-02
1.427767146378755569e-02
1.505716890096664429e-02
1.629680581390857697e-02
1.689700409770011902e-02
1.767273992300033569e-02
1.761326566338539124e-02
1.763095520436763763e-02
1.759236305952072144e-02
1.765204221010208130e-02
1.772481575608253479e-02
1.782904937863349915e-02
1.783039234578609467e-02
1.809294521808624268e-02
1.808933354914188385e-02
1.831988245248794556e-02
1.839370653033256531e-02
1.861454173922538757e-02
1.884458959102630615e-02
1.932356879115104675e-02
1.932931691408157349e-02
1.961648650467395782e-02
1.988258585333824158e-02
2.020453475415706635e-02
2.078521251678466797e-02
2.084226347506046295e-02
2.115874178707599640e-02
2.153799310326576233e-02
2.223620563745498657e-02
2.256077900528907776e-02
2.266945503652095795e-02
2.311032265424728394e-02
2.344693802297115326e-02
2.344693802297115326e-02
2.354352362453937531e-02
2.475126460194587708e-02
2.514131367206573486e-02
2.543994225561618805e-02
2.608059532940387726e-02
2.653476595878601074e-02
2.696180529892444611e-02
2.752192690968513489e-02
2.823644131422042847e-02
2.841222845017910004e-02
2.887150086462497711e-02
2.934836782515048981e-02
2.993191778659820557e-02
3.040331602096557617e-02
3.082975745201110840e-02
3.139781951904296875e-02
3.243247792124748230e-02
3.272106871008872986e-02
3.325268626213073730e-02
3.351747244596481323e-02
3.435399383306503296e-02
3.445811197161674500e-02
3.536527976393699646e-02
3.558263555169105530e-02
3.653115779161453247e-02
3.652205318212509155e-02
3.743811696767807007e-02
3.792397305369377136e-02
3.812057152390480042e-02
3.848436102271080017e-02
3.914256393909454346e-02
3.976265713572502136e-02
3.971801325678825378e-02
4.008594155311584473e-02
4.027464985847473145e-02
4.145171493291854858e-02
4.200509935617446899e-02
4.291532933712005615e-02
4.340970516204833984e-02
4.435881227254867554e-02
4.466973990201950073e-02
4.508971050381660461e-02
4.517180845141410828e-02
4.621529206633567810e-02
4.664099216461181641e-02
4.764664173126220703e-02
4.804407805204391479e-02
4.854026436805725098e-02
4.954161122441291809e-02
4.979277774691581726e-02
5.014105513691902161e-02
5.074219033122062683e-02
5.117937549948692322e-02
5.202638730406761169e-02
5.234852433204650879e-02
5.328543111681938171e-02
5.340095609426498413e-02
5.437444895505905151e-02
5.455455929040908813e-02
5.530546605587005615e-02
5.565067008137702942e-02
5.586468055844306946e-02
5.637378245592117310e-02
5.673017725348472595e-02
5.727824196219444275e-02
5.728812143206596375e-02
5.823407694697380066e-02
5.885895341634750366e-02
5.910808593034744263e-02
5.957077816128730774e-02
6.018986552953720093e-02
6.052826717495918274e-02
6.100576743483543396e-02
6.125187501311302185e-02
6.211186200380325317e-02
6.252870708703994751e-02
6.341195106506347656e-02
6.362396478652954102e-02
6.397557258605957031e-02
6.442695111036300659e-02
6.533814221620559692e-02
6.539322435855865479e-02
6.567019224166870117e-02
6.625474244356155396e-02
6.740369647741317749e-02
6.768266856670379639e-02
6.792680174112319946e-02
6.877576559782028198e-02
6.887120008468627930e-02
6.974886357784271240e-02
7.018304616212844849e-02
7.032661885023117065e-02
7.063481956720352173e-02
7.120285183191299438e-02
7.200860232114791870e-02
7.240279763936996460e-02
7.278325408697128296e-02
7.351580262184143066e-02
7.390509545803070068e-02
7.444810867309570312e-02
7.542321830987930298e-02
7.539751380681991577e-02
7.591195404529571533e-02
7.648336887359619141e-02
7.733892649412155151e-02
7.748439908027648926e-02
7.797421514987945557e-02
7.863888144493103027e-02
7.900484651327133179e-02
7.934665679931640625e-02
7.968046516180038452e-02
8.052694797515869141e-02
8.124133944511413574e-02
8.172089606523513794e-02
8.244261890649795532e-02
8.271143585443496704e-02
8.354792743921279907e-02
8.367780596017837524e-02
8.378987759351730347e-02
8.477347344160079956e-02
8.523920178413391113e-02
8.561658859252929688e-02
8.623873442411422729e-02
8.653468638658523560e-02
8.790060132741928101e-02
8.815128356218338013e-02
8.841916918754577637e-02
8.940241485834121704e-02
8.989187330007553101e-02
9.001774340867996216e-02
9.096242487430572510e-02
9.107038378715515137e-02
9.153655916452407837e-02
9.157768636941909790e-02
9.162567555904388428e-02
9.215264022350311279e-02
9.314387291669845581e-02
9.347309917211532593e-02
9.464815258979797363e-02
9.546821564435958862e-02
9.618435800075531006e-02
9.644675254821777344e-02
9.678015112876892090e-02
9.768246114253997803e-02
9.825559705495834351e-02
9.864573925733566284e-02
9.911773353815078735e-02
1.000736802816390991e-01
1.003484353423118591e-01
1.011229157447814941e-01
1.018162816762924194e-01
1.018033474683761597e-01
1.018142029643058777e-01
1.033947467803955078e-01
1.035444214940071106e-01
1.039681583642959595e-01
1.045790761709213257e-01
1.050820499658584595e-01
1.057972162961959839e-01
1.062815412878990173e-01
1.071087941527366638e-01
1.074634790420532227e-01
1.080323532223701477e-01
1.085140034556388855e-01
1.091062799096107483e-01
1.096691116690635681e-01
1.106858700513839722e-01
1.107723489403724670e-01
1.112077683210372925e-01
1.122468933463096619e-01
1.124398410320281982e-01
1.128944829106330872e-01
1.137894541025161743e-01
1.140994951128959656e-01
1.145690232515335083e-01
1.153268441557884216e-01
1.157852262258529663e-01
1.163169816136360168e-01
1.170919612050056458e-01
1.174746602773666382e-01
1.176692694425582886e-01
1.186113208532333374e-01
1.189731955528259277e-01
1.198247745633125305e-01
1.204771995544433594e-01
1.209800094366073608e-01
1.214361861348152161e-01
1.224054768681526184e-01
1.225404813885688782e-01
1.230071485042572021e-01
1.237985864281654358e-01
1.241907253861427307e-01
1.247171387076377869e-01
1.259857118129730225e-01
1.262211203575134277e-01
1.267895996570587158e-01
1.272823363542556763e-01
1.277551352977752686e-01
1.282254159450531006e-01
1.290126293897628784e-01
1.298246979713439941e-01
1.299826800823211670e-01
1.299653649330139160e-01
1.311822235584259033e-01
1.315824538469314575e-01
1.322554945945739746e-01
1.324805915355682373e-01
1.334978938102722168e-01
1.338611990213394165e-01
1.348874419927597046e-01
1.351347267627716064e-01
1.354053318500518799e-01
1.363114416599273682e-01
1.372158825397491455e-01
1.375908404588699341e-01
1.383902728557586670e-01
1.386257857084274292e-01
1.395311802625656128e-01
1.399834752082824707e-01
1.402811557054519653e-01
1.407727003097534180e-01
1.413825750350952148e-01
1.419416069984436035e-01
1.423932462930679321e-01
1.427735835313796997e-01
1.442552655935287476e-01
1.444460600614547729e-01
1.452482044696807861e-01
1.456809192895889282e-01
1.460406482219696045e-01
1.462975740432739258e-01
1.472454667091369629e-01
1.471729278564453125e-01
1.471692323684692383e-01
1.474099010229110718e-01
1.478966027498245239e-01
1.487637609243392944e-01
1.493283361196517944e-01
1.496149152517318726e-01
1.506655216217041016e-01
1.507070958614349365e-01
1.517293900251388550e-01
1.520821303129196167e-01
1.526106446981430054e-01
1.530877798795700073e-01
1.535960584878921509e-01
1.539971232414245605e-01
1.545589864253997803e-01
1.556154340505599976e-01
1.561401933431625366e-01
1.562446206808090210e-01
1.570858359336853027e-01
1.573794037103652954e-01
1.580237001180648804e-01
1.585576832294464111e-01
1.593930274248123169e-01
1.596868783235549927e-01
1.607243567705154419e-01
1.613562703132629395e-01
1.615895777940750122e-01
1.620140522718429565e-01
1.630535423755645752e-01
1.635607481002807617e-01
1.637860536575317383e-01
1.643440425395965576e-01
1.648078411817550659e-01
1.651971042156219482e-01
1.661147177219390869e-01
1.665799766778945923e-01
1.669406741857528687e-01
1.674317866563796997e-01
1.679423749446868896e-01
1.685103625059127808e-01
1.691833287477493286e-01
1.697638183832168579e-01
1.697252541780471802e-01
1.707984209060668945e-01
1.710827350616455078e-01
1.719929128885269165e-01
1.728936135768890381e-01
1.734463125467300415e-01
1.737255603075027466e-01
1.747548580169677734e-01
1.749946624040603638e-01
1.753181368112564087e-01
1.757460236549377441e-01
1.762976497411727905e-01
1.769919991493225098e-01
1.776103973388671875e-01
1.784187108278274536e-01
1.789478659629821777e-01
1.795366406440734863e-01
1.796973347663879395e-01
1.801500171422958374e-01
1.806566566228866577e-01
1.812457889318466187e-01
1.816006302833557129e-01
1.827327907085418701e-01
1.830694973468780518e-01
1.837508827447891235e-01
1.839417219161987305e-01
1.847531944513320923e-01
1.848751753568649292e-01
1.856812685728073120e-01
1.861380785703659058e-01
1.865666210651397705e-01
1.869951337575912476e-01
1.874372512102127075e-01
1.878043115139007568e-01
1.890516132116317749e-01
1.893363893032073975e-01
1.899093538522720337e-01
1.904054135084152222e-01
1.906477212905883789e-01
1.910340636968612671e-01
1.919658184051513672e-01
1.922285854816436768e-01
1.924780905246734619e-01
1.932059377431869507e-01
1.936840265989303589e-01
1.943757832050323486e-01
1.948793083429336548e-01
1.949412971735000610e-01
1.957794874906539917e-01
1.961759924888610840e-01
1.967224329710006714e-01
1.968293786048889160e-01
1.972791552543640137e-01
1.981034278869628906e-01
1.987257450819015503e-01
1.992116719484329224e-01
1.994262635707855225e-01
1.996978670358657837e-01
2.003139406442642212e-01
2.006464898586273193e-01
2.007890641689300537e-01
2.014581859111785889e-01
2.021177262067794800e-01
2.029032558202743530e-01
2.030980437994003296e-01
2.034726738929748535e-01
2.044417709112167358e-01
2.045625597238540649e-01
2.054524868726730347e-01
2.054018527269363403e-01
2.057636380195617676e-01
2.064546346664428711e-01
2.071845382452011108e-01
2.073371112346649170e-01
2.082047462463378906e-01
2.082878649234771729e-01
2.084091305732727051e-01
2.086334079504013062e-01
2.088585048913955688e-01
2.090663760900497437e-01
2.091351449489593506e-01
2.095033824443817139e-01
2.097268402576446533e-01
2.098422348499298096e-01
2.100354284048080444e-01
2.102665603160858154e-01
2.103686779737472534e-01
2.105279415845870972e-01
2.111014276742935181e-01
2.112413346767425537e-01
2.113987952470779419e-01
2.116207480430603027e-01
2.117481082677841187e-01
2.119006216526031494e-01
2.122912704944610596e-01
2.124573588371276855e-01
2.126825898885726929e-01
2.127914279699325562e-01
2.129935622215270996e-01
2.132770121097564697e-01
2.134528160095214844e-01
2.138541042804718018e-01
2.140339910984039307e-01
2.142417728900909424e-01
2.143033295869827271e-01
2.145166695117950439e-01
2.146577239036560059e-01
2.149331718683242798e-01
2.153288871049880981e-01
2.154891192913055420e-01
2.156629264354705811e-01
2.158350646495819092e-01
2.159496843814849854e-01
2.161953449249267578e-01
2.164246588945388794e-01
2.166401594877243042e-01
2.168921828269958496e-01
2.172365337610244751e-01
2.174029499292373657e-01
2.175337970256805420e-01
2.179097980260848999e-01
2.180241793394088745e-01
2.181850075721740723e-01
2.181782871484756470e-01
2.182196676731109619e-01
2.180526852607727051e-01
2.179684340953826904e-01
2.176495045423507690e-01
2.176935672760009766e-01
2.176224589347839355e-01
2.173656076192855835e-01
2.171689718961715698e-01
2.171855419874191284e-01
2.170147895812988281e-01
2.170563042163848877e-01
2.168288677930831909e-01
2.167848944664001465e-01
2.166859656572341919e-01
2.165674567222595215e-01
2.165203094482421875e-01
2.163035720586776733e-01
2.163482010364532471e-01
2.161423712968826294e-01
2.160354554653167725e-01
2.159622907638549805e-01
2.158441394567489624e-01
2.157313674688339233e-01
2.154947668313980103e-01
2.153914719820022583e-01
2.152953892946243286e-01
2.153140604496002197e-01
2.151450812816619873e-01
2.150001078844070435e-01
2.147752344608306885e-01
2.147676497697830200e-01
2.147446274757385254e-01
2.146200537681579590e-01
2.145415693521499634e-01
2.145390212535858154e-01
2.145508080720901489e-01
2.145366817712783813e-01
2.142318189144134521e-01
2.140794992446899414e-01
2.141333371400833130e-01
2.140975892543792725e-01
2.140537500381469727e-01
2.137181907892227173e-01
2.136464416980743408e-01
2.135613560676574707e-01
2.135423570871353149e-01
2.133518904447555542e-01
2.132439166307449341e-01
2.131673544645309448e-01
2.129157930612564087e-01
2.128332853317260742e-01
2.128489911556243896e-01
2.126823067665100098e-01
2.126424014568328857e-01
2.124832123517990112e-01
2.124490141868591309e-01
2.122926265001296997e-01
2.120621949434280396e-01
2.120662480592727661e-01
2.120685726404190063e-01
2.119214087724685669e-01
2.117954492568969727e-01
2.117486447095870972e-01
2.116551399230957031e-01
2.115500569343566895e-01
2.113496065139770508e-01
2.111323624849319458e-01
2.111149877309799194e-01
2.110320031642913818e-01
2.109690606594085693e-01
2.108897119760513306e-01
2.108815908432006836e-01
2.108655720949172974e-01
2.106300741434097290e-01
2.104831933975219727e-01
2.104862779378890991e-01
2.102120667695999146e-01
2.101650238037109375e-01
2.101934999227523804e-01
2.099990099668502808e-01
2.099551111459732056e-01
2.098536640405654907e-01
2.097830623388290405e-01
2.097176909446716309e-01
2.096863538026809692e-01
2.092940062284469604e-01
2.094108909368515015e-01
2.092177718877792358e-01
2.092410326004028320e-01
2.091399133205413818e-01
2.090670168399810791e-01
2.090790718793869019e-01
2.088464796543121338e-01
2.086822837591171265e-01
2.088153213262557983e-01
2.087637335062026978e-01
2.085551470518112183e-01
2.084184288978576660e-01
2.084774672985076904e-01
2.083416730165481567e-01
2.082610130310058594e-01
2.082468420267105103e-01
2.081384956836700439e-01
2.080563753843307495e-01
2.079992890357971191e-01
2.079520523548126221e-01
2.078842371702194214e-01
2.077522575855255127e-01
2.076955735683441162e-01
2.075887322425842285e-01
2.075451910495758057e-01
2.076076269149780273e-01
2.074053734540939331e-01
2.073436975479125977e-01
2.072939127683639526e-01
2.073420286178588867e-01
2.071814835071563721e-01
