3.780464529991149902e-01 -4.511298239231109619e-01 6.499999761581420898e-02
3.784424960613250732e-01 -4.510164260864257812e-01 6.499999761581420898e-02
3.788385391235351562e-01 -4.509030282497406006e-01 6.499999761581420898e-02
3.792346119880676270e-01 -4.507896304130554199e-01 6.499999761581420898e-02
3.796306550502777100e-01 -4.506762325763702393e-01 6.499999761581420898e-02
3.800266981124877930e-01 -4.505628347396850586e-01 6.499999761581420898e-02
3.804227411746978760e-01 -4.504494369029998779e-01 6.499999761581420898e-02
3.808187842369079590e-01 -4.503360390663146973e-01 6.499999761581420898e-02
3.812148571014404297e-01 -4.502226412296295166e-01 6.499999761581420898e-02
3.816109001636505127e-01 -4.501092433929443359e-01 6.499999761581420898e-02
3.820069432258605957e-01 -4.499958455562591553e-01 6.499999761581420898e-02
3.824029862880706787e-01 -4.498824477195739746e-01 6.499999761581420898e-02
3.827990293502807617e-01 -4.497690498828887939e-01 6.499999761581420898e-02
3.831951022148132324e-01 -4.496556520462036133e-01 6.499999761581420898e-02
3.835911452770233154e-01 -4.495422542095184326e-01 6.499999761581420898e-02
3.839871883392333984e-01 -4.494288563728332520e-01 6.499999761581420898e-02
3.843832314014434814e-01 -4.493154585361480713e-01 6.499999761581420898e-02
3.847792744636535645e-01 -4.492020606994628906e-01 6.499999761581420898e-02
3.851753473281860352e-01 -4.490886628627777100e-01 6.499999761581420898e-02
3.855713903903961182e-01 -4.489752650260925293e-01 6.499999761581420898e-02
3.859674334526062012e-01 -4.488618671894073486e-01 6.499999761581420898e-02
3.863634765148162842e-01 -4.487484693527221680e-01 6.499999761581420898e-02
3.867595493793487549e-01 -4.486350715160369873e-01 6.499999761581420898e-02
3.871555924415588379e-01 -4.485216736793518066e-01 6.499999761581420898e-02
3.877068161964416504e-01 -4.483494460582733154e-01 6.499999761581420898e-02
3.883098065853118896e-01 -4.481575787067413330e-01 6.499999761581420898e-02
3.889128267765045166e-01 -4.479657113552093506e-01 6.499999761581420898e-02
3.895158171653747559e-01 -4.477738738059997559e-01 6.499999761581420898e-02
3.901188075542449951e-01 -4.475820064544677734e-01 6.499999761581420898e-02
3.907217979431152344e-01 -4.473901391029357910e-01 6.499999761581420898e-02
3.913248181343078613e-01 -4.471982717514038086e-01 6.499999761581420898e-02
3.919278085231781006e-01 -4.470064342021942139e-01 6.499999761581420898e-02
3.925307989120483398e-01 -4.468145668506622314e-01 6.499999761581420898e-02
3.931338191032409668e-01 -4.466226994991302490e-01 6.499999761581420898e-02
3.937368094921112061e-01 -4.464308619499206543e-01 6.499999761581420898e-02
3.943397998809814453e-01 -4.462389945983886719e-01 6.499999761581420898e-02
3.949427902698516846e-01 -4.460471272468566895e-01 6.499999761581420898e-02
3.955458104610443115e-01 -4.458552598953247070e-01 6.499999761581420898e-02
3.961488008499145508e-01 -4.456634223461151123e-01 6.499999761581420898e-02
3.967517912387847900e-01 -4.454715549945831299e-01 6.499999761581420898e-02
3.973548114299774170e-01 -4.452796876430511475e-01 6.499999761581420898e-02
3.979578018188476562e-01 -4.450878500938415527e-01 6.499999761581420898e-02
3.985607922077178955e-01 -4.448959827423095703e-01 6.499999761581420898e-02
3.991638123989105225e-01 -4.447041153907775879e-01 6.499999761581420898e-02
3.997668027877807617e-01 -4.445122480392456055e-01 6.499999761581420898e-02
4.003024697303771973e-01 -4.442996382713317871e-01 6.499999761581420898e-02
4.008329510688781738e-01 -4.440853893756866455e-01 6.499999761581420898e-02
4.013634324073791504e-01 -4.438711702823638916e-01 6.499999761581420898e-02
4.018939137458801270e-01 -4.436569213867187500e-01 6.499999761581420898e-02
4.024243950843811035e-01 -4.434427022933959961e-01 6.499999761581420898e-02
4.029548466205596924e-01 -4.432284832000732422e-01 6.499999761581420898e-02
4.034853279590606689e-01 -4.430142343044281006e-01 6.499999761581420898e-02
4.040158092975616455e-01 -4.428000152111053467e-01 6.499999761581420898e-02
4.045462906360626221e-01 -4.425857663154602051e-01 6.499999761581420898e-02
4.050767719745635986e-01 -4.423715472221374512e-01 6.499999761581420898e-02
4.056072235107421875e-01 -4.421572983264923096e-01 6.499999761581420898e-02
4.061377048492431641e-01 -4.419430792331695557e-01 6.499999761581420898e-02
4.066681861877441406e-01 -4.417288303375244141e-01 6.499999761581420898e-02
4.071986675262451172e-01 -4.415146112442016602e-01 6.499999761581420898e-02
4.077291488647460938e-01 -4.413003921508789062e-01 6.499999761581420898e-02
4.082596004009246826e-01 -4.410861432552337646e-01 6.499999761581420898e-02
4.087900817394256592e-01 -4.408719241619110107e-01 6.499999761581420898e-02
4.093320965766906738e-01 -4.406396448612213135e-01 6.499999761581420898e-02
4.098832011222839355e-01 -4.403932094573974609e-01 6.499999761581420898e-02
4.104342758655548096e-01 -4.401467740535736084e-01 6.499999761581420898e-02
4.109853506088256836e-01 -4.399003386497497559e-01 6.499999761581420898e-02
4.115364253520965576e-01 -4.396539032459259033e-01 6.499999761581420898e-02
4.120875000953674316e-01 -4.394074976444244385e-01 6.499999761581420898e-02
4.121773838996887207e-01 -4.374786913394927979e-01 6.499999761581420898e-02
4.122672677040100098e-01 -4.355499148368835449e-01 6.499999761581420898e-02
4.123571515083312988e-01 -4.336211085319519043e-01 6.499999761581420898e-02
4.124470353126525879e-01 -4.316923320293426514e-01 6.499999761581420898e-02
4.125368893146514893e-01 -4.297635257244110107e-01 6.499999761581420898e-02
4.126267731189727783e-01 -4.278347194194793701e-01 6.499999761581420898e-02
4.132149219512939453e-01 -4.262139797210693359e-01 6.499999761581420898e-02
4.142978787422180176e-01 -4.248991012573242188e-01 6.499999761581420898e-02
4.153808653354644775e-01 -4.235842525959014893e-01 6.499999761581420898e-02
4.164638221263885498e-01 -4.222694039344787598e-01 6.499999761581420898e-02
4.175467789173126221e-01 -4.209545552730560303e-01 6.499999761581420898e-02
4.186297357082366943e-01 -4.196397066116333008e-01 6.499999761581420898e-02
4.198020994663238525e-01 -4.184708893299102783e-01 6.499999761581420898e-02
4.213613867759704590e-01 -4.179343879222869873e-01 6.499999761581420898e-02
4.229206442832946777e-01 -4.173978865146636963e-01 6.499999761581420898e-02
4.244799315929412842e-01 -4.168614149093627930e-01 6.499999761581420898e-02
4.260392189025878906e-01 -4.163249135017395020e-01 6.499999761581420898e-02
4.275985062122344971e-01 -4.157884120941162109e-01 6.499999761581420898e-02
4.291577935218811035e-01 -4.152519106864929199e-01 6.499999761581420898e-02
4.307185113430023193e-01 -4.146364033222198486e-01 6.499999761581420898e-02
4.322793483734130859e-01 -4.140143990516662598e-01 6.499999761581420898e-02
4.338401854038238525e-01 -4.133923947811126709e-01 6.499999761581420898e-02
4.354010224342346191e-01 -4.127703905105590820e-01 6.499999761581420898e-02
4.369618594646453857e-01 -4.121483564376831055e-01 6.499999761581420898e-02
4.385226964950561523e-01 -4.115263521671295166e-01 6.499999761581420898e-02
4.400793910026550293e-01 -4.108848869800567627e-01 6.499999761581420898e-02
4.416338205337524414e-01 -4.102326929569244385e-01 6.499999761581420898e-02
4.431882500648498535e-01 -4.095805287361145020e-01 6.499999761581420898e-02
4.447426795959472656e-01 -4.089283347129821777e-01 6.499999761581420898e-02
4.462971091270446777e-01 -4.082761704921722412e-01 6.499999761581420898e-02
4.478515386581420898e-01 -4.076239764690399170e-01 6.499999761581420898e-02
4.494335055351257324e-01 -4.072328805923461914e-01 6.499999761581420898e-02
4.510551691055297852e-01 -4.072181582450866699e-01 6.499999761581420898e-02
4.526768326759338379e-01 -4.072034060955047607e-01 6.499999761581420898e-02
4.542984962463378906e-01 -4.071886837482452393e-01 6.499999761581420898e-02
4.559201598167419434e-01 -4.071739614009857178e-01 6.499999761581420898e-02
4.575418233871459961e-01 -4.071592390537261963e-01 6.499999761581420898e-02
4.591722190380096436e-01 -4.071611762046813965e-01 6.499999761581420898e-02
4.608089625835418701e-01 -4.071752130985260010e-01 6.499999761581420898e-02
4.624456763267517090e-01 -4.071892499923706055e-01 6.499999761581420898e-02
4.640824198722839355e-01 -4.072033166885375977e-01 6.499999761581420898e-02
4.657191336154937744e-01 -4.072173535823822021e-01 6.499999761581420898e-02
4.673558771610260010e-01 -4.072313904762268066e-01 6.499999761581420898e-02
4.689953029155731201e-01 -4.072813093662261963e-01 6.499999761581420898e-02
4.706358313560485840e-01 -4.073454439640045166e-01 6.499999761581420898e-02
4.722763597965240479e-01 -4.074095487594604492e-01 6.499999761581420898e-02
4.739168882369995117e-01 -4.074736833572387695e-01 6.499999761581420898e-02
4.755573868751525879e-01 -4.075378179550170898e-01 6.499999761581420898e-02
4.771979153156280518e-01 -4.076019525527954102e-01 6.499999761581420898e-02
4.788353145122528076e-01 -4.076883196830749512e-01 6.499999761581420898e-02
4.804722070693969727e-01 -4.077781140804290771e-01 6.499999761581420898e-02
4.821091294288635254e-01 -4.078678786754608154e-01 6.499999761581420898e-02
4.837460517883300781e-01 -4.079576730728149414e-01 6.499999761581420898e-02
4.853829741477966309e-01 -4.080474376678466797e-01 6.499999761581420898e-02
4.870196282863616943e-01 -4.081272482872009277e-01 6.499999761581420898e-02
4.886526763439178467e-01 -4.080531895160675049e-01 6.499999761581420898e-02
4.902856945991516113e-01 -4.079791307449340820e-01 6.499999761581420898e-02
4.919187128543853760e-01 -4.079050719738006592e-01 6.499999761581420898e-02
4.935517609119415283e-01 -4.078310132026672363e-01 6.499999761581420898e-02
4.951847791671752930e-01 -4.077569544315338135e-01 6.499999761581420898e-02
4.968162477016448975e-01 -4.076751172542572021e-01 6.499999761581420898e-02
4.984438419342041016e-01 -4.075738787651062012e-01 6.499999761581420898e-02
5.000714659690856934e-01 -4.074726402759552002e-01 6.499999761581420898e-02
5.016990303993225098e-01 -4.073713719844818115e-01 6.499999761581420898e-02
5.033265948295593262e-01 -4.072701334953308105e-01 6.499999761581420898e-02
5.049542188644409180e-01 -4.071688950061798096e-01 6.499999761581420898e-02
5.065786838531494141e-01 -4.070636630058288574e-01 6.499999761581420898e-02
5.082006454467773438e-01 -4.069551527500152588e-01 6.499999761581420898e-02
5.098226070404052734e-01 -4.068466424942016602e-01 6.499999761581420898e-02
5.114445686340332031e-01 -4.067381322383880615e-01 6.499999761581420898e-02
5.130665302276611328e-01 -4.066296219825744629e-01 6.499999761581420898e-02
5.146884918212890625e-01 -4.065211415290832520e-01 6.499999761581420898e-02
5.163078308105468750e-01 -4.064115881919860840e-01 6.499999761581420898e-02
5.179266929626464844e-01 -4.063018858432769775e-01 6.499999761581420898e-02
5.195455551147460938e-01 -4.061921834945678711e-01 6.499999761581420898e-02
5.211644172668457031e-01 -4.060824513435363770e-01 6.499999761581420898e-02
5.227832794189453125e-01 -4.059727489948272705e-01 6.499999761581420898e-02
5.244330167770385742e-01 -4.058904647827148438e-01 6.499999761581420898e-02
5.262028574943542480e-01 -4.059149920940399170e-01 6.499999761581420898e-02
5.279727578163146973e-01 -4.059395492076873779e-01 6.499999761581420898e-02
5.297426581382751465e-01 -4.059640765190124512e-01 6.499999761581420898e-02
5.315124988555908203e-01 -4.059886038303375244e-01 6.499999761581420898e-02
5.332823991775512695e-01 -4.060131311416625977e-01 6.499999761581420898e-02
5.350522994995117188e-01 -4.060376882553100586e-01 6.499999761581420898e-02
5.368208289146423340e-01 -4.060473442077636719e-01 6.499999761581420898e-02
5.385878682136535645e-01 -4.060400724411010742e-01 6.499999761581420898e-02
5.403548479080200195e-01 -4.060328006744384766e-01 6.499999761581420898e-02
5.421218872070312500e-01 -4.060255289077758789e-01 6.499999761581420898e-02
5.438889265060424805e-01 -4.060182273387908936e-01 6.499999761581420898e-02
5.456559658050537109e-01 -4.060109555721282959e-01 6.499999761581420898e-02
5.474230051040649414e-01 -4.060036838054656982e-01 6.499999761581420898e-02
5.491905808448791504e-01 -4.059507250785827637e-01 6.499999761581420898e-02
5.509583353996276855e-01 -4.058831036090850830e-01 6.499999761581420898e-02
5.527260899543762207e-01 -4.058154821395874023e-01 6.499999761581420898e-02
5.544938445091247559e-01 -4.057478606700897217e-01 6.499999761581420898e-02
5.562615990638732910e-01 -4.056802392005920410e-01 6.499999761581420898e-02
5.580293536186218262e-01 -4.056126177310943604e-01 6.499999761581420898e-02
5.597912669181823730e-01 -4.055645465850830078e-01 6.499999761581420898e-02
5.614339113235473633e-01 -4.059167802333831787e-01 6.499999761581420898e-02
5.630765557289123535e-01 -4.062690436840057373e-01 6.499999761581420898e-02
5.647192001342773438e-01 -4.066212773323059082e-01 6.499999761581420898e-02
5.663618445396423340e-01 -4.069735407829284668e-01 6.499999761581420898e-02
5.680044889450073242e-01 -4.073257744312286377e-01 6.499999761581420898e-02
5.696471333503723145e-01 -4.076780378818511963e-01 6.499999761581420898e-02
5.712628960609436035e-01 -4.079944491386413574e-01 6.499999761581420898e-02
5.728754997253417969e-01 -4.083065688610076904e-01 6.499999761581420898e-02
5.744881033897399902e-01 -4.086186885833740234e-01 6.499999761581420898e-02
5.761007070541381836e-01 -4.089308083057403564e-01 6.499999761581420898e-02
5.777133107185363770e-01 -4.092429578304290771e-01 6.499999761581420898e-02
5.793258547782897949e-01 -4.095550775527954102e-01 6.499999761581420898e-02
5.809136033058166504e-01 -4.098157882690429688e-01 6.499999761581420898e-02
5.825003981590270996e-01 -4.100745022296905518e-01 6.499999761581420898e-02
5.840871930122375488e-01 -4.103332161903381348e-01 6.499999761581420898e-02
5.856739878654479980e-01 -4.105919301509857178e-01 6.499999761581420898e-02
5.872607827186584473e-01 -4.108506441116333008e-01 6.499999761581420898e-02
5.888231992721557617e-01 -4.110301733016967773e-01 6.499999761581420898e-02
5.903097391128540039e-01 -4.109632968902587891e-01 6.499999761581420898e-02
5.917963385581970215e-01 -4.108964204788208008e-01 6.499999761581420898e-02
5.932828783988952637e-01 -4.108295440673828125e-01 6.499999761581420898e-02
5.947694182395935059e-01 -4.107626676559448242e-01 6.499999761581420898e-02
5.962513089179992676e-01 -4.106825590133666992e-01 6.499999761581420898e-02
5.977215766906738281e-01 -4.105694293975830078e-01 6.499999761581420898e-02
5.991919040679931641e-01 -4.104563295841217041e-01 6.499999761581420898e-02
6.006621718406677246e-01 -4.103431999683380127e-01 6.499999761581420898e-02
6.021324396133422852e-01 -4.102301001548767090e-01 6.499999761581420898e-02
6.035956144332885742e-01 -4.101057648658752441e-01 6.499999761581420898e-02
6.050488948822021484e-01 -4.099657237529754639e-01 6.499999761581420898e-02
6.065021157264709473e-01 -4.098257124423980713e-01 6.499999761581420898e-02
6.079553961753845215e-01 -4.096856713294982910e-01 6.499999761581420898e-02
6.094086766242980957e-01 -4.095456302165985107e-01 6.499999761581420898e-02
6.103698611259460449e-01 -4.086515605449676514e-01 6.499999761581420898e-02
6.110527515411376953e-01 -4.073309600353240967e-01 6.499999761581420898e-02
6.117356419563293457e-01 -4.060103893280029297e-01 6.499999761581420898e-02
6.124185323715209961e-01 -4.046897888183593750e-01 6.499999761581420898e-02
6.131014227867126465e-01 -4.033691883087158203e-01 6.499999761581420898e-02
6.137757897377014160e-01 -4.020287096500396729e-01 6.499999761581420898e-02
6.144425272941589355e-01 -4.006703495979309082e-01 6.499999761581420898e-02
6.151092648506164551e-01 -3.993119895458221436e-01 6.499999761581420898e-02
6.157760024070739746e-01 -3.979536294937133789e-01 6.499999761581420898e-02
6.164426803588867188e-01 -3.965952992439270020e-01 6.499999761581420898e-02
6.170998811721801758e-01 -3.952253460884094238e-01 6.499999761581420898e-02
6.177318692207336426e-01 -3.938248455524444580e-01 6.499999761581420898e-02
6.183639168739318848e-01 -3.924243450164794922e-01 6.499999761581420898e-02
6.189959049224853516e-01 -3.910238146781921387e-01 6.499999761581420898e-02
6.196278929710388184e-01 -3.896233141422271729e-01 6.499999761581420898e-02
6.202599406242370605e-01 -3.882228136062622070e-01 6.499999761581420898e-02
6.208556890487670898e-01 -3.867863714694976807e-01 6.499999761581420898e-02
6.214475631713867188e-01 -3.853461146354675293e-01 6.499999761581420898e-02
6.220394372940063477e-01 -3.839058578014373779e-01 6.499999761581420898e-02
6.226313710212707520e-01 -3.824656009674072266e-01 6.499999761581420898e-02
6.232232451438903809e-01 -3.810253441333770752e-01 6.499999761581420898e-02
6.236597299575805664e-01 -3.795281052589416504e-01 6.499999761581420898e-02
6.238867640495300293e-01 -3.779540956020355225e-01 6.499999761581420898e-02
6.241137981414794922e-01 -3.763800561428070068e-01 6.499999761581420898e-02
6.243408322334289551e-01 -3.748060464859008789e-01 6.499999761581420898e-02
6.245678663253784180e-01 -3.732320368289947510e-01 6.499999761581420898e-02
6.247949004173278809e-01 -3.716580271720886230e-01 6.499999761581420898e-02
6.249914765357971191e-01 -3.700554370880126953e-01 6.499999761581420898e-02
6.251782178878784180e-01 -3.684436380863189697e-01 6.499999761581420898e-02
6.253648996353149414e-01 -3.668318390846252441e-01 6.499999761581420898e-02
6.255516409873962402e-01 -3.652200102806091309e-01 6.499999761581420898e-02
6.257383823394775391e-01 -3.636082112789154053e-01 6.499999761581420898e-02
6.259250640869140625e-01 -3.619963824748992920e-01 6.499999761581420898e-02
6.260625123977661133e-01 -3.603534102439880371e-01 6.499999761581420898e-02
6.261950135231018066e-01 -3.587073087692260742e-01 6.499999761581420898e-02
6.263275146484375000e-01 -3.570612072944641113e-01 6.499999761581420898e-02
6.264600157737731934e-01 -3.554151058197021484e-01 6.499999761581420898e-02
6.265925168991088867e-01 -3.537689745426177979e-01 6.499999761581420898e-02
6.267250180244445801e-01 -3.521229028701782227e-01 6.499999761581420898e-02
6.268032193183898926e-01 -3.504505753517150879e-01 6.499999761581420898e-02
6.268758177757263184e-01 -3.487755656242370605e-01 6.499999761581420898e-02
6.269484758377075195e-01 -3.471005558967590332e-01 6.499999761581420898e-02
6.270210742950439453e-01 -3.454255461692810059e-01 6.499999761581420898e-02
6.270936727523803711e-01 -3.437505662441253662e-01 6.499999761581420898e-02
6.271663308143615723e-01 -3.420755565166473389e-01 6.499999761581420898e-02
6.272191405296325684e-01 -3.404070734977722168e-01 6.499999761581420898e-02
6.272659897804260254e-01 -3.387405872344970703e-01 6.499999761581420898e-02
6.273127794265747070e-01 -3.370740711688995361e-01 6.499999761581420898e-02
6.273596286773681641e-01 -3.354076147079467773e-01 6.499999761581420898e-02
6.274064183235168457e-01 -3.337410986423492432e-01 6.499999761581420898e-02
6.274532675743103027e-01 -3.320746123790740967e-01 6.499999761581420898e-02
6.274532079696655273e-01 -3.304009139537811279e-01 6.499999761581420898e-02
6.274338364601135254e-01 -3.287242650985717773e-01 6.499999761581420898e-02
6.274144649505615234e-01 -3.270476460456848145e-01 6.499999761581420898e-02
6.273950934410095215e-01 -3.253709673881530762e-01 6.499999761581420898e-02
6.273756623268127441e-01 -3.236943185329437256e-01 6.499999761581420898e-02
6.273562908172607422e-01 -3.220176696777343750e-01 6.499999761581420898e-02
6.272962093353271484e-01 -3.203403353691101074e-01 6.499999761581420898e-02
6.272084712982177734e-01 -3.186625540256500244e-01 6.499999761581420898e-02
6.271207332611083984e-01 -3.169847428798675537e-01 6.499999761581420898e-02
6.270329952239990234e-01 -3.153069317340850830e-01 6.499999761581420898e-02
6.269452571868896484e-01 -3.136291503906250000e-01 6.499999761581420898e-02
6.268575191497802734e-01 -3.119513392448425293e-01 6.499999761581420898e-02
6.267377138137817383e-01 -3.102770745754241943e-01 6.499999761581420898e-02
6.265811324119567871e-01 -3.086068034172058105e-01 6.499999761581420898e-02
6.264246106147766113e-01 -3.069365620613098145e-01 6.499999761581420898e-02
6.262680292129516602e-01 -3.052662909030914307e-01 6.499999761581420898e-02
6.261114478111267090e-01 -3.035960197448730469e-01 6.499999761581420898e-02
6.259549260139465332e-01 -3.019258081912994385e-01 6.499999761581420898e-02
6.258456110954284668e-01 -3.002104461193084717e-01 6.499999761581420898e-02
6.258228421211242676e-01 -2.984125614166259766e-01 6.499999761581420898e-02
6.258000135421752930e-01 -2.966146469116210938e-01 6.499999761581420898e-02
6.257772445678710938e-01 -2.948167622089385986e-01 6.499999761581420898e-02
6.257544755935668945e-01 -2.930189073085784912e-01 6.499999761581420898e-02
6.257317066192626953e-01 -2.912210226058959961e-01 6.499999761581420898e-02
6.257088780403137207e-01 -2.894231081008911133e-01 6.499999761581420898e-02
6.256660819053649902e-01 -2.876407504081726074e-01 6.499999761581420898e-02
6.255718469619750977e-01 -2.858982980251312256e-01 6.499999761581420898e-02
6.254775524139404297e-01 -2.841558754444122314e-01 6.499999761581420898e-02
6.253833174705505371e-01 -2.824134528636932373e-01 6.499999761581420898e-02
6.252890229225158691e-01 -2.806710004806518555e-01 6.499999761581420898e-02
6.251947283744812012e-01 -2.789285480976104736e-01 6.499999761581420898e-02
6.251004934310913086e-01 -2.771861255168914795e-01 6.499999761581420898e-02
6.249786019325256348e-01 -2.754735052585601807e-01 6.499999761581420898e-02
6.248273849487304688e-01 -2.737925052642822266e-01 6.499999761581420898e-02
6.246762275695800781e-01 -2.721115350723266602e-01 6.499999761581420898e-02
6.245250105857849121e-01 -2.704305350780487061e-01 6.499999761581420898e-02
6.243738532066345215e-01 -2.687495350837707520e-01 6.499999761581420898e-02
6.242226362228393555e-01 -2.670685946941375732e-01 6.499999761581420898e-02
6.240714192390441895e-01 -2.653875946998596191e-01 6.499999761581420898e-02
6.234362721443176270e-01 -2.639511525630950928e-01 6.499999761581420898e-02
6.227887868881225586e-01 -2.625209689140319824e-01 6.499999761581420898e-02
6.221413016319274902e-01 -2.610907852649688721e-01 6.499999761581420898e-02
6.214937567710876465e-01 -2.596606314182281494e-01 6.499999761581420898e-02
6.208462715148925781e-01 -2.582304477691650391e-01 6.499999761581420898e-02
6.201844215393066406e-01 -2.568119466304779053e-01 6.499999761581420898e-02
6.194784641265869141e-01 -2.554294168949127197e-01 6.499999761581420898e-02
6.187724471092224121e-01 -2.540468871593475342e-01 6.499999761581420898e-02
6.180665493011474609e-01 -2.526643872261047363e-01 6.499999761581420898e-02
6.173605322837829590e-01 -2.512818574905395508e-01 6.499999761581420898e-02
6.166545748710632324e-01 -2.498993128538131714e-01 6.499999761581420898e-02
6.159199476242065430e-01 -2.485472410917282104e-01 6.499999761581420898e-02
6.151660680770874023e-01 -2.472155094146728516e-01 6.499999761581420898e-02
6.144122481346130371e-01 -2.458838224411010742e-01 6.499999761581420898e-02
6.136583685874938965e-01 -2.445521056652069092e-01 6.499999761581420898e-02
6.129045486450195312e-01 -2.432203739881515503e-01 6.499999761581420898e-02
6.121485829353332520e-01 -2.418915778398513794e-01 6.499999761581420898e-02
6.113575696945190430e-01 -2.406112998723983765e-01 6.499999761581420898e-02
6.105665564537048340e-01 -2.393310219049453735e-01 6.499999761581420898e-02
6.097755432128906250e-01 -2.380507439374923706e-01 6.499999761581420898e-02
6.089845299720764160e-01 -2.367704510688781738e-01 6.499999761581420898e-02
6.081935167312622070e-01 -2.354901582002639771e-01 6.499999761581420898e-02
6.070562005043029785e-01 -2.345198541879653931e-01 6.499999761581420898e-02
6.057177782058715820e-01 -2.337296009063720703e-01 6.499999761581420898e-02
6.043793559074401855e-01 -2.329393327236175537e-01 6.499999761581420898e-02
6.030408740043640137e-01 -2.321490645408630371e-01 6.499999761581420898e-02
6.017024517059326172e-01 -2.313587963581085205e-01 6.499999761581420898e-02
6.003640294075012207e-01 -2.305685281753540039e-01 6.499999761581420898e-02
5.989939570426940918e-01 -2.298383414745330811e-01 6.499999761581420898e-02
5.976091027259826660e-01 -2.291361391544342041e-01 6.499999761581420898e-02
5.962242484092712402e-01 -2.284339517354965210e-01 6.499999761581420898e-02
5.948393940925598145e-01 -2.277317494153976440e-01 6.499999761581420898e-02
5.934545397758483887e-01 -2.270295619964599609e-01 6.499999761581420898e-02
5.920697450637817383e-01 -2.263273745775222778e-01 6.499999761581420898e-02
5.906605124473571777e-01 -2.256933748722076416e-01 6.499999761581420898e-02
5.892425775527954102e-01 -2.250839024782180786e-01 6.499999761581420898e-02
5.878246426582336426e-01 -2.244744300842285156e-01 6.499999761581420898e-02
5.864066481590270996e-01 -2.238649576902389526e-01 6.499999761581420898e-02
5.849887132644653320e-01 -2.232555001974105835e-01 6.499999761581420898e-02
5.835707783699035645e-01 -2.226460278034210205e-01 6.499999761581420898e-02
5.821371674537658691e-01 -2.221130430698394775e-01 6.499999761581420898e-02
5.807002186775207520e-01 -2.215963006019592285e-01 6.499999761581420898e-02
5.792633295059204102e-01 -2.210795581340789795e-01 6.499999761581420898e-02
5.778264403343200684e-01 -2.205628156661987305e-01 6.499999761581420898e-02
5.763894915580749512e-01 -2.200460731983184814e-01 6.499999761581420898e-02
5.749526023864746094e-01 -2.195293307304382324e-01 6.499999761581420898e-02
5.734101533889770508e-01 -2.191865146160125732e-01 6.499999761581420898e-02
5.718653798103332520e-01 -2.188475579023361206e-01 6.499999761581420898e-02
5.703206062316894531e-01 -2.185086160898208618e-01 6.499999761581420898e-02
5.687758326530456543e-01 -2.181696593761444092e-01 6.499999761581420898e-02
5.672310590744018555e-01 -2.178307175636291504e-01 6.499999761581420898e-02
5.656862258911132812e-01 -2.174917757511138916e-01 6.499999761581420898e-02
5.654280185699462891e-01 -2.174285650253295898e-01 6.499999761581420898e-02
5.651698112487792969e-01 -2.173653542995452881e-01 6.499999761581420898e-02
5.649116039276123047e-01 -2.173021584749221802e-01 6.499999761581420898e-02
5.646534562110900879e-01 -2.172389477491378784e-01 6.499999761581420898e-02
5.643952488899230957e-01 -2.171757370233535767e-01 6.499999761581420898e-02
5.641370415687561035e-01 -2.171125262975692749e-01 6.499999761581420898e-02
5.638788342475891113e-01 -2.170493304729461670e-01 6.499999761581420898e-02
5.636206269264221191e-01 -2.169861197471618652e-01 6.499999761581420898e-02
5.633624196052551270e-01 -2.169229090213775635e-01 6.499999761581420898e-02
5.631042718887329102e-01 -2.168596982955932617e-01 6.499999761581420898e-02
5.628460645675659180e-01 -2.167965024709701538e-01 6.499999761581420898e-02
5.625878572463989258e-01 -2.167332768440246582e-01 6.499999761581420898e-02
5.623312592506408691e-01 -2.166687995195388794e-01 6.499999761581420898e-02
5.620746612548828125e-01 -2.166043370962142944e-01 6.499999761581420898e-02
5.618180632591247559e-01 -2.165398597717285156e-01 6.499999761581420898e-02
5.615614652633666992e-01 -2.164753973484039307e-01 6.499999761581420898e-02
5.613048672676086426e-01 -2.164109200239181519e-01 6.499999761581420898e-02
5.610482692718505859e-01 -2.163464426994323730e-01 6.499999761581420898e-02
5.607916712760925293e-01 -2.162819802761077881e-01 6.499999761581420898e-02
5.605350732803344727e-01 -2.162175029516220093e-01 6.499999761581420898e-02
5.602784752845764160e-01 -2.161530405282974243e-01 6.499999761581420898e-02
5.600229501724243164e-01 -2.160946130752563477e-01 6.499999761581420898e-02
5.597707033157348633e-01 -2.160551249980926514e-01 6.499999761581420898e-02
5.595185160636901855e-01 -2.160156369209289551e-01 6.499999761581420898e-02
5.592662692070007324e-01 -2.159761339426040649e-01 6.499999761581420898e-02
5.590140223503112793e-01 -2.159366458654403687e-01 6.499999761581420898e-02
5.587618350982666016e-01 -2.158971577882766724e-01 6.499999761581420898e-02
5.585095882415771484e-01 -2.158576697111129761e-01 6.499999761581420898e-02
5.582573413848876953e-01 -2.158181667327880859e-01 6.499999761581420898e-02
5.580051541328430176e-01 -2.157786786556243896e-01 6.499999761581420898e-02
5.577529072761535645e-01 -2.157391905784606934e-01 6.499999761581420898e-02
5.575007200241088867e-01 -2.156997025012969971e-01 6.499999761581420898e-02
5.572484731674194336e-01 -2.156601995229721069e-01 6.499999761581420898e-02
5.569962263107299805e-01 -2.156207114458084106e-01 6.499999761581420898e-02
5.567511320114135742e-01 -2.155811935663223267e-01 6.499999761581420898e-02
5.565062761306762695e-01 -2.155416905879974365e-01 6.499999761581420898e-02
5.562614202499389648e-01 -2.155021727085113525e-01 6.499999761581420898e-02
5.560165643692016602e-01 -2.154626548290252686e-01 6.499999761581420898e-02
5.557717084884643555e-01 -2.154231369495391846e-01 6.499999761581420898e-02
5.555268526077270508e-01 -2.153836339712142944e-01 6.499999761581420898e-02
5.552819967269897461e-01 -2.153441160917282104e-01 6.499999761581420898e-02
5.550371408462524414e-01 -2.153045982122421265e-01 6.499999761581420898e-02
5.547922849655151367e-01 -2.152650803327560425e-01 6.499999761581420898e-02
5.545474290847778320e-01 -2.152255773544311523e-01 6.499999761581420898e-02
5.543025732040405273e-01 -2.151860594749450684e-01 6.499999761581420898e-02
5.540582537651062012e-01 -2.151454836130142212e-01 6.499999761581420898e-02
5.538276433944702148e-01 -2.150771766901016235e-01 6.499999761581420898e-02
5.535970926284790039e-01 -2.150088548660278320e-01 6.499999761581420898e-02
5.533665418624877930e-01 -2.149405330419540405e-01 6.499999761581420898e-02
5.531359314918518066e-01 -2.148722261190414429e-01 6.499999761581420898e-02
5.529053807258605957e-01 -2.148039042949676514e-01 6.499999761581420898e-02
5.526748299598693848e-01 -2.147355824708938599e-01 6.499999761581420898e-02
5.524442195892333984e-01 -2.146672755479812622e-01 6.499999761581420898e-02
5.522136688232421875e-01 -2.145989537239074707e-01 6.499999761581420898e-02
5.519831180572509766e-01 -2.145306318998336792e-01 6.499999761581420898e-02
5.517525076866149902e-01 -2.144623249769210815e-01 6.499999761581420898e-02
5.515219569206237793e-01 -2.143940031528472900e-01 6.499999761581420898e-02
5.513033866882324219e-01 -2.142617851495742798e-01 6.499999761581420898e-02
5.510984063148498535e-01 -2.140577733516693115e-01 6.499999761581420898e-02
5.508933663368225098e-01 -2.138537615537643433e-01 6.499999761581420898e-02
5.506883263587951660e-01 -2.136497497558593750e-01 6.499999761581420898e-02
5.504833459854125977e-01 -2.134457230567932129e-01 6.499999761581420898e-02
5.502783060073852539e-01 -2.132417112588882446e-01 6.499999761581420898e-02
5.500732660293579102e-01 -2.130376994609832764e-01 6.499999761581420898e-02
5.498682856559753418e-01 -2.128336876630783081e-01 6.499999761581420898e-02
5.496632456779479980e-01 -2.126296609640121460e-01 6.499999761581420898e-02
5.494582056999206543e-01 -2.124256491661071777e-01 6.499999761581420898e-02
5.492531657218933105e-01 -2.122216373682022095e-01 6.499999761581420898e-02
5.490863919258117676e-01 -2.119359225034713745e-01 6.499999761581420898e-02
5.489640235900878906e-01 -2.115554064512252808e-01 6.499999761581420898e-02
5.488416552543640137e-01 -2.111749053001403809e-01 6.499999761581420898e-02
5.487192273139953613e-01 -2.107943892478942871e-01 6.499999761581420898e-02
5.485968589782714844e-01 -2.104138731956481934e-01 6.499999761581420898e-02
5.484744310379028320e-01 -2.100333720445632935e-01 6.499999761581420898e-02
5.483520627021789551e-01 -2.096528559923171997e-01 6.499999761581420898e-02
5.482296347618103027e-01 -2.092723548412322998e-01 6.499999761581420898e-02
5.481072664260864258e-01 -2.088918387889862061e-01 6.499999761581420898e-02
5.479848384857177734e-01 -2.085113227367401123e-01 6.499999761581420898e-02
5.478624701499938965e-01 -2.081308215856552124e-01 6.499999761581420898e-02
5.477650761604309082e-01 -2.075650393962860107e-01 6.499999761581420898e-02
5.476698875427246094e-01 -2.069829851388931274e-01 6.499999761581420898e-02
5.475746989250183105e-01 -2.064009308815002441e-01 6.499999761581420898e-02
5.474795103073120117e-01 -2.058188617229461670e-01 6.499999761581420898e-02
5.473843216896057129e-01 -2.052368074655532837e-01 6.499999761581420898e-02
5.472891330718994141e-01 -2.046547532081604004e-01 6.499999761581420898e-02
5.471938848495483398e-01 -2.040726840496063232e-01 6.499999761581420898e-02
5.470986962318420410e-01 -2.034906297922134399e-01 6.499999761581420898e-02
5.470035076141357422e-01 -2.029085755348205566e-01 6.499999761581420898e-02
5.469083189964294434e-01 -2.023265063762664795e-01 6.499999761581420898e-02
5.467851161956787109e-01 -2.017447203397750854e-01 6.499999761581420898e-02
5.466257333755493164e-01 -2.011632621288299561e-01 6.499999761581420898e-02
5.464663505554199219e-01 -2.005818039178848267e-01 6.499999761581420898e-02
5.463069677352905273e-01 -2.000003457069396973e-01 6.499999761581420898e-02
5.461475849151611328e-01 -1.994189023971557617e-01 6.499999761581420898e-02
5.459882020950317383e-01 -1.988374441862106323e-01 6.499999761581420898e-02
5.458288192749023438e-01 -1.982559859752655029e-01 6.499999761581420898e-02
5.456694960594177246e-01 -1.976745426654815674e-01 6.499999761581420898e-02
5.455101132392883301e-01 -1.970930844545364380e-01 6.499999761581420898e-02
5.453507304191589355e-01 -1.965116262435913086e-01 6.499999761581420898e-02
5.448074936866760254e-01 -1.960879713296890259e-01 6.499999761581420898e-02
5.434775948524475098e-01 -1.959876567125320435e-01 6.499999761581420898e-02
5.421477556228637695e-01 -1.958873420953750610e-01 6.499999761581420898e-02
5.408178567886352539e-01 -1.957870274782180786e-01 6.499999761581420898e-02
5.394880175590515137e-01 -1.956867128610610962e-01 6.499999761581420898e-02
5.381581187248229980e-01 -1.955863833427429199e-01 6.499999761581420898e-02
5.368282794952392578e-01 -1.954860687255859375e-01 6.499999761581420898e-02
5.354983806610107422e-01 -1.953857541084289551e-01 6.499999761581420898e-02
5.341685414314270020e-01 -1.952854394912719727e-01 6.499999761581420898e-02
5.328689217567443848e-01 -1.952238231897354126e-01 6.499999761581420898e-02
5.316612124443054199e-01 -1.952794939279556274e-01 6.499999761581420898e-02
5.304534435272216797e-01 -1.953351646661758423e-01 6.499999761581420898e-02
5.292457342147827148e-01 -1.953908354043960571e-01 6.499999761581420898e-02
5.280379652976989746e-01 -1.954465061426162720e-01 6.499999761581420898e-02
5.268301963806152344e-01 -1.955021768808364868e-01 6.499999761581420898e-02
5.256224870681762695e-01 -1.955578476190567017e-01 6.499999761581420898e-02
5.244147181510925293e-01 -1.956135183572769165e-01 6.499999761581420898e-02
5.232070088386535645e-01 -1.956692039966583252e-01 6.499999761581420898e-02
5.219992399215698242e-01 -1.957248747348785400e-01 6.499999761581420898e-02
5.210955739021301270e-01 -1.955945640802383423e-01 6.499999761581420898e-02
5.204287171363830566e-01 -1.953194886445999146e-01 6.499999761581420898e-02
5.197618007659912109e-01 -1.950444132089614868e-01 6.499999761581420898e-02
5.190948843955993652e-01 -1.947693377733230591e-01 6.499999761581420898e-02
5.184279680252075195e-01 -1.944942623376846313e-01 6.499999761581420898e-02
5.177610516548156738e-01 -1.942191869020462036e-01 6.499999761581420898e-02
5.170941352844238281e-01 -1.939441114664077759e-01 6.499999761581420898e-02
5.164272189140319824e-01 -1.936690211296081543e-01 6.499999761581420898e-02
5.157603025436401367e-01 -1.933939456939697266e-01 6.499999761581420898e-02
5.150933861732482910e-01 -1.931188702583312988e-01 6.499999761581420898e-02
5.144264698028564453e-01 -1.928437948226928711e-01 6.499999761581420898e-02
5.137595534324645996e-01 -1.925687193870544434e-01 6.499999761581420898e-02
5.127748847007751465e-01 -1.927997022867202759e-01 6.499999761581420898e-02
5.116811990737915039e-01 -1.932043433189392090e-01 6.499999761581420898e-02
5.105875134468078613e-01 -1.936089843511581421e-01 6.499999761581420898e-02
5.094938874244689941e-01 -1.940136253833770752e-01 6.499999761581420898e-02
5.084002017974853516e-01 -1.944182664155960083e-01 6.499999761581420898e-02
5.073065161705017090e-01 -1.948229074478149414e-01 6.499999761581420898e-02
5.062128305435180664e-01 -1.952275484800338745e-01 6.499999761581420898e-02
5.051191449165344238e-01 -1.956321895122528076e-01 6.499999761581420898e-02
5.040255188941955566e-01 -1.960368305444717407e-01 6.499999761581420898e-02
5.030784606933593750e-01 -1.962807774543762207e-01 6.499999761581420898e-02
5.023023486137390137e-01 -1.963373124599456787e-01 6.499999761581420898e-02
5.015262961387634277e-01 -1.963938325643539429e-01 6.499999761581420898e-02
5.007501840591430664e-01 -1.964503526687622070e-01 6.499999761581420898e-02
4.999741315841674805e-01 -1.965068876743316650e-01 6.499999761581420898e-02
4.991980493068695068e-01 -1.965634077787399292e-01 6.499999761581420898e-02
4.984219670295715332e-01 -1.966199427843093872e-01 6.499999761581420898e-02
4.976458847522735596e-01 -1.966764628887176514e-01 6.499999761581420898e-02
4.968698024749755859e-01 -1.967329829931259155e-01 6.499999761581420898e-02
4.960937500000000000e-01 -1.967895179986953735e-01 6.499999761581420898e-02
4.952996075153350830e-01 -1.967912912368774414e-01 6.499999761581420898e-02
4.944885373115539551e-01 -1.967417001724243164e-01 6.499999761581420898e-02
4.936774671077728271e-01 -1.966921240091323853e-01 6.499999761581420898e-02
4.928663969039916992e-01 -1.966425329446792603e-01 6.499999761581420898e-02
4.920553267002105713e-01 -1.965929418802261353e-01 6.499999761581420898e-02
4.912442564964294434e-01 -1.965433508157730103e-01 6.499999761581420898e-02
4.904331862926483154e-01 -1.964937746524810791e-01 6.499999761581420898e-02
4.896221160888671875e-01 -1.964441835880279541e-01 6.499999761581420898e-02
4.888110458850860596e-01 -1.963945925235748291e-01 6.499999761581420898e-02
4.879999756813049316e-01 -1.963450014591217041e-01 6.499999761581420898e-02
4.871889054775238037e-01 -1.962954252958297729e-01 6.499999761581420898e-02
4.863778352737426758e-01 -1.962458342313766479e-01 6.499999761581420898e-02
4.855828285217285156e-01 -1.960855871438980103e-01 6.499999761581420898e-02
4.847905635833740234e-01 -1.959062665700912476e-01 6.499999761581420898e-02
4.839983284473419189e-01 -1.957269608974456787e-01 6.499999761581420898e-02
4.832060933113098145e-01 -1.955476403236389160e-01 6.499999761581420898e-02
4.824138283729553223e-01 -1.953683346509933472e-01 6.499999761581420898e-02
4.816215932369232178e-01 -1.951890140771865845e-01 6.499999761581420898e-02
4.808293282985687256e-01 -1.950097084045410156e-01 6.499999761581420898e-02
4.800370931625366211e-01 -1.948304027318954468e-01 6.499999761581420898e-02
4.792448580265045166e-01 -1.946510821580886841e-01 6.499999761581420898e-02
4.784526228904724121e-01 -1.944717615842819214e-01 6.499999761581420898e-02
4.776603579521179199e-01 -1.942924559116363525e-01 6.499999761581420898e-02
4.768596589565277100e-01 -1.941255629062652588e-01 6.499999761581420898e-02
4.760559797286987305e-01 -1.939630508422851562e-01 6.499999761581420898e-02
4.752523005008697510e-01 -1.938005387783050537e-01 6.499999761581420898e-02
4.744486212730407715e-01 -1.936380118131637573e-01 6.499999761581420898e-02
4.736449420452117920e-01 -1.934754997491836548e-01 6.499999761581420898e-02
4.728412628173828125e-01 -1.933129876852035522e-01 6.499999761581420898e-02
4.720376133918762207e-01 -1.931504607200622559e-01 6.499999761581420898e-02
4.712339341640472412e-01 -1.929879486560821533e-01 6.499999761581420898e-02
4.704302549362182617e-01 -1.928254365921020508e-01 6.499999761581420898e-02
4.696265757083892822e-01 -1.926629096269607544e-01 6.499999761581420898e-02
4.688228964805603027e-01 -1.925003975629806519e-01 6.499999761581420898e-02
4.680225253105163574e-01 -1.923418939113616943e-01 6.499999761581420898e-02
4.672236442565917969e-01 -1.921852231025695801e-01 6.499999761581420898e-02
4.664247632026672363e-01 -1.920285522937774658e-01 6.499999761581420898e-02
4.656258821487426758e-01 -1.918718814849853516e-01 6.499999761581420898e-02
4.648270010948181152e-01 -1.917152106761932373e-01 6.499999761581420898e-02
4.640281498432159424e-01 -1.915585398674011230e-01 6.499999761581420898e-02
4.632292687892913818e-01 -1.914018690586090088e-01 6.499999761581420898e-02
4.624303877353668213e-01 -1.912451982498168945e-01 6.499999761581420898e-02
4.616315066814422607e-01 -1.910885274410247803e-01 6.499999761581420898e-02
4.608326256275177002e-01 -1.909318566322326660e-01 6.499999761581420898e-02
4.600337743759155273e-01 -1.907751858234405518e-01 6.499999761581420898e-02
4.592473208904266357e-01 -1.906229555606842041e-01 6.499999761581420898e-02
4.584634602069854736e-01 -1.904716193675994873e-01 6.499999761581420898e-02
4.576795697212219238e-01 -1.903202831745147705e-01 6.499999761581420898e-02
4.568956792354583740e-01 -1.901689469814300537e-01 6.499999761581420898e-02
4.561118185520172119e-01 -1.900176256895065308e-01 6.499999761581420898e-02
4.553279280662536621e-01 -1.898662894964218140e-01 6.499999761581420898e-02
4.545440375804901123e-01 -1.897149533033370972e-01 6.499999761581420898e-02
4.537601768970489502e-01 -1.895636171102523804e-01 6.499999761581420898e-02
4.529762864112854004e-01 -1.894122809171676636e-01 6.499999761581420898e-02
4.521924257278442383e-01 -1.892609596252441406e-01 6.499999761581420898e-02
4.514294266700744629e-01 -1.890494078397750854e-01 6.499999761581420898e-02
4.507087469100952148e-01 -1.887160539627075195e-01 6.499999761581420898e-02
4.499880373477935791e-01 -1.883827000856399536e-01 6.499999761581420898e-02
4.492673575878143311e-01 -1.880493313074111938e-01 6.499999761581420898e-02
4.485466480255126953e-01 -1.877159923315048218e-01 6.499999761581420898e-02
4.478259682655334473e-01 -1.873826384544372559e-01 6.499999761581420898e-02
4.471052587032318115e-01 -1.870492845773696899e-01 6.499999761581420898e-02
4.463845789432525635e-01 -1.867159307003021240e-01 6.499999761581420898e-02
4.456638693809509277e-01 -1.863825619220733643e-01 6.499999761581420898e-02
4.449431896209716797e-01 -1.860492229461669922e-01 6.499999761581420898e-02
4.442224800586700439e-01 -1.857158690690994263e-01 6.499999761581420898e-02
4.435103535652160645e-01 -1.853821277618408203e-01 6.499999761581420898e-02
4.428099691867828369e-01 -1.850478798151016235e-01 6.499999761581420898e-02
4.421095848083496094e-01 -1.847136318683624268e-01 6.499999761581420898e-02
4.414092302322387695e-01 -1.843793988227844238e-01 6.499999761581420898e-02
4.407088458538055420e-01 -1.840451508760452271e-01 6.499999761581420898e-02
4.400084614753723145e-01 -1.837109029293060303e-01 6.499999761581420898e-02
4.393080770969390869e-01 -1.833766549825668335e-01 6.499999761581420898e-02
4.386076927185058594e-01 -1.830424070358276367e-01 6.499999761581420898e-02
4.379073083400726318e-01 -1.827081590890884399e-01 6.499999761581420898e-02
4.372069239616394043e-01 -1.823739111423492432e-01 6.499999761581420898e-02
4.365065395832061768e-01 -1.820396631956100464e-01 6.499999761581420898e-02
4.358177483081817627e-01 -1.817137897014617920e-01 6.499999761581420898e-02
4.351320564746856689e-01 -1.813901662826538086e-01 6.499999761581420898e-02
4.344463944435119629e-01 -1.810665428638458252e-01 6.499999761581420898e-02
4.337607026100158691e-01 -1.807429045438766479e-01 6.499999761581420898e-02
4.330750107765197754e-01 -1.804192811250686646e-01 6.499999761581420898e-02
4.323893189430236816e-01 -1.800956577062606812e-01 6.499999761581420898e-02
4.317036569118499756e-01 -1.797720342874526978e-01 6.499999761581420898e-02
4.310179650783538818e-01 -1.794484108686447144e-01 6.499999761581420898e-02
4.303322732448577881e-01 -1.791247725486755371e-01 6.499999761581420898e-02
4.296466112136840820e-01 -1.788011491298675537e-01 6.499999761581420898e-02
4.291984140872955322e-01 -1.782883107662200928e-01 6.499999761581420898e-02
4.290326535701751709e-01 -1.775504648685455322e-01 6.499999761581420898e-02
4.288668632507324219e-01 -1.768126487731933594e-01 6.499999761581420898e-02
4.287011027336120605e-01 -1.760748028755187988e-01 6.499999761581420898e-02
4.285353124141693115e-01 -1.753369569778442383e-01 6.499999761581420898e-02
4.283695518970489502e-01 -1.745991259813308716e-01 6.499999761581420898e-02
4.282037913799285889e-01 -1.738612800836563110e-01 6.499999761581420898e-02
4.280380010604858398e-01 -1.731234639883041382e-01 6.499999761581420898e-02
4.278722405433654785e-01 -1.723856180906295776e-01 6.499999761581420898e-02
4.277064502239227295e-01 -1.716477721929550171e-01 6.499999761581420898e-02
4.275406897068023682e-01 -1.709099411964416504e-01 6.499999761581420898e-02
4.274021387100219727e-01 -1.701634079217910767e-01 6.499999761581420898e-02
4.272817969322204590e-01 -1.694110631942749023e-01 6.499999761581420898e-02
4.271614253520965576e-01 -1.686587184667587280e-01 6.499999761581420898e-02
4.270410835742950439e-01 -1.679063737392425537e-01 6.499999761581420898e-02
4.269207417964935303e-01 -1.671540141105651855e-01 6.499999761581420898e-02
4.268004000186920166e-01 -1.664016693830490112e-01 6.499999761581420898e-02
4.266800582408905029e-01 -1.656493246555328369e-01 6.499999761581420898e-02
4.265596866607666016e-01 -1.648969799280166626e-01 6.499999761581420898e-02
4.264393448829650879e-01 -1.641446352005004883e-01 6.499999761581420898e-02
4.263190031051635742e-01 -1.633922755718231201e-01 6.499999761581420898e-02
4.261986613273620605e-01 -1.626399308443069458e-01 6.499999761581420898e-02
4.261023998260498047e-01 -1.618828922510147095e-01 6.499999761581420898e-02
4.260325729846954346e-01 -1.611206829547882080e-01 6.499999761581420898e-02
4.259627759456634521e-01 -1.603584736585617065e-01 6.499999761581420898e-02
4.258929491043090820e-01 -1.595962643623352051e-01 6.499999761581420898e-02
4.258231520652770996e-01 -1.588340550661087036e-01 6.499999761581420898e-02
4.257533252239227295e-01 -1.580718606710433960e-01 6.499999761581420898e-02
4.256835281848907471e-01 -1.573096513748168945e-01 6.499999761581420898e-02
4.256137013435363770e-01 -1.565474420785903931e-01 6.499999761581420898e-02
4.255439043045043945e-01 -1.557852178812026978e-01 6.499999761581420898e-02
4.254740774631500244e-01 -1.550230085849761963e-01 6.499999761581420898e-02
4.254042804241180420e-01 -1.542608141899108887e-01 6.499999761581420898e-02
4.253396093845367432e-01 -1.534982919692993164e-01 6.499999761581420898e-02
4.253243207931518555e-01 -1.527327895164489746e-01 6.499999761581420898e-02
4.253090620040893555e-01 -1.519672870635986328e-01 6.499999761581420898e-02
4.252938032150268555e-01 -1.512017846107482910e-01 6.499999761581420898e-02
4.252785444259643555e-01 -1.504362970590591431e-01 6.499999761581420898e-02
4.252632558345794678e-01 -1.496707946062088013e-01 6.499999761581420898e-02
4.252479970455169678e-01 -1.489052921533584595e-01 6.499999761581420898e-02
4.252327382564544678e-01 -1.481397897005081177e-01 6.499999761581420898e-02
4.252174794673919678e-01 -1.473742872476577759e-01 6.499999761581420898e-02
4.252021908760070801e-01 -1.466087996959686279e-01 6.499999761581420898e-02
4.251869320869445801e-01 -1.458432972431182861e-01 6.499999761581420898e-02
4.251716732978820801e-01 -1.450777947902679443e-01 6.499999761581420898e-02
4.251541197299957275e-01 -1.443022191524505615e-01 6.499999761581420898e-02
4.251340031623840332e-01 -1.435152739286422729e-01 6.499999761581420898e-02
4.251138567924499512e-01 -1.427283436059951782e-01 6.499999761581420898e-02
4.250937402248382568e-01 -1.419413834810256958e-01 6.499999761581420898e-02
4.250736236572265625e-01 -1.411544382572174072e-01 6.499999761581420898e-02
4.250534772872924805e-01 -1.403674930334091187e-01 6.499999761581420898e-02
4.250333607196807861e-01 -1.395805329084396362e-01 6.499999761581420898e-02
4.250132441520690918e-01 -1.387936025857925415e-01 6.499999761581420898e-02
4.249930977821350098e-01 -1.380066573619842529e-01 6.499999761581420898e-02
4.249729812145233154e-01 -1.372196972370147705e-01 6.499999761581420898e-02
4.249528646469116211e-01 -1.364327520132064819e-01 6.499999761581420898e-02
4.249327182769775391e-01 -1.356458067893981934e-01 6.499999761581420898e-02
4.249126017093658447e-01 -1.348588615655899048e-01 6.499999761581420898e-02
4.249322414398193359e-01 -1.340901404619216919e-01 6.499999761581420898e-02
4.249648749828338623e-01 -1.333273649215698242e-01 6.499999761581420898e-02
4.249974787235260010e-01 -1.325645893812179565e-01 6.499999761581420898e-02
4.250300824642181396e-01 -1.318017989397048950e-01 6.499999761581420898e-02
4.250627160072326660e-01 -1.310390383005142212e-01 6.499999761581420898e-02
4.250953197479248047e-01 -1.302762478590011597e-01 6.499999761581420898e-02
4.251279234886169434e-01 -1.295134723186492920e-01 6.499999761581420898e-02
4.251605272293090820e-01 -1.287506967782974243e-01 6.499999761581420898e-02
4.251931607723236084e-01 -1.279879063367843628e-01 6.499999761581420898e-02
4.252257645130157471e-01 -1.272251456975936890e-01 6.499999761581420898e-02
4.252583682537078857e-01 -1.264623701572418213e-01 6.499999761581420898e-02
4.252909719944000244e-01 -1.256995797157287598e-01 6.499999761581420898e-02
4.253317117691040039e-01 -1.249428391456604004e-01 6.499999761581420898e-02
4.254058301448822021e-01 -1.242109760642051697e-01 6.499999761581420898e-02
4.254799783229827881e-01 -1.234791278839111328e-01 6.499999761581420898e-02
4.255541265010833740e-01 -1.227472648024559021e-01 6.499999761581420898e-02
4.256282746791839600e-01 -1.220154017210006714e-01 6.499999761581420898e-02
4.257024228572845459e-01 -1.212835386395454407e-01 6.499999761581420898e-02
4.257765412330627441e-01 -1.205516755580902100e-01 6.499999761581420898e-02
4.258506894111633301e-01 -1.198198273777961731e-01 6.499999761581420898e-02
4.259248375892639160e-01 -1.190879642963409424e-01 6.499999761581420898e-02
4.259989857673645020e-01 -1.183561086654663086e-01 6.499999761581420898e-02
4.260731339454650879e-01 -1.176242455840110779e-01 6.499999761581420898e-02
4.261472523212432861e-01 -1.168923825025558472e-01 6.499999761581420898e-02
4.262214004993438721e-01 -1.161605343222618103e-01 6.499999761581420898e-02
4.263007342815399170e-01 -1.154538020491600037e-01 6.499999761581420898e-02
4.263837039470672607e-01 -1.147648394107818604e-01 6.499999761581420898e-02
4.264667034149169922e-01 -1.140758991241455078e-01 6.499999761581420898e-02
4.265496730804443359e-01 -1.133869662880897522e-01 6.499999761581420898e-02
4.266326427459716797e-01 -1.126980036497116089e-01 6.499999761581420898e-02
4.267156422138214111e-01 -1.120090708136558533e-01 6.499999761581420898e-02
4.267986118793487549e-01 -1.113201081752777100e-01 6.499999761581420898e-02
4.268816113471984863e-01 -1.106311678886413574e-01 6.499999761581420898e-02
4.269645810127258301e-01 -1.099422350525856018e-01 6.499999761581420898e-02
4.270475804805755615e-01 -1.092532724142074585e-01 6.499999761581420898e-02
4.271305501461029053e-01 -1.085643395781517029e-01 6.499999761581420898e-02
4.272135496139526367e-01 -1.078753769397735596e-01 6.499999761581420898e-02
4.272423982620239258e-01 -1.071610450744628906e-01 6.499999761581420898e-02
4.263151884078979492e-01 -1.059982106089591980e-01 6.499999761581420898e-02
4.253879487514495850e-01 -1.048353314399719238e-01 6.499999761581420898e-02
4.244607388973236084e-01 -1.036724969744682312e-01 6.499999761581420898e-02
4.235334992408752441e-01 -1.025096178054809570e-01 6.499999761581420898e-02
4.226062893867492676e-01 -1.013467758893966675e-01 6.499999761581420898e-02
4.216790795326232910e-01 -1.001839414238929749e-01 6.499999761581420898e-02
4.207518398761749268e-01 -9.902106225490570068e-02 6.499999761581420898e-02
4.198246300220489502e-01 -9.785822778940200806e-02 6.499999761581420898e-02
4.188973903656005859e-01 -9.669534862041473389e-02 6.499999761581420898e-02
4.191667735576629639e-01 -9.625555574893951416e-02 6.499999761581420898e-02
4.197040200233459473e-01 -9.597760438919067383e-02 6.499999761581420898e-02
4.202412664890289307e-01 -9.569964557886123657e-02 6.499999761581420898e-02
4.207784831523895264e-01 -9.542170166969299316e-02 6.499999761581420898e-02
4.213157296180725098e-01 -9.514374285936355591e-02 6.499999761581420898e-02
4.218529462814331055e-01 -9.486579149961471558e-02 6.499999761581420898e-02
4.223901629447937012e-01 -9.458784759044647217e-02 6.499999761581420898e-02
4.229274094104766846e-01 -9.430988878011703491e-02 6.499999761581420898e-02
4.234646558761596680e-01 -9.403193742036819458e-02 6.499999761581420898e-02
4.240019023418426514e-01 -9.375398606061935425e-02 6.499999761581420898e-02
4.245391190052032471e-01 -9.347603470087051392e-02 6.499999761581420898e-02
4.250860512256622314e-01 -9.322533011436462402e-02 6.499999761581420898e-02
4.256472885608673096e-01 -9.301468729972839355e-02 6.499999761581420898e-02
4.262084960937500000e-01 -9.280405938625335693e-02 6.499999761581420898e-02
4.267697632312774658e-01 -9.259342402219772339e-02 6.499999761581420898e-02
4.273309707641601562e-01 -9.238279610872268677e-02 6.499999761581420898e-02
4.278921782970428467e-01 -9.217216074466705322e-02 6.499999761581420898e-02
4.284534156322479248e-01 -9.196152538061141968e-02 6.499999761581420898e-02
4.290146529674530029e-01 -9.175089746713638306e-02 6.499999761581420898e-02
4.295758903026580811e-01 -9.154025465250015259e-02 6.499999761581420898e-02
4.301370978355407715e-01 -9.132962673902511597e-02 6.499999761581420898e-02
4.306983351707458496e-01 -9.111899882555007935e-02 6.499999761581420898e-02
4.312595725059509277e-01 -9.090836346149444580e-02 6.499999761581420898e-02
4.316759705543518066e-01 -9.067739546298980713e-02 6.499999761581420898e-02
4.320918321609497070e-01 -9.044634550809860229e-02 6.499999761581420898e-02
4.325076639652252197e-01 -9.021530300378799438e-02 6.499999761581420898e-02
4.329235255718231201e-01 -8.998426795005798340e-02 6.499999761581420898e-02
4.333393871784210205e-01 -8.975321799516677856e-02 6.499999761581420898e-02
4.337552487850189209e-01 -8.952217549085617065e-02 6.499999761581420898e-02
4.341711103916168213e-01 -8.929112553596496582e-02 6.499999761581420898e-02
4.345869719982147217e-01 -8.906008303165435791e-02 6.499999761581420898e-02
4.350028336048126221e-01 -8.882904052734375000e-02 6.499999761581420898e-02
4.354186952114105225e-01 -8.859799057245254517e-02 6.499999761581420898e-02
4.358345270156860352e-01 -8.836694806814193726e-02 6.499999761581420898e-02
4.362504184246063232e-01 -8.813589811325073242e-02 6.499999761581420898e-02
4.366662502288818359e-01 -8.790486305952072144e-02 6.499999761581420898e-02
4.370821118354797363e-01 -8.767382055521011353e-02 6.499999761581420898e-02
4.379138350486755371e-01 -8.721172809600830078e-02 6.499999761581420898e-02
4.379150271415710449e-01 -8.662761002779006958e-02 6.499999761581420898e-02
4.379162192344665527e-01 -8.604349195957183838e-02 6.499999761581420898e-02
4.379174113273620605e-01 -8.545937389135360718e-02 6.499999761581420898e-02
4.379186034202575684e-01 -8.487521111965179443e-02 6.499999761581420898e-02
4.379197955131530762e-01 -8.429109305143356323e-02 6.499999761581420898e-02
4.379209876060485840e-01 -8.370697498321533203e-02 6.499999761581420898e-02
4.379221796989440918e-01 -8.312284946441650391e-02 6.499999761581420898e-02
4.379233717918395996e-01 -8.253873139619827271e-02 6.499999761581420898e-02
4.379256367683410645e-01 -8.195514976978302002e-02 6.499999761581420898e-02
4.379392266273498535e-01 -8.137778192758560181e-02 6.499999761581420898e-02
4.379528164863586426e-01 -8.080041408538818359e-02 6.499999761581420898e-02
4.379664063453674316e-01 -8.022304624319076538e-02 6.499999761581420898e-02
4.379799962043762207e-01 -7.964567840099334717e-02 6.499999761581420898e-02
4.379935860633850098e-01 -7.906826585531234741e-02 6.499999761581420898e-02
4.380071759223937988e-01 -7.849089801311492920e-02 6.499999761581420898e-02
4.380207657814025879e-01 -7.791352272033691406e-02 6.499999761581420898e-02
4.380343556404113770e-01 -7.733615487813949585e-02 6.499999761581420898e-02
4.380479454994201660e-01 -7.675878703594207764e-02 6.499999761581420898e-02
4.380615353584289551e-01 -7.618137449026107788e-02 6.499999761581420898e-02
4.380751252174377441e-01 -7.560400664806365967e-02 6.499999761581420898e-02
4.380887150764465332e-01 -7.502663880586624146e-02 6.499999761581420898e-02
4.381023049354553223e-01 -7.444927096366882324e-02 6.499999761581420898e-02
4.381158947944641113e-01 -7.387190312147140503e-02 6.499999761581420898e-02
4.381294846534729004e-01 -7.329449057579040527e-02 6.499999761581420898e-02
4.381430745124816895e-01 -7.271712273359298706e-02 6.499999761581420898e-02
4.381566941738128662e-01 -7.213986665010452271e-02 6.499999761581420898e-02
4.381731152534484863e-01 -7.157018035650253296e-02 6.499999761581420898e-02
4.381895065307617188e-01 -7.100048661231994629e-02 6.499999761581420898e-02
4.382059276103973389e-01 -7.043075561523437500e-02 6.499999761581420898e-02
4.382223486900329590e-01 -6.986106932163238525e-02 6.499999761581420898e-02
4.382387399673461914e-01 -6.929137557744979858e-02 6.499999761581420898e-02
4.382551610469818115e-01 -6.872168928384780884e-02 6.499999761581420898e-02
4.382715523242950439e-01 -6.815199553966522217e-02 6.499999761581420898e-02
4.382879734039306641e-01 -6.758226454257965088e-02 6.499999761581420898e-02
4.383043944835662842e-01 -6.701257824897766113e-02 6.499999761581420898e-02
4.383207857608795166e-01 -6.644288450479507446e-02 6.499999761581420898e-02
4.383372068405151367e-01 -6.587319821119308472e-02 6.499999761581420898e-02
4.383535981178283691e-01 -6.530351191759109497e-02 6.499999761581420898e-02
4.383700191974639893e-01 -6.473377346992492676e-02 6.499999761581420898e-02
4.383864402770996094e-01 -6.416408717632293701e-02 6.499999761581420898e-02
4.384028315544128418e-01 -6.359440088272094727e-02 6.499999761581420898e-02
4.384192526340484619e-01 -6.302470713853836060e-02 6.499999761581420898e-02
4.384770393371582031e-01 -6.245746836066246033e-02 6.499999761581420898e-02
4.386469423770904541e-01 -6.189681217074394226e-02 6.499999761581420898e-02
4.388168454170227051e-01 -6.133620068430900574e-02 6.499999761581420898e-02
4.389867186546325684e-01 -6.077558919787406921e-02 6.499999761581420898e-02
4.391566216945648193e-01 -6.021497771143913269e-02 6.499999761581420898e-02
4.393264949321746826e-01 -5.965436622500419617e-02 6.499999761581420898e-02
4.394963979721069336e-01 -5.909371003508567810e-02 6.499999761581420898e-02
4.396662712097167969e-01 -5.853309854865074158e-02 6.499999761581420898e-02
4.398361742496490479e-01 -5.797248706221580505e-02 6.499999761581420898e-02
4.400060474872589111e-01 -5.741187557578086853e-02 6.499999761581420898e-02
4.401759505271911621e-01 -5.685126408934593201e-02 6.499999761581420898e-02
4.403458535671234131e-01 -5.629061162471771240e-02 6.499999761581420898e-02
4.405157268047332764e-01 -5.573000013828277588e-02 6.499999761581420898e-02
4.406856298446655273e-01 -5.516938865184783936e-02 6.499999761581420898e-02
4.408555030822753906e-01 -5.460877716541290283e-02 6.499999761581420898e-02
4.410254061222076416e-01 -5.404816567897796631e-02 6.499999761581420898e-02
4.411952793598175049e-01 -5.348750948905944824e-02 6.499999761581420898e-02
4.413651823997497559e-01 -5.292689800262451172e-02 6.499999761581420898e-02
4.415501952171325684e-01 -5.237403512001037598e-02 6.499999761581420898e-02
4.417757689952850342e-01 -5.184194818139076233e-02 6.499999761581420898e-02
4.420013427734375000e-01 -5.130986124277114868e-02 6.499999761581420898e-02
4.422269463539123535e-01 -5.077773705124855042e-02 6.499999761581420898e-02
4.424525201320648193e-01 -5.024565011262893677e-02 6.499999761581420898e-02
4.426781237125396729e-01 -4.971356689929962158e-02 6.499999761581420898e-02
4.429036974906921387e-01 -4.918147996068000793e-02 6.499999761581420898e-02
4.431292712688446045e-01 -4.864939674735069275e-02 6.499999761581420898e-02
4.433548748493194580e-01 -4.811726883053779602e-02 6.499999761581420898e-02
4.435804486274719238e-01 -4.758518561720848083e-02 6.499999761581420898e-02
4.438060224056243896e-01 -4.705309867858886719e-02 6.499999761581420898e-02
4.440316259860992432e-01 -4.652101546525955200e-02 6.499999761581420898e-02
4.442571997642517090e-01 -4.598892852663993835e-02 6.499999761581420898e-02
4.444828033447265625e-01 -4.545680433511734009e-02 6.499999761581420898e-02
4.447083771228790283e-01 -4.492471739649772644e-02 6.499999761581420898e-02
4.449339509010314941e-01 -4.439263045787811279e-02 6.499999761581420898e-02
4.451595246791839600e-01 -4.386054724454879761e-02 6.499999761581420898e-02
4.453851282596588135e-01 -4.332846030592918396e-02 6.499999761581420898e-02
4.456185996532440186e-01 -4.280347004532814026e-02 6.499999761581420898e-02
4.458565115928649902e-01 -4.228252917528152466e-02 6.499999761581420898e-02
4.460944533348083496e-01 -4.176158830523490906e-02 6.499999761581420898e-02
4.463323652744293213e-01 -4.124065116047859192e-02 6.499999761581420898e-02
4.465702772140502930e-01 -4.071971029043197632e-02 6.499999761581420898e-02
4.468081891536712646e-01 -4.019872844219207764e-02 6.499999761581420898e-02
4.470461010932922363e-01 -3.967778757214546204e-02 6.499999761581420898e-02
4.472840428352355957e-01 -3.915684670209884644e-02 6.499999761581420898e-02
4.475219547748565674e-01 -3.863590955734252930e-02 6.499999761581420898e-02
4.477598667144775391e-01 -3.811496868729591370e-02 6.499999761581420898e-02
4.479977786540985107e-01 -3.759398683905601501e-02 6.499999761581420898e-02
4.482356905937194824e-01 -3.707304596900939941e-02 6.499999761581420898e-02
4.484736323356628418e-01 -3.655210509896278381e-02 6.499999761581420898e-02
4.487115442752838135e-01 -3.603116422891616821e-02 6.499999761581420898e-02
4.489494562149047852e-01 -3.551022708415985107e-02 6.499999761581420898e-02
4.491873681545257568e-01 -3.498924523591995239e-02 6.499999761581420898e-02
4.494253098964691162e-01 -3.446830436587333679e-02 6.499999761581420898e-02
4.497039318084716797e-01 -3.398820385336875916e-02 6.499999761581420898e-02
4.501914680004119873e-01 -3.371755778789520264e-02 6.499999761581420898e-02
4.506790041923522949e-01 -3.344691172242164612e-02 6.499999761581420898e-02
4.511665701866149902e-01 -3.317624330520629883e-02 6.499999761581420898e-02
4.516541063785552979e-01 -3.290559351444244385e-02 6.499999761581420898e-02
4.521416425704956055e-01 -3.263494744896888733e-02 6.499999761581420898e-02
4.526291489601135254e-01 -3.236430138349533081e-02 6.499999761581420898e-02
4.531166851520538330e-01 -3.209365159273147583e-02 6.499999761581420898e-02
4.536042511463165283e-01 -3.182298317551612854e-02 6.499999761581420898e-02
4.540917873382568359e-01 -3.155233711004257202e-02 6.499999761581420898e-02
4.545793235301971436e-01 -3.128168731927871704e-02 6.499999761581420898e-02
4.550668597221374512e-01 -3.101104125380516052e-02 6.499999761581420898e-02
4.555543661117553711e-01 -3.074039332568645477e-02 6.499999761581420898e-02
4.560419321060180664e-01 -3.046972677111625671e-02 6.499999761581420898e-02
4.565294682979583740e-01 -3.019907884299755096e-02 6.499999761581420898e-02
4.570170044898986816e-01 -2.992843091487884521e-02 6.499999761581420898e-02
4.575045406818389893e-01 -2.965778298676013947e-02 6.499999761581420898e-02
4.580097198486328125e-01 -2.939928323030471802e-02 6.499999761581420898e-02
4.585193097591400146e-01 -2.914374507963657379e-02 6.499999761581420898e-02
4.590288400650024414e-01 -2.888822555541992188e-02 6.499999761581420898e-02
4.595383405685424805e-01 -2.863270789384841919e-02 6.499999761581420898e-02
4.600478708744049072e-01 -2.837718836963176727e-02 6.499999761581420898e-02
4.605574011802673340e-01 -2.812166884541511536e-02 6.499999761581420898e-02
4.610669910907745361e-01 -2.786613069474697113e-02 6.499999761581420898e-02
4.615764915943145752e-01 -2.761061117053031921e-02 6.499999761581420898e-02
4.620860219001770020e-01 -2.735509164631366730e-02 6.499999761581420898e-02
4.625955522060394287e-01 -2.709957398474216461e-02 6.499999761581420898e-02
4.631050825119018555e-01 -2.684405446052551270e-02 6.499999761581420898e-02
4.636146426200866699e-01 -2.658851630985736847e-02 6.499999761581420898e-02
4.641241729259490967e-01 -2.633299678564071655e-02 6.499999761581420898e-02
4.646337032318115234e-01 -2.607747726142406464e-02 6.499999761581420898e-02
4.651432335376739502e-01 -2.582195959985256195e-02 6.499999761581420898e-02
4.656527638435363770e-01 -2.556644007563591003e-02 6.499999761581420898e-02
4.661623239517211914e-01 -2.531090192496776581e-02 6.499999761581420898e-02
4.666881561279296875e-01 -2.506537549197673798e-02 6.499999761581420898e-02
4.672166407108306885e-01 -2.482148073613643646e-02 6.499999761581420898e-02
4.677451252937316895e-01 -2.457758784294128418e-02 6.499999761581420898e-02
4.682736098766326904e-01 -2.433369494974613190e-02 6.499999761581420898e-02
4.688021242618560791e-01 -2.408978156745433807e-02 6.499999761581420898e-02
4.693306088447570801e-01 -2.384588867425918579e-02 6.499999761581420898e-02
4.698590934276580811e-01 -2.360199391841888428e-02 6.499999761581420898e-02
4.703875780105590820e-01 -2.335810102522373199e-02 6.499999761581420898e-02
4.709160625934600830e-01 -2.311420813202857971e-02 6.499999761581420898e-02
4.714445769786834717e-01 -2.287029474973678589e-02 6.499999761581420898e-02
4.719730615615844727e-01 -2.262640185654163361e-02 6.499999761581420898e-02
4.725015461444854736e-01 -2.238250896334648132e-02 6.499999761581420898e-02
4.730300307273864746e-01 -2.213861420750617981e-02 6.499999761581420898e-02
4.735585153102874756e-01 -2.189472131431102753e-02 6.499999761581420898e-02
4.740870594978332520e-01 -2.165080979466438293e-02 6.499999761581420898e-02
4.746155142784118652e-01 -2.140691503882408142e-02 6.499999761581420898e-02
4.751439988613128662e-01 -2.116302214562892914e-02 6.499999761581420898e-02
4.756789207458496094e-01 -2.092475257813930511e-02 6.499999761581420898e-02
4.762259423732757568e-01 -2.069712616503238678e-02 6.499999761581420898e-02
4.767730534076690674e-01 -2.046948485076427460e-02 6.499999761581420898e-02
4.773200750350952148e-01 -2.024186030030250549e-02 6.499999761581420898e-02
4.778671264648437500e-01 -2.001423388719558716e-02 6.499999761581420898e-02
4.784141778945922852e-01 -1.978660933673381805e-02 6.499999761581420898e-02
4.789612293243408203e-01 -1.955898478627204895e-02 6.499999761581420898e-02
4.795083105564117432e-01 -1.933134160935878754e-02 6.499999761581420898e-02
4.800553321838378906e-01 -1.910371705889701843e-02 6.499999761581420898e-02
4.806023836135864258e-01 -1.887609250843524933e-02 6.499999761581420898e-02
4.811494350433349609e-01 -1.864846609532833099e-02 6.499999761581420898e-02
4.816964864730834961e-01 -1.842084154486656189e-02 6.499999761581420898e-02
4.822435677051544189e-01 -1.819319836795330048e-02 6.499999761581420898e-02
4.827905893325805664e-01 -1.796557381749153137e-02 6.499999761581420898e-02
4.833376407623291016e-01 -1.773794926702976227e-02 6.499999761581420898e-02
4.838846921920776367e-01 -1.751032471656799316e-02 6.499999761581420898e-02
4.844317436218261719e-01 -1.728269830346107483e-02 6.499999761581420898e-02
4.849788248538970947e-01 -1.705505698919296265e-02 6.499999761581420898e-02
4.855314493179321289e-01 -1.683410629630088806e-02 6.499999761581420898e-02
4.860953390598297119e-01 -1.662658713757991791e-02 6.499999761581420898e-02
4.866591989994049072e-01 -1.641906984150409698e-02 6.499999761581420898e-02
4.872230887413024902e-01 -1.621155068278312683e-02 6.499999761581420898e-02
4.877870082855224609e-01 -1.600401662290096283e-02 6.499999761581420898e-02
4.883508980274200439e-01 -1.579649746417999268e-02 6.499999761581420898e-02
4.889147579669952393e-01 -1.558897923678159714e-02 6.499999761581420898e-02
4.894786477088928223e-01 -1.538146100938320160e-02 6.499999761581420898e-02
4.900425076484680176e-01 -1.517394278198480606e-02 6.499999761581420898e-02
4.906064271926879883e-01 -1.496640779078006744e-02 6.499999761581420898e-02
4.911703169345855713e-01 -1.475888956338167191e-02 6.499999761581420898e-02
4.917342066764831543e-01 -1.455137133598327637e-02 6.499999761581420898e-02
4.922980666160583496e-01 -1.434385217726230621e-02 6.499999761581420898e-02
4.928619563579559326e-01 -1.413633394986391068e-02 6.499999761581420898e-02
4.934258759021759033e-01 -1.392879988998174667e-02 6.499999761581420898e-02
4.939897358417510986e-01 -1.372128166258335114e-02 6.499999761581420898e-02
4.945536255836486816e-01 -1.351376250386238098e-02 6.499999761581420898e-02
4.951175153255462646e-01 -1.330624427646398544e-02 6.499999761581420898e-02
4.956813752651214600e-01 -1.309872604906558990e-02 6.499999761581420898e-02
4.962580800056457520e-01 -1.291206479072570801e-02 6.499999761581420898e-02
4.968359470367431641e-01 -1.272737514227628708e-02 6.499999761581420898e-02
4.974138140678405762e-01 -1.254268456250429153e-02 6.499999761581420898e-02
4.979916810989379883e-01 -1.235799491405487061e-02 6.499999761581420898e-02
4.985695481300354004e-01 -1.217330433428287506e-02 6.499999761581420898e-02
4.991474747657775879e-01 -1.198860071599483490e-02 6.499999761581420898e-02
4.997253417968750000e-01 -1.180391013622283936e-02 6.499999761581420898e-02
5.003032088279724121e-01 -1.161922048777341843e-02 6.499999761581420898e-02
5.008810758590698242e-01 -1.143453083932399750e-02 6.499999761581420898e-02
5.014589428901672363e-01 -1.124984025955200195e-02 6.499999761581420898e-02
5.020368695259094238e-01 -1.106513664126396179e-02 6.499999761581420898e-02
5.026147365570068359e-01 -1.088044606149196625e-02 6.499999761581420898e-02
5.031926035881042480e-01 -1.069575641304254532e-02 6.499999761581420898e-02
5.037704706192016602e-01 -1.051106583327054977e-02 6.499999761581420898e-02
5.043483376502990723e-01 -1.032637618482112885e-02 6.499999761581420898e-02
5.049262046813964844e-01 -1.014167256653308868e-02 6.499999761581420898e-02
5.055040717124938965e-01 -9.956981986761093140e-03 6.499999761581420898e-02
5.060819387435913086e-01 -9.772291406989097595e-03 6.499999761581420898e-02
5.066620111465454102e-01 -9.592853486537933350e-03 6.499999761581420898e-02
5.072503089904785156e-01 -9.432983584702014923e-03 6.499999761581420898e-02
5.078386068344116211e-01 -9.273101575672626495e-03 6.499999761581420898e-02
5.084269046783447266e-01 -9.113231673836708069e-03 6.499999761581420898e-02
5.090152025222778320e-01 -8.953361772000789642e-03 6.499999761581420898e-02
5.096035003662109375e-01 -8.793491870164871216e-03 6.499999761581420898e-02
5.101917386054992676e-01 -8.633622899651527405e-03 6.499999761581420898e-02
5.107800960540771484e-01 -8.473740890622138977e-03 6.499999761581420898e-02
5.113683938980102539e-01 -8.313870988786220551e-03 6.499999761581420898e-02
5.119566321372985840e-01 -8.154001086950302124e-03 6.499999761581420898e-02
5.125449299812316895e-01 -7.994131185114383698e-03 6.499999761581420898e-02
5.131332278251647949e-01 -7.834261283278465271e-03 6.499999761581420898e-02
5.137215256690979004e-01 -7.674379739910364151e-03 6.499999761581420898e-02
5.143098235130310059e-01 -7.514509372413158417e-03 6.499999761581420898e-02
5.148981213569641113e-01 -7.354639936238527298e-03 6.499999761581420898e-02
5.154864192008972168e-01 -7.194770034402608871e-03 6.499999761581420898e-02
5.160746574401855469e-01 -7.034900598227977753e-03 6.499999761581420898e-02
5.166630148887634277e-01 -6.875018589198589325e-03 6.499999761581420898e-02
5.172513127326965332e-01 -6.715148687362670898e-03 6.499999761581420898e-02
5.178413391113281250e-01 -6.561608985066413879e-03 6.499999761581420898e-02
5.184344649314880371e-01 -6.419310346245765686e-03 6.499999761581420898e-02
5.190275907516479492e-01 -6.277012173086404800e-03 6.499999761581420898e-02
5.196207761764526367e-01 -6.134703289717435837e-03 6.499999761581420898e-02
5.202139019966125488e-01 -5.992404650896787643e-03 6.499999761581420898e-02
5.208070278167724609e-01 -5.850106477737426758e-03 6.499999761581420898e-02
5.214001536369323730e-01 -5.707808304578065872e-03 6.499999761581420898e-02
5.219932794570922852e-01 -5.565510131418704987e-03 6.499999761581420898e-02
5.225864648818969727e-01 -5.423200782388448715e-03 6.499999761581420898e-02
5.231795907020568848e-01 -5.280902609229087830e-03 6.499999761581420898e-02
5.237727165222167969e-01 -5.138603970408439636e-03 6.499999761581420898e-02
5.243658423423767090e-01 -4.996305797249078751e-03 6.499999761581420898e-02
5.249589681625366211e-01 -4.854007624089717865e-03 6.499999761581420898e-02
5.255521535873413086e-01 -4.711698275059461594e-03 6.499999761581420898e-02
5.261452794075012207e-01 -4.569400101900100708e-03 6.499999761581420898e-02
5.267384052276611328e-01 -4.427101463079452515e-03 6.499999761581420898e-02
5.273315906524658203e-01 -4.284803755581378937e-03 6.499999761581420898e-02
5.279247164726257324e-01 -4.142505116760730743e-03 6.499999761581420898e-02
5.285178422927856445e-01 -4.000196233391761780e-03 6.499999761581420898e-02
5.291126966476440430e-01 -3.867038059979677200e-03 6.499999761581420898e-02
5.297092199325561523e-01 -3.743468783795833588e-03 6.499999761581420898e-02
5.303058028221130371e-01 -3.619899507611989975e-03 6.499999761581420898e-02
5.309023857116699219e-01 -3.496330231428146362e-03 6.499999761581420898e-02
5.314990282058715820e-01 -3.372751642018556595e-03 6.499999761581420898e-02
5.320955514907836914e-01 -3.249182365834712982e-03 6.499999761581420898e-02
5.326921343803405762e-01 -3.125613089650869370e-03 6.499999761581420898e-02
5.332887172698974609e-01 -3.002043813467025757e-03 6.499999761581420898e-02
5.338853001594543457e-01 -2.878474537283182144e-03 6.499999761581420898e-02
5.344818830490112305e-01 -2.754895947873592377e-03 6.499999761581420898e-02
5.350784659385681152e-01 -2.631326671689748764e-03 6.499999761581420898e-02
5.356750488281250000e-01 -2.507757395505905151e-03 6.499999761581420898e-02
5.362716317176818848e-01 -2.384188119322061539e-03 6.499999761581420898e-02
5.368682146072387695e-01 -2.260618843138217926e-03 6.499999761581420898e-02
5.374647974967956543e-01 -2.137040020897984505e-03 6.499999761581420898e-02
5.380613803863525391e-01 -2.013470511883497238e-03 6.499999761581420898e-02
5.386579632759094238e-01 -1.889901468530297279e-03 6.499999761581420898e-02
5.392545461654663086e-01 -1.766332192346453667e-03 6.499999761581420898e-02
5.398510694503784180e-01 -1.642762916162610054e-03 6.499999761581420898e-02
5.403358936309814453e-01 -1.554669579491019249e-03 6.499999761581420898e-02
5.407560467720031738e-01 -1.487076049670577049e-03 6.499999761581420898e-02
5.411762595176696777e-01 -1.419482519850134850e-03 6.499999761581420898e-02
5.415964126586914062e-01 -1.351889106445014477e-03 6.499999761581420898e-02
5.420165657997131348e-01 -1.284295576624572277e-03 6.499999761581420898e-02
5.424367785453796387e-01 -1.216696924529969692e-03 6.499999761581420898e-02
5.428569912910461426e-01 -1.149103394709527493e-03 6.499999761581420898e-02
5.432771444320678711e-01 -1.081509981304407120e-03 6.499999761581420898e-02
5.436972975730895996e-01 -1.013916451483964920e-03 6.499999761581420898e-02
5.441175103187561035e-01 -9.463229216635227203e-04 6.499999761581420898e-02
5.445376634597778320e-01 -8.787242113612592220e-04 6.499999761581420898e-02
5.449578762054443359e-01 -8.111307397484779358e-04 6.499999761581420898e-02
5.453780293464660645e-01 -7.435371517203748226e-04 6.499999761581420898e-02
5.457982420921325684e-01 -6.759437383152544498e-04 6.499999761581420898e-02
5.462183952331542969e-01 -6.083501502871513367e-04 6.499999761581420898e-02
5.466386079788208008e-01 -5.407514981925487518e-04 6.499999761581420898e-02
5.470587611198425293e-01 -4.731580847874283791e-04 6.499999761581420898e-02
5.474789738655090332e-01 -4.055645549669861794e-04 6.499999761581420898e-02
5.478991270065307617e-01 -3.379710251465439796e-04 6.499999761581420898e-02
5.483192801475524902e-01 -2.703774953261017799e-04 6.499999761581420898e-02
5.487394928932189941e-01 -2.027788432314991951e-04 6.499999761581420898e-02
5.491596460342407227e-01 -1.351854298263788223e-04 6.499999761581420898e-02
5.500000119209289551e-01 0.000000000000000000e+00 6.499999761581420898e-02
