3.780464529991149902e-01 -4.511298239231109619e-01 6.499999761581420898e-02
3.784424960613250732e-01 -4.510164260864257812e-01 6.499999761581420898e-02
3.788385391235351562e-01 -4.509030282497406006e-01 6.499999761581420898e-02
3.792346119880676270e-01 -4.507896304130554199e-01 6.499999761581420898e-02
3.796306550502777100e-01 -4.506762325763702393e-01 6.499999761581420898e-02
3.800266981124877930e-01 -4.505628347396850586e-01 6.499999761581420898e-02
3.804227411746978760e-01 -4.504494369029998779e-01 6.499999761581420898e-02
3.808187842369079590e-01 -4.503360390663146973e-01 6.499999761581420898e-02
3.812148571014404297e-01 -4.502226412296295166e-01 6.499999761581420898e-02
3.816109001636505127e-01 -4.501092433929443359e-01 6.499999761581420898e-02
3.820069432258605957e-01 -4.499958455562591553e-01 6.499999761581420898e-02
3.824029862880706787e-01 -4.498824477195739746e-01 6.499999761581420898e-02
3.827990293502807617e-01 -4.497690498828887939e-01 6.499999761581420898e-02
3.831951022148132324e-01 -4.496556520462036133e-01 6.499999761581420898e-02
3.835911452770233154e-01 -4.495422542095184326e-01 6.499999761581420898e-02
3.839871883392333984e-01 -4.494288563728332520e-01 6.499999761581420898e-02
3.843832314014434814e-01 -4.493154585361480713e-01 6.499999761581420898e-02
3.847792744636535645e-01 -4.492020606994628906e-01 6.499999761581420898e-02
3.851753473281860352e-01 -4.490886628627777100e-01 6.499999761581420898e-02
3.855713903903961182e-01 -4.489752650260925293e-01 6.499999761581420898e-02
3.859674334526062012e-01 -4.488618671894073486e-01 6.499999761581420898e-02
3.863634765148162842e-01 -4.487484693527221680e-01 6.499999761581420898e-02
3.867595493793487549e-01 -4.486350715160369873e-01 6.499999761581420898e-02
3.871555924415588379e-01 -4.485216736793518066e-01 6.499999761581420898e-02
3.877068161964416504e-01 -4.483494460582733154e-01 6.499999761581420898e-02
3.883098065853118896e-01 -4.481575787067413330e-01 6.499999761581420898e-02
3.889128267765045166e-01 -4.479657113552093506e-01 6.499999761581420898e-02
3.895158171653747559e-01 -4.477738738059997559e-01 6.499999761581420898e-02
3.901188075542449951e-01 -4.475820064544677734e-01 6.499999761581420898e-02
3.907217979431152344e-01 -4.473901391029357910e-01 6.499999761581420898e-02
3.913248181343078613e-01 -4.471982717514038086e-01 6.499999761581420898e-02
3.919278085231781006e-01 -4.470064342021942139e-01 6.499999761581420898e-02
3.925307989120483398e-01 -4.468145668506622314e-01 6.499999761581420898e-02
3.931338191032409668e-01 -4.466226994991302490e-01 6.499999761581420898e-02
3.937368094921112061e-01 -4.464308619499206543e-01 6.499999761581420898e-02
3.943397998809814453e-01 -4.462389945983886719e-01 6.499999761581420898e-02
3.949427902698516846e-01 -4.460471272468566895e-01 6.499999761581420898e-02
3.955458104610443115e-01 -4.458552598953247070e-01 6.499999761581420898e-02
3.961488008499145508e-01 -4.456634223461151123e-01 6.499999761581420898e-02
3.967517912387847900e-01 -4.454715549945831299e-01 6.499999761581420898e-02
3.973548114299774170e-01 -4.452796876430511475e-01 6.499999761581420898e-02
3.979578018188476562e-01 -4.450878500938415527e-01 6.499999761581420898e-02
3.985607922077178955e-01 -4.448959827423095703e-01 6.499999761581420898e-02
3.991638123989105225e-01 -4.447041153907775879e-01 6.499999761581420898e-02
3.997668027877807617e-01 -4.445122480392456055e-01 6.499999761581420898e-02
4.003024697303771973e-01 -4.442996382713317871e-01 6.499999761581420898e-02
4.008329510688781738e-01 -4.440853893756866455e-01 6.499999761581420898e-02
4.013634324073791504e-01 -4.438711702823638916e-01 6.499999761581420898e-02
4.018939137458801270e-01 -4.436569213867187500e-01 6.499999761581420898e-02
4.024243950843811035e-01 -4.434427022933959961e-01 6.499999761581420898e-02
4.029548466205596924e-01 -4.432284832000732422e-01 6.499999761581420898e-02
4.034853279590606689e-01 -4.430142343044281006e-01 6.499999761581420898e-02
4.040158092975616455e-01 -4.428000152111053467e-01 6.499999761581420898e-02
4.045462906360626221e-01 -4.425857663154602051e-01 6.499999761581420898e-02
4.050767719745635986e-01 -4.423715472221374512e-01 6.499999761581420898e-02
4.056072235107421875e-01 -4.421572983264923096e-01 6.499999761581420898e-02
4.061377048492431641e-01 -4.419430792331695557e-01 6.499999761581420898e-02
4.066681861877441406e-01 -4.417288303375244141e-01 6.499999761581420898e-02
4.071986675262451172e-01 -4.415146112442016602e-01 6.499999761581420898e-02
4.077291488647460938e-01 -4.413003921508789062e-01 6.499999761581420898e-02
4.082596004009246826e-01 -4.410861432552337646e-01 6.499999761581420898e-02
4.087900817394256592e-01 -4.408719241619110107e-01 6.499999761581420898e-02
4.093320965766906738e-01 -4.406396448612213135e-01 6.499999761581420898e-02
4.098832011222839355e-01 -4.403932094573974609e-01 6.499999761581420898e-02
4.104342758655548096e-01 -4.401467740535736084e-01 6.499999761581420898e-02
4.109853506088256836e-01 -4.399003386497497559e-01 6.499999761581420898e-02
4.115364253520965576e-01 -4.396539032459259033e-01 6.499999761581420898e-02
4.120875000953674316e-01 -4.394074976444244385e-01 6.499999761581420898e-02
4.121773838996887207e-01 -4.374786913394927979e-01 6.499999761581420898e-02
4.122672677040100098e-01 -4.355499148368835449e-01 6.499999761581420898e-02
4.123571515083312988e-01 -4.336211085319519043e-01 6.499999761581420898e-02
4.124470353126525879e-01 -4.316923320293426514e-01 6.499999761581420898e-02
4.125368893146514893e-01 -4.297635257244110107e-01 6.499999761581420898e-02
4.126267731189727783e-01 -4.278347194194793701e-01 6.499999761581420898e-02
4.132149219512939453e-01 -4.262139797210693359e-01 6.499999761581420898e-02
4.142978787422180176e-01 -4.248991012573242188e-01 6.499999761581420898e-02
4.153808653354644775e-01 -4.235842525959014893e-01 6.499999761581420898e-02
4.164638221263885498e-01 -4.222694039344787598e-01 6.499999761581420898e-02
4.175467789173126221e-01 -4.209545552730560303e-01 6.499999761581420898e-02
4.186297357082366943e-01 -4.196397066116333008e-01 6.499999761581420898e-02
4.198020994663238525e-01 -4.184708893299102783e-01 6.499999761581420898e-02
4.213613867759704590e-01 -4.179343879222869873e-01 6.499999761581420898e-02
4.229206442832946777e-01 -4.173978865146636963e-01 6.499999761581420898e-02
4.244799315929412842e-01 -4.168614149093627930e-01 6.499999761581420898e-02
4.260392189025878906e-01 -4.163249135017395020e-01 6.499999761581420898e-02
4.275985062122344971e-01 -4.157884120941162109e-01 6.499999761581420898e-02
4.291577935218811035e-01 -4.152519106864929199e-01 6.499999761581420898e-02
4.307185113430023193e-01 -4.146364033222198486e-01 6.499999761581420898e-02
4.322793483734130859e-01 -4.140143990516662598e-01 6.499999761581420898e-02
4.338401854038238525e-01 -4.133923947811126709e-01 6.499999761581420898e-02
4.354010224342346191e-01 -4.127703905105590820e-01 6.499999761581420898e-02
4.369618594646453857e-01 -4.121483564376831055e-01 6.499999761581420898e-02
4.385226964950561523e-01 -4.115263521671295166e-01 6.499999761581420898e-02
4.400793910026550293e-01 -4.108848869800567627e-01 6.499999761581420898e-02
4.416338205337524414e-01 -4.102326929569244385e-01 6.499999761581420898e-02
4.431882500648498535e-01 -4.095805287361145020e-01 6.499999761581420898e-02
4.447426795959472656e-01 -4.089283347129821777e-01 6.499999761581420898e-02
4.462971091270446777e-01 -4.082761704921722412e-01 6.499999761581420898e-02
4.478515386581420898e-01 -4.076239764690399170e-01 6.499999761581420898e-02
4.494335055351257324e-01 -4.072328805923461914e-01 6.499999761581420898e-02
4.510551691055297852e-01 -4.072181582450866699e-01 6.499999761581420898e-02
4.526768326759338379e-01 -4.072034060955047607e-01 6.499999761581420898e-02
4.542984962463378906e-01 -4.071886837482452393e-01 6.499999761581420898e-02
4.559201598167419434e-01 -4.071739614009857178e-01 6.499999761581420898e-02
4.575418233871459961e-01 -4.071592390537261963e-01 6.499999761581420898e-02
4.591722190380096436e-01 -4.071611762046813965e-01 6.499999761581420898e-02
4.608089625835418701e-01 -4.071752130985260010e-01 6.499999761581420898e-02
4.624456763267517090e-01 -4.071892499923706055e-01 6.499999761581420898e-02
4.640824198722839355e-01 -4.072033166885375977e-01 6.499999761581420898e-02
4.657191336154937744e-01 -4.072173535823822021e-01 6.499999761581420898e-02
4.673558771610260010e-01 -4.072313904762268066e-01 6.499999761581420898e-02
4.689953029155731201e-01 -4.072813093662261963e-01 6.499999761581420898e-02
4.706358313560485840e-01 -4.073454439640045166e-01 6.499999761581420898e-02
4.722763597965240479e-01 -4.074095487594604492e-01 6.499999761581420898e-02
4.739168882369995117e-01 -4.074736833572387695e-01 6.499999761581420898e-02
4.755573868751525879e-01 -4.075378179550170898e-01 6.499999761581420898e-02
4.771979153156280518e-01 -4.076019525527954102e-01 6.499999761581420898e-02
4.788353145122528076e-01 -4.076883196830749512e-01 6.499999761581420898e-02
4.804722070693969727e-01 -4.077781140804290771e-01 6.499999761581420898e-02
4.821091294288635254e-01 -4.078678786754608154e-01 6.499999761581420898e-02
4.837460517883300781e-01 -4.079576730728149414e-01 6.499999761581420898e-02
4.853829741477966309e-01 -4.080474376678466797e-01 6.499999761581420898e-02
4.870196282863616943e-01 -4.081272482872009277e-01 6.499999761581420898e-02
4.886526763439178467e-01 -4.080531895160675049e-01 6.499999761581420898e-02
4.902856945991516113e-01 -4.079791307449340820e-01 6.499999761581420898e-02
4.919187128543853760e-01 -4.079050719738006592e-01 6.499999761581420898e-02
4.935517609119415283e-01 -4.078310132026672363e-01 6.499999761581420898e-02
4.951847791671752930e-01 -4.077569544315338135e-01 6.499999761581420898e-02
4.968162477016448975e-01 -4.076751172542572021e-01 6.499999761581420898e-02
4.984438419342041016e-01 -4.075738787651062012e-01 6.499999761581420898e-02
5.000714659690856934e-01 -4.074726402759552002e-01 6.499999761581420898e-02
5.016990303993225098e-01 -4.073713719844818115e-01 6.499999761581420898e-02
5.033265948295593262e-01 -4.072701334953308105e-01 6.499999761581420898e-02
5.049542188644409180e-01 -4.071688950061798096e-01 6.499999761581420898e-02
5.065786838531494141e-01 -4.070636630058288574e-01 6.499999761581420898e-02
5.082006454467773438e-01 -4.069551527500152588e-01 6.499999761581420898e-02
5.098226070404052734e-01 -4.068466424942016602e-01 6.499999761581420898e-02
5.114445686340332031e-01 -4.067381322383880615e-01 6.499999761581420898e-02
5.130665302276611328e-01 -4.066296219825744629e-01 6.499999761581420898e-02
5.146884918212890625e-01 -4.065211415290832520e-01 6.499999761581420898e-02
5.163078308105468750e-01 -4.064115881919860840e-01 6.499999761581420898e-02
5.179266929626464844e-01 -4.063018858432769775e-01 6.499999761581420898e-02
5.195455551147460938e-01 -4.061921834945678711e-01 6.499999761581420898e-02
5.211644172668457031e-01 -4.060824513435363770e-01 6.499999761581420898e-02
5.227832794189453125e-01 -4.059727489948272705e-01 6.499999761581420898e-02
5.244330167770385742e-01 -4.058904647827148438e-01 6.499999761581420898e-02
5.262028574943542480e-01 -4.059149920940399170e-01 6.499999761581420898e-02
5.279727578163146973e-01 -4.059395492076873779e-01 6.499999761581420898e-02
5.297426581382751465e-01 -4.059640765190124512e-01 6.499999761581420898e-02
5.315124988555908203e-01 -4.059886038303375244e-01 6.499999761581420898e-02
5.332823991775512695e-01 -4.060131311416625977e-01 6.499999761581420898e-02
5.350522994995117188e-01 -4.060376882553100586e-01 6.499999761581420898e-02
5.368208289146423340e-01 -4.060473442077636719e-01 6.499999761581420898e-02
5.385878682136535645e-01 -4.060400724411010742e-01 6.499999761581420898e-02
5.403548479080200195e-01 -4.060328006744384766e-01 6.499999761581420898e-02
5.421218872070312500e-01 -4.060255289077758789e-01 6.499999761581420898e-02
5.438889265060424805e-01 -4.060182273387908936e-01 6.499999761581420898e-02
5.456559658050537109e-01 -4.060109555721282959e-01 6.499999761581420898e-02
5.474230051040649414e-01 -4.060036838054656982e-01 6.499999761581420898e-02
5.491905808448791504e-01 -4.059507250785827637e-01 6.499999761581420898e-02
5.509583353996276855e-01 -4.058831036090850830e-01 6.499999761581420898e-02
5.527260899543762207e-01 -4.058154821395874023e-01 6.499999761581420898e-02
5.544938445091247559e-01 -4.057478606700897217e-01 6.499999761581420898e-02
5.562615990638732910e-01 -4.056802392005920410e-01 6.499999761581420898e-02
5.580293536186218262e-01 -4.056126177310943604e-01 6.499999761581420898e-02
5.597912669181823730e-01 -4.055645465850830078e-01 6.499999761581420898e-02
5.614339113235473633e-01 -4.059167802333831787e-01 6.499999761581420898e-02
5.630765557289123535e-01 -4.062690436840057373e-01 6.499999761581420898e-02
5.647192001342773438e-01 -4.066212773323059082e-01 6.499999761581420898e-02
5.663618445396423340e-01 -4.069735407829284668e-01 6.499999761581420898e-02
5.680044889450073242e-01 -4.073257744312286377e-01 6.499999761581420898e-02
5.696471333503723145e-01 -4.076780378818511963e-01 6.499999761581420898e-02
5.712628960609436035e-01 -4.079944491386413574e-01 6.499999761581420898e-02
5.728754997253417969e-01 -4.083065688610076904e-01 6.499999761581420898e-02
5.744881033897399902e-01 -4.086186885833740234e-01 6.499999761581420898e-02
5.761007070541381836e-01 -4.089308083057403564e-01 6.499999761581420898e-02
5.777133107185363770e-01 -4.092429578304290771e-01 6.499999761581420898e-02
5.793258547782897949e-01 -4.095550775527954102e-01 6.499999761581420898e-02
5.809136033058166504e-01 -4.098157882690429688e-01 6.499999761581420898e-02
5.825003981590270996e-01 -4.100745022296905518e-01 6.499999761581420898e-02
5.840871930122375488e-01 -4.103332161903381348e-01 6.499999761581420898e-02
5.856739878654479980e-01 -4.105919301509857178e-01 6.499999761581420898e-02
5.872607827186584473e-01 -4.108506441116333008e-01 6.499999761581420898e-02
5.888231992721557617e-01 -4.110301733016967773e-01 6.499999761581420898e-02
5.903097391128540039e-01 -4.109632968902587891e-01 6.499999761581420898e-02
5.917963385581970215e-01 -4.108964204788208008e-01 6.499999761581420898e-02
5.932828783988952637e-01 -4.108295440673828125e-01 6.499999761581420898e-02
5.947694182395935059e-01 -4.107626676559448242e-01 6.499999761581420898e-02
5.962513089179992676e-01 -4.106825590133666992e-01 6.499999761581420898e-02
5.977215766906738281e-01 -4.105694293975830078e-01 6.499999761581420898e-02
5.991919040679931641e-01 -4.104563295841217041e-01 6.499999761581420898e-02
6.006621718406677246e-01 -4.103431999683380127e-01 6.499999761581420898e-02
6.021324396133422852e-01 -4.102301001548767090e-01 6.499999761581420898e-02
6.035956144332885742e-01 -4.101057648658752441e-01 6.499999761581420898e-02
6.050488948822021484e-01 -4.099657237529754639e-01 6.499999761581420898e-02
6.065021157264709473e-01 -4.098257124423980713e-01 6.499999761581420898e-02
6.079553961753845215e-01 -4.096856713294982910e-01 6.499999761581420898e-02
6.094086766242980957e-01 -4.095456302165985107e-01 6.499999761581420898e-02
6.103698611259460449e-01 -4.086515605449676514e-01 6.499999761581420898e-02
6.110527515411376953e-01 -4.073309600353240967e-01 6.499999761581420898e-02
6.117356419563293457e-01 -4.060103893280029297e-01 6.499999761581420898e-02
6.124185323715209961e-01 -4.046897888183593750e-01 6.499999761581420898e-02
6.131014227867126465e-01 -4.033691883087158203e-01 6.499999761581420898e-02
6.137757897377014160e-01 -4.020287096500396729e-01 6.499999761581420898e-02
6.144425272941589355e-01 -4.006703495979309082e-01 6.499999761581420898e-02
6.151092648506164551e-01 -3.993119895458221436e-01 6.499999761581420898e-02
6.157760024070739746e-01 -3.979536294937133789e-01 6.499999761581420898e-02
6.164426803588867188e-01 -3.965952992439270020e-01 6.499999761581420898e-02
6.170998811721801758e-01 -3.952253460884094238e-01 6.499999761581420898e-02
6.177318692207336426e-01 -3.938248455524444580e-01 6.499999761581420898e-02
6.183639168739318848e-01 -3.924243450164794922e-01 6.499999761581420898e-02
6.189959049224853516e-01 -3.910238146781921387e-01 6.499999761581420898e-02
6.196278929710388184e-01 -3.896233141422271729e-01 6.499999761581420898e-02
6.202599406242370605e-01 -3.882228136062622070e-01 6.499999761581420898e-02
6.208556890487670898e-01 -3.867863714694976807e-01 6.499999761581420898e-02
6.214475631713867188e-01 -3.853461146354675293e-01 6.499999761581420898e-02
6.220394372940063477e-01 -3.839058578014373779e-01 6.499999761581420898e-02
6.226313710212707520e-01 -3.824656009674072266e-01 6.499999761581420898e-02
6.232232451438903809e-01 -3.810253441333770752e-01 6.499999761581420898e-02
6.236597299575805664e-01 -3.795281052589416504e-01 6.499999761581420898e-02
6.238867640495300293e-01 -3.779540956020355225e-01 6.499999761581420898e-02
6.241137981414794922e-01 -3.763800561428070068e-01 6.499999761581420898e-02
6.243408322334289551e-01 -3.748060464859008789e-01 6.499999761581420898e-02
6.245678663253784180e-01 -3.732320368289947510e-01 6.499999761581420898e-02
6.247949004173278809e-01 -3.716580271720886230e-01 6.499999761581420898e-02
6.249914765357971191e-01 -3.700554370880126953e-01 6.499999761581420898e-02
6.251782178878784180e-01 -3.684436380863189697e-01 6.499999761581420898e-02
6.253648996353149414e-01 -3.668318390846252441e-01 6.499999761581420898e-02
6.255516409873962402e-01 -3.652200102806091309e-01 6.499999761581420898e-02
6.257383823394775391e-01 -3.636082112789154053e-01 6.499999761581420898e-02
6.259250640869140625e-01 -3.619963824748992920e-01 6.499999761581420898e-02
6.260625123977661133e-01 -3.603534102439880371e-01 6.499999761581420898e-02
6.261950135231018066e-01 -3.587073087692260742e-01 6.499999761581420898e-02
6.263275146484375000e-01 -3.570612072944641113e-01 6.499999761581420898e-02
6.264600157737731934e-01 -3.554151058197021484e-01 6.499999761581420898e-02
6.265925168991088867e-01 -3.537689745426177979e-01 6.499999761581420898e-02
6.267250180244445801e-01 -3.521229028701782227e-01 6.499999761581420898e-02
6.268032193183898926e-01 -3.504505753517150879e-01 6.499999761581420898e-02
6.268758177757263184e-01 -3.487755656242370605e-01 6.499999761581420898e-02
6.269484758377075195e-01 -3.471005558967590332e-01 6.499999761581420898e-02
6.270210742950439453e-01 -3.454255461692810059e-01 6.499999761581420898e-02
6.270936727523803711e-01 -3.437505662441253662e-01 6.499999761581420898e-02
6.271663308143615723e-01 -3.420755565166473389e-01 6.499999761581420898e-02
6.272191405296325684e-01 -3.404070734977722168e-01 6.499999761581420898e-02
6.272659897804260254e-01 -3.387405872344970703e-01 6.499999761581420898e-02
6.273127794265747070e-01 -3.370740711688995361e-01 6.499999761581420898e-02
6.273596286773681641e-01 -3.354076147079467773e-01 6.499999761581420898e-02
6.274064183235168457e-01 -3.337410986423492432e-01 6.499999761581420898e-02
6.274532675743103027e-01 -3.320746123790740967e-01 6.499999761581420898e-02
6.274532079696655273e-01 -3.304009139537811279e-01 6.499999761581420898e-02
6.274338364601135254e-01 -3.287242650985717773e-01 6.499999761581420898e-02
6.274144649505615234e-01 -3.270476460456848145e-01 6.499999761581420898e-02
6.273950934410095215e-01 -3.253709673881530762e-01 6.499999761581420898e-02
6.273756623268127441e-01 -3.236943185329437256e-01 6.499999761581420898e-02
6.273562908172607422e-01 -3.220176696777343750e-01 6.499999761581420898e-02
6.272962093353271484e-01 -3.203403353691101074e-01 6.499999761581420898e-02
6.272084712982177734e-01 -3.186625540256500244e-01 6.499999761581420898e-02
6.271207332611083984e-01 -3.169847428798675537e-01 6.499999761581420898e-02
6.270329952239990234e-01 -3.153069317340850830e-01 6.499999761581420898e-02
6.269452571868896484e-01 -3.136291503906250000e-01 6.499999761581420898e-02
6.268575191497802734e-01 -3.119513392448425293e-01 6.499999761581420898e-02
6.267377138137817383e-01 -3.102770745754241943e-01 6.499999761581420898e-02
6.265811324119567871e-01 -3.086068034172058105e-01 6.499999761581420898e-02
6.264246106147766113e-01 -3.069365620613098145e-01 6.499999761581420898e-02
6.262680292129516602e-01 -3.052662909030914307e-01 6.499999761581420898e-02
6.261114478111267090e-01 -3.035960197448730469e-01 6.499999761581420898e-02
6.259549260139465332e-01 -3.019258081912994385e-01 6.499999761581420898e-02
6.258456110954284668e-01 -3.002104461193084717e-01 6.499999761581420898e-02
6.258228421211242676e-01 -2.984125614166259766e-01 6.499999761581420898e-02
6.258000135421752930e-01 -2.966146469116210938e-01 6.499999761581420898e-02
6.257772445678710938e-01 -2.948167622089385986e-01 6.499999761581420898e-02
6.257544755935668945e-01 -2.930189073085784912e-01 6.499999761581420898e-02
6.257317066192626953e-01 -2.912210226058959961e-01 6.499999761581420898e-02
6.257088780403137207e-01 -2.894231081008911133e-01 6.499999761581420898e-02
6.256660819053649902e-01 -2.876407504081726074e-01 6.499999761581420898e-02
6.255718469619750977e-01 -2.858982980251312256e-01 6.499999761581420898e-02
6.254775524139404297e-01 -2.841558754444122314e-01 6.499999761581420898e-02
6.253833174705505371e-01 -2.824134528636932373e-01 6.499999761581420898e-02
6.252890229225158691e-01 -2.806710004806518555e-01 6.499999761581420898e-02
6.251947283744812012e-01 -2.789285480976104736e-01 6.499999761581420898e-02
6.251004934310913086e-01 -2.771861255168914795e-01 6.499999761581420898e-02
6.249786019325256348e-01 -2.754735052585601807e-01 6.499999761581420898e-02
6.248273849487304688e-01 -2.737925052642822266e-01 6.499999761581420898e-02
6.246762275695800781e-01 -2.721115350723266602e-01 6.499999761581420898e-02
6.245250105857849121e-01 -2.704305350780487061e-01 6.499999761581420898e-02
6.243738532066345215e-01 -2.687495350837707520e-01 6.499999761581420898e-02
6.242226362228393555e-01 -2.670685946941375732e-01 6.499999761581420898e-02
6.240714192390441895e-01 -2.653875946998596191e-01 6.499999761581420898e-02
6.234362721443176270e-01 -2.639511525630950928e-01 6.499999761581420898e-02
6.227887868881225586e-01 -2.625209689140319824e-01 6.499999761581420898e-02
6.221413016319274902e-01 -2.610907852649688721e-01 6.499999761581420898e-02
6.214937567710876465e-01 -2.596606314182281494e-01 6.499999761581420898e-02
6.208462715148925781e-01 -2.582304477691650391e-01 6.499999761581420898e-02
6.201844215393066406e-01 -2.568119466304779053e-01 6.499999761581420898e-02
6.194784641265869141e-01 -2.554294168949127197e-01 6.499999761581420898e-02
6.187724471092224121e-01 -2.540468871593475342e-01 6.499999761581420898e-02
6.180665493011474609e-01 -2.526643872261047363e-01 6.499999761581420898e-02
6.173605322837829590e-01 -2.512818574905395508e-01 6.499999761581420898e-02
6.166545748710632324e-01 -2.498993128538131714e-01 6.499999761581420898e-02
6.159199476242065430e-01 -2.485472410917282104e-01 6.499999761581420898e-02
6.151660680770874023e-01 -2.472155094146728516e-01 6.499999761581420898e-02
6.144122481346130371e-01 -2.458838224411010742e-01 6.499999761581420898e-02
6.136583685874938965e-01 -2.445521056652069092e-01 6.499999761581420898e-02
6.129045486450195312e-01 -2.432203739881515503e-01 6.499999761581420898e-02
6.121485829353332520e-01 -2.418915778398513794e-01 6.499999761581420898e-02
6.113575696945190430e-01 -2.406112998723983765e-01 6.499999761581420898e-02
6.105665564537048340e-01 -2.393310219049453735e-01 6.499999761581420898e-02
6.097755432128906250e-01 -2.380507439374923706e-01 6.499999761581420898e-02
6.089845299720764160e-01 -2.367704510688781738e-01 6.499999761581420898e-02
6.081935167312622070e-01 -2.354901582002639771e-01 6.499999761581420898e-02
6.070562005043029785e-01 -2.345198541879653931e-01 6.499999761581420898e-02
6.057177782058715820e-01 -2.337296009063720703e-01 6.499999761581420898e-02
6.043793559074401855e-01 -2.329393327236175537e-01 6.499999761581420898e-02
6.030408740043640137e-01 -2.321490645408630371e-01 6.499999761581420898e-02
6.017024517059326172e-01 -2.313587963581085205e-01 6.499999761581420898e-02
6.003640294075012207e-01 -2.305685281753540039e-01 6.499999761581420898e-02
5.989939570426940918e-01 -2.298383414745330811e-01 6.499999761581420898e-02
5.976091027259826660e-01 -2.291361391544342041e-01 6.499999761581420898e-02
5.962242484092712402e-01 -2.284339517354965210e-01 6.499999761581420898e-02
5.948393940925598145e-01 -2.277317494153976440e-01 6.499999761581420898e-02
5.934545397758483887e-01 -2.270295619964599609e-01 6.499999761581420898e-02
5.920697450637817383e-01 -2.263273745775222778e-01 6.499999761581420898e-02
5.906605124473571777e-01 -2.256933748722076416e-01 6.499999761581420898e-02
5.892425775527954102e-01 -2.250839024782180786e-01 6.499999761581420898e-02
5.878246426582336426e-01 -2.244744300842285156e-01 6.499999761581420898e-02
5.864066481590270996e-01 -2.238649576902389526e-01 6.499999761581420898e-02
5.849887132644653320e-01 -2.232555001974105835e-01 6.499999761581420898e-02
5.835707783699035645e-01 -2.226460278034210205e-01 6.499999761581420898e-02
5.821371674537658691e-01 -2.221130430698394775e-01 6.499999761581420898e-02
5.807002186775207520e-01 -2.215963006019592285e-01 6.499999761581420898e-02
5.792633295059204102e-01 -2.210795581340789795e-01 6.499999761581420898e-02
5.778264403343200684e-01 -2.205628156661987305e-01 6.499999761581420898e-02
5.763894915580749512e-01 -2.200460731983184814e-01 6.499999761581420898e-02
5.749526023864746094e-01 -2.195293307304382324e-01 6.499999761581420898e-02
5.734101533889770508e-01 -2.191865146160125732e-01 6.499999761581420898e-02
5.718653798103332520e-01 -2.188475579023361206e-01 6.499999761581420898e-02
5.703206062316894531e-01 -2.185086160898208618e-01 6.499999761581420898e-02
5.687758326530456543e-01 -2.181696593761444092e-01 6.499999761581420898e-02
5.672310590744018555e-01 -2.178307175636291504e-01 6.499999761581420898e-02
5.656862258911132812e-01 -2.174917757511138916e-01 6.499999761581420898e-02
5.654280185699462891e-01 -2.174285650253295898e-01 6.499999761581420898e-02
5.651698112487792969e-01 -2.173653542995452881e-01 6.499999761581420898e-02
5.649116039276123047e-01 -2.173021584749221802e-01 6.499999761581420898e-02
5.646534562110900879e-01 -2.172389477491378784e-01 6.499999761581420898e-02
5.643952488899230957e-01 -2.171757370233535767e-01 6.499999761581420898e-02
5.641370415687561035e-01 -2.171125113964080811e-01 6.499999761581420898e-02
5.638661384582519531e-01 -2.171754091978073120e-01 6.499999761581420898e-02
5.635952353477478027e-01 -2.172383069992065430e-01 6.499999761581420898e-02
5.633242726325988770e-01 -2.173012048006057739e-01 6.499999761581420898e-02
5.630533695220947266e-01 -2.173641026020050049e-01 6.499999761581420898e-02
5.627824664115905762e-01 -2.174270004034042358e-01 6.499999761581420898e-02
5.625115633010864258e-01 -2.174899131059646606e-01 6.499999761581420898e-02
5.623026490211486816e-01 -2.172803133726119995e-01 6.499999761581420898e-02
5.620937347412109375e-01 -2.170707136392593384e-01 6.499999761581420898e-02
5.618848800659179688e-01 -2.168611139059066772e-01 6.499999761581420898e-02
5.616759657859802246e-01 -2.166515141725540161e-01 6.499999761581420898e-02
5.614670515060424805e-01 -2.164419144392013550e-01 6.499999761581420898e-02
5.612581372261047363e-01 -2.162323296070098877e-01 6.499999761581420898e-02
5.610383152961730957e-01 -2.161220163106918335e-01 6.499999761581420898e-02
5.608185529708862305e-01 -2.160117030143737793e-01 6.499999761581420898e-02
5.605987310409545898e-01 -2.159013897180557251e-01 6.499999761581420898e-02
5.603789091110229492e-01 -2.157910764217376709e-01 6.499999761581420898e-02
5.601590871810913086e-01 -2.156807631254196167e-01 6.499999761581420898e-02
5.599393248558044434e-01 -2.155704498291015625e-01 6.499999761581420898e-02
5.596767663955688477e-01 -2.154823839664459229e-01 6.499999761581420898e-02
5.594142675399780273e-01 -2.153943032026290894e-01 6.499999761581420898e-02
5.591517090797424316e-01 -2.153062373399734497e-01 6.499999761581420898e-02
5.588892102241516113e-01 -2.152181565761566162e-01 6.499999761581420898e-02
5.586266517639160156e-01 -2.151300907135009766e-01 6.499999761581420898e-02
5.583641529083251953e-01 -2.150420248508453369e-01 6.499999761581420898e-02
5.580592155456542969e-01 -2.150085419416427612e-01 6.499999761581420898e-02
5.577542781829833984e-01 -2.149750739336013794e-01 6.499999761581420898e-02
5.574493408203125000e-01 -2.149415910243988037e-01 6.499999761581420898e-02
5.571444034576416016e-01 -2.149081230163574219e-01 6.499999761581420898e-02
5.568394660949707031e-01 -2.148746401071548462e-01 6.499999761581420898e-02
5.565344691276550293e-01 -2.148411720991134644e-01 6.499999761581420898e-02
5.562925934791564941e-01 -2.146574854850769043e-01 6.499999761581420898e-02
5.560507178306579590e-01 -2.144738137722015381e-01 6.499999761581420898e-02
5.558088421821594238e-01 -2.142901271581649780e-01 6.499999761581420898e-02
5.555669665336608887e-01 -2.141064405441284180e-01 6.499999761581420898e-02
5.553250908851623535e-01 -2.139227688312530518e-01 6.499999761581420898e-02
5.550832152366638184e-01 -2.137390822172164917e-01 6.499999761581420898e-02
5.550217032432556152e-01 -2.134277075529098511e-01 6.499999761581420898e-02
5.549601316452026367e-01 -2.131163328886032104e-01 6.499999761581420898e-02
5.548986196517944336e-01 -2.128049582242965698e-01 6.499999761581420898e-02
5.548370480537414551e-01 -2.124935835599899292e-01 6.499999761581420898e-02
5.547755360603332520e-01 -2.121822088956832886e-01 6.499999761581420898e-02
5.547139644622802734e-01 -2.118708342313766479e-01 6.499999761581420898e-02
5.545362830162048340e-01 -2.118809074163436890e-01 6.499999761581420898e-02
5.543585419654846191e-01 -2.118909806013107300e-01 6.499999761581420898e-02
5.541808605194091797e-01 -2.119010537862777710e-01 6.499999761581420898e-02
5.540031790733337402e-01 -2.119111269712448120e-01 6.499999761581420898e-02
5.538254380226135254e-01 -2.119212001562118530e-01 6.499999761581420898e-02
5.536477565765380859e-01 -2.119312733411788940e-01 6.499999761581420898e-02
5.534380674362182617e-01 -2.120969146490097046e-01 6.499999761581420898e-02
5.532284379005432129e-01 -2.122625410556793213e-01 6.499999761581420898e-02
5.530187487602233887e-01 -2.124281823635101318e-01 6.499999761581420898e-02
5.528090596199035645e-01 -2.125938236713409424e-01 6.499999761581420898e-02
5.525993704795837402e-01 -2.127594500780105591e-01 6.499999761581420898e-02
5.523897409439086914e-01 -2.129251062870025635e-01 6.499999761581420898e-02
5.520471334457397461e-01 -2.127262204885482788e-01 6.499999761581420898e-02
5.517045259475708008e-01 -2.125273495912551880e-01 6.499999761581420898e-02
5.513619184494018555e-01 -2.123284637928009033e-01 6.499999761581420898e-02
5.510193109512329102e-01 -2.121295779943466187e-01 6.499999761581420898e-02
5.506766438484191895e-01 -2.119306921958923340e-01 6.499999761581420898e-02
5.503340363502502441e-01 -2.117318212985992432e-01 6.499999761581420898e-02
5.499875545501708984e-01 -2.117812186479568481e-01 6.499999761581420898e-02
5.496410131454467773e-01 -2.118306159973144531e-01 6.499999761581420898e-02
5.492945313453674316e-01 -2.118800133466720581e-01 6.499999761581420898e-02
5.489479899406433105e-01 -2.119294106960296631e-01 6.499999761581420898e-02
5.486015081405639648e-01 -2.119788080453872681e-01 6.499999761581420898e-02
5.482549667358398438e-01 -2.120282053947448730e-01 6.499999761581420898e-02
5.479084849357604980e-01 -2.120776027441024780e-01 6.499999761581420898e-02
5.475619435310363770e-01 -2.121270000934600830e-01 6.499999761581420898e-02
5.472154617309570312e-01 -2.121764123439788818e-01 6.499999761581420898e-02
5.468689799308776855e-01 -2.122258096933364868e-01 6.499999761581420898e-02
5.465224385261535645e-01 -2.122752070426940918e-01 6.499999761581420898e-02
5.461759567260742188e-01 -2.123246043920516968e-01 6.499999761581420898e-02
5.458294153213500977e-01 -2.123740017414093018e-01 6.499999761581420898e-02
5.454671978950500488e-01 -2.124281674623489380e-01 6.499999761581420898e-02
5.450521111488342285e-01 -2.124983221292495728e-01 6.499999761581420898e-02
5.446369647979736328e-01 -2.125684767961502075e-01 6.499999761581420898e-02
5.442218780517578125e-01 -2.126386314630508423e-01 6.499999761581420898e-02
5.438067913055419922e-01 -2.127087861299514771e-01 6.499999761581420898e-02
5.433917045593261719e-01 -2.127789407968521118e-01 6.499999761581420898e-02
5.429766178131103516e-01 -2.128490954637527466e-01 6.499999761581420898e-02
5.425615310668945312e-01 -2.129192501306533813e-01 6.499999761581420898e-02
5.421464443206787109e-01 -2.129894047975540161e-01 6.499999761581420898e-02
5.417313575744628906e-01 -2.130595594644546509e-01 6.499999761581420898e-02
5.413162708282470703e-01 -2.131297141313552856e-01 6.499999761581420898e-02
5.409011244773864746e-01 -2.131998687982559204e-01 6.499999761581420898e-02
5.404798388481140137e-01 -2.132785916328430176e-01 6.499999761581420898e-02
5.400511622428894043e-01 -2.133675366640090942e-01 6.499999761581420898e-02
5.396224856376647949e-01 -2.134564667940139771e-01 6.499999761581420898e-02
5.391938090324401855e-01 -2.135453969240188599e-01 6.499999761581420898e-02
5.387650728225708008e-01 -2.136343270540237427e-01 6.499999761581420898e-02
5.383363962173461914e-01 -2.137232720851898193e-01 6.499999761581420898e-02
5.379077196121215820e-01 -2.138122022151947021e-01 6.499999761581420898e-02
5.374790430068969727e-01 -2.139011323451995850e-01 6.499999761581420898e-02
5.370503664016723633e-01 -2.139900773763656616e-01 6.499999761581420898e-02
5.366216301918029785e-01 -2.140790075063705444e-01 6.499999761581420898e-02
5.361929535865783691e-01 -2.141679376363754272e-01 6.499999761581420898e-02
5.357642769813537598e-01 -2.142568677663803101e-01 6.499999761581420898e-02
5.353356003761291504e-01 -2.143458127975463867e-01 6.499999761581420898e-02
5.349073410034179688e-01 -2.144406437873840332e-01 6.499999761581420898e-02
5.344798564910888672e-01 -2.145466059446334839e-01 6.499999761581420898e-02
5.340524315834045410e-01 -2.146525830030441284e-01 6.499999761581420898e-02
5.336250066757202148e-01 -2.147585600614547729e-01 6.499999761581420898e-02
5.331975221633911133e-01 -2.148645371198654175e-01 6.499999761581420898e-02
5.327700972557067871e-01 -2.149705141782760620e-01 6.499999761581420898e-02
5.323426723480224609e-01 -2.150764763355255127e-01 6.499999761581420898e-02
5.319151878356933594e-01 -2.151824533939361572e-01 6.499999761581420898e-02
5.314877629280090332e-01 -2.152884304523468018e-01 6.499999761581420898e-02
5.310603380203247070e-01 -2.153944075107574463e-01 6.499999761581420898e-02
5.306328535079956055e-01 -2.155003696680068970e-01 6.499999761581420898e-02
5.302054286003112793e-01 -2.156063467264175415e-01 6.499999761581420898e-02
5.297780036926269531e-01 -2.157123237848281860e-01 6.499999761581420898e-02
5.293505787849426270e-01 -2.158183008432388306e-01 6.499999761581420898e-02
5.289309024810791016e-01 -2.159278243780136108e-01 6.499999761581420898e-02
5.285173654556274414e-01 -2.160401791334152222e-01 6.499999761581420898e-02
5.281038880348205566e-01 -2.161525189876556396e-01 6.499999761581420898e-02
5.276903510093688965e-01 -2.162648588418960571e-01 6.499999761581420898e-02
5.272768735885620117e-01 -2.163772135972976685e-01 6.499999761581420898e-02
5.268633365631103516e-01 -2.164895534515380859e-01 6.499999761581420898e-02
5.264497995376586914e-01 -2.166019082069396973e-01 6.499999761581420898e-02
5.260363221168518066e-01 -2.167142480611801147e-01 6.499999761581420898e-02
5.256227850914001465e-01 -2.168265879154205322e-01 6.499999761581420898e-02
5.252093076705932617e-01 -2.169389426708221436e-01 6.499999761581420898e-02
5.247957706451416016e-01 -2.170512825250625610e-01 6.499999761581420898e-02
5.243822932243347168e-01 -2.171636372804641724e-01 6.499999761581420898e-02
5.239687561988830566e-01 -2.172759771347045898e-01 6.499999761581420898e-02
5.235552787780761719e-01 -2.173883169889450073e-01 6.499999761581420898e-02
5.231516957283020020e-01 -2.174956202507019043e-01 6.499999761581420898e-02
5.227590799331665039e-01 -2.175973951816558838e-01 6.499999761581420898e-02
5.223664641380310059e-01 -2.176991552114486694e-01 6.499999761581420898e-02
5.219738483428955078e-01 -2.178009152412414551e-01 6.499999761581420898e-02
5.215812325477600098e-01 -2.179026901721954346e-01 6.499999761581420898e-02
5.211886167526245117e-01 -2.180044502019882202e-01 6.499999761581420898e-02
5.207960009574890137e-01 -2.181062102317810059e-01 6.499999761581420898e-02
5.204033851623535156e-01 -2.182079851627349854e-01 6.499999761581420898e-02
5.200107693672180176e-01 -2.183097451925277710e-01 6.499999761581420898e-02
5.196181535720825195e-01 -2.184115052223205566e-01 6.499999761581420898e-02
5.192255377769470215e-01 -2.185132801532745361e-01 6.499999761581420898e-02
5.188329219818115234e-01 -2.186150401830673218e-01 6.499999761581420898e-02
5.184403061866760254e-01 -2.187168002128601074e-01 6.499999761581420898e-02
5.180476903915405273e-01 -2.188185751438140869e-01 6.499999761581420898e-02
5.176550745964050293e-01 -2.189203351736068726e-01 6.499999761581420898e-02
5.171744823455810547e-01 -2.186917513608932495e-01 6.499999761581420898e-02
5.166873931884765625e-01 -2.184388190507888794e-01 6.499999761581420898e-02
5.162003040313720703e-01 -2.181858718395233154e-01 6.499999761581420898e-02
5.157132148742675781e-01 -2.179329395294189453e-01 6.499999761581420898e-02
5.152261257171630859e-01 -2.176799923181533813e-01 6.499999761581420898e-02
5.147390365600585938e-01 -2.174270600080490112e-01 6.499999761581420898e-02
5.142519474029541016e-01 -2.171741276979446411e-01 6.499999761581420898e-02
5.137648582458496094e-01 -2.169211804866790771e-01 6.499999761581420898e-02
5.132777690887451172e-01 -2.166682481765747070e-01 6.499999761581420898e-02
5.127906799316406250e-01 -2.164153009653091431e-01 6.499999761581420898e-02
5.123035907745361328e-01 -2.161623686552047729e-01 6.499999761581420898e-02
5.118165016174316406e-01 -2.159094363451004028e-01 6.499999761581420898e-02
5.113294124603271484e-01 -2.156564891338348389e-01 6.499999761581420898e-02
5.105626583099365234e-01 -2.154075503349304199e-01 6.499999761581420898e-02
5.097490549087524414e-01 -2.151592969894409180e-01 6.499999761581420898e-02
5.089354515075683594e-01 -2.149110287427902222e-01 6.499999761581420898e-02
5.081218481063842773e-01 -2.146627604961395264e-01 6.499999761581420898e-02
5.073082447052001953e-01 -2.144144922494888306e-01 6.499999761581420898e-02
5.064947009086608887e-01 -2.141662389039993286e-01 6.499999761581420898e-02
5.056810975074768066e-01 -2.139179706573486328e-01 6.499999761581420898e-02
5.048674941062927246e-01 -2.136697024106979370e-01 6.499999761581420898e-02
5.040538907051086426e-01 -2.134214341640472412e-01 6.499999761581420898e-02
5.032402873039245605e-01 -2.131731808185577393e-01 6.499999761581420898e-02
5.024192929267883301e-01 -2.129350453615188599e-01 6.499999761581420898e-02
5.015301704406738281e-01 -2.127900123596191406e-01 6.499999761581420898e-02
5.006411075592041016e-01 -2.126449644565582275e-01 6.499999761581420898e-02
4.997519850730895996e-01 -2.124999314546585083e-01 6.499999761581420898e-02
4.988628923892974854e-01 -2.123548835515975952e-01 6.499999761581420898e-02
4.979737699031829834e-01 -2.122098505496978760e-01 6.499999761581420898e-02
4.970846772193908691e-01 -2.120648026466369629e-01 6.499999761581420898e-02
4.961955547332763672e-01 -2.119197696447372437e-01 6.499999761581420898e-02
4.953064620494842529e-01 -2.117747217416763306e-01 6.499999761581420898e-02
4.944173395633697510e-01 -2.116296887397766113e-01 6.499999761581420898e-02
4.935282468795776367e-01 -2.114846408367156982e-01 6.499999761581420898e-02
4.926325380802154541e-01 -2.113740444183349609e-01 6.499999761581420898e-02
4.917213320732116699e-01 -2.113443911075592041e-01 6.499999761581420898e-02
4.908101260662078857e-01 -2.113147377967834473e-01 6.499999761581420898e-02
4.898988902568817139e-01 -2.112850844860076904e-01 6.499999761581420898e-02
4.889876842498779297e-01 -2.112554460763931274e-01 6.499999761581420898e-02
4.880764782428741455e-01 -2.112257927656173706e-01 6.499999761581420898e-02
4.871652722358703613e-01 -2.111961394548416138e-01 6.499999761581420898e-02
4.862540364265441895e-01 -2.111664861440658569e-01 6.499999761581420898e-02
4.853428304195404053e-01 -2.111368328332901001e-01 6.499999761581420898e-02
4.844316244125366211e-01 -2.111071795225143433e-01 6.499999761581420898e-02
4.835204184055328369e-01 -2.110775262117385864e-01 6.499999761581420898e-02
4.826072752475738525e-01 -2.110574990510940552e-01 6.499999761581420898e-02
4.816772341728210449e-01 -2.111223489046096802e-01 6.499999761581420898e-02
4.807471930980682373e-01 -2.111872136592864990e-01 6.499999761581420898e-02
4.798171520233154297e-01 -2.112520635128021240e-01 6.499999761581420898e-02
4.788871109485626221e-01 -2.113169133663177490e-01 6.499999761581420898e-02
4.779570996761322021e-01 -2.113817632198333740e-01 6.499999761581420898e-02
4.770270586013793945e-01 -2.114466130733489990e-01 6.499999761581420898e-02
4.760969877243041992e-01 -2.115114629268646240e-01 6.499999761581420898e-02
4.751669764518737793e-01 -2.115763127803802490e-01 6.499999761581420898e-02
4.742369353771209717e-01 -2.116411775350570679e-01 6.499999761581420898e-02
4.733068943023681641e-01 -2.117060273885726929e-01 6.499999761581420898e-02
4.723768532276153564e-01 -2.117708772420883179e-01 6.499999761581420898e-02
4.717788696289062500e-01 -2.111174166202545166e-01 6.499999761581420898e-02
4.712355732917785645e-01 -2.103457599878311157e-01 6.499999761581420898e-02
4.706922471523284912e-01 -2.095740884542465210e-01 6.499999761581420898e-02
4.701489508152008057e-01 -2.088024318218231201e-01 6.499999761581420898e-02
4.696056246757507324e-01 -2.080307751893997192e-01 6.499999761581420898e-02
4.690622985363006592e-01 -2.072591036558151245e-01 6.499999761581420898e-02
4.685190021991729736e-01 -2.064874470233917236e-01 6.499999761581420898e-02
4.679756760597229004e-01 -2.057157754898071289e-01 6.499999761581420898e-02
4.674323797225952148e-01 -2.049441188573837280e-01 6.499999761581420898e-02
4.668890535831451416e-01 -2.041724622249603271e-01 6.499999761581420898e-02
4.663457274436950684e-01 -2.034007906913757324e-01 6.499999761581420898e-02
4.658024311065673828e-01 -2.026291340589523315e-01 6.499999761581420898e-02
4.652591049671173096e-01 -2.018574625253677368e-01 6.499999761581420898e-02
4.647157788276672363e-01 -2.010858058929443359e-01 6.499999761581420898e-02
4.641669094562530518e-01 -2.003085911273956299e-01 6.499999761581420898e-02
4.636126756668090820e-01 -1.995259821414947510e-01 6.499999761581420898e-02
4.630584418773651123e-01 -1.987433731555938721e-01 6.499999761581420898e-02
4.625041782855987549e-01 -1.979607641696929932e-01 6.499999761581420898e-02
4.619499444961547852e-01 -1.971781700849533081e-01 6.499999761581420898e-02
4.613956809043884277e-01 -1.963955610990524292e-01 6.499999761581420898e-02
4.608414471149444580e-01 -1.956129521131515503e-01 6.499999761581420898e-02
4.602872133255004883e-01 -1.948303431272506714e-01 6.499999761581420898e-02
4.597329497337341309e-01 -1.940477341413497925e-01 6.499999761581420898e-02
4.591787159442901611e-01 -1.932651251554489136e-01 6.499999761581420898e-02
4.586244523525238037e-01 -1.924825161695480347e-01 6.499999761581420898e-02
4.580702185630798340e-01 -1.916999220848083496e-01 6.499999761581420898e-02
4.575159847736358643e-01 -1.909173130989074707e-01 6.499999761581420898e-02
4.569617211818695068e-01 -1.901347041130065918e-01 6.499999761581420898e-02
4.564004838466644287e-01 -1.893924623727798462e-01 6.499999761581420898e-02
4.557990431785583496e-01 -1.888818293809890747e-01 6.499999761581420898e-02
4.551976323127746582e-01 -1.883712112903594971e-01 6.499999761581420898e-02
4.545961916446685791e-01 -1.878605931997299194e-01 6.499999761581420898e-02
4.539947807788848877e-01 -1.873499602079391479e-01 6.499999761581420898e-02
4.533933401107788086e-01 -1.868393272161483765e-01 6.499999761581420898e-02
4.527918994426727295e-01 -1.863287091255187988e-01 6.499999761581420898e-02
4.521904885768890381e-01 -1.858180910348892212e-01 6.499999761581420898e-02
4.515890479087829590e-01 -1.853074580430984497e-01 6.499999761581420898e-02
4.509876370429992676e-01 -1.847968399524688721e-01 6.499999761581420898e-02
4.503861963748931885e-01 -1.842862069606781006e-01 6.499999761581420898e-02
4.497847557067871094e-01 -1.837755888700485229e-01 6.499999761581420898e-02
4.491833448410034180e-01 -1.832649707794189453e-01 6.499999761581420898e-02
4.485819041728973389e-01 -1.827543377876281738e-01 6.499999761581420898e-02
4.480182528495788574e-01 -1.821806877851486206e-01 6.499999761581420898e-02
4.474792182445526123e-01 -1.815658956766128540e-01 6.499999761581420898e-02
4.469401836395263672e-01 -1.809511035680770874e-01 6.499999761581420898e-02
4.464011490345001221e-01 -1.803363263607025146e-01 6.499999761581420898e-02
4.458621144294738770e-01 -1.797215342521667480e-01 6.499999761581420898e-02
4.453230798244476318e-01 -1.791067570447921753e-01 6.499999761581420898e-02
4.447840452194213867e-01 -1.784919649362564087e-01 6.499999761581420898e-02
4.442450106143951416e-01 -1.778771728277206421e-01 6.499999761581420898e-02
4.437060058116912842e-01 -1.772623956203460693e-01 6.499999761581420898e-02
4.431669712066650391e-01 -1.766476035118103027e-01 6.499999761581420898e-02
4.426279366016387939e-01 -1.760328114032745361e-01 6.499999761581420898e-02
4.420889019966125488e-01 -1.754180192947387695e-01 6.499999761581420898e-02
4.415498673915863037e-01 -1.748032271862030029e-01 6.499999761581420898e-02
4.410108327865600586e-01 -1.741884499788284302e-01 6.499999761581420898e-02
4.406160116195678711e-01 -1.734927445650100708e-01 6.499999761581420898e-02
4.403241574764251709e-01 -1.727392375469207764e-01 6.499999761581420898e-02
4.400323331356048584e-01 -1.719857454299926758e-01 6.499999761581420898e-02
4.397404789924621582e-01 -1.712322384119033813e-01 6.499999761581420898e-02
4.394486546516418457e-01 -1.704787462949752808e-01 6.499999761581420898e-02
4.391568005084991455e-01 -1.697252541780471802e-01 6.499999761581420898e-02
4.388649463653564453e-01 -1.689717471599578857e-01 6.499999761581420898e-02
4.385731220245361328e-01 -1.682182550430297852e-01 6.499999761581420898e-02
4.382812678813934326e-01 -1.674647480249404907e-01 6.499999761581420898e-02
4.379894137382507324e-01 -1.667112708091735840e-01 6.499999761581420898e-02
4.376975893974304199e-01 -1.659577637910842896e-01 6.499999761581420898e-02
4.374057352542877197e-01 -1.652042567729949951e-01 6.499999761581420898e-02
4.371138811111450195e-01 -1.644507646560668945e-01 6.499999761581420898e-02
4.368220567703247070e-01 -1.636972576379776001e-01 6.499999761581420898e-02
4.365471303462982178e-01 -1.629394292831420898e-01 6.499999761581420898e-02
4.362971186637878418e-01 -1.621751934289932251e-01 6.499999761581420898e-02
4.360470771789550781e-01 -1.614109426736831665e-01 6.499999761581420898e-02
4.357970356941223145e-01 -1.606467068195343018e-01 6.499999761581420898e-02
4.355469942092895508e-01 -1.598824709653854370e-01 6.499999761581420898e-02
4.352969527244567871e-01 -1.591182500123977661e-01 6.499999761581420898e-02
4.350469112396240234e-01 -1.583540141582489014e-01 6.499999761581420898e-02
4.347968697547912598e-01 -1.575897783041000366e-01 6.499999761581420898e-02
4.345468282699584961e-01 -1.568255424499511719e-01 6.499999761581420898e-02
4.342968165874481201e-01 -1.560612916946411133e-01 6.499999761581420898e-02
4.340467751026153564e-01 -1.552970707416534424e-01 6.499999761581420898e-02
4.337967336177825928e-01 -1.545328348875045776e-01 6.499999761581420898e-02
4.335466921329498291e-01 -1.537685990333557129e-01 6.499999761581420898e-02
4.332966506481170654e-01 -1.530043631792068481e-01 6.499999761581420898e-02
4.330660402774810791e-01 -1.522393375635147095e-01 6.499999761581420898e-02
4.328582584857940674e-01 -1.514734029769897461e-01 6.499999761581420898e-02
4.326505064964294434e-01 -1.507074683904647827e-01 6.499999761581420898e-02
4.324427545070648193e-01 -1.499415189027786255e-01 6.499999761581420898e-02
4.322349727153778076e-01 -1.491755694150924683e-01 6.499999761581420898e-02
4.320272207260131836e-01 -1.484096199274063110e-01 6.499999761581420898e-02
4.318194687366485596e-01 -1.476436853408813477e-01 6.499999761581420898e-02
4.316116869449615479e-01 -1.468777507543563843e-01 6.499999761581420898e-02
4.314039349555969238e-01 -1.461118012666702271e-01 6.499999761581420898e-02
4.311961829662322998e-01 -1.453458517789840698e-01 6.499999761581420898e-02
4.309884011745452881e-01 -1.445799022912979126e-01 6.499999761581420898e-02
4.307806491851806641e-01 -1.438139677047729492e-01 6.499999761581420898e-02
4.305728971958160400e-01 -1.430480331182479858e-01 6.499999761581420898e-02
4.303651154041290283e-01 -1.422820836305618286e-01 6.499999761581420898e-02
4.301903247833251953e-01 -1.415208131074905396e-01 6.499999761581420898e-02
4.300230145454406738e-01 -1.407606005668640137e-01 6.499999761581420898e-02
4.298557043075561523e-01 -1.400004029273986816e-01 6.499999761581420898e-02
4.296883940696716309e-01 -1.392401903867721558e-01 6.499999761581420898e-02
4.295210838317871094e-01 -1.384799778461456299e-01 6.499999761581420898e-02
4.293537735939025879e-01 -1.377197802066802979e-01 6.499999761581420898e-02
4.291864633560180664e-01 -1.369595676660537720e-01 6.499999761581420898e-02
4.290191829204559326e-01 -1.361993700265884399e-01 6.499999761581420898e-02
4.288518726825714111e-01 -1.354391574859619141e-01 6.499999761581420898e-02
4.286845624446868896e-01 -1.346789449453353882e-01 6.499999761581420898e-02
4.285172522068023682e-01 -1.339187324047088623e-01 6.499999761581420898e-02
4.283499419689178467e-01 -1.331585347652435303e-01 6.499999761581420898e-02
4.281826317310333252e-01 -1.323983371257781982e-01 6.499999761581420898e-02
4.280357658863067627e-01 -1.316435486078262329e-01 6.499999761581420898e-02
4.279056489467620850e-01 -1.308931857347488403e-01 6.499999761581420898e-02
4.277755022048950195e-01 -1.301428228616714478e-01 6.499999761581420898e-02
4.276453852653503418e-01 -1.293924748897552490e-01 6.499999761581420898e-02
4.275152385234832764e-01 -1.286421269178390503e-01 6.499999761581420898e-02
4.273851215839385986e-01 -1.278917640447616577e-01 6.499999761581420898e-02
4.272549748420715332e-01 -1.271414160728454590e-01 6.499999761581420898e-02
4.271248281002044678e-01 -1.263910531997680664e-01 6.499999761581420898e-02
4.269947111606597900e-01 -1.256407052278518677e-01 6.499999761581420898e-02
4.268645644187927246e-01 -1.248903572559356689e-01 6.499999761581420898e-02
4.267344474792480469e-01 -1.241399943828582764e-01 6.499999761581420898e-02
4.266043007373809814e-01 -1.233896389603614807e-01 6.499999761581420898e-02
4.264741539955139160e-01 -1.226392835378646851e-01 6.499999761581420898e-02
4.264081716537475586e-01 -1.218609288334846497e-01 6.499999761581420898e-02
4.263785183429718018e-01 -1.210667192935943604e-01 6.499999761581420898e-02
4.263488650321960449e-01 -1.202724948525428772e-01 6.499999761581420898e-02
4.263191819190979004e-01 -1.194782704114913940e-01 6.499999761581420898e-02
4.262895286083221436e-01 -1.186840534210205078e-01 6.499999761581420898e-02
4.262598752975463867e-01 -1.178898289799690247e-01 6.499999761581420898e-02
4.262302219867706299e-01 -1.170956194400787354e-01 6.499999761581420898e-02
4.262005686759948730e-01 -1.163013949990272522e-01 6.499999761581420898e-02
4.261709153652191162e-01 -1.155071705579757690e-01 6.499999761581420898e-02
4.261412620544433594e-01 -1.147129535675048828e-01 6.499999761581420898e-02
4.261116087436676025e-01 -1.139187291264533997e-01 6.499999761581420898e-02
4.260819554328918457e-01 -1.131245195865631104e-01 6.499999761581420898e-02
4.260523021221160889e-01 -1.123303025960922241e-01 6.499999761581420898e-02
4.260226190090179443e-01 -1.115360781550407410e-01 6.499999761581420898e-02
4.259968400001525879e-01 -1.107446029782295227e-01 6.499999761581420898e-02
4.260085821151733398e-01 -1.099798604846000671e-01 6.499999761581420898e-02
4.260203540325164795e-01 -1.092151328921318054e-01 6.499999761581420898e-02
4.260320961475372314e-01 -1.084503978490829468e-01 6.499999761581420898e-02
4.260438382625579834e-01 -1.076856553554534912e-01 6.499999761581420898e-02
4.260556101799011230e-01 -1.069209203124046326e-01 6.499999761581420898e-02
4.260673522949218750e-01 -1.061561778187751770e-01 6.499999761581420898e-02
4.260791242122650146e-01 -1.053914502263069153e-01 6.499999761581420898e-02
4.260908663272857666e-01 -1.046267151832580566e-01 6.499999761581420898e-02
4.261026084423065186e-01 -1.038619726896286011e-01 6.499999761581420898e-02
4.261143803596496582e-01 -1.030972376465797424e-01 6.499999761581420898e-02
4.261261224746704102e-01 -1.023324951529502869e-01 6.499999761581420898e-02
4.261378943920135498e-01 -1.015677675604820251e-01 6.499999761581420898e-02
4.261496365070343018e-01 -1.008030325174331665e-01 6.499999761581420898e-02
4.261622130870819092e-01 -1.000393331050872803e-01 6.499999761581420898e-02
4.262003600597381592e-01 -9.930790215730667114e-02 6.499999761581420898e-02
4.262385070323944092e-01 -9.857647120952606201e-02 6.499999761581420898e-02
4.262766540050506592e-01 -9.784504771232604980e-02 6.499999761581420898e-02
4.263147711753845215e-01 -9.711361676454544067e-02 6.499999761581420898e-02
4.263529181480407715e-01 -9.638218581676483154e-02 6.499999761581420898e-02
4.263910651206970215e-01 -9.565075486898422241e-02 6.499999761581420898e-02
4.264292120933532715e-01 -9.491932392120361328e-02 6.499999761581420898e-02
4.264673590660095215e-01 -9.418790042400360107e-02 6.499999761581420898e-02
4.265055060386657715e-01 -9.345646947622299194e-02 6.499999761581420898e-02
4.265436530113220215e-01 -9.272503852844238281e-02 6.499999761581420898e-02
4.265817701816558838e-01 -9.199360758066177368e-02 6.499999761581420898e-02
4.266199171543121338e-01 -9.126217663288116455e-02 6.499999761581420898e-02
4.266580641269683838e-01 -9.053076058626174927e-02 6.499999761581420898e-02
4.266975224018096924e-01 -8.981487154960632324e-02 6.499999761581420898e-02
4.267384707927703857e-01 -8.911671489477157593e-02 6.499999761581420898e-02
4.267794191837310791e-01 -8.841855823993682861e-02 6.499999761581420898e-02
4.268203675746917725e-01 -8.772040158510208130e-02 6.499999761581420898e-02
4.268613159656524658e-01 -8.702225983142852783e-02 6.499999761581420898e-02
4.269022643566131592e-01 -8.632410317659378052e-02 6.499999761581420898e-02
4.269432127475738525e-01 -8.562594652175903320e-02 6.499999761581420898e-02
4.269841611385345459e-01 -8.492778986692428589e-02 6.499999761581420898e-02
4.270251095294952393e-01 -8.422963321208953857e-02 6.499999761581420898e-02
4.270660579204559326e-01 -8.353149145841598511e-02 6.499999761581420898e-02
4.271070063114166260e-01 -8.283333480358123779e-02 6.499999761581420898e-02
4.271479547023773193e-01 -8.213517814874649048e-02 6.499999761581420898e-02
4.271889030933380127e-01 -8.143702149391174316e-02 6.499999761581420898e-02
4.272119104862213135e-01 -8.075153827667236328e-02 6.499999761581420898e-02
4.272142648696899414e-01 -8.008065074682235718e-02 6.499999761581420898e-02
4.272166490554809570e-01 -7.940974831581115723e-02 6.499999761581420898e-02
4.272190034389495850e-01 -7.873883098363876343e-02 6.499999761581420898e-02
4.272213578224182129e-01 -7.806793600320816040e-02 6.499999761581420898e-02
4.272237122058868408e-01 -7.739704847335815430e-02 6.499999761581420898e-02
4.272260963916778564e-01 -7.672613114118576050e-02 6.499999761581420898e-02
4.272284507751464844e-01 -7.605523616075515747e-02 6.499999761581420898e-02
4.272308051586151123e-01 -7.538431882858276367e-02 6.499999761581420898e-02
4.272331893444061279e-01 -7.471343129873275757e-02 6.499999761581420898e-02
4.272355437278747559e-01 -7.404253631830215454e-02 6.499999761581420898e-02
4.272378981113433838e-01 -7.337161898612976074e-02 6.499999761581420898e-02
4.272978901863098145e-01 -7.272277772426605225e-02 6.499999761581420898e-02
4.276633262634277344e-01 -7.219086587429046631e-02 6.499999761581420898e-02
4.280287921428680420e-01 -7.165896147489547729e-02 6.499999761581420898e-02
4.283942282199859619e-01 -7.112706452608108521e-02 6.499999761581420898e-02
4.287596940994262695e-01 -7.059514522552490234e-02 6.499999761581420898e-02
4.291251301765441895e-01 -7.006324827671051025e-02 6.499999761581420898e-02
4.294905960559844971e-01 -6.953132897615432739e-02 6.499999761581420898e-02
4.298560321331024170e-01 -6.899943202733993530e-02 6.499999761581420898e-02
4.302214980125427246e-01 -6.846753507852554321e-02 6.499999761581420898e-02
4.305869340896606445e-01 -6.793561577796936035e-02 6.499999761581420898e-02
4.309523999691009521e-01 -6.740371882915496826e-02 6.499999761581420898e-02
4.313178658485412598e-01 -6.687179952859878540e-02 6.499999761581420898e-02
4.316833019256591797e-01 -6.633990257978439331e-02 6.499999761581420898e-02
4.320557117462158203e-01 -6.582792103290557861e-02 6.499999761581420898e-02
4.324337542057037354e-01 -6.533194333314895630e-02 6.499999761581420898e-02
4.328117668628692627e-01 -6.483598798513412476e-02 6.499999761581420898e-02
4.331898093223571777e-01 -6.434001773595809937e-02 6.499999761581420898e-02
4.335678517818450928e-01 -6.384405493736267090e-02 6.499999761581420898e-02
4.339458644390106201e-01 -6.334809958934783936e-02 6.499999761581420898e-02
4.343239068984985352e-01 -6.285212934017181396e-02 6.499999761581420898e-02
4.347019195556640625e-01 -6.235617026686668396e-02 6.499999761581420898e-02
4.350799620151519775e-01 -6.186019256711006165e-02 6.499999761581420898e-02
4.354580044746398926e-01 -6.136423721909523010e-02 6.499999761581420898e-02
4.358360171318054199e-01 -6.086827814579010010e-02 6.499999761581420898e-02
4.362140595912933350e-01 -6.037230417132377625e-02 6.499999761581420898e-02
4.365910887718200684e-01 -5.987646430730819702e-02 6.499999761581420898e-02
4.369406700134277344e-01 -5.938379839062690735e-02 6.499999761581420898e-02
4.372902214527130127e-01 -5.889115482568740845e-02 6.499999761581420898e-02
4.376398026943206787e-01 -5.839850753545761108e-02 6.499999761581420898e-02
4.379893839359283447e-01 -5.790584534406661987e-02 6.499999761581420898e-02
4.383389353752136230e-01 -5.741319805383682251e-02 6.499999761581420898e-02
4.386885166168212891e-01 -5.692053586244583130e-02 6.499999761581420898e-02
4.390380680561065674e-01 -5.642788857221603394e-02 6.499999761581420898e-02
4.393876492977142334e-01 -5.593524500727653503e-02 6.499999761581420898e-02
4.397372305393218994e-01 -5.544257909059524536e-02 6.499999761581420898e-02
4.400867819786071777e-01 -5.494993552565574646e-02 6.499999761581420898e-02
4.404363632202148438e-01 -5.445726960897445679e-02 6.499999761581420898e-02
4.406659305095672607e-01 -5.406205728650093079e-02 6.499999761581420898e-02
4.408206939697265625e-01 -5.372756347060203552e-02 6.499999761581420898e-02
4.409754872322082520e-01 -5.339305475354194641e-02 6.499999761581420898e-02
4.411302804946899414e-01 -5.305856093764305115e-02 6.499999761581420898e-02
4.412850737571716309e-01 -5.272405222058296204e-02 6.499999761581420898e-02
4.414398372173309326e-01 -5.238955840468406677e-02 6.499999761581420898e-02
4.415946304798126221e-01 -5.205506458878517151e-02 6.499999761581420898e-02
4.417494237422943115e-01 -5.172055587172508240e-02 6.499999761581420898e-02
4.419041872024536133e-01 -5.138606205582618713e-02 6.499999761581420898e-02
4.420589804649353027e-01 -5.105155333876609802e-02 6.499999761581420898e-02
4.422137737274169922e-01 -5.071705952286720276e-02 6.499999761581420898e-02
4.423685669898986816e-01 -5.038256570696830750e-02 6.499999761581420898e-02
4.426781237125396729e-01 -4.971356689929962158e-02 6.499999761581420898e-02
4.429036974906921387e-01 -4.918147996068000793e-02 6.499999761581420898e-02
4.431292712688446045e-01 -4.864939674735069275e-02 6.499999761581420898e-02
4.433548748493194580e-01 -4.811726883053779602e-02 6.499999761581420898e-02
4.435804486274719238e-01 -4.758518561720848083e-02 6.499999761581420898e-02
4.438060224056243896e-01 -4.705309867858886719e-02 6.499999761581420898e-02
4.440316259860992432e-01 -4.652101546525955200e-02 6.499999761581420898e-02
4.442571997642517090e-01 -4.598892852663993835e-02 6.499999761581420898e-02
4.444828033447265625e-01 -4.545680433511734009e-02 6.499999761581420898e-02
4.447083771228790283e-01 -4.492471739649772644e-02 6.499999761581420898e-02
4.449339509010314941e-01 -4.439263045787811279e-02 6.499999761581420898e-02
4.451595246791839600e-01 -4.386054724454879761e-02 6.499999761581420898e-02
4.453851282596588135e-01 -4.332846030592918396e-02 6.499999761581420898e-02
4.456185996532440186e-01 -4.280347004532814026e-02 6.499999761581420898e-02
4.458565115928649902e-01 -4.228252917528152466e-02 6.499999761581420898e-02
4.460944533348083496e-01 -4.176158830523490906e-02 6.499999761581420898e-02
4.463323652744293213e-01 -4.124065116047859192e-02 6.499999761581420898e-02
4.465702772140502930e-01 -4.071971029043197632e-02 6.499999761581420898e-02
4.468081891536712646e-01 -4.019872844219207764e-02 6.499999761581420898e-02
4.470461010932922363e-01 -3.967778757214546204e-02 6.499999761581420898e-02
4.472840428352355957e-01 -3.915684670209884644e-02 6.499999761581420898e-02
4.475219547748565674e-01 -3.863590955734252930e-02 6.499999761581420898e-02
4.477598667144775391e-01 -3.811496868729591370e-02 6.499999761581420898e-02
4.479977786540985107e-01 -3.759398683905601501e-02 6.499999761581420898e-02
4.482356905937194824e-01 -3.707304596900939941e-02 6.499999761581420898e-02
4.484736323356628418e-01 -3.655210509896278381e-02 6.499999761581420898e-02
4.487115442752838135e-01 -3.603116422891616821e-02 6.499999761581420898e-02
4.489494562149047852e-01 -3.551022708415985107e-02 6.499999761581420898e-02
4.491873681545257568e-01 -3.498924523591995239e-02 6.499999761581420898e-02
4.494253098964691162e-01 -3.446830436587333679e-02 6.499999761581420898e-02
4.497039318084716797e-01 -3.398820385336875916e-02 6.499999761581420898e-02
4.501914680004119873e-01 -3.371755778789520264e-02 6.499999761581420898e-02
4.506790041923522949e-01 -3.344691172242164612e-02 6.499999761581420898e-02
4.511665701866149902e-01 -3.317624330520629883e-02 6.499999761581420898e-02
4.516541063785552979e-01 -3.290559351444244385e-02 6.499999761581420898e-02
4.521416425704956055e-01 -3.263494744896888733e-02 6.499999761581420898e-02
4.526291489601135254e-01 -3.236430138349533081e-02 6.499999761581420898e-02
4.531166851520538330e-01 -3.209365159273147583e-02 6.499999761581420898e-02
4.536042511463165283e-01 -3.182298317551612854e-02 6.499999761581420898e-02
4.540917873382568359e-01 -3.155233711004257202e-02 6.499999761581420898e-02
4.545793235301971436e-01 -3.128168731927871704e-02 6.499999761581420898e-02
4.550668597221374512e-01 -3.101104125380516052e-02 6.499999761581420898e-02
4.555543661117553711e-01 -3.074039332568645477e-02 6.499999761581420898e-02
4.560419321060180664e-01 -3.046972677111625671e-02 6.499999761581420898e-02
4.565294682979583740e-01 -3.019907884299755096e-02 6.499999761581420898e-02
4.570170044898986816e-01 -2.992843091487884521e-02 6.499999761581420898e-02
4.575045406818389893e-01 -2.965778298676013947e-02 6.499999761581420898e-02
4.580097198486328125e-01 -2.939928323030471802e-02 6.499999761581420898e-02
4.585193097591400146e-01 -2.914374507963657379e-02 6.499999761581420898e-02
4.590288400650024414e-01 -2.888822555541992188e-02 6.499999761581420898e-02
4.595383405685424805e-01 -2.863270789384841919e-02 6.499999761581420898e-02
4.600478708744049072e-01 -2.837718836963176727e-02 6.499999761581420898e-02
4.605574011802673340e-01 -2.812166884541511536e-02 6.499999761581420898e-02
4.610669910907745361e-01 -2.786613069474697113e-02 6.499999761581420898e-02
4.615764915943145752e-01 -2.761061117053031921e-02 6.499999761581420898e-02
4.620860219001770020e-01 -2.735509164631366730e-02 6.499999761581420898e-02
4.625955522060394287e-01 -2.709957398474216461e-02 6.499999761581420898e-02
4.631050825119018555e-01 -2.684405446052551270e-02 6.499999761581420898e-02
4.636146426200866699e-01 -2.658851630985736847e-02 6.499999761581420898e-02
4.641241729259490967e-01 -2.633299678564071655e-02 6.499999761581420898e-02
4.646337032318115234e-01 -2.607747726142406464e-02 6.499999761581420898e-02
4.651432335376739502e-01 -2.582195959985256195e-02 6.499999761581420898e-02
4.656527638435363770e-01 -2.556644007563591003e-02 6.499999761581420898e-02
4.661623239517211914e-01 -2.531090192496776581e-02 6.499999761581420898e-02
4.666881561279296875e-01 -2.506537549197673798e-02 6.499999761581420898e-02
4.672166407108306885e-01 -2.482148073613643646e-02 6.499999761581420898e-02
4.677451252937316895e-01 -2.457758784294128418e-02 6.499999761581420898e-02
4.682736098766326904e-01 -2.433369494974613190e-02 6.499999761581420898e-02
4.688021242618560791e-01 -2.408978156745433807e-02 6.499999761581420898e-02
4.693306088447570801e-01 -2.384588867425918579e-02 6.499999761581420898e-02
4.698590934276580811e-01 -2.360199391841888428e-02 6.499999761581420898e-02
4.703875780105590820e-01 -2.335810102522373199e-02 6.499999761581420898e-02
4.709160625934600830e-01 -2.311420813202857971e-02 6.499999761581420898e-02
4.714445769786834717e-01 -2.287029474973678589e-02 6.499999761581420898e-02
4.719730615615844727e-01 -2.262640185654163361e-02 6.499999761581420898e-02
4.725015461444854736e-01 -2.238250896334648132e-02 6.499999761581420898e-02
4.730300307273864746e-01 -2.213861420750617981e-02 6.499999761581420898e-02
4.735585153102874756e-01 -2.189472131431102753e-02 6.499999761581420898e-02
4.740870594978332520e-01 -2.165080979466438293e-02 6.499999761581420898e-02
4.746155142784118652e-01 -2.140691503882408142e-02 6.499999761581420898e-02
4.751439988613128662e-01 -2.116302214562892914e-02 6.499999761581420898e-02
4.756789207458496094e-01 -2.092475257813930511e-02 6.499999761581420898e-02
4.762259423732757568e-01 -2.069712616503238678e-02 6.499999761581420898e-02
4.767730534076690674e-01 -2.046948485076427460e-02 6.499999761581420898e-02
4.773200750350952148e-01 -2.024186030030250549e-02 6.499999761581420898e-02
4.778671264648437500e-01 -2.001423388719558716e-02 6.499999761581420898e-02
4.784141778945922852e-01 -1.978660933673381805e-02 6.499999761581420898e-02
4.789612293243408203e-01 -1.955898478627204895e-02 6.499999761581420898e-02
4.795083105564117432e-01 -1.933134160935878754e-02 6.499999761581420898e-02
4.800553321838378906e-01 -1.910371705889701843e-02 6.499999761581420898e-02
4.806023836135864258e-01 -1.887609250843524933e-02 6.499999761581420898e-02
4.811494350433349609e-01 -1.864846609532833099e-02 6.499999761581420898e-02
4.816964864730834961e-01 -1.842084154486656189e-02 6.499999761581420898e-02
4.822435677051544189e-01 -1.819319836795330048e-02 6.499999761581420898e-02
4.827905893325805664e-01 -1.796557381749153137e-02 6.499999761581420898e-02
4.833376407623291016e-01 -1.773794926702976227e-02 6.499999761581420898e-02
4.838846921920776367e-01 -1.751032471656799316e-02 6.499999761581420898e-02
4.844317436218261719e-01 -1.728269830346107483e-02 6.499999761581420898e-02
4.849788248538970947e-01 -1.705505698919296265e-02 6.499999761581420898e-02
4.855314493179321289e-01 -1.683410629630088806e-02 6.499999761581420898e-02
4.860953390598297119e-01 -1.662658713757991791e-02 6.499999761581420898e-02
4.866591989994049072e-01 -1.641906984150409698e-02 6.499999761581420898e-02
4.872230887413024902e-01 -1.621155068278312683e-02 6.499999761581420898e-02
4.877870082855224609e-01 -1.600401662290096283e-02 6.499999761581420898e-02
4.883508980274200439e-01 -1.579649746417999268e-02 6.499999761581420898e-02
4.889147579669952393e-01 -1.558897923678159714e-02 6.499999761581420898e-02
4.894786477088928223e-01 -1.538146100938320160e-02 6.499999761581420898e-02
4.900425076484680176e-01 -1.517394278198480606e-02 6.499999761581420898e-02
4.906064271926879883e-01 -1.496640779078006744e-02 6.499999761581420898e-02
4.911703169345855713e-01 -1.475888956338167191e-02 6.499999761581420898e-02
4.917342066764831543e-01 -1.455137133598327637e-02 6.499999761581420898e-02
4.922980666160583496e-01 -1.434385217726230621e-02 6.499999761581420898e-02
4.928619563579559326e-01 -1.413633394986391068e-02 6.499999761581420898e-02
4.934258759021759033e-01 -1.392879988998174667e-02 6.499999761581420898e-02
4.939897358417510986e-01 -1.372128166258335114e-02 6.499999761581420898e-02
4.945536255836486816e-01 -1.351376250386238098e-02 6.499999761581420898e-02
4.951175153255462646e-01 -1.330624427646398544e-02 6.499999761581420898e-02
4.956813752651214600e-01 -1.309872604906558990e-02 6.499999761581420898e-02
4.962580800056457520e-01 -1.291206479072570801e-02 6.499999761581420898e-02
4.968359470367431641e-01 -1.272737514227628708e-02 6.499999761581420898e-02
4.974138140678405762e-01 -1.254268456250429153e-02 6.499999761581420898e-02
4.979916810989379883e-01 -1.235799491405487061e-02 6.499999761581420898e-02
4.985695481300354004e-01 -1.217330433428287506e-02 6.499999761581420898e-02
4.991474747657775879e-01 -1.198860071599483490e-02 6.499999761581420898e-02
4.997253417968750000e-01 -1.180391013622283936e-02 6.499999761581420898e-02
5.003032088279724121e-01 -1.161922048777341843e-02 6.499999761581420898e-02
5.008810758590698242e-01 -1.143453083932399750e-02 6.499999761581420898e-02
5.014589428901672363e-01 -1.124984025955200195e-02 6.499999761581420898e-02
5.020368695259094238e-01 -1.106513664126396179e-02 6.499999761581420898e-02
5.026147365570068359e-01 -1.088044606149196625e-02 6.499999761581420898e-02
5.031926035881042480e-01 -1.069575641304254532e-02 6.499999761581420898e-02
5.037704706192016602e-01 -1.051106583327054977e-02 6.499999761581420898e-02
5.043483376502990723e-01 -1.032637618482112885e-02 6.499999761581420898e-02
5.049262046813964844e-01 -1.014167256653308868e-02 6.499999761581420898e-02
5.055040717124938965e-01 -9.956981986761093140e-03 6.499999761581420898e-02
5.060819387435913086e-01 -9.772291406989097595e-03 6.499999761581420898e-02
5.066620111465454102e-01 -9.592853486537933350e-03 6.499999761581420898e-02
5.072503089904785156e-01 -9.432983584702014923e-03 6.499999761581420898e-02
5.078386068344116211e-01 -9.273101575672626495e-03 6.499999761581420898e-02
5.084269046783447266e-01 -9.113231673836708069e-03 6.499999761581420898e-02
5.090152025222778320e-01 -8.953361772000789642e-03 6.499999761581420898e-02
5.096035003662109375e-01 -8.793491870164871216e-03 6.499999761581420898e-02
5.101917386054992676e-01 -8.633622899651527405e-03 6.499999761581420898e-02
5.107800960540771484e-01 -8.473740890622138977e-03 6.499999761581420898e-02
5.113683938980102539e-01 -8.313870988786220551e-03 6.499999761581420898e-02
5.119566321372985840e-01 -8.154001086950302124e-03 6.499999761581420898e-02
5.125449299812316895e-01 -7.994131185114383698e-03 6.499999761581420898e-02
5.131332278251647949e-01 -7.834261283278465271e-03 6.499999761581420898e-02
5.137215256690979004e-01 -7.674379739910364151e-03 6.499999761581420898e-02
5.143098235130310059e-01 -7.514509372413158417e-03 6.499999761581420898e-02
5.148981213569641113e-01 -7.354639936238527298e-03 6.499999761581420898e-02
5.154864192008972168e-01 -7.194770034402608871e-03 6.499999761581420898e-02
5.160746574401855469e-01 -7.034900598227977753e-03 6.499999761581420898e-02
5.166630148887634277e-01 -6.875018589198589325e-03 6.499999761581420898e-02
5.172513127326965332e-01 -6.715148687362670898e-03 6.499999761581420898e-02
5.178413391113281250e-01 -6.561608985066413879e-03 6.499999761581420898e-02
5.184344649314880371e-01 -6.419310346245765686e-03 6.499999761581420898e-02
5.190275907516479492e-01 -6.277012173086404800e-03 6.499999761581420898e-02
5.196207761764526367e-01 -6.134703289717435837e-03 6.499999761581420898e-02
5.202139019966125488e-01 -5.992404650896787643e-03 6.499999761581420898e-02
5.208070278167724609e-01 -5.850106477737426758e-03 6.499999761581420898e-02
5.214001536369323730e-01 -5.707808304578065872e-03 6.499999761581420898e-02
5.219932794570922852e-01 -5.565510131418704987e-03 6.499999761581420898e-02
5.225864648818969727e-01 -5.423200782388448715e-03 6.499999761581420898e-02
5.231795907020568848e-01 -5.280902609229087830e-03 6.499999761581420898e-02
5.237727165222167969e-01 -5.138603970408439636e-03 6.499999761581420898e-02
5.243658423423767090e-01 -4.996305797249078751e-03 6.499999761581420898e-02
5.249589681625366211e-01 -4.854007624089717865e-03 6.499999761581420898e-02
5.255521535873413086e-01 -4.711698275059461594e-03 6.499999761581420898e-02
5.261452794075012207e-01 -4.569400101900100708e-03 6.499999761581420898e-02
5.267384052276611328e-01 -4.427101463079452515e-03 6.499999761581420898e-02
5.273315906524658203e-01 -4.284803755581378937e-03 6.499999761581420898e-02
5.279247164726257324e-01 -4.142505116760730743e-03 6.499999761581420898e-02
5.285178422927856445e-01 -4.000196233391761780e-03 6.499999761581420898e-02
5.291126966476440430e-01 -3.867038059979677200e-03 6.499999761581420898e-02
5.297092199325561523e-01 -3.743468783795833588e-03 6.499999761581420898e-02
5.303058028221130371e-01 -3.619899507611989975e-03 6.499999761581420898e-02
5.309023857116699219e-01 -3.496330231428146362e-03 6.499999761581420898e-02
5.314990282058715820e-01 -3.372751642018556595e-03 6.499999761581420898e-02
5.320955514907836914e-01 -3.249182365834712982e-03 6.499999761581420898e-02
5.326921343803405762e-01 -3.125613089650869370e-03 6.499999761581420898e-02
5.332887172698974609e-01 -3.002043813467025757e-03 6.499999761581420898e-02
5.338853001594543457e-01 -2.878474537283182144e-03 6.499999761581420898e-02
5.344818830490112305e-01 -2.754895947873592377e-03 6.499999761581420898e-02
5.350784659385681152e-01 -2.631326671689748764e-03 6.499999761581420898e-02
5.356750488281250000e-01 -2.507757395505905151e-03 6.499999761581420898e-02
5.362716317176818848e-01 -2.384188119322061539e-03 6.499999761581420898e-02
5.368682146072387695e-01 -2.260618843138217926e-03 6.499999761581420898e-02
5.374647974967956543e-01 -2.137040020897984505e-03 6.499999761581420898e-02
5.380613803863525391e-01 -2.013470511883497238e-03 6.499999761581420898e-02
5.386579632759094238e-01 -1.889901468530297279e-03 6.499999761581420898e-02
5.392545461654663086e-01 -1.766332192346453667e-03 6.499999761581420898e-02
5.398510694503784180e-01 -1.642762916162610054e-03 6.499999761581420898e-02
5.403358936309814453e-01 -1.554669579491019249e-03 6.499999761581420898e-02
5.407560467720031738e-01 -1.487076049670577049e-03 6.499999761581420898e-02
5.411762595176696777e-01 -1.419482519850134850e-03 6.499999761581420898e-02
5.415964126586914062e-01 -1.351889106445014477e-03 6.499999761581420898e-02
5.420165657997131348e-01 -1.284295576624572277e-03 6.499999761581420898e-02
5.424367785453796387e-01 -1.216696924529969692e-03 6.499999761581420898e-02
5.428569912910461426e-01 -1.149103394709527493e-03 6.499999761581420898e-02
5.432771444320678711e-01 -1.081509981304407120e-03 6.499999761581420898e-02
5.436972975730895996e-01 -1.013916451483964920e-03 6.499999761581420898e-02
5.441175103187561035e-01 -9.463229216635227203e-04 6.499999761581420898e-02
5.445376634597778320e-01 -8.787242113612592220e-04 6.499999761581420898e-02
5.449578762054443359e-01 -8.111307397484779358e-04 6.499999761581420898e-02
5.453780293464660645e-01 -7.435371517203748226e-04 6.499999761581420898e-02
5.457982420921325684e-01 -6.759437383152544498e-04 6.499999761581420898e-02
5.462183952331542969e-01 -6.083501502871513367e-04 6.499999761581420898e-02
5.466386079788208008e-01 -5.407514981925487518e-04 6.499999761581420898e-02
5.470587611198425293e-01 -4.731580847874283791e-04 6.499999761581420898e-02
5.474789738655090332e-01 -4.055645549669861794e-04 6.499999761581420898e-02
5.478991270065307617e-01 -3.379710251465439796e-04 6.499999761581420898e-02
5.483192801475524902e-01 -2.703774953261017799e-04 6.499999761581420898e-02
5.487394928932189941e-01 -2.027788432314991951e-04 6.499999761581420898e-02
5.491596460342407227e-01 -1.351854298263788223e-04 6.499999761581420898e-02
5.500000119209289551e-01 0.000000000000000000e+00 6.499999761581420898e-02
