3.780464529991149902e-01 -4.511298239231109619e-01 6.499999761581420898e-02
3.784424960613250732e-01 -4.510164260864257812e-01 6.499999761581420898e-02
3.788385391235351562e-01 -4.509030282497406006e-01 6.499999761581420898e-02
3.792346119880676270e-01 -4.507896304130554199e-01 6.499999761581420898e-02
3.796306550502777100e-01 -4.506762325763702393e-01 6.499999761581420898e-02
3.800266981124877930e-01 -4.505628347396850586e-01 6.499999761581420898e-02
3.804227411746978760e-01 -4.504494369029998779e-01 6.499999761581420898e-02
3.808187842369079590e-01 -4.503360390663146973e-01 6.499999761581420898e-02
3.812148571014404297e-01 -4.502226412296295166e-01 6.499999761581420898e-02
3.816109001636505127e-01 -4.501092433929443359e-01 6.499999761581420898e-02
3.820069432258605957e-01 -4.499958455562591553e-01 6.499999761581420898e-02
3.824029862880706787e-01 -4.498824477195739746e-01 6.499999761581420898e-02
3.827990293502807617e-01 -4.497690498828887939e-01 6.499999761581420898e-02
3.831951022148132324e-01 -4.496556520462036133e-01 6.499999761581420898e-02
3.835911452770233154e-01 -4.495422542095184326e-01 6.499999761581420898e-02
3.839871883392333984e-01 -4.494288563728332520e-01 6.499999761581420898e-02
3.843832314014434814e-01 -4.493154585361480713e-01 6.499999761581420898e-02
3.847792744636535645e-01 -4.492020606994628906e-01 6.499999761581420898e-02
3.851753473281860352e-01 -4.490886628627777100e-01 6.499999761581420898e-02
3.855713903903961182e-01 -4.489752650260925293e-01 6.499999761581420898e-02
3.859674334526062012e-01 -4.488618671894073486e-01 6.499999761581420898e-02
3.863634765148162842e-01 -4.487484693527221680e-01 6.499999761581420898e-02
3.867595493793487549e-01 -4.486350715160369873e-01 6.499999761581420898e-02
3.871555924415588379e-01 -4.485216736793518066e-01 6.499999761581420898e-02
3.877068161964416504e-01 -4.483494460582733154e-01 6.499999761581420898e-02
3.883098065853118896e-01 -4.481575787067413330e-01 6.499999761581420898e-02
3.889128267765045166e-01 -4.479657113552093506e-01 6.499999761581420898e-02
3.895158171653747559e-01 -4.477738738059997559e-01 6.499999761581420898e-02
3.901188075542449951e-01 -4.475820064544677734e-01 6.499999761581420898e-02
3.907217979431152344e-01 -4.473901391029357910e-01 6.499999761581420898e-02
3.913248181343078613e-01 -4.471982717514038086e-01 6.499999761581420898e-02
3.919278085231781006e-01 -4.470064342021942139e-01 6.499999761581420898e-02
3.925307989120483398e-01 -4.468145668506622314e-01 6.499999761581420898e-02
3.931338191032409668e-01 -4.466226994991302490e-01 6.499999761581420898e-02
3.937368094921112061e-01 -4.464308619499206543e-01 6.499999761581420898e-02
3.943397998809814453e-01 -4.462389945983886719e-01 6.499999761581420898e-02
3.949427902698516846e-01 -4.460471272468566895e-01 6.499999761581420898e-02
3.955458104610443115e-01 -4.458552598953247070e-01 6.499999761581420898e-02
3.961488008499145508e-01 -4.456634223461151123e-01 6.499999761581420898e-02
3.967517912387847900e-01 -4.454715549945831299e-01 6.499999761581420898e-02
3.973548114299774170e-01 -4.452796876430511475e-01 6.499999761581420898e-02
3.979578018188476562e-01 -4.450878500938415527e-01 6.499999761581420898e-02
3.985607922077178955e-01 -4.448959827423095703e-01 6.499999761581420898e-02
3.991638123989105225e-01 -4.447041153907775879e-01 6.499999761581420898e-02
3.996067643165588379e-01 -4.442628324031829834e-01 6.499999761581420898e-02
4.000497162342071533e-01 -4.438215494155883789e-01 6.499999761581420898e-02
4.004926681518554688e-01 -4.433802664279937744e-01 6.499999761581420898e-02
4.009356200695037842e-01 -4.429389834403991699e-01 6.499999761581420898e-02
4.013785421848297119e-01 -4.424977004528045654e-01 6.499999761581420898e-02
4.018214941024780273e-01 -4.420564174652099609e-01 6.499999761581420898e-02
4.022644460201263428e-01 -4.416151344776153564e-01 6.499999761581420898e-02
4.027073979377746582e-01 -4.411738514900207520e-01 6.499999761581420898e-02
4.031503498554229736e-01 -4.407325685024261475e-01 6.499999761581420898e-02
4.035933017730712891e-01 -4.402912855148315430e-01 6.499999761581420898e-02
4.040611982345581055e-01 -4.398335814476013184e-01 6.499999761581420898e-02
4.048246145248413086e-01 -4.391816556453704834e-01 6.499999761581420898e-02
4.055880606174468994e-01 -4.385297298431396484e-01 6.499999761581420898e-02
4.063514769077301025e-01 -4.378777742385864258e-01 6.499999761581420898e-02
4.071149230003356934e-01 -4.372258782386779785e-01 6.499999761581420898e-02
4.080482721328735352e-01 -4.362425506114959717e-01 6.499999761581420898e-02
4.089816212654113770e-01 -4.352591931819915771e-01 6.499999761581420898e-02
4.099149703979492188e-01 -4.342758655548095703e-01 6.499999761581420898e-02
4.108482897281646729e-01 -4.332925379276275635e-01 6.499999761581420898e-02
4.117816388607025146e-01 -4.323092103004455566e-01 6.499999761581420898e-02
4.127149879932403564e-01 -4.313258528709411621e-01 6.499999761581420898e-02
4.136483371257781982e-01 -4.303425252437591553e-01 6.499999761581420898e-02
4.145816862583160400e-01 -4.293591976165771484e-01 6.499999761581420898e-02
4.155150353908538818e-01 -4.283758699893951416e-01 6.499999761581420898e-02
4.166074395179748535e-01 -4.272168874740600586e-01 6.499999761581420898e-02
4.178535044193267822e-01 -4.258882403373718262e-01 6.499999761581420898e-02
4.190995991230010986e-01 -4.245595932006835938e-01 6.499999761581420898e-02
4.203456640243530273e-01 -4.232309460639953613e-01 6.499999761581420898e-02
4.215917289257049561e-01 -4.219022989273071289e-01 6.499999761581420898e-02
4.228378236293792725e-01 -4.205736517906188965e-01 6.499999761581420898e-02
4.240838885307312012e-01 -4.192450046539306641e-01 6.499999761581420898e-02
4.253299832344055176e-01 -4.179163575172424316e-01 6.499999761581420898e-02
4.269304275512695312e-01 -4.177352488040924072e-01 6.499999761581420898e-02
4.285472929477691650e-01 -4.176073074340820312e-01 6.499999761581420898e-02
4.301641881465911865e-01 -4.174793660640716553e-01 6.499999761581420898e-02
4.317810535430908203e-01 -4.173514544963836670e-01 6.499999761581420898e-02
4.333979189395904541e-01 -4.172235131263732910e-01 6.499999761581420898e-02
4.350148141384124756e-01 -4.170955717563629150e-01 6.499999761581420898e-02
4.366340935230255127e-01 -4.170023798942565918e-01 6.499999761581420898e-02
4.382538497447967529e-01 -4.169161319732666016e-01 6.499999761581420898e-02
4.398736357688903809e-01 -4.168298840522766113e-01 6.499999761581420898e-02
4.414933919906616211e-01 -4.167436361312866211e-01 6.499999761581420898e-02
4.431131482124328613e-01 -4.166573882102966309e-01 6.499999761581420898e-02
4.447329342365264893e-01 -4.165711402893066406e-01 6.499999761581420898e-02
4.463536143302917480e-01 -4.165315628051757812e-01 6.499999761581420898e-02
4.479746520519256592e-01 -4.165096282958984375e-01 6.499999761581420898e-02
4.495956897735595703e-01 -4.164877235889434814e-01 6.499999761581420898e-02
4.512167274951934814e-01 -4.164658188819885254e-01 6.499999761581420898e-02
4.528377354145050049e-01 -4.164439141750335693e-01 6.499999761581420898e-02
4.544587731361389160e-01 -4.164219796657562256e-01 6.499999761581420898e-02
4.560760557651519775e-01 -4.164431095123291016e-01 6.499999761581420898e-02
4.576911032199859619e-01 -4.164896905422210693e-01 6.499999761581420898e-02
4.593061506748199463e-01 -4.165362715721130371e-01 6.499999761581420898e-02
4.609212279319763184e-01 -4.165828526020050049e-01 6.499999761581420898e-02
4.625362753868103027e-01 -4.166294336318969727e-01 6.499999761581420898e-02
4.641513228416442871e-01 -4.166760146617889404e-01 6.499999761581420898e-02
4.657591879367828369e-01 -4.167591929435729980e-01 6.499999761581420898e-02
4.673616588115692139e-01 -4.168699979782104492e-01 6.499999761581420898e-02
4.689641296863555908e-01 -4.169808030128479004e-01 6.499999761581420898e-02
4.705665707588195801e-01 -4.170916080474853516e-01 6.499999761581420898e-02
4.721690416336059570e-01 -4.172024428844451904e-01 6.499999761581420898e-02
4.737715125083923340e-01 -4.173132479190826416e-01 6.499999761581420898e-02
4.753113687038421631e-01 -4.177389740943908691e-01 6.499999761581420898e-02
4.768045544624328613e-01 -4.183995127677917480e-01 6.499999761581420898e-02
4.782977700233459473e-01 -4.190600514411926270e-01 6.499999761581420898e-02
4.797909557819366455e-01 -4.197205901145935059e-01 6.499999761581420898e-02
4.812841415405273438e-01 -4.203811287879943848e-01 6.499999761581420898e-02
4.827773571014404297e-01 -4.210416972637176514e-01 6.499999761581420898e-02
4.842684566974639893e-01 -4.217144250869750977e-01 6.499999761581420898e-02
4.857560992240905762e-01 -4.224074184894561768e-01 6.499999761581420898e-02
4.872437417507171631e-01 -4.231003820896148682e-01 6.499999761581420898e-02
4.887313842773437500e-01 -4.237933754920959473e-01 6.499999761581420898e-02
4.902190268039703369e-01 -4.244863688945770264e-01 6.499999761581420898e-02
4.917066693305969238e-01 -4.251793324947357178e-01 6.499999761581420898e-02
4.931942820549011230e-01 -4.258700609207153320e-01 6.499999761581420898e-02
4.946817457675933838e-01 -4.265452921390533447e-01 6.499999761581420898e-02
4.961692094802856445e-01 -4.272205233573913574e-01 6.499999761581420898e-02
4.976567029953002930e-01 -4.278957545757293701e-01 6.499999761581420898e-02
4.991441667079925537e-01 -4.285709857940673828e-01 6.499999761581420898e-02
5.006316304206848145e-01 -4.292462170124053955e-01 6.499999761581420898e-02
5.021190643310546875e-01 -4.299214482307434082e-01 6.499999761581420898e-02
5.036076307296752930e-01 -4.305484592914581299e-01 6.499999761581420898e-02
5.050961971282958984e-01 -4.311716258525848389e-01 6.499999761581420898e-02
5.065847635269165039e-01 -4.317948222160339355e-01 6.499999761581420898e-02
5.080733895301818848e-01 -4.324179887771606445e-01 6.499999761581420898e-02
5.095619559288024902e-01 -4.330411851406097412e-01 6.499999761581420898e-02
5.110505819320678711e-01 -4.336643815040588379e-01 6.499999761581420898e-02
5.125352144241333008e-01 -4.342377483844757080e-01 6.499999761581420898e-02
5.140191912651062012e-01 -4.348016977310180664e-01 6.499999761581420898e-02
5.155031085014343262e-01 -4.353656768798828125e-01 6.499999761581420898e-02
5.169870257377624512e-01 -4.359296262264251709e-01 6.499999761581420898e-02
5.184710025787353516e-01 -4.364936053752899170e-01 6.499999761581420898e-02
5.199549198150634766e-01 -4.370575547218322754e-01 6.499999761581420898e-02
5.215401053428649902e-01 -4.369429349899291992e-01 6.499999761581420898e-02
5.231350660324096680e-01 -4.367628991603851318e-01 6.499999761581420898e-02
5.247300267219543457e-01 -4.365828633308410645e-01 6.499999761581420898e-02
5.263249874114990234e-01 -4.364027976989746094e-01 6.499999761581420898e-02
5.279199481010437012e-01 -4.362227618694305420e-01 6.499999761581420898e-02
5.295149087905883789e-01 -4.360427260398864746e-01 6.499999761581420898e-02
5.311112403869628906e-01 -4.358055889606475830e-01 6.499999761581420898e-02
5.327079296112060547e-01 -4.355553388595581055e-01 6.499999761581420898e-02
5.343045592308044434e-01 -4.353050887584686279e-01 6.499999761581420898e-02
5.359012484550476074e-01 -4.350548386573791504e-01 6.499999761581420898e-02
5.374979376792907715e-01 -4.348045587539672852e-01 6.499999761581420898e-02
5.390946269035339355e-01 -4.345543086528778076e-01 6.499999761581420898e-02
5.406863689422607422e-01 -4.342578053474426270e-01 6.499999761581420898e-02
5.422754883766174316e-01 -4.339367747306823730e-01 6.499999761581420898e-02
5.438646078109741211e-01 -4.336157143115997314e-01 6.499999761581420898e-02
5.454537868499755859e-01 -4.332946538925170898e-01 6.499999761581420898e-02
5.470429062843322754e-01 -4.329735934734344482e-01 6.499999761581420898e-02
5.486320257186889648e-01 -4.326525628566741943e-01 6.499999761581420898e-02
5.502133369445800781e-01 -4.322990775108337402e-01 6.499999761581420898e-02
5.517858266830444336e-01 -4.319085776805877686e-01 6.499999761581420898e-02
5.533583164215087891e-01 -4.315180480480194092e-01 6.499999761581420898e-02
5.549307465553283691e-01 -4.311275482177734375e-01 6.499999761581420898e-02
5.565032362937927246e-01 -4.307370185852050781e-01 6.499999761581420898e-02
5.580757260322570801e-01 -4.303465187549591064e-01 6.499999761581420898e-02
5.596409440040588379e-01 -4.299368560314178467e-01 6.499999761581420898e-02
5.611883997917175293e-01 -4.294799268245697021e-01 6.499999761581420898e-02
5.627357959747314453e-01 -4.290229976177215576e-01 6.499999761581420898e-02
5.642831921577453613e-01 -4.285660684108734131e-01 6.499999761581420898e-02
5.658306479454040527e-01 -4.281091690063476562e-01 6.499999761581420898e-02
5.673780441284179688e-01 -4.276522397994995117e-01 6.499999761581420898e-02
5.689113736152648926e-01 -4.271484315395355225e-01 6.499999761581420898e-02
5.703651309013366699e-01 -4.263794720172882080e-01 6.499999761581420898e-02
5.718188881874084473e-01 -4.256105124950408936e-01 6.499999761581420898e-02
5.732726454734802246e-01 -4.248415529727935791e-01 6.499999761581420898e-02
5.747264027595520020e-01 -4.240725934505462646e-01 6.499999761581420898e-02
5.761801600456237793e-01 -4.233036041259765625e-01 6.499999761581420898e-02
5.776339173316955566e-01 -4.225346446037292480e-01 6.499999761581420898e-02
5.790592432022094727e-01 -4.217139482498168945e-01 6.499999761581420898e-02
5.804753303527832031e-01 -4.208764731884002686e-01 6.499999761581420898e-02
5.818914175033569336e-01 -4.200389981269836426e-01 6.499999761581420898e-02
5.833075046539306641e-01 -4.192015230655670166e-01 6.499999761581420898e-02
5.847235918045043945e-01 -4.183640480041503906e-01 6.499999761581420898e-02
5.861396789550781250e-01 -4.175265729427337646e-01 6.499999761581420898e-02
5.875390172004699707e-01 -4.166668653488159180e-01 6.499999761581420898e-02
5.889083743095397949e-01 -4.157671332359313965e-01 6.499999761581420898e-02
5.902776718139648438e-01 -4.148674309253692627e-01 6.499999761581420898e-02
5.916469693183898926e-01 -4.139676988124847412e-01 6.499999761581420898e-02
5.930163264274597168e-01 -4.130679965019226074e-01 6.499999761581420898e-02
5.943856239318847656e-01 -4.121682941913604736e-01 6.499999761581420898e-02
5.957549214363098145e-01 -4.112685620784759521e-01 6.499999761581420898e-02
5.970703363418579102e-01 -4.103145599365234375e-01 6.499999761581420898e-02
5.983855724334716797e-01 -4.093604683876037598e-01 6.499999761581420898e-02
5.997008085250854492e-01 -4.084063768386840820e-01 6.499999761581420898e-02
6.010161042213439941e-01 -4.074522852897644043e-01 6.499999761581420898e-02
6.023313403129577637e-01 -4.064981639385223389e-01 6.499999761581420898e-02
6.036466360092163086e-01 -4.055440723896026611e-01 6.499999761581420898e-02
6.049196124076843262e-01 -4.045575261116027832e-01 6.499999761581420898e-02
6.061758399009704590e-01 -4.035580456256866455e-01 6.499999761581420898e-02
6.074320077896118164e-01 -4.025585651397705078e-01 6.499999761581420898e-02
6.086881756782531738e-01 -4.015590548515319824e-01 6.499999761581420898e-02
6.099444031715393066e-01 -4.005595743656158447e-01 6.499999761581420898e-02
6.112005710601806641e-01 -3.995600938796997070e-01 6.499999761581420898e-02
6.123067140579223633e-01 -3.983921408653259277e-01 6.499999761581420898e-02
6.132848858833312988e-01 -3.970805406570434570e-01 6.499999761581420898e-02
6.142631173133850098e-01 -3.957689404487609863e-01 6.499999761581420898e-02
6.152413487434387207e-01 -3.944573104381561279e-01 6.499999761581420898e-02
6.162195205688476562e-01 -3.931457102298736572e-01 6.499999761581420898e-02
6.171977519989013672e-01 -3.918341100215911865e-01 6.499999761581420898e-02
6.181525588035583496e-01 -3.905013799667358398e-01 6.499999761581420898e-02
6.187847256660461426e-01 -3.888771533966064453e-01 6.499999761581420898e-02
6.194168925285339355e-01 -3.872529566287994385e-01 6.499999761581420898e-02
6.200489997863769531e-01 -3.856287598609924316e-01 6.499999761581420898e-02
6.206811666488647461e-01 -3.840045630931854248e-01 6.499999761581420898e-02
6.213132739067077637e-01 -3.823803663253784180e-01 6.499999761581420898e-02
6.219454407691955566e-01 -3.807561397552490234e-01 6.499999761581420898e-02
6.225776076316833496e-01 -3.791319429874420166e-01 6.499999761581420898e-02
6.229205727577209473e-01 -3.775083422660827637e-01 6.499999761581420898e-02
6.231909990310668945e-01 -3.758848905563354492e-01 6.499999761581420898e-02
6.234613656997680664e-01 -3.742614686489105225e-01 6.499999761581420898e-02
6.237317919731140137e-01 -3.726380169391632080e-01 6.499999761581420898e-02
6.240022182464599609e-01 -3.710145652294158936e-01 6.499999761581420898e-02
6.242725849151611328e-01 -3.693911135196685791e-01 6.499999761581420898e-02
6.245185732841491699e-01 -3.677526414394378662e-01 6.499999761581420898e-02
6.247266530990600586e-01 -3.660908341407775879e-01 6.499999761581420898e-02
6.249347329139709473e-01 -3.644290268421173096e-01 6.499999761581420898e-02
6.251428127288818359e-01 -3.627672791481018066e-01 6.499999761581420898e-02
6.253508925437927246e-01 -3.611054718494415283e-01 6.499999761581420898e-02
6.255589723587036133e-01 -3.594436645507812500e-01 6.499999761581420898e-02
6.257670521736145020e-01 -3.577818572521209717e-01 6.499999761581420898e-02
6.259182691574096680e-01 -3.560951054096221924e-01 6.499999761581420898e-02
6.260569095611572266e-01 -3.544028401374816895e-01 6.499999761581420898e-02
6.261955499649047852e-01 -3.527105450630187988e-01 6.499999761581420898e-02
6.263341903686523438e-01 -3.510182499885559082e-01 6.499999761581420898e-02
6.264728307723999023e-01 -3.493259549140930176e-01 6.499999761581420898e-02
6.266114711761474609e-01 -3.476336598396301270e-01 6.499999761581420898e-02
6.267440319061279297e-01 -3.459376394748687744e-01 6.499999761581420898e-02
6.268272399902343750e-01 -3.442110419273376465e-01 6.499999761581420898e-02
6.269104480743408203e-01 -3.424844443798065186e-01 6.499999761581420898e-02
6.269936561584472656e-01 -3.407578170299530029e-01 6.499999761581420898e-02
6.270768642425537109e-01 -3.390312194824218750e-01 6.499999761581420898e-02
6.271600127220153809e-01 -3.373046517372131348e-01 6.499999761581420898e-02
6.272432208061218262e-01 -3.355780541896820068e-01 6.499999761581420898e-02
6.273127794265747070e-01 -3.338499367237091064e-01 6.499999761581420898e-02
6.273237466812133789e-01 -3.321153521537780762e-01 6.499999761581420898e-02
6.273346543312072754e-01 -3.303807973861694336e-01 6.499999761581420898e-02
6.273456215858459473e-01 -3.286462724208831787e-01 6.499999761581420898e-02
6.273565888404846191e-01 -3.269117176532745361e-01 6.499999761581420898e-02
6.273674964904785156e-01 -3.251771330833435059e-01 6.499999761581420898e-02
6.273784637451171875e-01 -3.234425783157348633e-01 6.499999761581420898e-02
6.273762583732604980e-01 -3.217082023620605469e-01 6.499999761581420898e-02
6.273308396339416504e-01 -3.199744820594787598e-01 6.499999761581420898e-02
6.272854804992675781e-01 -3.182407319545745850e-01 6.499999761581420898e-02
6.272400617599487305e-01 -3.165069818496704102e-01 6.499999761581420898e-02
6.271947026252746582e-01 -3.147732317447662354e-01 6.499999761581420898e-02
6.271492838859558105e-01 -3.130394816398620605e-01 6.499999761581420898e-02
6.271039247512817383e-01 -3.113057911396026611e-01 6.499999761581420898e-02
6.270404458045959473e-01 -3.095742166042327881e-01 6.499999761581420898e-02
6.269304156303405762e-01 -3.078483343124389648e-01 6.499999761581420898e-02
6.268204450607299805e-01 -3.061224222183227539e-01 6.499999761581420898e-02
6.267104744911193848e-01 -3.043965101242065430e-01 6.499999761581420898e-02
6.266004443168640137e-01 -3.026706278324127197e-01 6.499999761581420898e-02
6.264904737472534180e-01 -3.009447455406188965e-01 6.499999761581420898e-02
6.263805031776428223e-01 -2.992188334465026855e-01 6.499999761581420898e-02
6.262431740760803223e-01 -2.975005507469177246e-01 6.499999761581420898e-02
6.260554194450378418e-01 -2.957963645458221436e-01 6.499999761581420898e-02
6.258676648139953613e-01 -2.940922081470489502e-01 6.499999761581420898e-02
6.256799101829528809e-01 -2.923880219459533691e-01 6.499999761581420898e-02
6.254921555519104004e-01 -2.906838357448577881e-01 6.499999761581420898e-02
6.253044009208679199e-01 -2.889796495437622070e-01 6.499999761581420898e-02
6.251166462898254395e-01 -2.872754335403442383e-01 6.499999761581420898e-02
6.249240636825561523e-01 -2.855539917945861816e-01 6.499999761581420898e-02
6.247268915176391602e-01 -2.838158607482910156e-01 6.499999761581420898e-02
6.245297789573669434e-01 -2.820777297019958496e-01 6.499999761581420898e-02
6.243326067924499512e-01 -2.803395986557006836e-01 6.499999761581420898e-02
6.241354346275329590e-01 -2.786014676094055176e-01 6.499999761581420898e-02
6.239382624626159668e-01 -2.768633961677551270e-01 6.499999761581420898e-02
6.237410902976989746e-01 -2.751252651214599609e-01 6.499999761581420898e-02
6.235204935073852539e-01 -2.734065055847167969e-01 6.499999761581420898e-02
6.232540011405944824e-01 -2.717255651950836182e-01 6.499999761581420898e-02
6.229875683784484863e-01 -2.700446546077728271e-01 6.499999761581420898e-02
6.227211356163024902e-01 -2.683637738227844238e-01 6.499999761581420898e-02
6.224547028541564941e-01 -2.666828632354736328e-01 6.499999761581420898e-02
6.221882104873657227e-01 -2.650019526481628418e-01 6.499999761581420898e-02
6.219217777252197266e-01 -2.633210420608520508e-01 6.499999761581420898e-02
6.216318607330322266e-01 -2.616668045520782471e-01 6.499999761581420898e-02
6.213100552558898926e-01 -2.600489258766174316e-01 6.499999761581420898e-02
6.209883093833923340e-01 -2.584309875965118408e-01 6.499999761581420898e-02
6.206665039062500000e-01 -2.568130791187286377e-01 6.499999761581420898e-02
6.203446984291076660e-01 -2.551951706409454346e-01 6.499999761581420898e-02
6.200228929519653320e-01 -2.535772621631622314e-01 6.499999761581420898e-02
6.197010874748229980e-01 -2.519593834877014160e-01 6.499999761581420898e-02
6.193500757217407227e-01 -2.503914833068847656e-01 6.499999761581420898e-02
6.189908385276794434e-01 -2.488376945257186890e-01 6.499999761581420898e-02
6.186316013336181641e-01 -2.472839057445526123e-01 6.499999761581420898e-02
6.182723641395568848e-01 -2.457301318645477295e-01 6.499999761581420898e-02
6.179131269454956055e-01 -2.441763728857040405e-01 6.499999761581420898e-02
6.175538897514343262e-01 -2.426225841045379639e-01 6.499999761581420898e-02
6.168574690818786621e-01 -2.412353157997131348e-01 6.499999761581420898e-02
6.156786680221557617e-01 -2.400862872600555420e-01 6.499999761581420898e-02
6.144998669624328613e-01 -2.389372587203979492e-01 6.499999761581420898e-02
6.133210659027099609e-01 -2.377882450819015503e-01 6.499999761581420898e-02
6.121422648429870605e-01 -2.366392165422439575e-01 6.499999761581420898e-02
6.118367314338684082e-01 -2.365202456712722778e-01 6.499999761581420898e-02
6.115311980247497559e-01 -2.364012748003005981e-01 6.499999761581420898e-02
6.112256646156311035e-01 -2.362823039293289185e-01 6.499999761581420898e-02
6.109201312065124512e-01 -2.361633479595184326e-01 6.499999761581420898e-02
6.106145381927490234e-01 -2.360443770885467529e-01 6.499999761581420898e-02
6.103090047836303711e-01 -2.359254062175750732e-01 6.499999761581420898e-02
6.100034713745117188e-01 -2.358064353466033936e-01 6.499999761581420898e-02
6.096979379653930664e-01 -2.356874644756317139e-01 6.499999761581420898e-02
6.093924045562744141e-01 -2.355684936046600342e-01 6.499999761581420898e-02
6.090868711471557617e-01 -2.354495227336883545e-01 6.499999761581420898e-02
6.087813377380371094e-01 -2.353305518627166748e-01 6.499999761581420898e-02
6.084758043289184570e-01 -2.352115958929061890e-01 6.499999761581420898e-02
6.081702709197998047e-01 -2.350926250219345093e-01 6.499999761581420898e-02
6.078609228134155273e-01 -2.349704205989837646e-01 6.499999761581420898e-02
6.075492501258850098e-01 -2.348461747169494629e-01 6.499999761581420898e-02
6.072375774383544922e-01 -2.347219288349151611e-01 6.499999761581420898e-02
6.069258451461791992e-01 -2.345976829528808594e-01 6.499999761581420898e-02
6.066141724586486816e-01 -2.344734370708465576e-01 6.499999761581420898e-02
6.063024401664733887e-01 -2.343491911888122559e-01 6.499999761581420898e-02
6.059907674789428711e-01 -2.342249453067779541e-01 6.499999761581420898e-02
6.056790351867675781e-01 -2.341006994247436523e-01 6.499999761581420898e-02
6.053673624992370605e-01 -2.339764535427093506e-01 6.499999761581420898e-02
6.050556302070617676e-01 -2.338522076606750488e-01 6.499999761581420898e-02
6.047439575195312500e-01 -2.337279617786407471e-01 6.499999761581420898e-02
6.044314503669738770e-01 -2.336081713438034058e-01 6.499999761581420898e-02
6.041170358657836914e-01 -2.334987521171569824e-01 6.499999761581420898e-02
6.038026213645935059e-01 -2.333893477916717529e-01 6.499999761581420898e-02
6.034882664680480957e-01 -2.332799285650253296e-01 6.499999761581420898e-02
6.031738519668579102e-01 -2.331705093383789062e-01 6.499999761581420898e-02
6.028594374656677246e-01 -2.330611050128936768e-01 6.499999761581420898e-02
6.025450825691223145e-01 -2.329516857862472534e-01 6.499999761581420898e-02
6.022306680679321289e-01 -2.328422665596008301e-01 6.499999761581420898e-02
6.019162535667419434e-01 -2.327328622341156006e-01 6.499999761581420898e-02
6.016018986701965332e-01 -2.326234430074691772e-01 6.499999761581420898e-02
6.012874841690063477e-01 -2.325140237808227539e-01 6.499999761581420898e-02
6.009730696678161621e-01 -2.324046194553375244e-01 6.499999761581420898e-02
6.006587147712707520e-01 -2.322952002286911011e-01 6.499999761581420898e-02
6.003482341766357422e-01 -2.321839183568954468e-01 6.499999761581420898e-02
6.000458002090454102e-01 -2.320687770843505859e-01 6.499999761581420898e-02
5.997433662414550781e-01 -2.319536507129669189e-01 6.499999761581420898e-02
5.994409918785095215e-01 -2.318385094404220581e-01 6.499999761581420898e-02
5.991385579109191895e-01 -2.317233681678771973e-01 6.499999761581420898e-02
5.988361835479736328e-01 -2.316082417964935303e-01 6.499999761581420898e-02
5.985337495803833008e-01 -2.314931005239486694e-01 6.499999761581420898e-02
5.982313156127929688e-01 -2.313779592514038086e-01 6.499999761581420898e-02
5.979289412498474121e-01 -2.312628328800201416e-01 6.499999761581420898e-02
5.976265072822570801e-01 -2.311476916074752808e-01 6.499999761581420898e-02
5.973241329193115234e-01 -2.310325503349304199e-01 6.499999761581420898e-02
5.970216989517211914e-01 -2.309174239635467529e-01 6.499999761581420898e-02
5.967193245887756348e-01 -2.308022826910018921e-01 6.499999761581420898e-02
5.964168906211853027e-01 -2.306871414184570312e-01 6.499999761581420898e-02
5.960893034934997559e-01 -2.304860353469848633e-01 6.499999761581420898e-02
5.956916213035583496e-01 -2.300453037023544312e-01 6.499999761581420898e-02
5.952939391136169434e-01 -2.296045571565628052e-01 6.499999761581420898e-02
5.948961973190307617e-01 -2.291638255119323730e-01 6.499999761581420898e-02
5.944985151290893555e-01 -2.287230938673019409e-01 6.499999761581420898e-02
5.941008329391479492e-01 -2.282823473215103149e-01 6.499999761581420898e-02
5.937030911445617676e-01 -2.278416156768798828e-01 6.499999761581420898e-02
5.933054089546203613e-01 -2.274008691310882568e-01 6.499999761581420898e-02
5.929077267646789551e-01 -2.269601374864578247e-01 6.499999761581420898e-02
5.925099849700927734e-01 -2.265193909406661987e-01 6.499999761581420898e-02
5.921123027801513672e-01 -2.260786592960357666e-01 6.499999761581420898e-02
5.917146205902099609e-01 -2.256379127502441406e-01 6.499999761581420898e-02
5.912372469902038574e-01 -2.251909971237182617e-01 6.499999761581420898e-02
5.906406641006469727e-01 -2.247348278760910034e-01 6.499999761581420898e-02
5.900440216064453125e-01 -2.242786586284637451e-01 6.499999761581420898e-02
5.894474387168884277e-01 -2.238224893808364868e-01 6.499999761581420898e-02
5.888508558273315430e-01 -2.233663201332092285e-01 6.499999761581420898e-02
5.882542729377746582e-01 -2.229101508855819702e-01 6.499999761581420898e-02
5.876576304435729980e-01 -2.224539816379547119e-01 6.499999761581420898e-02
5.870610475540161133e-01 -2.219978123903274536e-01 6.499999761581420898e-02
5.864644646644592285e-01 -2.215416431427001953e-01 6.499999761581420898e-02
5.858678221702575684e-01 -2.210854738950729370e-01 6.499999761581420898e-02
5.852435827255249023e-01 -2.206594049930572510e-01 6.499999761581420898e-02
5.845793485641479492e-01 -2.202767580747604370e-01 6.499999761581420898e-02
5.839151740074157715e-01 -2.198941111564636230e-01 6.499999761581420898e-02
5.832509994506835938e-01 -2.195114642381668091e-01 6.499999761581420898e-02
5.825867652893066406e-01 -2.191288173198699951e-01 6.499999761581420898e-02
5.819225907325744629e-01 -2.187461704015731812e-01 6.499999761581420898e-02
5.812583565711975098e-01 -2.183635234832763672e-01 6.499999761581420898e-02
5.805941820144653320e-01 -2.179808765649795532e-01 6.499999761581420898e-02
5.799300074577331543e-01 -2.175982296466827393e-01 6.499999761581420898e-02
5.792657732963562012e-01 -2.172155827283859253e-01 6.499999761581420898e-02
5.785005688667297363e-01 -2.168662846088409424e-01 6.499999761581420898e-02
5.777109265327453613e-01 -2.165250480175018311e-01 6.499999761581420898e-02
5.769212841987609863e-01 -2.161837965250015259e-01 6.499999761581420898e-02
5.761316418647766113e-01 -2.158425599336624146e-01 6.499999761581420898e-02
5.753419995307922363e-01 -2.155013084411621094e-01 6.499999761581420898e-02
5.745523571968078613e-01 -2.151600718498229980e-01 6.499999761581420898e-02
5.737627148628234863e-01 -2.148188203573226929e-01 6.499999761581420898e-02
5.729730725288391113e-01 -2.144775837659835815e-01 6.499999761581420898e-02
5.721834301948547363e-01 -2.141363322734832764e-01 6.499999761581420898e-02
5.713627338409423828e-01 -2.138549387454986572e-01 6.499999761581420898e-02
5.705350041389465332e-01 -2.135871499776840210e-01 6.499999761581420898e-02
5.697072744369506836e-01 -2.133193612098693848e-01 6.499999761581420898e-02
5.688795447349548340e-01 -2.130515873432159424e-01 6.499999761581420898e-02
5.680518150329589844e-01 -2.127837985754013062e-01 6.499999761581420898e-02
5.672240257263183594e-01 -2.125160098075866699e-01 6.499999761581420898e-02
5.663962960243225098e-01 -2.122482210397720337e-01 6.499999761581420898e-02
5.655685663223266602e-01 -2.119804322719573975e-01 6.499999761581420898e-02
5.647408366203308105e-01 -2.117126435041427612e-01 6.499999761581420898e-02
5.639523267745971680e-01 -2.114821970462799072e-01 6.499999761581420898e-02
5.631837844848632812e-01 -2.112707048654556274e-01 6.499999761581420898e-02
5.624151825904846191e-01 -2.110591977834701538e-01 6.499999761581420898e-02
5.616466403007507324e-01 -2.108477056026458740e-01 6.499999761581420898e-02
5.608780980110168457e-01 -2.106361985206604004e-01 6.499999761581420898e-02
5.601094961166381836e-01 -2.104246914386749268e-01 6.499999761581420898e-02
5.593409538269042969e-01 -2.102131992578506470e-01 6.499999761581420898e-02
5.585723519325256348e-01 -2.100016921758651733e-01 6.499999761581420898e-02
5.578038096427917480e-01 -2.097901999950408936e-01 6.499999761581420898e-02
5.574495792388916016e-01 -2.097033858299255371e-01 6.499999761581420898e-02
5.570952892303466797e-01 -2.096165865659713745e-01 6.499999761581420898e-02
5.567410588264465332e-01 -2.095297724008560181e-01 6.499999761581420898e-02
5.563867688179016113e-01 -2.094429731369018555e-01 6.499999761581420898e-02
5.560325384140014648e-01 -2.093561589717864990e-01 6.499999761581420898e-02
5.556783080101013184e-01 -2.092693597078323364e-01 6.499999761581420898e-02
5.553240180015563965e-01 -2.091825455427169800e-01 6.499999761581420898e-02
5.549697875976562500e-01 -2.090957313776016235e-01 6.499999761581420898e-02
5.546154975891113281e-01 -2.090089321136474609e-01 6.499999761581420898e-02
5.542612671852111816e-01 -2.089221179485321045e-01 6.499999761581420898e-02
5.539070367813110352e-01 -2.088353186845779419e-01 6.499999761581420898e-02
5.535587072372436523e-01 -2.087380141019821167e-01 6.499999761581420898e-02
5.532153248786926270e-01 -2.086321860551834106e-01 6.499999761581420898e-02
5.528718829154968262e-01 -2.085263580083847046e-01 6.499999761581420898e-02
5.525284409523010254e-01 -2.084205299615859985e-01 6.499999761581420898e-02
5.521849989891052246e-01 -2.083147019147872925e-01 6.499999761581420898e-02
5.518416166305541992e-01 -2.082088738679885864e-01 6.499999761581420898e-02
5.514981746673583984e-01 -2.081030458211898804e-01 6.499999761581420898e-02
5.511547327041625977e-01 -2.079972177743911743e-01 6.499999761581420898e-02
5.508112907409667969e-01 -2.078913748264312744e-01 6.499999761581420898e-02
5.504679083824157715e-01 -2.077855467796325684e-01 6.499999761581420898e-02
5.501242280006408691e-01 -2.076597362756729126e-01 6.499999761581420898e-02
5.497804880142211914e-01 -2.075251936912536621e-01 6.499999761581420898e-02
5.494367480278015137e-01 -2.073906511068344116e-01 6.499999761581420898e-02
5.490929484367370605e-01 -2.072561085224151611e-01 6.499999761581420898e-02
5.487492084503173828e-01 -2.071215659379959106e-01 6.499999761581420898e-02
5.484054684638977051e-01 -2.069870084524154663e-01 6.499999761581420898e-02
5.480617284774780273e-01 -2.068524658679962158e-01 6.499999761581420898e-02
5.477179288864135742e-01 -2.067179232835769653e-01 6.499999761581420898e-02
5.473741888999938965e-01 -2.065833806991577148e-01 6.499999761581420898e-02
5.470304489135742188e-01 -2.064488381147384644e-01 6.499999761581420898e-02
5.466867089271545410e-01 -2.063142955303192139e-01 6.499999761581420898e-02
5.463429093360900879e-01 -2.061797529458999634e-01 6.499999761581420898e-02
5.460149645805358887e-01 -2.060225456953048706e-01 6.499999761581420898e-02
5.456896424293518066e-01 -2.058615684509277344e-01 6.499999761581420898e-02
5.453643202781677246e-01 -2.057005763053894043e-01 6.499999761581420898e-02
5.450389981269836426e-01 -2.055395990610122681e-01 6.499999761581420898e-02
5.447136759757995605e-01 -2.053786069154739380e-01 6.499999761581420898e-02
5.443883538246154785e-01 -2.052176296710968018e-01 6.499999761581420898e-02
5.440630912780761719e-01 -2.050566524267196655e-01 6.499999761581420898e-02
5.437377691268920898e-01 -2.048956602811813354e-01 6.499999761581420898e-02
5.434124469757080078e-01 -2.047346830368041992e-01 6.499999761581420898e-02
5.430871248245239258e-01 -2.045736908912658691e-01 6.499999761581420898e-02
5.427618026733398438e-01 -2.044127136468887329e-01 6.499999761581420898e-02
5.424380898475646973e-01 -2.042504698038101196e-01 6.499999761581420898e-02
5.421345829963684082e-01 -2.040723115205764771e-01 6.499999761581420898e-02
5.418310761451721191e-01 -2.038941532373428345e-01 6.499999761581420898e-02
5.415275692939758301e-01 -2.037160098552703857e-01 6.499999761581420898e-02
5.412241220474243164e-01 -2.035378515720367432e-01 6.499999761581420898e-02
5.409206151962280273e-01 -2.033596932888031006e-01 6.499999761581420898e-02
5.406171083450317383e-01 -2.031815499067306519e-01 6.499999761581420898e-02
5.403136610984802246e-01 -2.030033916234970093e-01 6.499999761581420898e-02
5.400101542472839355e-01 -2.028252333402633667e-01 6.499999761581420898e-02
5.397066473960876465e-01 -2.026470750570297241e-01 6.499999761581420898e-02
5.394031405448913574e-01 -2.024689316749572754e-01 6.499999761581420898e-02
5.390996932983398438e-01 -2.022907733917236328e-01 6.499999761581420898e-02
5.388035774230957031e-01 -2.021109014749526978e-01 6.499999761581420898e-02
5.385196208953857422e-01 -2.019281834363937378e-01 6.499999761581420898e-02
5.382356643676757812e-01 -2.017454802989959717e-01 6.499999761581420898e-02
5.379517078399658203e-01 -2.015627622604370117e-01 6.499999761581420898e-02
5.376677513122558594e-01 -2.013800591230392456e-01 6.499999761581420898e-02
5.373837351799011230e-01 -2.011973410844802856e-01 6.499999761581420898e-02
5.370997786521911621e-01 -2.010146379470825195e-01 6.499999761581420898e-02
5.368158221244812012e-01 -2.008319199085235596e-01 6.499999761581420898e-02
5.365318655967712402e-01 -2.006492167711257935e-01 6.499999761581420898e-02
5.362479090690612793e-01 -2.004664987325668335e-01 6.499999761581420898e-02
5.359639525413513184e-01 -2.002837806940078735e-01 6.499999761581420898e-02
5.356799960136413574e-01 -2.001010775566101074e-01 6.499999761581420898e-02
5.354027152061462402e-01 -1.999285966157913208e-01 6.499999761581420898e-02
5.351270437240600586e-01 -1.997586935758590698e-01 6.499999761581420898e-02
5.348514318466186523e-01 -1.995887905359268188e-01 6.499999761581420898e-02
5.345757603645324707e-01 -1.994188874959945679e-01 6.499999761581420898e-02
5.343001484870910645e-01 -1.992489844560623169e-01 6.499999761581420898e-02
5.340244770050048828e-01 -1.990790814161300659e-01 6.499999761581420898e-02
5.337488651275634766e-01 -1.989091783761978149e-01 6.499999761581420898e-02
5.334731936454772949e-01 -1.987392753362655640e-01 6.499999761581420898e-02
5.331975817680358887e-01 -1.985693573951721191e-01 6.499999761581420898e-02
5.329219102859497070e-01 -1.983994543552398682e-01 6.499999761581420898e-02
5.326462984085083008e-01 -1.982295513153076172e-01 6.499999761581420898e-02
5.323470234870910645e-01 -1.980953365564346313e-01 6.499999761581420898e-02
5.320107936859130859e-01 -1.980168521404266357e-01 6.499999761581420898e-02
5.316745638847351074e-01 -1.979383826255798340e-01 6.499999761581420898e-02
5.313383340835571289e-01 -1.978598982095718384e-01 6.499999761581420898e-02
5.310021042823791504e-01 -1.977814286947250366e-01 6.499999761581420898e-02
5.306658744812011719e-01 -1.977029442787170410e-01 6.499999761581420898e-02
5.303296446800231934e-01 -1.976244747638702393e-01 6.499999761581420898e-02
5.299934148788452148e-01 -1.975459903478622437e-01 6.499999761581420898e-02
5.296571850776672363e-01 -1.974675208330154419e-01 6.499999761581420898e-02
5.293209552764892578e-01 -1.973890364170074463e-01 6.499999761581420898e-02
5.289847850799560547e-01 -1.973105669021606445e-01 6.499999761581420898e-02
5.285269021987915039e-01 -1.972443163394927979e-01 6.499999761581420898e-02
5.280154347419738770e-01 -1.971834748983383179e-01 6.499999761581420898e-02
5.275039076805114746e-01 -1.971226185560226440e-01 6.499999761581420898e-02
5.269924402236938477e-01 -1.970617622137069702e-01 6.499999761581420898e-02
5.264809727668762207e-01 -1.970009058713912964e-01 6.499999761581420898e-02
5.259695053100585938e-01 -1.969400495290756226e-01 6.499999761581420898e-02
5.254579782485961914e-01 -1.968792080879211426e-01 6.499999761581420898e-02
5.249465107917785645e-01 -1.968183517456054688e-01 6.499999761581420898e-02
5.244350433349609375e-01 -1.967574954032897949e-01 6.499999761581420898e-02
5.239139199256896973e-01 -1.966896951198577881e-01 6.499999761581420898e-02
5.232993960380554199e-01 -1.965546160936355591e-01 6.499999761581420898e-02
5.226848721504211426e-01 -1.964195370674133301e-01 6.499999761581420898e-02
5.220703482627868652e-01 -1.962844580411911011e-01 6.499999761581420898e-02
5.214558243751525879e-01 -1.961493641138076782e-01 6.499999761581420898e-02
5.208413004875183105e-01 -1.960142850875854492e-01 6.499999761581420898e-02
5.202267765998840332e-01 -1.958792060613632202e-01 6.499999761581420898e-02
5.196122527122497559e-01 -1.957441270351409912e-01 6.499999761581420898e-02
5.189977288246154785e-01 -1.956090480089187622e-01 6.499999761581420898e-02
5.183831453323364258e-01 -1.954739540815353394e-01 6.499999761581420898e-02
5.177236795425415039e-01 -1.955565959215164185e-01 6.499999761581420898e-02
5.170540213584899902e-01 -1.956886053085327148e-01 6.499999761581420898e-02
5.163843035697937012e-01 -1.958206146955490112e-01 6.499999761581420898e-02
5.157146453857421875e-01 -1.959526240825653076e-01 6.499999761581420898e-02
5.150449275970458984e-01 -1.960846334695816040e-01 6.499999761581420898e-02
5.143752694129943848e-01 -1.962166279554367065e-01 6.499999761581420898e-02
5.137055516242980957e-01 -1.963486373424530029e-01 6.499999761581420898e-02
5.130358934402465820e-01 -1.964806467294692993e-01 6.499999761581420898e-02
5.123661756515502930e-01 -1.966126561164855957e-01 6.499999761581420898e-02
5.116965174674987793e-01 -1.967446506023406982e-01 6.499999761581420898e-02
5.110068321228027344e-01 -1.968786567449569702e-01 6.499999761581420898e-02
5.103118419647216797e-01 -1.970131993293762207e-01 6.499999761581420898e-02
5.096169114112854004e-01 -1.971477270126342773e-01 6.499999761581420898e-02
5.089219212532043457e-01 -1.972822546958923340e-01 6.499999761581420898e-02
5.082269906997680664e-01 -1.974167972803115845e-01 6.499999761581420898e-02
5.075320005416870117e-01 -1.975513249635696411e-01 6.499999761581420898e-02
5.068370103836059570e-01 -1.976858675479888916e-01 6.499999761581420898e-02
5.061420798301696777e-01 -1.978203952312469482e-01 6.499999761581420898e-02
5.054470896720886230e-01 -1.979549229145050049e-01 6.499999761581420898e-02
5.047521591186523438e-01 -1.980894654989242554e-01 6.499999761581420898e-02
5.040391087532043457e-01 -1.982019990682601929e-01 6.499999761581420898e-02
5.033141970634460449e-01 -1.983001828193664551e-01 6.499999761581420898e-02
5.025893449783325195e-01 -1.983983665704727173e-01 6.499999761581420898e-02
5.018644928932189941e-01 -1.984965503215789795e-01 6.499999761581420898e-02
5.011396408081054688e-01 -1.985947340726852417e-01 6.499999761581420898e-02
5.004147887229919434e-01 -1.986929327249526978e-01 6.499999761581420898e-02
4.996899366378784180e-01 -1.987911164760589600e-01 6.499999761581420898e-02
4.989650845527648926e-01 -1.988893002271652222e-01 6.499999761581420898e-02
4.982402324676513672e-01 -1.989874839782714844e-01 6.499999761581420898e-02
4.975153505802154541e-01 -1.990856677293777466e-01 6.499999761581420898e-02
4.967814087867736816e-01 -1.991650164127349854e-01 6.499999761581420898e-02
4.960299730300903320e-01 -1.992082893848419189e-01 6.499999761581420898e-02
4.952785968780517578e-01 -1.992515623569488525e-01 6.499999761581420898e-02
4.945271909236907959e-01 -1.992948353290557861e-01 6.499999761581420898e-02
4.937757849693298340e-01 -1.993381083011627197e-01 6.499999761581420898e-02
4.930243790149688721e-01 -1.993813812732696533e-01 6.499999761581420898e-02
4.922729730606079102e-01 -1.994246542453765869e-01 6.499999761581420898e-02
4.915215671062469482e-01 -1.994679272174835205e-01 6.499999761581420898e-02
4.907701611518859863e-01 -1.995112001895904541e-01 6.499999761581420898e-02
4.900187551975250244e-01 -1.995544731616973877e-01 6.499999761581420898e-02
4.892669022083282471e-01 -1.995961517095565796e-01 6.499999761581420898e-02
4.884966611862182617e-01 -1.995731890201568604e-01 6.499999761581420898e-02
4.877264201641082764e-01 -1.995502412319183350e-01 6.499999761581420898e-02
4.869561791419982910e-01 -1.995272785425186157e-01 6.499999761581420898e-02
4.861859381198883057e-01 -1.995043158531188965e-01 6.499999761581420898e-02
4.854156970977783203e-01 -1.994813680648803711e-01 6.499999761581420898e-02
4.846454560756683350e-01 -1.994584053754806519e-01 6.499999761581420898e-02
4.838752448558807373e-01 -1.994354575872421265e-01 6.499999761581420898e-02
4.831050038337707520e-01 -1.994124948978424072e-01 6.499999761581420898e-02
4.823347628116607666e-01 -1.993895322084426880e-01 6.499999761581420898e-02
4.815645217895507812e-01 -1.993665844202041626e-01 6.499999761581420898e-02
4.807886183261871338e-01 -1.992959827184677124e-01 6.499999761581420898e-02
4.800096154212951660e-01 -1.991997510194778442e-01 6.499999761581420898e-02
4.792306423187255859e-01 -1.991035342216491699e-01 6.499999761581420898e-02
4.784516990184783936e-01 -1.990073025226593018e-01 6.499999761581420898e-02
4.776727259159088135e-01 -1.989110708236694336e-01 6.499999761581420898e-02
4.768937230110168457e-01 -1.988148391246795654e-01 6.499999761581420898e-02
4.761147499084472656e-01 -1.987186223268508911e-01 6.499999761581420898e-02
4.753357768058776855e-01 -1.986223906278610229e-01 6.499999761581420898e-02
4.745568037033081055e-01 -1.985261589288711548e-01 6.499999761581420898e-02
4.737778306007385254e-01 -1.984299272298812866e-01 6.499999761581420898e-02
4.730127751827239990e-01 -1.982775926589965820e-01 6.499999761581420898e-02
4.722961783409118652e-01 -1.979296207427978516e-01 6.499999761581420898e-02
4.715796113014221191e-01 -1.975816339254379272e-01 6.499999761581420898e-02
4.708630442619323730e-01 -1.972336620092391968e-01 6.499999761581420898e-02
4.701464474201202393e-01 -1.968856900930404663e-01 6.499999761581420898e-02
4.694298803806304932e-01 -1.965377032756805420e-01 6.499999761581420898e-02
4.687133133411407471e-01 -1.961897313594818115e-01 6.499999761581420898e-02
4.679967164993286133e-01 -1.958417445421218872e-01 6.499999761581420898e-02
4.672801494598388672e-01 -1.954937726259231567e-01 6.499999761581420898e-02
4.665635824203491211e-01 -1.951457858085632324e-01 6.499999761581420898e-02
4.658469855785369873e-01 -1.947978138923645020e-01 6.499999761581420898e-02
4.651407301425933838e-01 -1.943914890289306641e-01 6.499999761581420898e-02
4.644346833229064941e-01 -1.939839422702789307e-01 6.499999761581420898e-02
4.637286663055419922e-01 -1.935763955116271973e-01 6.499999761581420898e-02
4.630226194858551025e-01 -1.931688487529754639e-01 6.499999761581420898e-02
4.623166024684906006e-01 -1.927613019943237305e-01 6.499999761581420898e-02
4.616105556488037109e-01 -1.923537552356719971e-01 6.499999761581420898e-02
4.609045088291168213e-01 -1.919461935758590698e-01 6.499999761581420898e-02
4.601984918117523193e-01 -1.915386617183685303e-01 6.499999761581420898e-02
4.594924449920654297e-01 -1.911311000585556030e-01 6.499999761581420898e-02
4.587863981723785400e-01 -1.907235532999038696e-01 6.499999761581420898e-02
4.580933749675750732e-01 -1.902787536382675171e-01 6.499999761581420898e-02
4.574093520641326904e-01 -1.898081600666046143e-01 6.499999761581420898e-02
4.567253589630126953e-01 -1.893375664949417114e-01 6.499999761581420898e-02
4.560413360595703125e-01 -1.888669729232788086e-01 6.499999761581420898e-02
4.553573131561279297e-01 -1.883963793516159058e-01 6.499999761581420898e-02
4.546732902526855469e-01 -1.879257857799530029e-01 6.499999761581420898e-02
4.539892673492431641e-01 -1.874551922082901001e-01 6.499999761581420898e-02
4.533052742481231689e-01 -1.869845986366271973e-01 6.499999761581420898e-02
4.526212513446807861e-01 -1.865140050649642944e-01 6.499999761581420898e-02
4.519372284412384033e-01 -1.860434114933013916e-01 6.499999761581420898e-02
4.512559473514556885e-01 -1.855677366256713867e-01 6.499999761581420898e-02
4.506054520606994629e-01 -1.850346177816390991e-01 6.499999761581420898e-02
4.499549567699432373e-01 -1.845015138387680054e-01 6.499999761581420898e-02
4.493044316768646240e-01 -1.839683949947357178e-01 6.499999761581420898e-02
4.486539363861083984e-01 -1.834352761507034302e-01 6.499999761581420898e-02
4.480034410953521729e-01 -1.829021573066711426e-01 6.499999761581420898e-02
4.473529160022735596e-01 -1.823690384626388550e-01 6.499999761581420898e-02
4.467024207115173340e-01 -1.818359345197677612e-01 6.499999761581420898e-02
4.460519254207611084e-01 -1.813028156757354736e-01 6.499999761581420898e-02
4.454014301300048828e-01 -1.807696968317031860e-01 6.499999761581420898e-02
4.447509050369262695e-01 -1.802365779876708984e-01 6.499999761581420898e-02
4.441217482089996338e-01 -1.796753108501434326e-01 6.499999761581420898e-02
4.435155689716339111e-01 -1.790836751461029053e-01 6.499999761581420898e-02
4.429094195365905762e-01 -1.784920096397399902e-01 6.499999761581420898e-02
4.423032402992248535e-01 -1.779003590345382690e-01 6.499999761581420898e-02
4.416970610618591309e-01 -1.773087084293365479e-01 6.499999761581420898e-02
4.410909116268157959e-01 -1.767170578241348267e-01 6.499999761581420898e-02
4.404847323894500732e-01 -1.761254221200942993e-01 6.499999761581420898e-02
4.398785829544067383e-01 -1.755337566137313843e-01 6.499999761581420898e-02
4.392724037170410156e-01 -1.749421060085296631e-01 6.499999761581420898e-02
4.386662244796752930e-01 -1.743504554033279419e-01 6.499999761581420898e-02
4.380600750446319580e-01 -1.737588047981262207e-01 6.499999761581420898e-02
4.376544058322906494e-01 -1.729768067598342896e-01 6.499999761581420898e-02
4.372905790805816650e-01 -1.721550822257995605e-01 6.499999761581420898e-02
4.369267523288726807e-01 -1.713333576917648315e-01 6.499999761581420898e-02
4.365629255771636963e-01 -1.705116331577301025e-01 6.499999761581420898e-02
4.361990988254547119e-01 -1.696898937225341797e-01 6.499999761581420898e-02
4.358352720737457275e-01 -1.688681840896606445e-01 6.499999761581420898e-02
4.354714453220367432e-01 -1.680464595556259155e-01 6.499999761581420898e-02
4.351076185703277588e-01 -1.672247350215911865e-01 6.499999761581420898e-02
4.347437918186187744e-01 -1.664029955863952637e-01 6.499999761581420898e-02
4.343799650669097900e-01 -1.655812710523605347e-01 6.499999761581420898e-02
4.340161383152008057e-01 -1.647595614194869995e-01 6.499999761581420898e-02
4.336586296558380127e-01 -1.639327704906463623e-01 6.499999761581420898e-02
4.333592057228088379e-01 -1.630595773458480835e-01 6.499999761581420898e-02
4.330597519874572754e-01 -1.621863991022109985e-01 6.499999761581420898e-02
4.327603280544281006e-01 -1.613132059574127197e-01 6.499999761581420898e-02
4.324609041213989258e-01 -1.604400426149368286e-01 6.499999761581420898e-02
4.321614503860473633e-01 -1.595668494701385498e-01 6.499999761581420898e-02
4.318620264530181885e-01 -1.586936712265014648e-01 6.499999761581420898e-02
4.315625727176666260e-01 -1.578204929828643799e-01 6.499999761581420898e-02
4.312631487846374512e-01 -1.569472998380661011e-01 6.499999761581420898e-02
4.309636950492858887e-01 -1.560741364955902100e-01 6.499999761581420898e-02
4.306642711162567139e-01 -1.552009433507919312e-01 6.499999761581420898e-02
4.303648173809051514e-01 -1.543277651071548462e-01 6.499999761581420898e-02
4.300746321678161621e-01 -1.534499228000640869e-01 6.499999761581420898e-02
4.298540651798248291e-01 -1.525370478630065918e-01 6.499999761581420898e-02
4.296334981918334961e-01 -1.516241878271102905e-01 6.499999761581420898e-02
4.294129610061645508e-01 -1.507113128900527954e-01 6.499999761581420898e-02
4.291923940181732178e-01 -1.497984379529953003e-01 6.499999761581420898e-02
4.289718270301818848e-01 -1.488855481147766113e-01 6.499999761581420898e-02
4.287512898445129395e-01 -1.479726731777191162e-01 6.499999761581420898e-02
4.285307228565216064e-01 -1.470598131418228149e-01 6.499999761581420898e-02
4.283101856708526611e-01 -1.461469382047653198e-01 6.499999761581420898e-02
4.280896186828613281e-01 -1.452340632677078247e-01 6.499999761581420898e-02
4.278690516948699951e-01 -1.443211734294891357e-01 6.499999761581420898e-02
4.276485145092010498e-01 -1.434082984924316406e-01 6.499999761581420898e-02
4.274279475212097168e-01 -1.424954384565353394e-01 6.499999761581420898e-02
4.272923171520233154e-01 -1.415604054927825928e-01 6.499999761581420898e-02
4.271601438522338867e-01 -1.406244635581970215e-01 6.499999761581420898e-02
4.270279705524444580e-01 -1.396885365247726440e-01 6.499999761581420898e-02
4.268957674503326416e-01 -1.387525945901870728e-01 6.499999761581420898e-02
4.267635941505432129e-01 -1.378166824579238892e-01 6.499999761581420898e-02
4.266314208507537842e-01 -1.368807405233383179e-01 6.499999761581420898e-02
4.264992177486419678e-01 -1.359448134899139404e-01 6.499999761581420898e-02
4.263670444488525391e-01 -1.350088715553283691e-01 6.499999761581420898e-02
4.262348711490631104e-01 -1.340729445219039917e-01 6.499999761581420898e-02
4.261026680469512939e-01 -1.331370174884796143e-01 6.499999761581420898e-02
4.259704947471618652e-01 -1.322010904550552368e-01 6.499999761581420898e-02
4.258383214473724365e-01 -1.312651485204696655e-01 6.499999761581420898e-02
4.257735908031463623e-01 -1.303263902664184570e-01 6.499999761581420898e-02
4.257333278656005859e-01 -1.293866038322448730e-01 6.499999761581420898e-02
4.256930351257324219e-01 -1.284468322992324829e-01 6.499999761581420898e-02
4.256527721881866455e-01 -1.275070458650588989e-01 6.499999761581420898e-02
4.256124794483184814e-01 -1.265672594308853149e-01 6.499999761581420898e-02
4.255722165107727051e-01 -1.256274729967117310e-01 6.499999761581420898e-02
4.255319237709045410e-01 -1.246876865625381470e-01 6.499999761581420898e-02
4.254916608333587646e-01 -1.237479150295257568e-01 6.499999761581420898e-02
4.254513680934906006e-01 -1.228081285953521729e-01 6.499999761581420898e-02
4.254111051559448242e-01 -1.218683421611785889e-01 6.499999761581420898e-02
4.253708124160766602e-01 -1.209285557270050049e-01 6.499999761581420898e-02
4.253305494785308838e-01 -1.199887692928314209e-01 6.499999761581420898e-02
4.253211319446563721e-01 -1.190829873085021973e-01 6.499999761581420898e-02
4.253368377685546875e-01 -1.182048916816711426e-01 6.499999761581420898e-02
4.253525733947753906e-01 -1.173267960548400879e-01 6.499999761581420898e-02
4.253682792186737061e-01 -1.164487078785896301e-01 6.499999761581420898e-02
4.253840148448944092e-01 -1.155706122517585754e-01 6.499999761581420898e-02
4.253997206687927246e-01 -1.146925389766693115e-01 6.499999761581420898e-02
4.254154562950134277e-01 -1.138144433498382568e-01 6.499999761581420898e-02
4.254311621189117432e-01 -1.129363477230072021e-01 6.499999761581420898e-02
4.254468679428100586e-01 -1.120582520961761475e-01 6.499999761581420898e-02
4.254626035690307617e-01 -1.111801639199256897e-01 6.499999761581420898e-02
4.254783093929290771e-01 -1.103020831942558289e-01 6.499999761581420898e-02
4.255424141883850098e-01 -1.094392389059066772e-01 6.499999761581420898e-02
4.256196022033691406e-01 -1.085805222392082214e-01 6.499999761581420898e-02
4.256968200206756592e-01 -1.077218130230903625e-01 6.499999761581420898e-02
4.257740080356597900e-01 -1.068630963563919067e-01 6.499999761581420898e-02
4.258512258529663086e-01 -1.060044020414352417e-01 6.499999761581420898e-02
4.259284138679504395e-01 -1.051456853747367859e-01 6.499999761581420898e-02
4.260056316852569580e-01 -1.042869761586189270e-01 6.499999761581420898e-02
4.260828197002410889e-01 -1.034282594919204712e-01 6.499999761581420898e-02
4.261600077152252197e-01 -1.025695502758026123e-01 6.499999761581420898e-02
4.262372255325317383e-01 -1.017108559608459473e-01 6.499999761581420898e-02
4.263240396976470947e-01 -1.008570566773414612e-01 6.499999761581420898e-02
4.264532029628753662e-01 -1.000249534845352173e-01 6.499999761581420898e-02
4.265823960304260254e-01 -9.919285029172897339e-02 6.499999761581420898e-02
4.267115890979766846e-01 -9.836074709892272949e-02 6.499999761581420898e-02
4.268407523632049561e-01 -9.752865880727767944e-02 6.499999761581420898e-02
4.269699454307556152e-01 -9.669655561447143555e-02 6.499999761581420898e-02
4.270991384983062744e-01 -9.586445242166519165e-02 6.499999761581420898e-02
4.272283315658569336e-01 -9.503234922885894775e-02 6.499999761581420898e-02
4.273574948310852051e-01 -9.420024603605270386e-02 6.499999761581420898e-02
4.274866878986358643e-01 -9.336815774440765381e-02 6.499999761581420898e-02
4.276158809661865234e-01 -9.253605455160140991e-02 6.499999761581420898e-02
4.277759790420532227e-01 -9.172798693180084229e-02 6.499999761581420898e-02
4.279447793960571289e-01 -9.092667698860168457e-02 6.499999761581420898e-02
4.281135797500610352e-01 -9.012536704540252686e-02 6.499999761581420898e-02
4.282823503017425537e-01 -8.932407200336456299e-02 6.499999761581420898e-02
4.284511506557464600e-01 -8.852276206016540527e-02 6.499999761581420898e-02
4.286199510097503662e-01 -8.772143721580505371e-02 6.499999761581420898e-02
4.287887513637542725e-01 -8.692014217376708984e-02 6.499999761581420898e-02
4.289575219154357910e-01 -8.611884713172912598e-02 6.499999761581420898e-02
4.291263222694396973e-01 -8.531751483678817749e-02 6.499999761581420898e-02
4.292951226234436035e-01 -8.451621979475021362e-02 6.499999761581420898e-02
4.294777810573577881e-01 -8.373355865478515625e-02 6.499999761581420898e-02
4.296695590019226074e-01 -8.296322822570800781e-02 6.499999761581420898e-02
4.298613667488098145e-01 -8.219290524721145630e-02 6.499999761581420898e-02
4.300531446933746338e-01 -8.142255246639251709e-02 6.499999761581420898e-02
4.302449524402618408e-01 -8.065222203731536865e-02 6.499999761581420898e-02
4.304367303848266602e-01 -7.988186925649642944e-02 6.499999761581420898e-02
4.306285381317138672e-01 -7.911153882741928101e-02 6.499999761581420898e-02
4.308203160762786865e-01 -7.834121584892272949e-02 6.499999761581420898e-02
4.310121238231658936e-01 -7.757086306810379028e-02 6.499999761581420898e-02
4.312039017677307129e-01 -7.680053263902664185e-02 6.499999761581420898e-02
4.313948154449462891e-01 -7.604745030403137207e-02 6.499999761581420898e-02
4.315853118896484375e-01 -7.530245184898376465e-02 6.499999761581420898e-02
4.317758083343505859e-01 -7.455745339393615723e-02 6.499999761581420898e-02
4.319663047790527344e-01 -7.381242513656616211e-02 6.499999761581420898e-02
4.321568012237548828e-01 -7.306742668151855469e-02 6.499999761581420898e-02
4.323472976684570312e-01 -7.232239842414855957e-02 6.499999761581420898e-02
4.325377941131591797e-01 -7.157739996910095215e-02 6.499999761581420898e-02
4.327282905578613281e-01 -7.083240151405334473e-02 6.499999761581420898e-02
4.329187870025634766e-01 -7.008737325668334961e-02 6.499999761581420898e-02
4.331057667732238770e-01 -6.934303790330886841e-02 6.499999761581420898e-02
4.332495927810668945e-01 -6.860689073801040649e-02 6.499999761581420898e-02
4.333933889865875244e-01 -6.787076592445373535e-02 6.499999761581420898e-02
4.335372149944305420e-01 -6.713464856147766113e-02 6.499999761581420898e-02
4.336810410022735596e-01 -6.639849394559860229e-02 6.499999761581420898e-02
4.338248372077941895e-01 -6.566237658262252808e-02 6.499999761581420898e-02
4.339686632156372070e-01 -6.492622196674346924e-02 6.499999761581420898e-02
4.341124594211578369e-01 -6.419010460376739502e-02 6.499999761581420898e-02
4.342562854290008545e-01 -6.345397979021072388e-02 6.499999761581420898e-02
4.344000816345214844e-01 -6.271783262491226196e-02 6.499999761581420898e-02
4.348523914813995361e-01 -6.207394599914550781e-02 6.499999761581420898e-02
4.353298544883728027e-01 -6.143755465745925903e-02 6.499999761581420898e-02
4.358073174953460693e-01 -6.080118939280509949e-02 6.499999761581420898e-02
4.362847506999969482e-01 -6.016482412815093994e-02 6.499999761581420898e-02
4.367622435092926025e-01 -5.952843278646469116e-02 6.499999761581420898e-02
4.372396767139434814e-01 -5.889206752181053162e-02 6.499999761581420898e-02
4.377171397209167480e-01 -5.825567618012428284e-02 6.499999761581420898e-02
4.381946027278900146e-01 -5.761931091547012329e-02 6.499999761581420898e-02
4.386720657348632812e-01 -5.698294192552566528e-02 6.499999761581420898e-02
4.391495287418365479e-01 -5.634655430912971497e-02 6.499999761581420898e-02
4.396269917488098145e-01 -5.571018531918525696e-02 6.499999761581420898e-02
4.401044547557830811e-01 -5.507379770278930664e-02 6.499999761581420898e-02
4.404543340206146240e-01 -5.450997874140739441e-02 6.499999761581420898e-02
4.406774342060089111e-01 -5.401824042201042175e-02 6.499999761581420898e-02
4.409005641937255859e-01 -5.352647975087165833e-02 6.499999761581420898e-02
4.411236941814422607e-01 -5.303474143147468567e-02 6.499999761581420898e-02
4.413468241691589355e-01 -5.254298448562622070e-02 6.499999761581420898e-02
4.415699243545532227e-01 -5.205124244093894958e-02 6.499999761581420898e-02
4.417930543422698975e-01 -5.155950412154197693e-02 6.499999761581420898e-02
4.420161843299865723e-01 -5.106774345040321350e-02 6.499999761581420898e-02
4.422392845153808594e-01 -5.057600513100624084e-02 6.499999761581420898e-02
4.424624145030975342e-01 -5.008424445986747742e-02 6.499999761581420898e-02
4.426855444908142090e-01 -4.959250614047050476e-02 6.499999761581420898e-02
4.429086446762084961e-01 -4.910076782107353210e-02 6.499999761581420898e-02
4.433549046516418457e-01 -4.811726883053779602e-02 6.499999761581420898e-02
4.435804486274719238e-01 -4.758518561720848083e-02 6.499999761581420898e-02
4.438060224056243896e-01 -4.705309867858886719e-02 6.499999761581420898e-02
4.440316259860992432e-01 -4.652101546525955200e-02 6.499999761581420898e-02
4.442571997642517090e-01 -4.598892852663993835e-02 6.499999761581420898e-02
4.444828033447265625e-01 -4.545680433511734009e-02 6.499999761581420898e-02
4.447083771228790283e-01 -4.492471739649772644e-02 6.499999761581420898e-02
4.449339509010314941e-01 -4.439263045787811279e-02 6.499999761581420898e-02
4.451595246791839600e-01 -4.386054724454879761e-02 6.499999761581420898e-02
4.453851282596588135e-01 -4.332846030592918396e-02 6.499999761581420898e-02
4.456185996532440186e-01 -4.280347004532814026e-02 6.499999761581420898e-02
4.458565115928649902e-01 -4.228252917528152466e-02 6.499999761581420898e-02
4.460944533348083496e-01 -4.176158830523490906e-02 6.499999761581420898e-02
4.463323652744293213e-01 -4.124065116047859192e-02 6.499999761581420898e-02
4.465702772140502930e-01 -4.071971029043197632e-02 6.499999761581420898e-02
4.468081891536712646e-01 -4.019872844219207764e-02 6.499999761581420898e-02
4.470461010932922363e-01 -3.967778757214546204e-02 6.499999761581420898e-02
4.472840428352355957e-01 -3.915684670209884644e-02 6.499999761581420898e-02
4.475219547748565674e-01 -3.863590955734252930e-02 6.499999761581420898e-02
4.477598667144775391e-01 -3.811496868729591370e-02 6.499999761581420898e-02
4.479977786540985107e-01 -3.759398683905601501e-02 6.499999761581420898e-02
4.482356905937194824e-01 -3.707304596900939941e-02 6.499999761581420898e-02
4.484736323356628418e-01 -3.655210509896278381e-02 6.499999761581420898e-02
4.487115442752838135e-01 -3.603116422891616821e-02 6.499999761581420898e-02
4.489494562149047852e-01 -3.551022708415985107e-02 6.499999761581420898e-02
4.491873681545257568e-01 -3.498924523591995239e-02 6.499999761581420898e-02
4.494253098964691162e-01 -3.446830436587333679e-02 6.499999761581420898e-02
4.497039318084716797e-01 -3.398820385336875916e-02 6.499999761581420898e-02
4.501914680004119873e-01 -3.371755778789520264e-02 6.499999761581420898e-02
4.506790041923522949e-01 -3.344691172242164612e-02 6.499999761581420898e-02
4.511665701866149902e-01 -3.317624330520629883e-02 6.499999761581420898e-02
4.516541063785552979e-01 -3.290559351444244385e-02 6.499999761581420898e-02
4.521416425704956055e-01 -3.263494744896888733e-02 6.499999761581420898e-02
4.526291489601135254e-01 -3.236430138349533081e-02 6.499999761581420898e-02
4.531166851520538330e-01 -3.209365159273147583e-02 6.499999761581420898e-02
4.536042511463165283e-01 -3.182298317551612854e-02 6.499999761581420898e-02
4.540917873382568359e-01 -3.155233711004257202e-02 6.499999761581420898e-02
4.545793235301971436e-01 -3.128168731927871704e-02 6.499999761581420898e-02
4.550668597221374512e-01 -3.101104125380516052e-02 6.499999761581420898e-02
4.555543661117553711e-01 -3.074039332568645477e-02 6.499999761581420898e-02
4.560419321060180664e-01 -3.046972677111625671e-02 6.499999761581420898e-02
4.565294682979583740e-01 -3.019907884299755096e-02 6.499999761581420898e-02
4.570170044898986816e-01 -2.992843091487884521e-02 6.499999761581420898e-02
4.575045406818389893e-01 -2.965778298676013947e-02 6.499999761581420898e-02
4.580097198486328125e-01 -2.939928323030471802e-02 6.499999761581420898e-02
4.585193097591400146e-01 -2.914374507963657379e-02 6.499999761581420898e-02
4.590288400650024414e-01 -2.888822555541992188e-02 6.499999761581420898e-02
4.595383405685424805e-01 -2.863270789384841919e-02 6.499999761581420898e-02
4.600478708744049072e-01 -2.837718836963176727e-02 6.499999761581420898e-02
4.605574011802673340e-01 -2.812166884541511536e-02 6.499999761581420898e-02
4.610669910907745361e-01 -2.786613069474697113e-02 6.499999761581420898e-02
4.615764915943145752e-01 -2.761061117053031921e-02 6.499999761581420898e-02
4.620860219001770020e-01 -2.735509164631366730e-02 6.499999761581420898e-02
4.625955522060394287e-01 -2.709957398474216461e-02 6.499999761581420898e-02
4.631050825119018555e-01 -2.684405446052551270e-02 6.499999761581420898e-02
4.636146426200866699e-01 -2.658851630985736847e-02 6.499999761581420898e-02
4.641241729259490967e-01 -2.633299678564071655e-02 6.499999761581420898e-02
4.646337032318115234e-01 -2.607747726142406464e-02 6.499999761581420898e-02
4.651432335376739502e-01 -2.582195959985256195e-02 6.499999761581420898e-02
4.656527638435363770e-01 -2.556644007563591003e-02 6.499999761581420898e-02
4.661623239517211914e-01 -2.531090192496776581e-02 6.499999761581420898e-02
4.666881561279296875e-01 -2.506537549197673798e-02 6.499999761581420898e-02
4.672166407108306885e-01 -2.482148073613643646e-02 6.499999761581420898e-02
4.677451252937316895e-01 -2.457758784294128418e-02 6.499999761581420898e-02
4.682736098766326904e-01 -2.433369494974613190e-02 6.499999761581420898e-02
4.688021242618560791e-01 -2.408978156745433807e-02 6.499999761581420898e-02
4.693306088447570801e-01 -2.384588867425918579e-02 6.499999761581420898e-02
4.698590934276580811e-01 -2.360199391841888428e-02 6.499999761581420898e-02
4.703875780105590820e-01 -2.335810102522373199e-02 6.499999761581420898e-02
4.709160625934600830e-01 -2.311420813202857971e-02 6.499999761581420898e-02
4.714445769786834717e-01 -2.287029474973678589e-02 6.499999761581420898e-02
4.719730615615844727e-01 -2.262640185654163361e-02 6.499999761581420898e-02
4.725015461444854736e-01 -2.238250896334648132e-02 6.499999761581420898e-02
4.730300307273864746e-01 -2.213861420750617981e-02 6.499999761581420898e-02
4.735585153102874756e-01 -2.189472131431102753e-02 6.499999761581420898e-02
4.740870594978332520e-01 -2.165080979466438293e-02 6.499999761581420898e-02
4.746155142784118652e-01 -2.140691503882408142e-02 6.499999761581420898e-02
4.751439988613128662e-01 -2.116302214562892914e-02 6.499999761581420898e-02
4.756789207458496094e-01 -2.092475257813930511e-02 6.499999761581420898e-02
4.762259423732757568e-01 -2.069712616503238678e-02 6.499999761581420898e-02
4.767730534076690674e-01 -2.046948485076427460e-02 6.499999761581420898e-02
4.773200750350952148e-01 -2.024186030030250549e-02 6.499999761581420898e-02
4.778671264648437500e-01 -2.001423388719558716e-02 6.499999761581420898e-02
4.784141778945922852e-01 -1.978660933673381805e-02 6.499999761581420898e-02
4.789612293243408203e-01 -1.955898478627204895e-02 6.499999761581420898e-02
4.795083105564117432e-01 -1.933134160935878754e-02 6.499999761581420898e-02
4.800553321838378906e-01 -1.910371705889701843e-02 6.499999761581420898e-02
4.806023836135864258e-01 -1.887609250843524933e-02 6.499999761581420898e-02
4.811494350433349609e-01 -1.864846609532833099e-02 6.499999761581420898e-02
4.816964864730834961e-01 -1.842084154486656189e-02 6.499999761581420898e-02
4.822435677051544189e-01 -1.819319836795330048e-02 6.499999761581420898e-02
4.827905893325805664e-01 -1.796557381749153137e-02 6.499999761581420898e-02
4.833376407623291016e-01 -1.773794926702976227e-02 6.499999761581420898e-02
4.838846921920776367e-01 -1.751032471656799316e-02 6.499999761581420898e-02
4.844317436218261719e-01 -1.728269830346107483e-02 6.499999761581420898e-02
4.849788248538970947e-01 -1.705505698919296265e-02 6.499999761581420898e-02
4.855314493179321289e-01 -1.683410629630088806e-02 6.499999761581420898e-02
4.860953390598297119e-01 -1.662658713757991791e-02 6.499999761581420898e-02
4.866591989994049072e-01 -1.641906984150409698e-02 6.499999761581420898e-02
4.872230887413024902e-01 -1.621155068278312683e-02 6.499999761581420898e-02
4.877870082855224609e-01 -1.600401662290096283e-02 6.499999761581420898e-02
4.883508980274200439e-01 -1.579649746417999268e-02 6.499999761581420898e-02
4.889147579669952393e-01 -1.558897923678159714e-02 6.499999761581420898e-02
4.894786477088928223e-01 -1.538146100938320160e-02 6.499999761581420898e-02
4.900425076484680176e-01 -1.517394278198480606e-02 6.499999761581420898e-02
4.906064271926879883e-01 -1.496640779078006744e-02 6.499999761581420898e-02
4.911703169345855713e-01 -1.475888956338167191e-02 6.499999761581420898e-02
4.917342066764831543e-01 -1.455137133598327637e-02 6.499999761581420898e-02
4.922980666160583496e-01 -1.434385217726230621e-02 6.499999761581420898e-02
4.928619563579559326e-01 -1.413633394986391068e-02 6.499999761581420898e-02
4.934258759021759033e-01 -1.392879988998174667e-02 6.499999761581420898e-02
4.939897358417510986e-01 -1.372128166258335114e-02 6.499999761581420898e-02
4.945536255836486816e-01 -1.351376250386238098e-02 6.499999761581420898e-02
4.951175153255462646e-01 -1.330624427646398544e-02 6.499999761581420898e-02
4.956813752651214600e-01 -1.309872604906558990e-02 6.499999761581420898e-02
4.962580800056457520e-01 -1.291206479072570801e-02 6.499999761581420898e-02
4.968359470367431641e-01 -1.272737514227628708e-02 6.499999761581420898e-02
4.974138140678405762e-01 -1.254268456250429153e-02 6.499999761581420898e-02
4.979916810989379883e-01 -1.235799491405487061e-02 6.499999761581420898e-02
4.985695481300354004e-01 -1.217330433428287506e-02 6.499999761581420898e-02
4.991474747657775879e-01 -1.198860071599483490e-02 6.499999761581420898e-02
4.997253417968750000e-01 -1.180391013622283936e-02 6.499999761581420898e-02
5.003032088279724121e-01 -1.161922048777341843e-02 6.499999761581420898e-02
5.008810758590698242e-01 -1.143453083932399750e-02 6.499999761581420898e-02
5.014589428901672363e-01 -1.124984025955200195e-02 6.499999761581420898e-02
5.020368695259094238e-01 -1.106513664126396179e-02 6.499999761581420898e-02
5.026147365570068359e-01 -1.088044606149196625e-02 6.499999761581420898e-02
5.031926035881042480e-01 -1.069575641304254532e-02 6.499999761581420898e-02
5.037704706192016602e-01 -1.051106583327054977e-02 6.499999761581420898e-02
5.043483376502990723e-01 -1.032637618482112885e-02 6.499999761581420898e-02
5.049262046813964844e-01 -1.014167256653308868e-02 6.499999761581420898e-02
5.055040717124938965e-01 -9.956981986761093140e-03 6.499999761581420898e-02
5.060819387435913086e-01 -9.772291406989097595e-03 6.499999761581420898e-02
5.066620111465454102e-01 -9.592853486537933350e-03 6.499999761581420898e-02
5.072503089904785156e-01 -9.432983584702014923e-03 6.499999761581420898e-02
5.078386068344116211e-01 -9.273101575672626495e-03 6.499999761581420898e-02
5.084269046783447266e-01 -9.113231673836708069e-03 6.499999761581420898e-02
5.090152025222778320e-01 -8.953361772000789642e-03 6.499999761581420898e-02
5.096035003662109375e-01 -8.793491870164871216e-03 6.499999761581420898e-02
5.101917386054992676e-01 -8.633622899651527405e-03 6.499999761581420898e-02
5.107800960540771484e-01 -8.473740890622138977e-03 6.499999761581420898e-02
5.113683938980102539e-01 -8.313870988786220551e-03 6.499999761581420898e-02
5.119566321372985840e-01 -8.154001086950302124e-03 6.499999761581420898e-02
5.125449299812316895e-01 -7.994131185114383698e-03 6.499999761581420898e-02
5.131332278251647949e-01 -7.834261283278465271e-03 6.499999761581420898e-02
5.137215256690979004e-01 -7.674379739910364151e-03 6.499999761581420898e-02
5.143098235130310059e-01 -7.514509372413158417e-03 6.499999761581420898e-02
5.148981213569641113e-01 -7.354639936238527298e-03 6.499999761581420898e-02
5.154864192008972168e-01 -7.194770034402608871e-03 6.499999761581420898e-02
5.160746574401855469e-01 -7.034900598227977753e-03 6.499999761581420898e-02
5.166630148887634277e-01 -6.875018589198589325e-03 6.499999761581420898e-02
5.172513127326965332e-01 -6.715148687362670898e-03 6.499999761581420898e-02
5.178413391113281250e-01 -6.561608985066413879e-03 6.499999761581420898e-02
5.184344649314880371e-01 -6.419310346245765686e-03 6.499999761581420898e-02
5.190275907516479492e-01 -6.277012173086404800e-03 6.499999761581420898e-02
5.196207761764526367e-01 -6.134703289717435837e-03 6.499999761581420898e-02
5.202139019966125488e-01 -5.992404650896787643e-03 6.499999761581420898e-02
5.208070278167724609e-01 -5.850106477737426758e-03 6.499999761581420898e-02
5.214001536369323730e-01 -5.707808304578065872e-03 6.499999761581420898e-02
5.219932794570922852e-01 -5.565510131418704987e-03 6.499999761581420898e-02
5.225864648818969727e-01 -5.423200782388448715e-03 6.499999761581420898e-02
5.231795907020568848e-01 -5.280902609229087830e-03 6.499999761581420898e-02
5.237727165222167969e-01 -5.138603970408439636e-03 6.499999761581420898e-02
5.243658423423767090e-01 -4.996305797249078751e-03 6.499999761581420898e-02
5.249589681625366211e-01 -4.854007624089717865e-03 6.499999761581420898e-02
5.255521535873413086e-01 -4.711698275059461594e-03 6.499999761581420898e-02
5.261452794075012207e-01 -4.569400101900100708e-03 6.499999761581420898e-02
5.267384052276611328e-01 -4.427101463079452515e-03 6.499999761581420898e-02
5.273315906524658203e-01 -4.284803755581378937e-03 6.499999761581420898e-02
5.279247164726257324e-01 -4.142505116760730743e-03 6.499999761581420898e-02
5.285178422927856445e-01 -4.000196233391761780e-03 6.499999761581420898e-02
5.291126966476440430e-01 -3.867038059979677200e-03 6.499999761581420898e-02
5.297092199325561523e-01 -3.743468783795833588e-03 6.499999761581420898e-02
5.303058028221130371e-01 -3.619899507611989975e-03 6.499999761581420898e-02
5.309023857116699219e-01 -3.496330231428146362e-03 6.499999761581420898e-02
5.314990282058715820e-01 -3.372751642018556595e-03 6.499999761581420898e-02
5.320955514907836914e-01 -3.249182365834712982e-03 6.499999761581420898e-02
5.326921343803405762e-01 -3.125613089650869370e-03 6.499999761581420898e-02
5.332887172698974609e-01 -3.002043813467025757e-03 6.499999761581420898e-02
5.338853001594543457e-01 -2.878474537283182144e-03 6.499999761581420898e-02
5.344818830490112305e-01 -2.754895947873592377e-03 6.499999761581420898e-02
5.350784659385681152e-01 -2.631326671689748764e-03 6.499999761581420898e-02
5.356750488281250000e-01 -2.507757395505905151e-03 6.499999761581420898e-02
5.362716317176818848e-01 -2.384188119322061539e-03 6.499999761581420898e-02
5.368682146072387695e-01 -2.260618843138217926e-03 6.499999761581420898e-02
5.374647974967956543e-01 -2.137040020897984505e-03 6.499999761581420898e-02
5.380613803863525391e-01 -2.013470511883497238e-03 6.499999761581420898e-02
5.386579632759094238e-01 -1.889901468530297279e-03 6.499999761581420898e-02
5.392545461654663086e-01 -1.766332192346453667e-03 6.499999761581420898e-02
5.398510694503784180e-01 -1.642762916162610054e-03 6.499999761581420898e-02
5.403358936309814453e-01 -1.554669579491019249e-03 6.499999761581420898e-02
5.407560467720031738e-01 -1.487076049670577049e-03 6.499999761581420898e-02
5.411762595176696777e-01 -1.419482519850134850e-03 6.499999761581420898e-02
5.415964126586914062e-01 -1.351889106445014477e-03 6.499999761581420898e-02
5.420165657997131348e-01 -1.284295576624572277e-03 6.499999761581420898e-02
5.424367785453796387e-01 -1.216696924529969692e-03 6.499999761581420898e-02
5.428569912910461426e-01 -1.149103394709527493e-03 6.499999761581420898e-02
5.432771444320678711e-01 -1.081509981304407120e-03 6.499999761581420898e-02
5.436972975730895996e-01 -1.013916451483964920e-03 6.499999761581420898e-02
5.441175103187561035e-01 -9.463229216635227203e-04 6.499999761581420898e-02
5.445376634597778320e-01 -8.787242113612592220e-04 6.499999761581420898e-02
5.449578762054443359e-01 -8.111307397484779358e-04 6.499999761581420898e-02
5.453780293464660645e-01 -7.435371517203748226e-04 6.499999761581420898e-02
5.457982420921325684e-01 -6.759437383152544498e-04 6.499999761581420898e-02
5.462183952331542969e-01 -6.083501502871513367e-04 6.499999761581420898e-02
5.466386079788208008e-01 -5.407514981925487518e-04 6.499999761581420898e-02
5.470587611198425293e-01 -4.731580847874283791e-04 6.499999761581420898e-02
5.474789738655090332e-01 -4.055645549669861794e-04 6.499999761581420898e-02
5.478991270065307617e-01 -3.379710251465439796e-04 6.499999761581420898e-02
5.483192801475524902e-01 -2.703774953261017799e-04 6.499999761581420898e-02
5.487394928932189941e-01 -2.027788432314991951e-04 6.499999761581420898e-02
5.491596460342407227e-01 -1.351854298263788223e-04 6.499999761581420898e-02
5.500000119209289551e-01 0.000000000000000000e+00 6.499999761581420898e-02
