3.780464529991149902e-01 -4.511298239231109619e-01 6.499999761581420898e-02
3.784424960613250732e-01 -4.510164260864257812e-01 6.499999761581420898e-02
3.788385391235351562e-01 -4.509030282497406006e-01 6.499999761581420898e-02
3.792346119880676270e-01 -4.507896304130554199e-01 6.499999761581420898e-02
3.796306550502777100e-01 -4.506762325763702393e-01 6.499999761581420898e-02
3.800266981124877930e-01 -4.505628347396850586e-01 6.499999761581420898e-02
3.804227411746978760e-01 -4.504494369029998779e-01 6.499999761581420898e-02
3.808187842369079590e-01 -4.503360390663146973e-01 6.499999761581420898e-02
3.812148571014404297e-01 -4.502226412296295166e-01 6.499999761581420898e-02
3.816109001636505127e-01 -4.501092433929443359e-01 6.499999761581420898e-02
3.820069432258605957e-01 -4.499958455562591553e-01 6.499999761581420898e-02
3.824029862880706787e-01 -4.498824477195739746e-01 6.499999761581420898e-02
3.827990293502807617e-01 -4.497690498828887939e-01 6.499999761581420898e-02
3.831951022148132324e-01 -4.496556520462036133e-01 6.499999761581420898e-02
3.835911452770233154e-01 -4.495422542095184326e-01 6.499999761581420898e-02
3.839871883392333984e-01 -4.494288563728332520e-01 6.499999761581420898e-02
3.843832314014434814e-01 -4.493154585361480713e-01 6.499999761581420898e-02
3.847792744636535645e-01 -4.492020606994628906e-01 6.499999761581420898e-02
3.851753473281860352e-01 -4.490886628627777100e-01 6.499999761581420898e-02
3.855713903903961182e-01 -4.489752650260925293e-01 6.499999761581420898e-02
3.859674334526062012e-01 -4.488618671894073486e-01 6.499999761581420898e-02
3.863634765148162842e-01 -4.487484693527221680e-01 6.499999761581420898e-02
3.867595493793487549e-01 -4.486350715160369873e-01 6.499999761581420898e-02
3.871555924415588379e-01 -4.485216736793518066e-01 6.499999761581420898e-02
3.877068161964416504e-01 -4.483494460582733154e-01 6.499999761581420898e-02
3.883098065853118896e-01 -4.481575787067413330e-01 6.499999761581420898e-02
3.889128267765045166e-01 -4.479657113552093506e-01 6.499999761581420898e-02
3.895158171653747559e-01 -4.477738738059997559e-01 6.499999761581420898e-02
3.901188075542449951e-01 -4.475820064544677734e-01 6.499999761581420898e-02
3.907217979431152344e-01 -4.473901391029357910e-01 6.499999761581420898e-02
3.913248181343078613e-01 -4.471982717514038086e-01 6.499999761581420898e-02
3.919278085231781006e-01 -4.470064342021942139e-01 6.499999761581420898e-02
3.925307989120483398e-01 -4.468145668506622314e-01 6.499999761581420898e-02
3.931338191032409668e-01 -4.466226994991302490e-01 6.499999761581420898e-02
3.937368094921112061e-01 -4.464308619499206543e-01 6.499999761581420898e-02
3.943397998809814453e-01 -4.462389945983886719e-01 6.499999761581420898e-02
3.949427902698516846e-01 -4.460471272468566895e-01 6.499999761581420898e-02
3.955458104610443115e-01 -4.458552598953247070e-01 6.499999761581420898e-02
3.961488008499145508e-01 -4.456634223461151123e-01 6.499999761581420898e-02
3.967517912387847900e-01 -4.454715549945831299e-01 6.499999761581420898e-02
3.973548114299774170e-01 -4.452796876430511475e-01 6.499999761581420898e-02
3.979578018188476562e-01 -4.450878500938415527e-01 6.499999761581420898e-02
3.985607922077178955e-01 -4.448959827423095703e-01 6.499999761581420898e-02
3.991638123989105225e-01 -4.447041153907775879e-01 6.499999761581420898e-02
3.997668027877807617e-01 -4.445122480392456055e-01 6.499999761581420898e-02
4.003024697303771973e-01 -4.442996382713317871e-01 6.499999761581420898e-02
4.008329510688781738e-01 -4.440853893756866455e-01 6.499999761581420898e-02
4.013634324073791504e-01 -4.438711702823638916e-01 6.499999761581420898e-02
4.018939137458801270e-01 -4.436569213867187500e-01 6.499999761581420898e-02
4.024243950843811035e-01 -4.434427022933959961e-01 6.499999761581420898e-02
4.029548466205596924e-01 -4.432284832000732422e-01 6.499999761581420898e-02
4.034853279590606689e-01 -4.430142343044281006e-01 6.499999761581420898e-02
4.040158092975616455e-01 -4.428000152111053467e-01 6.499999761581420898e-02
4.045462906360626221e-01 -4.425857663154602051e-01 6.499999761581420898e-02
4.050767719745635986e-01 -4.423715472221374512e-01 6.499999761581420898e-02
4.056072235107421875e-01 -4.421572983264923096e-01 6.499999761581420898e-02
4.061377048492431641e-01 -4.419430792331695557e-01 6.499999761581420898e-02
4.066681861877441406e-01 -4.417288303375244141e-01 6.499999761581420898e-02
4.071986675262451172e-01 -4.415146112442016602e-01 6.499999761581420898e-02
4.077291488647460938e-01 -4.413003921508789062e-01 6.499999761581420898e-02
4.082596004009246826e-01 -4.410861432552337646e-01 6.499999761581420898e-02
4.087900817394256592e-01 -4.408719241619110107e-01 6.499999761581420898e-02
4.093320965766906738e-01 -4.406396448612213135e-01 6.499999761581420898e-02
4.098832011222839355e-01 -4.403932094573974609e-01 6.499999761581420898e-02
4.104342758655548096e-01 -4.401467740535736084e-01 6.499999761581420898e-02
4.109853506088256836e-01 -4.399003386497497559e-01 6.499999761581420898e-02
4.115364253520965576e-01 -4.396539032459259033e-01 6.499999761581420898e-02
4.120875000953674316e-01 -4.394074976444244385e-01 6.499999761581420898e-02
4.126386046409606934e-01 -4.391610622406005859e-01 6.499999761581420898e-02
4.131896793842315674e-01 -4.389146268367767334e-01 6.499999761581420898e-02
4.137407541275024414e-01 -4.386681914329528809e-01 6.499999761581420898e-02
4.142918288707733154e-01 -4.384217560291290283e-01 6.499999761581420898e-02
4.148429036140441895e-01 -4.381753504276275635e-01 6.499999761581420898e-02
4.153940081596374512e-01 -4.379289150238037109e-01 6.499999761581420898e-02
4.163046479225158691e-01 -4.374521672725677490e-01 6.499999761581420898e-02
4.172153174877166748e-01 -4.369754195213317871e-01 6.499999761581420898e-02
4.181259572505950928e-01 -4.364986717700958252e-01 6.499999761581420898e-02
4.190366268157958984e-01 -4.360219538211822510e-01 6.499999761581420898e-02
4.199472665786743164e-01 -4.355452060699462891e-01 6.499999761581420898e-02
4.208579659461975098e-01 -4.350684583187103271e-01 6.499999761581420898e-02
4.217602312564849854e-01 -4.348949790000915527e-01 6.499999761581420898e-02
4.226625263690948486e-01 -4.347214698791503906e-01 6.499999761581420898e-02
4.235647916793823242e-01 -4.345479905605316162e-01 6.499999761581420898e-02
4.244670569896697998e-01 -4.343745112419128418e-01 6.499999761581420898e-02
4.253693222999572754e-01 -4.342010319232940674e-01 6.499999761581420898e-02
4.262716174125671387e-01 -4.340275228023529053e-01 6.499999761581420898e-02
4.277076423168182373e-01 -4.337486028671264648e-01 6.499999761581420898e-02
4.291856288909912109e-01 -4.334613680839538574e-01 6.499999761581420898e-02
4.306636154651641846e-01 -4.331741333007812500e-01 6.499999761581420898e-02
4.321416020393371582e-01 -4.328868985176086426e-01 6.499999761581420898e-02
4.336325228214263916e-01 -4.325923621654510498e-01 6.499999761581420898e-02
4.352192580699920654e-01 -4.322435259819030762e-01 6.499999761581420898e-02
4.368059933185577393e-01 -4.318946897983551025e-01 6.499999761581420898e-02
4.383927285671234131e-01 -4.315458834171295166e-01 6.499999761581420898e-02
4.399794638156890869e-01 -4.311970472335815430e-01 6.499999761581420898e-02
4.415666460990905762e-01 -4.308413267135620117e-01 6.499999761581420898e-02
4.431559741497039795e-01 -4.304516911506652832e-01 6.499999761581420898e-02
4.447453022003173828e-01 -4.300620257854461670e-01 6.499999761581420898e-02
4.463346004486083984e-01 -4.296723604202270508e-01 6.499999761581420898e-02
4.479239284992218018e-01 -4.292826950550079346e-01 6.499999761581420898e-02
4.495225250720977783e-01 -4.289024174213409424e-01 6.499999761581420898e-02
4.511854052543640137e-01 -4.285875856876373291e-01 6.499999761581420898e-02
4.528483152389526367e-01 -4.282727241516113281e-01 6.499999761581420898e-02
4.545112252235412598e-01 -4.279578924179077148e-01 6.499999761581420898e-02
4.561741352081298828e-01 -4.276430308818817139e-01 6.499999761581420898e-02
4.578370451927185059e-01 -4.273281991481781006e-01 6.499999761581420898e-02
4.594958126544952393e-01 -4.270209372043609619e-01 6.499999761581420898e-02
4.611525237560272217e-01 -4.267175495624542236e-01 6.499999761581420898e-02
4.628092646598815918e-01 -4.264141619205474854e-01 6.499999761581420898e-02
4.644659757614135742e-01 -4.261107444763183594e-01 6.499999761581420898e-02
4.661226868629455566e-01 -4.258073568344116211e-01 6.499999761581420898e-02
4.677782952785491943e-01 -4.255035817623138428e-01 6.499999761581420898e-02
4.694309532642364502e-01 -4.251987040042877197e-01 6.499999761581420898e-02
4.710836112499237061e-01 -4.248938262462615967e-01 6.499999761581420898e-02
4.727362692356109619e-01 -4.245889484882354736e-01 6.499999761581420898e-02
4.743889570236206055e-01 -4.242840707302093506e-01 6.499999761581420898e-02
4.760416150093078613e-01 -4.239791929721832275e-01 6.499999761581420898e-02
4.776922762393951416e-01 -4.236749708652496338e-01 6.499999761581420898e-02
4.793426990509033203e-01 -4.233708381652832031e-01 6.499999761581420898e-02
4.809931516647338867e-01 -4.230666756629943848e-01 6.499999761581420898e-02
4.826435744762420654e-01 -4.227625429630279541e-01 6.499999761581420898e-02
4.842940270900726318e-01 -4.224583804607391357e-01 6.499999761581420898e-02
4.859644472599029541e-01 -4.221513867378234863e-01 6.499999761581420898e-02
4.876513779163360596e-01 -4.218419790267944336e-01 6.499999761581420898e-02
4.893383085727691650e-01 -4.215326011180877686e-01 6.499999761581420898e-02
4.910252392292022705e-01 -4.212232232093811035e-01 6.499999761581420898e-02
4.927121698856353760e-01 -4.209138453006744385e-01 6.499999761581420898e-02
4.943991005420684814e-01 -4.206044673919677734e-01 6.499999761581420898e-02
4.960865080356597900e-01 -4.202988445758819580e-01 6.499999761581420898e-02
4.977739155292510986e-01 -4.199935197830200195e-01 6.499999761581420898e-02
4.994613528251647949e-01 -4.196882247924804688e-01 6.499999761581420898e-02
5.011487603187561035e-01 -4.193828999996185303e-01 6.499999761581420898e-02
5.028361678123474121e-01 -4.190775752067565918e-01 6.499999761581420898e-02
5.045226812362670898e-01 -4.187664985656738281e-01 6.499999761581420898e-02
5.062071681022644043e-01 -4.184423983097076416e-01 6.499999761581420898e-02
5.078916549682617188e-01 -4.181182682514190674e-01 6.499999761581420898e-02
5.095761418342590332e-01 -4.177941679954528809e-01 6.499999761581420898e-02
5.112605690956115723e-01 -4.174700379371643066e-01 6.499999761581420898e-02
5.129450559616088867e-01 -4.171459078788757324e-01 6.499999761581420898e-02
5.146244764328002930e-01 -4.167958199977874756e-01 6.499999761581420898e-02
5.163015127182006836e-01 -4.164336621761322021e-01 6.499999761581420898e-02
5.179785490036010742e-01 -4.160715341567993164e-01 6.499999761581420898e-02
5.196555852890014648e-01 -4.157093763351440430e-01 6.499999761581420898e-02
5.213326215744018555e-01 -4.153472185134887695e-01 6.499999761581420898e-02
5.230060815811157227e-01 -4.149727523326873779e-01 6.499999761581420898e-02
5.246135592460632324e-01 -4.143738448619842529e-01 6.499999761581420898e-02
5.262210369110107422e-01 -4.137749373912811279e-01 6.499999761581420898e-02
5.278285741806030273e-01 -4.131760299205780029e-01 6.499999761581420898e-02
5.294360518455505371e-01 -4.125771224498748779e-01 6.499999761581420898e-02
5.310435295104980469e-01 -4.119782149791717529e-01 6.499999761581420898e-02
5.326557159423828125e-01 -4.113958477973937988e-01 6.499999761581420898e-02
5.342742204666137695e-01 -4.108356237411499023e-01 6.499999761581420898e-02
5.358926653861999512e-01 -4.102754294872283936e-01 6.499999761581420898e-02
5.375111699104309082e-01 -4.097152054309844971e-01 6.499999761581420898e-02
5.391296148300170898e-01 -4.091549813747406006e-01 6.499999761581420898e-02
5.407480597496032715e-01 -4.085947573184967041e-01 6.499999761581420898e-02
5.423718094825744629e-01 -4.080843627452850342e-01 6.499999761581420898e-02
5.439968109130859375e-01 -4.075867235660552979e-01 6.499999761581420898e-02
5.456218123435974121e-01 -4.070891141891479492e-01 6.499999761581420898e-02
5.472468733787536621e-01 -4.065914750099182129e-01 6.499999761581420898e-02
5.488718748092651367e-01 -4.060938358306884766e-01 6.499999761581420898e-02
5.505052208900451660e-01 -4.057901799678802490e-01 6.499999761581420898e-02
5.521672964096069336e-01 -4.061547517776489258e-01 6.499999761581420898e-02
5.538293123245239258e-01 -4.065193533897399902e-01 6.499999761581420898e-02
5.554913878440856934e-01 -4.068839251995086670e-01 6.499999761581420898e-02
5.571534037590026855e-01 -4.072484970092773438e-01 6.499999761581420898e-02
5.588154792785644531e-01 -4.076130688190460205e-01 6.499999761581420898e-02
5.604815483093261719e-01 -4.079814255237579346e-01 6.499999761581420898e-02
5.621496438980102539e-01 -4.083516001701354980e-01 6.499999761581420898e-02
5.638176798820495605e-01 -4.087217450141906738e-01 6.499999761581420898e-02
5.654857754707336426e-01 -4.090918898582458496e-01 6.499999761581420898e-02
5.671538114547729492e-01 -4.094620347023010254e-01 6.499999761581420898e-02
5.688211917877197266e-01 -4.098296165466308594e-01 6.499999761581420898e-02
5.704805254936218262e-01 -4.101674854755401611e-01 6.499999761581420898e-02
5.721398591995239258e-01 -4.105053544044494629e-01 6.499999761581420898e-02
5.737991929054260254e-01 -4.108432233333587646e-01 6.499999761581420898e-02
5.754585266113281250e-01 -4.111810922622680664e-01 6.499999761581420898e-02
5.771178603172302246e-01 -4.115189611911773682e-01 6.499999761581420898e-02
5.787631273269653320e-01 -4.118366539478302002e-01 6.499999761581420898e-02
5.803972482681274414e-01 -4.121383726596832275e-01 6.499999761581420898e-02
5.820314288139343262e-01 -4.124400913715362549e-01 6.499999761581420898e-02
5.836655497550964355e-01 -4.127417802810668945e-01 6.499999761581420898e-02
5.852996706962585449e-01 -4.130434989929199219e-01 6.499999761581420898e-02
5.869720578193664551e-01 -4.132845699787139893e-01 6.499999761581420898e-02
5.887752175331115723e-01 -4.133181571960449219e-01 6.499999761581420898e-02
5.905784368515014648e-01 -4.133517444133758545e-01 6.499999761581420898e-02
5.923815965652465820e-01 -4.133853316307067871e-01 6.499999761581420898e-02
5.941848158836364746e-01 -4.134189486503601074e-01 6.499999761581420898e-02
5.959879755973815918e-01 -4.134525358676910400e-01 6.499999761581420898e-02
5.977911949157714844e-01 -4.134861230850219727e-01 6.499999761581420898e-02
5.995492935180664062e-01 -4.134753048419952393e-01 6.499999761581420898e-02
6.012925505638122559e-01 -4.134498834609985352e-01 6.499999761581420898e-02
6.030358672142028809e-01 -4.134244620800018311e-01 6.499999761581420898e-02
6.047791242599487305e-01 -4.133990406990051270e-01 6.499999761581420898e-02
6.065223813056945801e-01 -4.133736193180084229e-01 6.499999761581420898e-02
6.082656979560852051e-01 -4.133481979370117188e-01 6.499999761581420898e-02
6.099758148193359375e-01 -4.132981300354003906e-01 6.499999761581420898e-02
6.116589307785034180e-01 -4.132279455661773682e-01 6.499999761581420898e-02
6.133421063423156738e-01 -4.131577908992767334e-01 6.499999761581420898e-02
6.150252223014831543e-01 -4.130876064300537109e-01 6.499999761581420898e-02
6.167083978652954102e-01 -4.130174517631530762e-01 6.499999761581420898e-02
6.183915138244628906e-01 -4.129472970962524414e-01 6.499999761581420898e-02
6.200389862060546875e-01 -4.127478897571563721e-01 6.499999761581420898e-02
6.216623187065124512e-01 -4.124614000320434570e-01 6.499999761581420898e-02
6.232857108116149902e-01 -4.121749401092529297e-01 6.499999761581420898e-02
6.249090433120727539e-01 -4.118884801864624023e-01 6.499999761581420898e-02
6.265324354171752930e-01 -4.116020202636718750e-01 6.499999761581420898e-02
6.281558275222778320e-01 -4.113155305385589600e-01 6.499999761581420898e-02
6.285492181777954102e-01 -4.101288020610809326e-01 6.499999761581420898e-02
6.283831596374511719e-01 -4.085325598716735840e-01 6.499999761581420898e-02
6.282171010971069336e-01 -4.069363176822662354e-01 6.499999761581420898e-02
6.280510425567626953e-01 -4.053400754928588867e-01 6.499999761581420898e-02
6.278849840164184570e-01 -4.037438333034515381e-01 6.499999761581420898e-02
6.277762055397033691e-01 -4.021475315093994141e-01 6.499999761581420898e-02
6.277281641960144043e-01 -4.005512297153472900e-01 6.499999761581420898e-02
6.276801824569702148e-01 -3.989548683166503906e-01 6.499999761581420898e-02
6.276321411132812500e-01 -3.973585665225982666e-01 6.499999761581420898e-02
6.275840997695922852e-01 -3.957622349262237549e-01 6.499999761581420898e-02
6.275455951690673828e-01 -3.941518366336822510e-01 6.499999761581420898e-02
6.275280714035034180e-01 -3.925103545188903809e-01 6.499999761581420898e-02
6.275106072425842285e-01 -3.908688426017761230e-01 6.499999761581420898e-02
6.274931430816650391e-01 -3.892273604869842529e-01 6.499999761581420898e-02
6.274756193161010742e-01 -3.875858485698699951e-01 6.499999761581420898e-02
6.274581551551818848e-01 -3.859443366527557373e-01 6.499999761581420898e-02
6.274304389953613281e-01 -3.842594921588897705e-01 6.499999761581420898e-02
6.274011135101318359e-01 -3.825676441192626953e-01 6.499999761581420898e-02
6.273717880249023438e-01 -3.808758258819580078e-01 6.499999761581420898e-02
6.273424029350280762e-01 -3.791839778423309326e-01 6.499999761581420898e-02
6.273130774497985840e-01 -3.774921298027038574e-01 6.499999761581420898e-02
6.272802948951721191e-01 -3.757927119731903076e-01 6.499999761581420898e-02
6.272268295288085938e-01 -3.740476667881011963e-01 6.499999761581420898e-02
6.271733045578002930e-01 -3.723025918006896973e-01 6.499999761581420898e-02
6.271197795867919922e-01 -3.705575466156005859e-01 6.499999761581420898e-02
6.270663142204284668e-01 -3.688124716281890869e-01 6.499999761581420898e-02
6.270127892494201660e-01 -3.670674264430999756e-01 6.499999761581420898e-02
6.269828677177429199e-01 -3.653292655944824219e-01 6.499999761581420898e-02
6.270866394042968750e-01 -3.636302053928375244e-01 6.499999761581420898e-02
6.271903514862060547e-01 -3.619311451911926270e-01 6.499999761581420898e-02
6.272941231727600098e-01 -3.602320849895477295e-01 6.499999761581420898e-02
6.273978352546691895e-01 -3.585330247879028320e-01 6.499999761581420898e-02
6.275016069412231445e-01 -3.568339645862579346e-01 6.499999761581420898e-02
6.275735497474670410e-01 -3.551211357116699219e-01 6.499999761581420898e-02
6.276171207427978516e-01 -3.533960580825805664e-01 6.499999761581420898e-02
6.276606917381286621e-01 -3.516710102558135986e-01 6.499999761581420898e-02
6.277043223381042480e-01 -3.499459624290466309e-01 6.499999761581420898e-02
6.277478933334350586e-01 -3.482208847999572754e-01 6.499999761581420898e-02
6.277914643287658691e-01 -3.464958071708679199e-01 6.499999761581420898e-02
6.277978420257568359e-01 -3.447547256946563721e-01 6.499999761581420898e-02
6.277937293052673340e-01 -3.430091440677642822e-01 6.499999761581420898e-02
6.277896165847778320e-01 -3.412635326385498047e-01 6.499999761581420898e-02
6.277855038642883301e-01 -3.395179510116577148e-01 6.499999761581420898e-02
6.277813911437988281e-01 -3.377723395824432373e-01 6.499999761581420898e-02
6.277772784233093262e-01 -3.360267281532287598e-01 6.499999761581420898e-02
6.277144551277160645e-01 -3.342715501785278320e-01 6.499999761581420898e-02
6.276463270187377930e-01 -3.325154185295104980e-01 6.499999761581420898e-02
6.275781989097595215e-01 -3.307593166828155518e-01 6.499999761581420898e-02
6.275100708007812500e-01 -3.290032148361206055e-01 6.499999761581420898e-02
6.274419426918029785e-01 -3.272471129894256592e-01 6.499999761581420898e-02
6.273738145828247070e-01 -3.254910409450531006e-01 6.499999761581420898e-02
6.272890567779541016e-01 -3.237701356410980225e-01 6.499999761581420898e-02
6.272040605545043945e-01 -3.220497071743011475e-01 6.499999761581420898e-02
6.271190643310546875e-01 -3.203292787075042725e-01 6.499999761581420898e-02
6.270340681076049805e-01 -3.186088502407073975e-01 6.499999761581420898e-02
6.269491314888000488e-01 -3.168884515762329102e-01 6.499999761581420898e-02
6.268615722656250000e-01 -3.151673376560211182e-01 6.499999761581420898e-02
6.267682909965515137e-01 -3.134446740150451660e-01 6.499999761581420898e-02
6.266750693321228027e-01 -3.117220103740692139e-01 6.499999761581420898e-02
6.265818476676940918e-01 -3.099993467330932617e-01 6.499999761581420898e-02
6.264886260032653809e-01 -3.082767128944396973e-01 6.499999761581420898e-02
6.263954043388366699e-01 -3.065540492534637451e-01 6.499999761581420898e-02
6.262794733047485352e-01 -3.048318922519683838e-01 6.499999761581420898e-02
6.261494755744934082e-01 -3.031100332736968994e-01 6.499999761581420898e-02
6.260194182395935059e-01 -3.013882040977478027e-01 6.499999761581420898e-02
6.258894205093383789e-01 -2.996664047241210938e-01 6.499999761581420898e-02
6.257594227790832520e-01 -2.979445755481719971e-01 6.499999761581420898e-02
6.256293654441833496e-01 -2.962227463722229004e-01 6.499999761581420898e-02
6.254421472549438477e-01 -2.945088446140289307e-01 6.499999761581420898e-02
6.252492070198059082e-01 -2.927957773208618164e-01 6.499999761581420898e-02
6.250562071800231934e-01 -2.910827398300170898e-01 6.499999761581420898e-02
6.248632669448852539e-01 -2.893696427345275879e-01 6.499999761581420898e-02
6.246702671051025391e-01 -2.876565754413604736e-01 6.499999761581420898e-02
6.245153546333312988e-01 -2.859457731246948242e-01 6.499999761581420898e-02
6.245040893554687500e-01 -2.842436134815216064e-01 6.499999761581420898e-02
6.244928836822509766e-01 -2.825414538383483887e-01 6.499999761581420898e-02
6.244816780090332031e-01 -2.808392643928527832e-01 6.499999761581420898e-02
6.244704723358154297e-01 -2.791370749473571777e-01 6.499999761581420898e-02
6.244592666625976562e-01 -2.774348855018615723e-01 6.499999761581420898e-02
6.244174838066101074e-01 -2.757504582405090332e-01 6.499999761581420898e-02
6.243590116500854492e-01 -2.740757465362548828e-01 6.499999761581420898e-02
6.243005990982055664e-01 -2.724010050296783447e-01 6.499999761581420898e-02
6.242421269416809082e-01 -2.707262635231018066e-01 6.499999761581420898e-02
6.241836547851562500e-01 -2.690515220165252686e-01 6.499999761581420898e-02
6.241165399551391602e-01 -2.673835158348083496e-01 6.499999761581420898e-02
6.240187287330627441e-01 -2.657395005226135254e-01 6.499999761581420898e-02
6.239209175109863281e-01 -2.640954554080963135e-01 6.499999761581420898e-02
6.238231658935546875e-01 -2.624514102935791016e-01 6.499999761581420898e-02
6.237253546714782715e-01 -2.608073651790618896e-01 6.499999761581420898e-02
6.236275434494018555e-01 -2.591633200645446777e-01 6.499999761581420898e-02
6.235011816024780273e-01 -2.575495839118957520e-01 6.499999761581420898e-02
6.233729720115661621e-01 -2.559377849102020264e-01 6.499999761581420898e-02
6.232447624206542969e-01 -2.543259561061859131e-01 6.499999761581420898e-02
6.231165528297424316e-01 -2.527141571044921875e-01 6.499999761581420898e-02
6.229883432388305664e-01 -2.511023283004760742e-01 6.499999761581420898e-02
6.221725344657897949e-01 -2.497422546148300171e-01 6.499999761581420898e-02
6.211982369422912598e-01 -2.484401613473892212e-01 6.499999761581420898e-02
6.202239394187927246e-01 -2.471380680799484253e-01 6.499999761581420898e-02
6.192496418952941895e-01 -2.458359897136688232e-01 6.499999761581420898e-02
6.182753443717956543e-01 -2.445338964462280273e-01 6.499999761581420898e-02
6.172713637351989746e-01 -2.432541698217391968e-01 6.499999761581420898e-02
6.162390708923339844e-01 -2.419957369565963745e-01 6.499999761581420898e-02
6.152067780494689941e-01 -2.407373189926147461e-01 6.499999761581420898e-02
6.141745448112487793e-01 -2.394789010286331177e-01 6.499999761581420898e-02
6.131422519683837891e-01 -2.382204681634902954e-01 6.499999761581420898e-02
6.120994687080383301e-01 -2.369720190763473511e-01 6.499999761581420898e-02
6.110145449638366699e-01 -2.357636094093322754e-01 6.499999761581420898e-02
6.099295616149902344e-01 -2.345551997423171997e-01 6.499999761581420898e-02
6.094624400138854980e-01 -2.346775382757186890e-01 6.499999761581420898e-02
6.089953184127807617e-01 -2.347998768091201782e-01 6.499999761581420898e-02
6.085281968116760254e-01 -2.349222153425216675e-01 6.499999761581420898e-02
6.080610752105712891e-01 -2.350445538759231567e-01 6.499999761581420898e-02
6.075939536094665527e-01 -2.351668924093246460e-01 6.499999761581420898e-02
6.071268320083618164e-01 -2.352892458438873291e-01 6.499999761581420898e-02
6.066596508026123047e-01 -2.354115843772888184e-01 6.499999761581420898e-02
6.061925292015075684e-01 -2.355339229106903076e-01 6.499999761581420898e-02
6.057254076004028320e-01 -2.356562614440917969e-01 6.499999761581420898e-02
6.052361130714416504e-01 -2.358039915561676025e-01 6.499999761581420898e-02
6.047448515892028809e-01 -2.359539270401000977e-01 6.499999761581420898e-02
6.042535901069641113e-01 -2.361038625240325928e-01 6.499999761581420898e-02
6.037623286247253418e-01 -2.362537831068038940e-01 6.499999761581420898e-02
6.034817695617675781e-01 -2.361207902431488037e-01 6.499999761581420898e-02
6.032011508941650391e-01 -2.359877824783325195e-01 6.499999761581420898e-02
6.029205918312072754e-01 -2.358547896146774292e-01 6.499999761581420898e-02
6.026400327682495117e-01 -2.357217967510223389e-01 6.499999761581420898e-02
6.023594141006469727e-01 -2.355887889862060547e-01 6.499999761581420898e-02
6.020788550376892090e-01 -2.354557961225509644e-01 6.499999761581420898e-02
6.017982363700866699e-01 -2.353228032588958740e-01 6.499999761581420898e-02
6.014727950096130371e-01 -2.352589964866638184e-01 6.499999761581420898e-02
6.011474132537841797e-01 -2.351952046155929565e-01 6.499999761581420898e-02
6.008219718933105469e-01 -2.351313978433609009e-01 6.499999761581420898e-02
6.004965901374816895e-01 -2.350675910711288452e-01 6.499999761581420898e-02
6.001711487770080566e-01 -2.350037842988967896e-01 6.499999761581420898e-02
5.998457670211791992e-01 -2.349399924278259277e-01 6.499999761581420898e-02
5.995203256607055664e-01 -2.348761856555938721e-01 6.499999761581420898e-02
5.991949439048767090e-01 -2.348123788833618164e-01 6.499999761581420898e-02
5.988695025444030762e-01 -2.347485870122909546e-01 6.499999761581420898e-02
5.985438227653503418e-01 -2.346861511468887329e-01 6.499999761581420898e-02
5.982179045677185059e-01 -2.346251308917999268e-01 6.499999761581420898e-02
5.978919863700866699e-01 -2.345640957355499268e-01 6.499999761581420898e-02
5.975660681724548340e-01 -2.345030754804611206e-01 6.499999761581420898e-02
5.972401499748229980e-01 -2.344420403242111206e-01 6.499999761581420898e-02
5.969142317771911621e-01 -2.343810200691223145e-01 6.499999761581420898e-02
5.965883135795593262e-01 -2.343199849128723145e-01 6.499999761581420898e-02
5.962622761726379395e-01 -2.342593669891357422e-01 6.499999761581420898e-02
5.959261655807495117e-01 -2.342216223478317261e-01 6.499999761581420898e-02
5.955900549888610840e-01 -2.341838926076889038e-01 6.499999761581420898e-02
5.952540040016174316e-01 -2.341461479663848877e-01 6.499999761581420898e-02
5.949178934097290039e-01 -2.341084182262420654e-01 6.499999761581420898e-02
5.945817828178405762e-01 -2.340706735849380493e-01 6.499999761581420898e-02
5.942457318305969238e-01 -2.340329438447952271e-01 6.499999761581420898e-02
5.939096212387084961e-01 -2.339951992034912109e-01 6.499999761581420898e-02
5.935735106468200684e-01 -2.339574694633483887e-01 6.499999761581420898e-02
5.932674407958984375e-01 -2.339144945144653320e-01 6.499999761581420898e-02
5.930016040802001953e-01 -2.338644862174987793e-01 6.499999761581420898e-02
5.927358269691467285e-01 -2.338144928216934204e-01 6.499999761581420898e-02
5.924700498580932617e-01 -2.337644845247268677e-01 6.499999761581420898e-02
5.922042131423950195e-01 -2.337144762277603149e-01 6.499999761581420898e-02
5.919384360313415527e-01 -2.336644828319549561e-01 6.499999761581420898e-02
5.916725993156433105e-01 -2.336144745349884033e-01 6.499999761581420898e-02
5.914068222045898438e-01 -2.335644662380218506e-01 6.499999761581420898e-02
5.911721587181091309e-01 -2.334811985492706299e-01 6.499999761581420898e-02
5.910739302635192871e-01 -2.332524508237838745e-01 6.499999761581420898e-02
5.909756422042846680e-01 -2.330237030982971191e-01 6.499999761581420898e-02
5.908774137496948242e-01 -2.327949404716491699e-01 6.499999761581420898e-02
5.907791256904602051e-01 -2.325661927461624146e-01 6.499999761581420898e-02
5.906808972358703613e-01 -2.323374450206756592e-01 6.499999761581420898e-02
5.905826091766357422e-01 -2.321086823940277100e-01 6.499999761581420898e-02
5.904843807220458984e-01 -2.318799346685409546e-01 6.499999761581420898e-02
5.903303623199462891e-01 -2.315394878387451172e-01 6.499999761581420898e-02
5.901008248329162598e-01 -2.310475558042526245e-01 6.499999761581420898e-02
5.898712277412414551e-01 -2.305556237697601318e-01 6.499999761581420898e-02
5.896416306495666504e-01 -2.300636917352676392e-01 6.499999761581420898e-02
5.894120931625366211e-01 -2.295717597007751465e-01 6.499999761581420898e-02
5.891824960708618164e-01 -2.290798276662826538e-01 6.499999761581420898e-02
5.889528989791870117e-01 -2.285878956317901611e-01 6.499999761581420898e-02
5.887379050254821777e-01 -2.280877977609634399e-01 6.499999761581420898e-02
5.888972878456115723e-01 -2.273783087730407715e-01 6.499999761581420898e-02
5.890566706657409668e-01 -2.266688048839569092e-01 6.499999761581420898e-02
5.892160534858703613e-01 -2.259593009948730469e-01 6.499999761581420898e-02
5.893753767013549805e-01 -2.252498120069503784e-01 6.499999761581420898e-02
5.895347595214843750e-01 -2.245403081178665161e-01 6.499999761581420898e-02
5.896941423416137695e-01 -2.238308042287826538e-01 6.499999761581420898e-02
5.898535251617431641e-01 -2.231213152408599854e-01 6.499999761581420898e-02
5.900129079818725586e-01 -2.224118113517761230e-01 6.499999761581420898e-02
5.901722311973571777e-01 -2.217023074626922607e-01 6.499999761581420898e-02
5.903316140174865723e-01 -2.209928184747695923e-01 6.499999761581420898e-02
5.904909968376159668e-01 -2.202833145856857300e-01 6.499999761581420898e-02
5.906503796577453613e-01 -2.195738255977630615e-01 6.499999761581420898e-02
5.907642245292663574e-01 -2.187954485416412354e-01 6.499999761581420898e-02
5.908507108688354492e-01 -2.179756611585617065e-01 6.499999761581420898e-02
5.909371972084045410e-01 -2.171558737754821777e-01 6.499999761581420898e-02
5.910236835479736328e-01 -2.163360714912414551e-01 6.499999761581420898e-02
5.911101698875427246e-01 -2.155162841081619263e-01 6.499999761581420898e-02
5.911966562271118164e-01 -2.146964818239212036e-01 6.499999761581420898e-02
5.912831425666809082e-01 -2.138766944408416748e-01 6.499999761581420898e-02
5.913696289062500000e-01 -2.130569070577621460e-01 6.499999761581420898e-02
5.914561152458190918e-01 -2.122371196746826172e-01 6.499999761581420898e-02
5.915426015853881836e-01 -2.114173173904418945e-01 6.499999761581420898e-02
5.909550786018371582e-01 -2.107470631599426270e-01 6.499999761581420898e-02
5.897590517997741699e-01 -2.102118134498596191e-01 6.499999761581420898e-02
5.885630249977111816e-01 -2.096765637397766113e-01 6.499999761581420898e-02
5.873669981956481934e-01 -2.091413140296936035e-01 6.499999761581420898e-02
5.861709713935852051e-01 -2.086060792207717896e-01 6.499999761581420898e-02
5.849749445915222168e-01 -2.080708295106887817e-01 6.499999761581420898e-02
5.837789177894592285e-01 -2.075355798006057739e-01 6.499999761581420898e-02
5.825828909873962402e-01 -2.070003300905227661e-01 6.499999761581420898e-02
5.813868641853332520e-01 -2.064650952816009521e-01 6.499999761581420898e-02
5.801908373832702637e-01 -2.059298455715179443e-01 6.499999761581420898e-02
5.789948105812072754e-01 -2.053945958614349365e-01 6.499999761581420898e-02
5.776850581169128418e-01 -2.049253135919570923e-01 6.499999761581420898e-02
5.761069655418395996e-01 -2.046117633581161499e-01 6.499999761581420898e-02
5.745288729667663574e-01 -2.042981982231140137e-01 6.499999761581420898e-02
5.729507207870483398e-01 -2.039846479892730713e-01 6.499999761581420898e-02
5.713726282119750977e-01 -2.036710828542709351e-01 6.499999761581420898e-02
5.697945356369018555e-01 -2.033575326204299927e-01 6.499999761581420898e-02
5.682163834571838379e-01 -2.030439674854278564e-01 6.499999761581420898e-02
5.666382908821105957e-01 -2.027304172515869141e-01 6.499999761581420898e-02
5.650617480278015137e-01 -2.024177014827728271e-01 6.499999761581420898e-02
5.640054345130920410e-01 -2.023870199918746948e-01 6.499999761581420898e-02
5.629490613937377930e-01 -2.023563235998153687e-01 6.499999761581420898e-02
5.618927478790283203e-01 -2.023256421089172363e-01 6.499999761581420898e-02
5.608364343643188477e-01 -2.022949606180191040e-01 6.499999761581420898e-02
5.597801208496093750e-01 -2.022642791271209717e-01 6.499999761581420898e-02
5.587238073348999023e-01 -2.022335827350616455e-01 6.499999761581420898e-02
5.576674342155456543e-01 -2.022029012441635132e-01 6.499999761581420898e-02
5.566111207008361816e-01 -2.021722197532653809e-01 6.499999761581420898e-02
5.555548071861267090e-01 -2.021415382623672485e-01 6.499999761581420898e-02
5.544984340667724609e-01 -2.021108418703079224e-01 6.499999761581420898e-02
5.534421205520629883e-01 -2.020801603794097900e-01 6.499999761581420898e-02
5.523858070373535156e-01 -2.020494788885116577e-01 6.499999761581420898e-02
5.513294935226440430e-01 -2.020187973976135254e-01 6.499999761581420898e-02
5.502731204032897949e-01 -2.019881010055541992e-01 6.499999761581420898e-02
5.492168068885803223e-01 -2.019574195146560669e-01 6.499999761581420898e-02
5.481604933738708496e-01 -2.019267380237579346e-01 6.499999761581420898e-02
5.471041798591613770e-01 -2.018960565328598022e-01 6.499999761581420898e-02
5.459211468696594238e-01 -2.021748572587966919e-01 6.499999761581420898e-02
5.446355342864990234e-01 -2.027044594287872314e-01 6.499999761581420898e-02
5.433498620986938477e-01 -2.032340466976165771e-01 6.499999761581420898e-02
5.420641899108886719e-01 -2.037636339664459229e-01 6.499999761581420898e-02
5.407785773277282715e-01 -2.042932361364364624e-01 6.499999761581420898e-02
5.394929051399230957e-01 -2.048228234052658081e-01 6.499999761581420898e-02
5.382072925567626953e-01 -2.053524255752563477e-01 6.499999761581420898e-02
5.369216203689575195e-01 -2.058820128440856934e-01 6.499999761581420898e-02
5.359067320823669434e-01 -2.062176167964935303e-01 6.499999761581420898e-02
5.350320935249328613e-01 -2.064527124166488647e-01 6.499999761581420898e-02
5.341574549674987793e-01 -2.066878080368041992e-01 6.499999761581420898e-02
5.332828164100646973e-01 -2.069229036569595337e-01 6.499999761581420898e-02
5.324081778526306152e-01 -2.071580141782760620e-01 6.499999761581420898e-02
5.315335392951965332e-01 -2.073931097984313965e-01 6.499999761581420898e-02
5.306588411331176758e-01 -2.076282054185867310e-01 6.499999761581420898e-02
5.297842025756835938e-01 -2.078633010387420654e-01 6.499999761581420898e-02
5.289082527160644531e-01 -2.080889046192169189e-01 6.499999761581420898e-02
5.280258655548095703e-01 -2.082675546407699585e-01 6.499999761581420898e-02
5.271434783935546875e-01 -2.084462046623229980e-01 6.499999761581420898e-02
5.262610912322998047e-01 -2.086248546838760376e-01 6.499999761581420898e-02
5.253787040710449219e-01 -2.088035047054290771e-01 6.499999761581420898e-02
5.244962573051452637e-01 -2.089821547269821167e-01 6.499999761581420898e-02
5.236138701438903809e-01 -2.091607898473739624e-01 6.499999761581420898e-02
5.227314829826354980e-01 -2.093394398689270020e-01 6.499999761581420898e-02
5.218307375907897949e-01 -2.094667851924896240e-01 6.499999761581420898e-02
5.208196043968200684e-01 -2.092853635549545288e-01 6.499999761581420898e-02
5.198085308074951172e-01 -2.091039419174194336e-01 6.499999761581420898e-02
5.187973976135253906e-01 -2.089225202798843384e-01 6.499999761581420898e-02
5.177863240242004395e-01 -2.087410986423492432e-01 6.499999761581420898e-02
5.167751908302307129e-01 -2.085596770048141479e-01 6.499999761581420898e-02
5.157640576362609863e-01 -2.083782404661178589e-01 6.499999761581420898e-02
5.147529840469360352e-01 -2.081968188285827637e-01 6.499999761581420898e-02
5.137418508529663086e-01 -2.080153971910476685e-01 6.499999761581420898e-02
5.127307772636413574e-01 -2.078339755535125732e-01 6.499999761581420898e-02
5.117196440696716309e-01 -2.076525539159774780e-01 6.499999761581420898e-02
5.107085704803466797e-01 -2.074711322784423828e-01 6.499999761581420898e-02
5.096974372863769531e-01 -2.072897106409072876e-01 6.499999761581420898e-02
5.086863040924072266e-01 -2.071082741022109985e-01 6.499999761581420898e-02
5.076752305030822754e-01 -2.069268524646759033e-01 6.499999761581420898e-02
5.066640973091125488e-01 -2.067454308271408081e-01 6.499999761581420898e-02
5.056242942810058594e-01 -2.065529674291610718e-01 6.499999761581420898e-02
5.044723749160766602e-01 -2.063174545764923096e-01 6.499999761581420898e-02
5.033204555511474609e-01 -2.060819268226623535e-01 6.499999761581420898e-02
5.021685957908630371e-01 -2.058464139699935913e-01 6.499999761581420898e-02
5.010166764259338379e-01 -2.056109011173248291e-01 6.499999761581420898e-02
4.998647868633270264e-01 -2.053753733634948730e-01 6.499999761581420898e-02
4.987128973007202148e-01 -2.051398605108261108e-01 6.499999761581420898e-02
4.975610077381134033e-01 -2.049043327569961548e-01 6.499999761581420898e-02
4.964091181755065918e-01 -2.046688199043273926e-01 6.499999761581420898e-02
4.952572286128997803e-01 -2.044333070516586304e-01 6.499999761581420898e-02
4.941053092479705811e-01 -2.041977792978286743e-01 6.499999761581420898e-02
4.929534196853637695e-01 -2.039622664451599121e-01 6.499999761581420898e-02
4.918015301227569580e-01 -2.037267535924911499e-01 6.499999761581420898e-02
4.907393753528594971e-01 -2.035563439130783081e-01 6.499999761581420898e-02
4.897708892822265625e-01 -2.034538984298706055e-01 6.499999761581420898e-02
4.888024330139160156e-01 -2.033514678478240967e-01 6.499999761581420898e-02
4.878339767456054688e-01 -2.032490372657775879e-01 6.499999761581420898e-02
4.868654906749725342e-01 -2.031466066837310791e-01 6.499999761581420898e-02
4.858970344066619873e-01 -2.030441761016845703e-01 6.499999761581420898e-02
4.849285483360290527e-01 -2.029417306184768677e-01 6.499999761581420898e-02
4.839600920677185059e-01 -2.028393000364303589e-01 6.499999761581420898e-02
4.829486012458801270e-01 -2.030535489320755005e-01 6.499999761581420898e-02
4.819275736808776855e-01 -2.033380568027496338e-01 6.499999761581420898e-02
4.809065461158752441e-01 -2.036225646734237671e-01 6.499999761581420898e-02
4.798855185508728027e-01 -2.039070725440979004e-01 6.499999761581420898e-02
4.788645207881927490e-01 -2.041915655136108398e-01 6.499999761581420898e-02
4.778434634208679199e-01 -2.044760733842849731e-01 6.499999761581420898e-02
4.768224358558654785e-01 -2.047605663537979126e-01 6.499999761581420898e-02
4.758014082908630371e-01 -2.050450742244720459e-01 6.499999761581420898e-02
4.747803807258605957e-01 -2.053295820951461792e-01 6.499999761581420898e-02
4.737593829631805420e-01 -2.056140750646591187e-01 6.499999761581420898e-02
4.727383553981781006e-01 -2.058985829353332520e-01 6.499999761581420898e-02
4.717173278331756592e-01 -2.061830908060073853e-01 6.499999761581420898e-02
4.706962704658508301e-01 -2.064675986766815186e-01 6.499999761581420898e-02
4.696752429008483887e-01 -2.067520916461944580e-01 6.499999761581420898e-02
4.689657688140869141e-01 -2.074749022722244263e-01 6.499999761581420898e-02
4.683023095130920410e-01 -2.082625478506088257e-01 6.499999761581420898e-02
4.676388800144195557e-01 -2.090501785278320312e-01 6.499999761581420898e-02
4.669754207134246826e-01 -2.098378092050552368e-01 6.499999761581420898e-02
4.663119912147521973e-01 -2.106254547834396362e-01 6.499999761581420898e-02
4.656485617160797119e-01 -2.114130705595016479e-01 6.499999761581420898e-02
4.649851024150848389e-01 -2.122007161378860474e-01 6.499999761581420898e-02
4.643216729164123535e-01 -2.129883468151092529e-01 6.499999761581420898e-02
4.636582136154174805e-01 -2.137759774923324585e-01 6.499999761581420898e-02
4.625743925571441650e-01 -2.135712355375289917e-01 6.499999761581420898e-02
4.614347517490386963e-01 -2.132346779108047485e-01 6.499999761581420898e-02
4.602950811386108398e-01 -2.128981202840805054e-01 6.499999761581420898e-02
4.591554105281829834e-01 -2.125615626573562622e-01 6.499999761581420898e-02
4.580157101154327393e-01 -2.122250050306320190e-01 6.499999761581420898e-02
4.568760395050048828e-01 -2.118884325027465820e-01 6.499999761581420898e-02
4.557363986968994141e-01 -2.115518897771835327e-01 6.499999761581420898e-02
4.545967280864715576e-01 -2.112153172492980957e-01 6.499999761581420898e-02
4.534570574760437012e-01 -2.108787596225738525e-01 6.499999761581420898e-02
4.523173868656158447e-01 -2.105422019958496094e-01 6.499999761581420898e-02
4.511777162551879883e-01 -2.102056443691253662e-01 6.499999761581420898e-02
4.500380754470825195e-01 -2.098690867424011230e-01 6.499999761581420898e-02
4.488984048366546631e-01 -2.095325291156768799e-01 6.499999761581420898e-02
4.478745758533477783e-01 -2.092501372098922729e-01 6.499999761581420898e-02
4.468541145324707031e-01 -2.089693099260330200e-01 6.499999761581420898e-02
4.458336532115936279e-01 -2.086884975433349609e-01 6.499999761581420898e-02
4.448131918907165527e-01 -2.084076702594757080e-01 6.499999761581420898e-02
4.437927305698394775e-01 -2.081268578767776489e-01 6.499999761581420898e-02
4.427722692489624023e-01 -2.078460305929183960e-01 6.499999761581420898e-02
4.417518079280853271e-01 -2.075652033090591431e-01 6.499999761581420898e-02
4.407313168048858643e-01 -2.072843909263610840e-01 6.499999761581420898e-02
4.397108852863311768e-01 -2.070035636425018311e-01 6.499999761581420898e-02
4.386904239654541016e-01 -2.067227512598037720e-01 6.499999761581420898e-02
4.376699328422546387e-01 -2.064419239759445190e-01 6.499999761581420898e-02
4.368696808815002441e-01 -2.058256715536117554e-01 6.499999761581420898e-02
4.361982941627502441e-01 -2.050131261348724365e-01 6.499999761581420898e-02
4.355269074440002441e-01 -2.042005956172943115e-01 6.499999761581420898e-02
4.348555207252502441e-01 -2.033880501985549927e-01 6.499999761581420898e-02
4.341841340065002441e-01 -2.025755047798156738e-01 6.499999761581420898e-02
4.335127174854278564e-01 -2.017629593610763550e-01 6.499999761581420898e-02
4.328413307666778564e-01 -2.009504139423370361e-01 6.499999761581420898e-02
4.321699440479278564e-01 -2.001378983259201050e-01 6.499999761581420898e-02
4.314985573291778564e-01 -1.993253529071807861e-01 6.499999761581420898e-02
4.308271706104278564e-01 -1.985128074884414673e-01 6.499999761581420898e-02
4.301557540893554688e-01 -1.977002620697021484e-01 6.499999761581420898e-02
4.295420050621032715e-01 -1.968909353017807007e-01 6.499999761581420898e-02
4.289745688438415527e-01 -1.960842013359069824e-01 6.499999761581420898e-02
4.284071326255798340e-01 -1.952774524688720703e-01 6.499999761581420898e-02
4.278396666049957275e-01 -1.944707036018371582e-01 6.499999761581420898e-02
4.272722303867340088e-01 -1.936639547348022461e-01 6.499999761581420898e-02
4.267047643661499023e-01 -1.928572058677673340e-01 6.499999761581420898e-02
4.261373281478881836e-01 -1.920504719018936157e-01 6.499999761581420898e-02
4.255698919296264648e-01 -1.912437230348587036e-01 6.499999761581420898e-02
4.250024557113647461e-01 -1.904369741678237915e-01 6.499999761581420898e-02
4.244349896907806396e-01 -1.896302253007888794e-01 6.499999761581420898e-02
4.238955676555633545e-01 -1.888341009616851807e-01 6.499999761581420898e-02
4.233635365962982178e-01 -1.880407929420471191e-01 6.499999761581420898e-02
4.228315353393554688e-01 -1.872474551200866699e-01 6.499999761581420898e-02
4.222995042800903320e-01 -1.864541321992874146e-01 6.499999761581420898e-02
4.217674732208251953e-01 -1.856608092784881592e-01 6.499999761581420898e-02
4.212354421615600586e-01 -1.848674714565277100e-01 6.499999761581420898e-02
4.207034409046173096e-01 -1.840741634368896484e-01 6.499999761581420898e-02
4.201714098453521729e-01 -1.832808256149291992e-01 6.499999761581420898e-02
4.196393787860870361e-01 -1.824875026941299438e-01 6.499999761581420898e-02
4.192665219306945801e-01 -1.816902905702590942e-01 6.499999761581420898e-02
4.190090596675872803e-01 -1.808902770280838013e-01 6.499999761581420898e-02
4.187516272068023682e-01 -1.800902783870697021e-01 6.499999761581420898e-02
4.184941649436950684e-01 -1.792902499437332153e-01 6.499999761581420898e-02
4.182367026805877686e-01 -1.784902364015579224e-01 6.499999761581420898e-02
4.179792404174804688e-01 -1.776902228593826294e-01 6.499999761581420898e-02
4.177217781543731689e-01 -1.768901944160461426e-01 6.499999761581420898e-02
4.174643456935882568e-01 -1.760901957750320435e-01 6.499999761581420898e-02
4.172286689281463623e-01 -1.752834022045135498e-01 6.499999761581420898e-02
4.170205593109130859e-01 -1.744680106639862061e-01 6.499999761581420898e-02
4.168124794960021973e-01 -1.736526191234588623e-01 6.499999761581420898e-02
4.166043698787689209e-01 -1.728372275829315186e-01 6.499999761581420898e-02
4.163962900638580322e-01 -1.720218509435653687e-01 6.499999761581420898e-02
4.161881804466247559e-01 -1.712064594030380249e-01 6.499999761581420898e-02
4.159801006317138672e-01 -1.703910827636718750e-01 6.499999761581420898e-02
4.157719910144805908e-01 -1.695756912231445312e-01 6.499999761581420898e-02
4.155932962894439697e-01 -1.687416583299636841e-01 6.499999761581420898e-02
4.154454469680786133e-01 -1.678880453109741211e-01 6.499999761581420898e-02
4.152976274490356445e-01 -1.670344173908233643e-01 6.499999761581420898e-02
4.151497781276702881e-01 -1.661808043718338013e-01 6.499999761581420898e-02
4.150019586086273193e-01 -1.653271764516830444e-01 6.499999761581420898e-02
4.148541092872619629e-01 -1.644735485315322876e-01 6.499999761581420898e-02
4.147062897682189941e-01 -1.636199504137039185e-01 6.499999761581420898e-02
4.145584404468536377e-01 -1.627663224935531616e-01 6.499999761581420898e-02
4.144105911254882812e-01 -1.619127094745635986e-01 6.499999761581420898e-02
4.142836034297943115e-01 -1.610595732927322388e-01 6.499999761581420898e-02
4.142019748687744141e-01 -1.602074950933456421e-01 6.499999761581420898e-02
4.141203165054321289e-01 -1.593554317951202393e-01 6.499999761581420898e-02
4.140386879444122314e-01 -1.585033386945724487e-01 6.499999761581420898e-02
4.139570295810699463e-01 -1.576512604951858521e-01 6.499999761581420898e-02
4.138753712177276611e-01 -1.567991822957992554e-01 6.499999761581420898e-02
4.137937426567077637e-01 -1.559471040964126587e-01 6.499999761581420898e-02
4.137120842933654785e-01 -1.550950407981872559e-01 6.499999761581420898e-02
4.136304557323455811e-01 -1.542429625988006592e-01 6.499999761581420898e-02
4.135776460170745850e-01 -1.533944308757781982e-01 6.499999761581420898e-02
4.135734140872955322e-01 -1.525518596172332764e-01 6.499999761581420898e-02
4.135691821575164795e-01 -1.517093032598495483e-01 6.499999761581420898e-02
4.135649502277374268e-01 -1.508667618036270142e-01 6.499999761581420898e-02
4.135607182979583740e-01 -1.500241905450820923e-01 6.499999761581420898e-02
4.135564863681793213e-01 -1.491816341876983643e-01 6.499999761581420898e-02
4.135522246360778809e-01 -1.483390629291534424e-01 6.499999761581420898e-02
4.135479927062988281e-01 -1.474965065717697144e-01 6.499999761581420898e-02
4.135437607765197754e-01 -1.466539502143859863e-01 6.499999761581420898e-02
4.135849475860595703e-01 -1.458224058151245117e-01 6.499999761581420898e-02
4.136568009853363037e-01 -1.449983119964599609e-01 6.499999761581420898e-02
4.137286543846130371e-01 -1.441742032766342163e-01 6.499999761581420898e-02
4.138005077838897705e-01 -1.433500945568084717e-01 6.499999761581420898e-02
4.138723313808441162e-01 -1.425260156393051147e-01 6.499999761581420898e-02
4.139441847801208496e-01 -1.417019069194793701e-01 6.499999761581420898e-02
4.140160381793975830e-01 -1.408778131008148193e-01 6.499999761581420898e-02
4.140878915786743164e-01 -1.400537043809890747e-01 6.499999761581420898e-02
4.141595959663391113e-01 -1.392294466495513916e-01 6.499999761581420898e-02
4.141852259635925293e-01 -1.383589357137680054e-01 6.499999761581420898e-02
4.142108559608459473e-01 -1.374883949756622314e-01 6.499999761581420898e-02
4.142364859580993652e-01 -1.366178542375564575e-01 6.499999761581420898e-02
4.142621159553527832e-01 -1.357473134994506836e-01 6.499999761581420898e-02
4.142877757549285889e-01 -1.348767876625061035e-01 6.499999761581420898e-02
4.143134057521820068e-01 -1.340062618255615234e-01 6.499999761581420898e-02
4.143390357494354248e-01 -1.331357210874557495e-01 6.499999761581420898e-02
4.143646657466888428e-01 -1.322651803493499756e-01 6.499999761581420898e-02
4.143902957439422607e-01 -1.313946545124053955e-01 6.499999761581420898e-02
4.144462943077087402e-01 -1.305393427610397339e-01 6.499999761581420898e-02
4.145331680774688721e-01 -1.296995729207992554e-01 6.499999761581420898e-02
4.146200716495513916e-01 -1.288597732782363892e-01 6.499999761581420898e-02
4.147069454193115234e-01 -1.280199736356735229e-01 6.499999761581420898e-02
4.147938191890716553e-01 -1.271801888942718506e-01 6.499999761581420898e-02
4.148807227611541748e-01 -1.263403892517089844e-01 6.499999761581420898e-02
4.149675965309143066e-01 -1.255006045103073120e-01 6.499999761581420898e-02
4.150545001029968262e-01 -1.246608123183250427e-01 6.499999761581420898e-02
4.151413738727569580e-01 -1.238210201263427734e-01 6.499999761581420898e-02
4.152415990829467773e-01 -1.229891926050186157e-01 6.499999761581420898e-02
4.153798818588256836e-01 -1.221800893545150757e-01 6.499999761581420898e-02
4.155181646347045898e-01 -1.213709935545921326e-01 6.499999761581420898e-02
4.156564474105834961e-01 -1.205618903040885925e-01 6.499999761581420898e-02
4.157947301864624023e-01 -1.197527647018432617e-01 6.499999761581420898e-02
4.159329831600189209e-01 -1.189436763525009155e-01 6.499999761581420898e-02
4.160712659358978271e-01 -1.181345805525779724e-01 6.499999761581420898e-02
4.162095487117767334e-01 -1.173254624009132385e-01 6.499999761581420898e-02
4.163478314876556396e-01 -1.165163666009902954e-01 6.499999761581420898e-02
4.164941608905792236e-01 -1.157149225473403931e-01 6.499999761581420898e-02
4.166624248027801514e-01 -1.149343922734260559e-01 6.499999761581420898e-02
4.168307185173034668e-01 -1.141538619995117188e-01 6.499999761581420898e-02
4.169989824295043945e-01 -1.133733093738555908e-01 6.499999761581420898e-02
4.171672761440277100e-01 -1.125927790999412537e-01 6.499999761581420898e-02
4.173355400562286377e-01 -1.118122190237045288e-01 6.499999761581420898e-02
4.175038039684295654e-01 -1.110316887497901917e-01 6.499999761581420898e-02
4.176720976829528809e-01 -1.102511659264564514e-01 6.499999761581420898e-02
4.178403615951538086e-01 -1.094706058502197266e-01 6.499999761581420898e-02
4.180052280426025391e-01 -1.087005585432052612e-01 6.499999761581420898e-02
4.181672632694244385e-01 -1.079390496015548706e-01 6.499999761581420898e-02
4.183293282985687256e-01 -1.071775704622268677e-01 6.499999761581420898e-02
4.184913635253906250e-01 -1.064160838723182678e-01 6.499999761581420898e-02
4.186534285545349121e-01 -1.056545749306678772e-01 6.499999761581420898e-02
4.188154637813568115e-01 -1.048930957913398743e-01 6.499999761581420898e-02
4.189775288105010986e-01 -1.041315793991088867e-01 6.499999761581420898e-02
4.191395640373229980e-01 -1.033701002597808838e-01 6.499999761581420898e-02
4.193524718284606934e-01 -1.026352867484092712e-01 6.499999761581420898e-02
4.197748303413391113e-01 -1.020103245973587036e-01 6.499999761581420898e-02
4.201972186565399170e-01 -1.013853922486305237e-01 6.499999761581420898e-02
4.206195771694183350e-01 -1.007604375481605530e-01 6.499999761581420898e-02
4.210419654846191406e-01 -1.001354977488517761e-01 6.499999761581420898e-02
4.214643239974975586e-01 -9.951056540012359619e-02 6.499999761581420898e-02
4.218867123126983643e-01 -9.888561069965362549e-02 6.499999761581420898e-02
4.223090708255767822e-01 -9.826067835092544556e-02 6.499999761581420898e-02
4.227334558963775635e-01 -9.764193743467330933e-02 6.499999761581420898e-02
4.231624305248260498e-01 -9.703770279884338379e-02 6.499999761581420898e-02
4.235914349555969238e-01 -9.643347561359405518e-02 6.499999761581420898e-02
4.240204393863677979e-01 -9.582921862602233887e-02 6.499999761581420898e-02
4.244494140148162842e-01 -9.522499144077301025e-02 6.499999761581420898e-02
4.248784184455871582e-01 -9.462074190378189087e-02 6.499999761581420898e-02
4.253074228763580322e-01 -9.401650726795196533e-02 6.499999761581420898e-02
4.257363975048065186e-01 -9.341228008270263672e-02 6.499999761581420898e-02
4.261618256568908691e-01 -9.281325340270996094e-02 6.499999761581420898e-02
4.265843629837036133e-01 -9.221842885017395020e-02 6.499999761581420898e-02
4.270069003105163574e-01 -9.162358194589614868e-02 6.499999761581420898e-02
4.274294376373291016e-01 -9.102875739336013794e-02 6.499999761581420898e-02
4.278519749641418457e-01 -9.043393284082412720e-02 6.499999761581420898e-02
4.282745420932769775e-01 -8.983908593654632568e-02 6.499999761581420898e-02
4.286970794200897217e-01 -8.924426138401031494e-02 6.499999761581420898e-02
4.291196167469024658e-01 -8.864941447973251343e-02 6.499999761581420898e-02
4.297435879707336426e-01 -8.870130777359008789e-02 6.499999761581420898e-02
4.303717017173767090e-01 -8.876646310091018677e-02 6.499999761581420898e-02
4.309998452663421631e-01 -8.883161097764968872e-02 6.499999761581420898e-02
4.316279292106628418e-01 -8.889675885438919067e-02 6.499999761581420898e-02
4.322560727596282959e-01 -8.896190673112869263e-02 6.499999761581420898e-02
4.328841567039489746e-01 -8.902706205844879150e-02 6.499999761581420898e-02
4.335122704505920410e-01 -8.909220993518829346e-02 6.499999761581420898e-02
4.341404139995574951e-01 -8.915735781192779541e-02 6.499999761581420898e-02
4.347684979438781738e-01 -8.922250568866729736e-02 6.499999761581420898e-02
4.353966414928436279e-01 -8.928765356540679932e-02 6.499999761581420898e-02
4.360247254371643066e-01 -8.935280889272689819e-02 6.499999761581420898e-02
4.366528391838073730e-01 -8.941795676946640015e-02 6.499999761581420898e-02
4.379090666770935059e-01 -8.954825252294540405e-02 6.499999761581420898e-02
4.379102587699890137e-01 -8.896413445472717285e-02 6.499999761581420898e-02
4.379114508628845215e-01 -8.838001638650894165e-02 6.499999761581420898e-02
4.379126429557800293e-01 -8.779585361480712891e-02 6.499999761581420898e-02
4.379138350486755371e-01 -8.721172809600830078e-02 6.499999761581420898e-02
4.379150271415710449e-01 -8.662761002779006958e-02 6.499999761581420898e-02
4.379162192344665527e-01 -8.604349195957183838e-02 6.499999761581420898e-02
4.379174113273620605e-01 -8.545937389135360718e-02 6.499999761581420898e-02
4.379186034202575684e-01 -8.487521111965179443e-02 6.499999761581420898e-02
4.379197955131530762e-01 -8.429109305143356323e-02 6.499999761581420898e-02
4.379209876060485840e-01 -8.370697498321533203e-02 6.499999761581420898e-02
4.379221796989440918e-01 -8.312284946441650391e-02 6.499999761581420898e-02
4.379233717918395996e-01 -8.253873139619827271e-02 6.499999761581420898e-02
4.379256367683410645e-01 -8.195514976978302002e-02 6.499999761581420898e-02
4.379392266273498535e-01 -8.137778192758560181e-02 6.499999761581420898e-02
4.379528164863586426e-01 -8.080041408538818359e-02 6.499999761581420898e-02
4.379664063453674316e-01 -8.022304624319076538e-02 6.499999761581420898e-02
4.379799962043762207e-01 -7.964567840099334717e-02 6.499999761581420898e-02
4.379935860633850098e-01 -7.906826585531234741e-02 6.499999761581420898e-02
4.380071759223937988e-01 -7.849089801311492920e-02 6.499999761581420898e-02
4.380207657814025879e-01 -7.791352272033691406e-02 6.499999761581420898e-02
4.380343556404113770e-01 -7.733615487813949585e-02 6.499999761581420898e-02
4.380479454994201660e-01 -7.675878703594207764e-02 6.499999761581420898e-02
4.380615353584289551e-01 -7.618137449026107788e-02 6.499999761581420898e-02
4.380751252174377441e-01 -7.560400664806365967e-02 6.499999761581420898e-02
4.380887150764465332e-01 -7.502663880586624146e-02 6.499999761581420898e-02
4.381023049354553223e-01 -7.444927096366882324e-02 6.499999761581420898e-02
4.381158947944641113e-01 -7.387190312147140503e-02 6.499999761581420898e-02
4.381294846534729004e-01 -7.329449057579040527e-02 6.499999761581420898e-02
4.381430745124816895e-01 -7.271712273359298706e-02 6.499999761581420898e-02
4.381566941738128662e-01 -7.213986665010452271e-02 6.499999761581420898e-02
4.381731152534484863e-01 -7.157018035650253296e-02 6.499999761581420898e-02
4.381895065307617188e-01 -7.100048661231994629e-02 6.499999761581420898e-02
4.382059276103973389e-01 -7.043075561523437500e-02 6.499999761581420898e-02
4.382223486900329590e-01 -6.986106932163238525e-02 6.499999761581420898e-02
4.382387399673461914e-01 -6.929137557744979858e-02 6.499999761581420898e-02
4.382551610469818115e-01 -6.872168928384780884e-02 6.499999761581420898e-02
4.382715523242950439e-01 -6.815199553966522217e-02 6.499999761581420898e-02
4.382879734039306641e-01 -6.758226454257965088e-02 6.499999761581420898e-02
4.383043944835662842e-01 -6.701257824897766113e-02 6.499999761581420898e-02
4.383207857608795166e-01 -6.644288450479507446e-02 6.499999761581420898e-02
4.383372068405151367e-01 -6.587319821119308472e-02 6.499999761581420898e-02
4.383535981178283691e-01 -6.530351191759109497e-02 6.499999761581420898e-02
4.383700191974639893e-01 -6.473377346992492676e-02 6.499999761581420898e-02
4.383864402770996094e-01 -6.416408717632293701e-02 6.499999761581420898e-02
4.384028315544128418e-01 -6.359440088272094727e-02 6.499999761581420898e-02
4.384192526340484619e-01 -6.302470713853836060e-02 6.499999761581420898e-02
4.384770393371582031e-01 -6.245746836066246033e-02 6.499999761581420898e-02
4.386469423770904541e-01 -6.189681217074394226e-02 6.499999761581420898e-02
4.388168454170227051e-01 -6.133620068430900574e-02 6.499999761581420898e-02
4.389867186546325684e-01 -6.077558919787406921e-02 6.499999761581420898e-02
4.391566216945648193e-01 -6.021497771143913269e-02 6.499999761581420898e-02
4.393264949321746826e-01 -5.965436622500419617e-02 6.499999761581420898e-02
4.394963979721069336e-01 -5.909371003508567810e-02 6.499999761581420898e-02
4.396662712097167969e-01 -5.853309854865074158e-02 6.499999761581420898e-02
4.398361742496490479e-01 -5.797248706221580505e-02 6.499999761581420898e-02
4.400060474872589111e-01 -5.741187557578086853e-02 6.499999761581420898e-02
4.401759505271911621e-01 -5.685126408934593201e-02 6.499999761581420898e-02
4.403458535671234131e-01 -5.629061162471771240e-02 6.499999761581420898e-02
4.405157268047332764e-01 -5.573000013828277588e-02 6.499999761581420898e-02
4.406856298446655273e-01 -5.516938865184783936e-02 6.499999761581420898e-02
4.408555030822753906e-01 -5.460877716541290283e-02 6.499999761581420898e-02
4.410254061222076416e-01 -5.404816567897796631e-02 6.499999761581420898e-02
4.411952793598175049e-01 -5.348750948905944824e-02 6.499999761581420898e-02
4.413651823997497559e-01 -5.292689800262451172e-02 6.499999761581420898e-02
4.415501952171325684e-01 -5.237403512001037598e-02 6.499999761581420898e-02
4.417757689952850342e-01 -5.184194818139076233e-02 6.499999761581420898e-02
4.420013427734375000e-01 -5.130986124277114868e-02 6.499999761581420898e-02
4.422269463539123535e-01 -5.077773705124855042e-02 6.499999761581420898e-02
4.424525201320648193e-01 -5.024565011262893677e-02 6.499999761581420898e-02
4.426781237125396729e-01 -4.971356689929962158e-02 6.499999761581420898e-02
4.429036974906921387e-01 -4.918147996068000793e-02 6.499999761581420898e-02
4.431292712688446045e-01 -4.864939674735069275e-02 6.499999761581420898e-02
4.433548748493194580e-01 -4.811726883053779602e-02 6.499999761581420898e-02
4.435804486274719238e-01 -4.758518561720848083e-02 6.499999761581420898e-02
4.438060224056243896e-01 -4.705309867858886719e-02 6.499999761581420898e-02
4.440316259860992432e-01 -4.652101546525955200e-02 6.499999761581420898e-02
4.442571997642517090e-01 -4.598892852663993835e-02 6.499999761581420898e-02
4.444828033447265625e-01 -4.545680433511734009e-02 6.499999761581420898e-02
4.447083771228790283e-01 -4.492471739649772644e-02 6.499999761581420898e-02
4.449339509010314941e-01 -4.439263045787811279e-02 6.499999761581420898e-02
4.451595246791839600e-01 -4.386054724454879761e-02 6.499999761581420898e-02
4.453851282596588135e-01 -4.332846030592918396e-02 6.499999761581420898e-02
4.456185996532440186e-01 -4.280347004532814026e-02 6.499999761581420898e-02
4.458565115928649902e-01 -4.228252917528152466e-02 6.499999761581420898e-02
4.460944533348083496e-01 -4.176158830523490906e-02 6.499999761581420898e-02
4.463323652744293213e-01 -4.124065116047859192e-02 6.499999761581420898e-02
4.465702772140502930e-01 -4.071971029043197632e-02 6.499999761581420898e-02
4.468081891536712646e-01 -4.019872844219207764e-02 6.499999761581420898e-02
4.470461010932922363e-01 -3.967778757214546204e-02 6.499999761581420898e-02
4.472840428352355957e-01 -3.915684670209884644e-02 6.499999761581420898e-02
4.475219547748565674e-01 -3.863590955734252930e-02 6.499999761581420898e-02
4.477598667144775391e-01 -3.811496868729591370e-02 6.499999761581420898e-02
4.479977786540985107e-01 -3.759398683905601501e-02 6.499999761581420898e-02
4.482356905937194824e-01 -3.707304596900939941e-02 6.499999761581420898e-02
4.484736323356628418e-01 -3.655210509896278381e-02 6.499999761581420898e-02
4.487115442752838135e-01 -3.603116422891616821e-02 6.499999761581420898e-02
4.489494562149047852e-01 -3.551022708415985107e-02 6.499999761581420898e-02
4.491873681545257568e-01 -3.498924523591995239e-02 6.499999761581420898e-02
4.494253098964691162e-01 -3.446830436587333679e-02 6.499999761581420898e-02
4.497039318084716797e-01 -3.398820385336875916e-02 6.499999761581420898e-02
4.501914680004119873e-01 -3.371755778789520264e-02 6.499999761581420898e-02
4.506790041923522949e-01 -3.344691172242164612e-02 6.499999761581420898e-02
4.511665701866149902e-01 -3.317624330520629883e-02 6.499999761581420898e-02
4.516541063785552979e-01 -3.290559351444244385e-02 6.499999761581420898e-02
4.521416425704956055e-01 -3.263494744896888733e-02 6.499999761581420898e-02
4.526291489601135254e-01 -3.236430138349533081e-02 6.499999761581420898e-02
4.531166851520538330e-01 -3.209365159273147583e-02 6.499999761581420898e-02
4.536042511463165283e-01 -3.182298317551612854e-02 6.499999761581420898e-02
4.540917873382568359e-01 -3.155233711004257202e-02 6.499999761581420898e-02
4.545793235301971436e-01 -3.128168731927871704e-02 6.499999761581420898e-02
4.550668597221374512e-01 -3.101104125380516052e-02 6.499999761581420898e-02
4.555543661117553711e-01 -3.074039332568645477e-02 6.499999761581420898e-02
4.560419321060180664e-01 -3.046972677111625671e-02 6.499999761581420898e-02
4.565294682979583740e-01 -3.019907884299755096e-02 6.499999761581420898e-02
4.570170044898986816e-01 -2.992843091487884521e-02 6.499999761581420898e-02
4.575045406818389893e-01 -2.965778298676013947e-02 6.499999761581420898e-02
4.580097198486328125e-01 -2.939928323030471802e-02 6.499999761581420898e-02
4.585193097591400146e-01 -2.914374507963657379e-02 6.499999761581420898e-02
4.590288400650024414e-01 -2.888822555541992188e-02 6.499999761581420898e-02
4.595383405685424805e-01 -2.863270789384841919e-02 6.499999761581420898e-02
4.600478708744049072e-01 -2.837718836963176727e-02 6.499999761581420898e-02
4.605574011802673340e-01 -2.812166884541511536e-02 6.499999761581420898e-02
4.610669910907745361e-01 -2.786613069474697113e-02 6.499999761581420898e-02
4.615764915943145752e-01 -2.761061117053031921e-02 6.499999761581420898e-02
4.620860219001770020e-01 -2.735509164631366730e-02 6.499999761581420898e-02
4.625955522060394287e-01 -2.709957398474216461e-02 6.499999761581420898e-02
4.631050825119018555e-01 -2.684405446052551270e-02 6.499999761581420898e-02
4.636146426200866699e-01 -2.658851630985736847e-02 6.499999761581420898e-02
4.641241729259490967e-01 -2.633299678564071655e-02 6.499999761581420898e-02
4.646337032318115234e-01 -2.607747726142406464e-02 6.499999761581420898e-02
4.651432335376739502e-01 -2.582195959985256195e-02 6.499999761581420898e-02
4.656527638435363770e-01 -2.556644007563591003e-02 6.499999761581420898e-02
4.661623239517211914e-01 -2.531090192496776581e-02 6.499999761581420898e-02
4.666881561279296875e-01 -2.506537549197673798e-02 6.499999761581420898e-02
4.672166407108306885e-01 -2.482148073613643646e-02 6.499999761581420898e-02
4.677451252937316895e-01 -2.457758784294128418e-02 6.499999761581420898e-02
4.682736098766326904e-01 -2.433369494974613190e-02 6.499999761581420898e-02
4.688021242618560791e-01 -2.408978156745433807e-02 6.499999761581420898e-02
4.693306088447570801e-01 -2.384588867425918579e-02 6.499999761581420898e-02
4.698590934276580811e-01 -2.360199391841888428e-02 6.499999761581420898e-02
4.703875780105590820e-01 -2.335810102522373199e-02 6.499999761581420898e-02
4.709160625934600830e-01 -2.311420813202857971e-02 6.499999761581420898e-02
4.714445769786834717e-01 -2.287029474973678589e-02 6.499999761581420898e-02
4.719730615615844727e-01 -2.262640185654163361e-02 6.499999761581420898e-02
4.725015461444854736e-01 -2.238250896334648132e-02 6.499999761581420898e-02
4.730300307273864746e-01 -2.213861420750617981e-02 6.499999761581420898e-02
4.735585153102874756e-01 -2.189472131431102753e-02 6.499999761581420898e-02
4.740870594978332520e-01 -2.165080979466438293e-02 6.499999761581420898e-02
4.746155142784118652e-01 -2.140691503882408142e-02 6.499999761581420898e-02
4.751439988613128662e-01 -2.116302214562892914e-02 6.499999761581420898e-02
4.756789207458496094e-01 -2.092475257813930511e-02 6.499999761581420898e-02
4.762259423732757568e-01 -2.069712616503238678e-02 6.499999761581420898e-02
4.767730534076690674e-01 -2.046948485076427460e-02 6.499999761581420898e-02
4.773200750350952148e-01 -2.024186030030250549e-02 6.499999761581420898e-02
4.778671264648437500e-01 -2.001423388719558716e-02 6.499999761581420898e-02
4.784141778945922852e-01 -1.978660933673381805e-02 6.499999761581420898e-02
4.789612293243408203e-01 -1.955898478627204895e-02 6.499999761581420898e-02
4.795083105564117432e-01 -1.933134160935878754e-02 6.499999761581420898e-02
4.800553321838378906e-01 -1.910371705889701843e-02 6.499999761581420898e-02
4.806023836135864258e-01 -1.887609250843524933e-02 6.499999761581420898e-02
4.811494350433349609e-01 -1.864846609532833099e-02 6.499999761581420898e-02
4.816964864730834961e-01 -1.842084154486656189e-02 6.499999761581420898e-02
4.822435677051544189e-01 -1.819319836795330048e-02 6.499999761581420898e-02
4.827905893325805664e-01 -1.796557381749153137e-02 6.499999761581420898e-02
4.833376407623291016e-01 -1.773794926702976227e-02 6.499999761581420898e-02
4.838846921920776367e-01 -1.751032471656799316e-02 6.499999761581420898e-02
4.844317436218261719e-01 -1.728269830346107483e-02 6.499999761581420898e-02
4.849788248538970947e-01 -1.705505698919296265e-02 6.499999761581420898e-02
4.855314493179321289e-01 -1.683410629630088806e-02 6.499999761581420898e-02
4.860953390598297119e-01 -1.662658713757991791e-02 6.499999761581420898e-02
4.866591989994049072e-01 -1.641906984150409698e-02 6.499999761581420898e-02
4.872230887413024902e-01 -1.621155068278312683e-02 6.499999761581420898e-02
4.877870082855224609e-01 -1.600401662290096283e-02 6.499999761581420898e-02
4.883508980274200439e-01 -1.579649746417999268e-02 6.499999761581420898e-02
4.889147579669952393e-01 -1.558897923678159714e-02 6.499999761581420898e-02
4.894786477088928223e-01 -1.538146100938320160e-02 6.499999761581420898e-02
4.900425076484680176e-01 -1.517394278198480606e-02 6.499999761581420898e-02
4.906064271926879883e-01 -1.496640779078006744e-02 6.499999761581420898e-02
4.911703169345855713e-01 -1.475888956338167191e-02 6.499999761581420898e-02
4.917342066764831543e-01 -1.455137133598327637e-02 6.499999761581420898e-02
4.922980666160583496e-01 -1.434385217726230621e-02 6.499999761581420898e-02
4.928619563579559326e-01 -1.413633394986391068e-02 6.499999761581420898e-02
4.934258759021759033e-01 -1.392879988998174667e-02 6.499999761581420898e-02
4.939897358417510986e-01 -1.372128166258335114e-02 6.499999761581420898e-02
4.945536255836486816e-01 -1.351376250386238098e-02 6.499999761581420898e-02
4.951175153255462646e-01 -1.330624427646398544e-02 6.499999761581420898e-02
4.956813752651214600e-01 -1.309872604906558990e-02 6.499999761581420898e-02
4.962580800056457520e-01 -1.291206479072570801e-02 6.499999761581420898e-02
4.968359470367431641e-01 -1.272737514227628708e-02 6.499999761581420898e-02
4.974138140678405762e-01 -1.254268456250429153e-02 6.499999761581420898e-02
4.979916810989379883e-01 -1.235799491405487061e-02 6.499999761581420898e-02
4.985695481300354004e-01 -1.217330433428287506e-02 6.499999761581420898e-02
4.991474747657775879e-01 -1.198860071599483490e-02 6.499999761581420898e-02
4.997253417968750000e-01 -1.180391013622283936e-02 6.499999761581420898e-02
5.003032088279724121e-01 -1.161922048777341843e-02 6.499999761581420898e-02
5.008810758590698242e-01 -1.143453083932399750e-02 6.499999761581420898e-02
5.014589428901672363e-01 -1.124984025955200195e-02 6.499999761581420898e-02
5.020368695259094238e-01 -1.106513664126396179e-02 6.499999761581420898e-02
5.026147365570068359e-01 -1.088044606149196625e-02 6.499999761581420898e-02
5.031926035881042480e-01 -1.069575641304254532e-02 6.499999761581420898e-02
5.037704706192016602e-01 -1.051106583327054977e-02 6.499999761581420898e-02
5.043483376502990723e-01 -1.032637618482112885e-02 6.499999761581420898e-02
5.049262046813964844e-01 -1.014167256653308868e-02 6.499999761581420898e-02
5.055040717124938965e-01 -9.956981986761093140e-03 6.499999761581420898e-02
5.060819387435913086e-01 -9.772291406989097595e-03 6.499999761581420898e-02
5.066620111465454102e-01 -9.592853486537933350e-03 6.499999761581420898e-02
5.072503089904785156e-01 -9.432983584702014923e-03 6.499999761581420898e-02
5.078386068344116211e-01 -9.273101575672626495e-03 6.499999761581420898e-02
5.084269046783447266e-01 -9.113231673836708069e-03 6.499999761581420898e-02
5.090152025222778320e-01 -8.953361772000789642e-03 6.499999761581420898e-02
5.096035003662109375e-01 -8.793491870164871216e-03 6.499999761581420898e-02
5.101917386054992676e-01 -8.633622899651527405e-03 6.499999761581420898e-02
5.107800960540771484e-01 -8.473740890622138977e-03 6.499999761581420898e-02
5.113683938980102539e-01 -8.313870988786220551e-03 6.499999761581420898e-02
5.119566321372985840e-01 -8.154001086950302124e-03 6.499999761581420898e-02
5.125449299812316895e-01 -7.994131185114383698e-03 6.499999761581420898e-02
5.131332278251647949e-01 -7.834261283278465271e-03 6.499999761581420898e-02
5.137215256690979004e-01 -7.674379739910364151e-03 6.499999761581420898e-02
5.143098235130310059e-01 -7.514509372413158417e-03 6.499999761581420898e-02
5.148981213569641113e-01 -7.354639936238527298e-03 6.499999761581420898e-02
5.154864192008972168e-01 -7.194770034402608871e-03 6.499999761581420898e-02
5.160746574401855469e-01 -7.034900598227977753e-03 6.499999761581420898e-02
5.166630148887634277e-01 -6.875018589198589325e-03 6.499999761581420898e-02
5.172513127326965332e-01 -6.715148687362670898e-03 6.499999761581420898e-02
5.178413391113281250e-01 -6.561608985066413879e-03 6.499999761581420898e-02
5.184344649314880371e-01 -6.419310346245765686e-03 6.499999761581420898e-02
5.190275907516479492e-01 -6.277012173086404800e-03 6.499999761581420898e-02
5.196207761764526367e-01 -6.134703289717435837e-03 6.499999761581420898e-02
5.202139019966125488e-01 -5.992404650896787643e-03 6.499999761581420898e-02
5.208070278167724609e-01 -5.850106477737426758e-03 6.499999761581420898e-02
5.214001536369323730e-01 -5.707808304578065872e-03 6.499999761581420898e-02
5.219932794570922852e-01 -5.565510131418704987e-03 6.499999761581420898e-02
5.225864648818969727e-01 -5.423200782388448715e-03 6.499999761581420898e-02
5.231795907020568848e-01 -5.280902609229087830e-03 6.499999761581420898e-02
5.237727165222167969e-01 -5.138603970408439636e-03 6.499999761581420898e-02
5.243658423423767090e-01 -4.996305797249078751e-03 6.499999761581420898e-02
5.249589681625366211e-01 -4.854007624089717865e-03 6.499999761581420898e-02
5.255521535873413086e-01 -4.711698275059461594e-03 6.499999761581420898e-02
5.261452794075012207e-01 -4.569400101900100708e-03 6.499999761581420898e-02
5.267384052276611328e-01 -4.427101463079452515e-03 6.499999761581420898e-02
5.273315906524658203e-01 -4.284803755581378937e-03 6.499999761581420898e-02
5.279247164726257324e-01 -4.142505116760730743e-03 6.499999761581420898e-02
5.285178422927856445e-01 -4.000196233391761780e-03 6.499999761581420898e-02
5.291126966476440430e-01 -3.867038059979677200e-03 6.499999761581420898e-02
5.297092199325561523e-01 -3.743468783795833588e-03 6.499999761581420898e-02
5.303058028221130371e-01 -3.619899507611989975e-03 6.499999761581420898e-02
5.309023857116699219e-01 -3.496330231428146362e-03 6.499999761581420898e-02
5.314990282058715820e-01 -3.372751642018556595e-03 6.499999761581420898e-02
5.320955514907836914e-01 -3.249182365834712982e-03 6.499999761581420898e-02
5.326921343803405762e-01 -3.125613089650869370e-03 6.499999761581420898e-02
5.332887172698974609e-01 -3.002043813467025757e-03 6.499999761581420898e-02
5.338853001594543457e-01 -2.878474537283182144e-03 6.499999761581420898e-02
5.344818830490112305e-01 -2.754895947873592377e-03 6.499999761581420898e-02
5.350784659385681152e-01 -2.631326671689748764e-03 6.499999761581420898e-02
5.356750488281250000e-01 -2.507757395505905151e-03 6.499999761581420898e-02
5.362716317176818848e-01 -2.384188119322061539e-03 6.499999761581420898e-02
5.368682146072387695e-01 -2.260618843138217926e-03 6.499999761581420898e-02
5.374647974967956543e-01 -2.137040020897984505e-03 6.499999761581420898e-02
5.380613803863525391e-01 -2.013470511883497238e-03 6.499999761581420898e-02
5.386579632759094238e-01 -1.889901468530297279e-03 6.499999761581420898e-02
5.392545461654663086e-01 -1.766332192346453667e-03 6.499999761581420898e-02
5.398510694503784180e-01 -1.642762916162610054e-03 6.499999761581420898e-02
5.403358936309814453e-01 -1.554669579491019249e-03 6.499999761581420898e-02
5.407560467720031738e-01 -1.487076049670577049e-03 6.499999761581420898e-02
5.411762595176696777e-01 -1.419482519850134850e-03 6.499999761581420898e-02
5.415964126586914062e-01 -1.351889106445014477e-03 6.499999761581420898e-02
5.420165657997131348e-01 -1.284295576624572277e-03 6.499999761581420898e-02
5.424367785453796387e-01 -1.216696924529969692e-03 6.499999761581420898e-02
5.428569912910461426e-01 -1.149103394709527493e-03 6.499999761581420898e-02
5.432771444320678711e-01 -1.081509981304407120e-03 6.499999761581420898e-02
5.436972975730895996e-01 -1.013916451483964920e-03 6.499999761581420898e-02
5.441175103187561035e-01 -9.463229216635227203e-04 6.499999761581420898e-02
5.445376634597778320e-01 -8.787242113612592220e-04 6.499999761581420898e-02
5.449578762054443359e-01 -8.111307397484779358e-04 6.499999761581420898e-02
5.453780293464660645e-01 -7.435371517203748226e-04 6.499999761581420898e-02
5.457982420921325684e-01 -6.759437383152544498e-04 6.499999761581420898e-02
5.462183952331542969e-01 -6.083501502871513367e-04 6.499999761581420898e-02
5.466386079788208008e-01 -5.407514981925487518e-04 6.499999761581420898e-02
5.470587611198425293e-01 -4.731580847874283791e-04 6.499999761581420898e-02
5.474789738655090332e-01 -4.055645549669861794e-04 6.499999761581420898e-02
5.478991270065307617e-01 -3.379710251465439796e-04 6.499999761581420898e-02
5.483192801475524902e-01 -2.703774953261017799e-04 6.499999761581420898e-02
5.487394928932189941e-01 -2.027788432314991951e-04 6.499999761581420898e-02
5.491596460342407227e-01 -1.351854298263788223e-04 6.499999761581420898e-02
5.500000119209289551e-01 0.000000000000000000e+00 6.499999761581420898e-02
