3.780464529991149902e-01 -4.511298239231109619e-01 6.499999761581420898e-02
3.784424960613250732e-01 -4.510164260864257812e-01 6.499999761581420898e-02
3.788385391235351562e-01 -4.509030282497406006e-01 6.499999761581420898e-02
3.792346119880676270e-01 -4.507896304130554199e-01 6.499999761581420898e-02
3.796306550502777100e-01 -4.506762325763702393e-01 6.499999761581420898e-02
3.800266981124877930e-01 -4.505628347396850586e-01 6.499999761581420898e-02
3.804227411746978760e-01 -4.504494369029998779e-01 6.499999761581420898e-02
3.808187842369079590e-01 -4.503360390663146973e-01 6.499999761581420898e-02
3.812148571014404297e-01 -4.502226412296295166e-01 6.499999761581420898e-02
3.816109001636505127e-01 -4.501092433929443359e-01 6.499999761581420898e-02
3.820069432258605957e-01 -4.499958455562591553e-01 6.499999761581420898e-02
3.824029862880706787e-01 -4.498824477195739746e-01 6.499999761581420898e-02
3.827990293502807617e-01 -4.497690498828887939e-01 6.499999761581420898e-02
3.831951022148132324e-01 -4.496556520462036133e-01 6.499999761581420898e-02
3.835911452770233154e-01 -4.495422542095184326e-01 6.499999761581420898e-02
3.839871883392333984e-01 -4.494288563728332520e-01 6.499999761581420898e-02
3.843832314014434814e-01 -4.493154585361480713e-01 6.499999761581420898e-02
3.847792744636535645e-01 -4.492020606994628906e-01 6.499999761581420898e-02
3.851753473281860352e-01 -4.490886628627777100e-01 6.499999761581420898e-02
3.855713903903961182e-01 -4.489752650260925293e-01 6.499999761581420898e-02
3.859674334526062012e-01 -4.488618671894073486e-01 6.499999761581420898e-02
3.863634765148162842e-01 -4.487484693527221680e-01 6.499999761581420898e-02
3.867595493793487549e-01 -4.486350715160369873e-01 6.499999761581420898e-02
3.871555924415588379e-01 -4.485216736793518066e-01 6.499999761581420898e-02
3.877068161964416504e-01 -4.483494460582733154e-01 6.499999761581420898e-02
3.883098065853118896e-01 -4.481575787067413330e-01 6.499999761581420898e-02
3.889128267765045166e-01 -4.479657113552093506e-01 6.499999761581420898e-02
3.895158171653747559e-01 -4.477738738059997559e-01 6.499999761581420898e-02
3.901188075542449951e-01 -4.475820064544677734e-01 6.499999761581420898e-02
3.907217979431152344e-01 -4.473901391029357910e-01 6.499999761581420898e-02
3.913248181343078613e-01 -4.471982717514038086e-01 6.499999761581420898e-02
3.919278085231781006e-01 -4.470064342021942139e-01 6.499999761581420898e-02
3.925307989120483398e-01 -4.468145668506622314e-01 6.499999761581420898e-02
3.931338191032409668e-01 -4.466226994991302490e-01 6.499999761581420898e-02
3.937368094921112061e-01 -4.464308619499206543e-01 6.499999761581420898e-02
3.943397998809814453e-01 -4.462389945983886719e-01 6.499999761581420898e-02
3.949427902698516846e-01 -4.460471272468566895e-01 6.499999761581420898e-02
3.955458104610443115e-01 -4.458552598953247070e-01 6.499999761581420898e-02
3.961488008499145508e-01 -4.456634223461151123e-01 6.499999761581420898e-02
3.967517912387847900e-01 -4.454715549945831299e-01 6.499999761581420898e-02
3.973548114299774170e-01 -4.452796876430511475e-01 6.499999761581420898e-02
3.979578018188476562e-01 -4.450878500938415527e-01 6.499999761581420898e-02
3.985607922077178955e-01 -4.448959827423095703e-01 6.499999761581420898e-02
3.991638123989105225e-01 -4.447041153907775879e-01 6.499999761581420898e-02
3.997668027877807617e-01 -4.445122480392456055e-01 6.499999761581420898e-02
4.003024697303771973e-01 -4.442996382713317871e-01 6.499999761581420898e-02
4.008329510688781738e-01 -4.440853893756866455e-01 6.499999761581420898e-02
4.013634324073791504e-01 -4.438711702823638916e-01 6.499999761581420898e-02
4.018939137458801270e-01 -4.436569213867187500e-01 6.499999761581420898e-02
4.024243950843811035e-01 -4.434427022933959961e-01 6.499999761581420898e-02
4.029548466205596924e-01 -4.432284832000732422e-01 6.499999761581420898e-02
4.034853279590606689e-01 -4.430142343044281006e-01 6.499999761581420898e-02
4.040158092975616455e-01 -4.428000152111053467e-01 6.499999761581420898e-02
4.045462906360626221e-01 -4.425857663154602051e-01 6.499999761581420898e-02
4.050767719745635986e-01 -4.423715472221374512e-01 6.499999761581420898e-02
4.056072235107421875e-01 -4.421572983264923096e-01 6.499999761581420898e-02
4.061377048492431641e-01 -4.419430792331695557e-01 6.499999761581420898e-02
4.066681861877441406e-01 -4.417288303375244141e-01 6.499999761581420898e-02
4.071986675262451172e-01 -4.415146112442016602e-01 6.499999761581420898e-02
4.077291488647460938e-01 -4.413003921508789062e-01 6.499999761581420898e-02
4.082596004009246826e-01 -4.410861432552337646e-01 6.499999761581420898e-02
4.087900817394256592e-01 -4.408719241619110107e-01 6.499999761581420898e-02
4.093320965766906738e-01 -4.406396448612213135e-01 6.499999761581420898e-02
4.098832011222839355e-01 -4.403932094573974609e-01 6.499999761581420898e-02
4.104342758655548096e-01 -4.401467740535736084e-01 6.499999761581420898e-02
4.109853506088256836e-01 -4.399003386497497559e-01 6.499999761581420898e-02
4.115364253520965576e-01 -4.396539032459259033e-01 6.499999761581420898e-02
4.120875000953674316e-01 -4.394074976444244385e-01 6.499999761581420898e-02
4.126386046409606934e-01 -4.391610622406005859e-01 6.499999761581420898e-02
4.131896793842315674e-01 -4.389146268367767334e-01 6.499999761581420898e-02
4.137407541275024414e-01 -4.386681914329528809e-01 6.499999761581420898e-02
4.142918288707733154e-01 -4.384217560291290283e-01 6.499999761581420898e-02
4.148429036140441895e-01 -4.381753504276275635e-01 6.499999761581420898e-02
4.153940081596374512e-01 -4.379289150238037109e-01 6.499999761581420898e-02
4.163046479225158691e-01 -4.374521672725677490e-01 6.499999761581420898e-02
4.172153174877166748e-01 -4.369754195213317871e-01 6.499999761581420898e-02
4.181259572505950928e-01 -4.364986717700958252e-01 6.499999761581420898e-02
4.190366268157958984e-01 -4.360219538211822510e-01 6.499999761581420898e-02
4.199472665786743164e-01 -4.355452060699462891e-01 6.499999761581420898e-02
4.208579659461975098e-01 -4.350684583187103271e-01 6.499999761581420898e-02
4.217602312564849854e-01 -4.348949790000915527e-01 6.499999761581420898e-02
4.226625263690948486e-01 -4.347214698791503906e-01 6.499999761581420898e-02
4.235647916793823242e-01 -4.345479905605316162e-01 6.499999761581420898e-02
4.244670569896697998e-01 -4.343745112419128418e-01 6.499999761581420898e-02
4.253693222999572754e-01 -4.342010319232940674e-01 6.499999761581420898e-02
4.262716174125671387e-01 -4.340275228023529053e-01 6.499999761581420898e-02
4.277076423168182373e-01 -4.337486028671264648e-01 6.499999761581420898e-02
4.291856288909912109e-01 -4.334613680839538574e-01 6.499999761581420898e-02
4.306636154651641846e-01 -4.331741333007812500e-01 6.499999761581420898e-02
4.321416020393371582e-01 -4.328868985176086426e-01 6.499999761581420898e-02
4.336325228214263916e-01 -4.325923621654510498e-01 6.499999761581420898e-02
4.352192580699920654e-01 -4.322435259819030762e-01 6.499999761581420898e-02
4.368059933185577393e-01 -4.318946897983551025e-01 6.499999761581420898e-02
4.383927285671234131e-01 -4.315458834171295166e-01 6.499999761581420898e-02
4.399794638156890869e-01 -4.311970472335815430e-01 6.499999761581420898e-02
4.415666460990905762e-01 -4.308413267135620117e-01 6.499999761581420898e-02
4.431559741497039795e-01 -4.304516911506652832e-01 6.499999761581420898e-02
4.447453022003173828e-01 -4.300620257854461670e-01 6.499999761581420898e-02
4.463346004486083984e-01 -4.296723604202270508e-01 6.499999761581420898e-02
4.479239284992218018e-01 -4.292826950550079346e-01 6.499999761581420898e-02
4.495225250720977783e-01 -4.289024174213409424e-01 6.499999761581420898e-02
4.511854052543640137e-01 -4.285875856876373291e-01 6.499999761581420898e-02
4.528483152389526367e-01 -4.282727241516113281e-01 6.499999761581420898e-02
4.545112252235412598e-01 -4.279578924179077148e-01 6.499999761581420898e-02
4.561741352081298828e-01 -4.276430308818817139e-01 6.499999761581420898e-02
4.578370451927185059e-01 -4.273281991481781006e-01 6.499999761581420898e-02
4.594958126544952393e-01 -4.270209372043609619e-01 6.499999761581420898e-02
4.611525237560272217e-01 -4.267175495624542236e-01 6.499999761581420898e-02
4.628092646598815918e-01 -4.264141619205474854e-01 6.499999761581420898e-02
4.644659757614135742e-01 -4.261107444763183594e-01 6.499999761581420898e-02
4.661226868629455566e-01 -4.258073568344116211e-01 6.499999761581420898e-02
4.677782952785491943e-01 -4.255035817623138428e-01 6.499999761581420898e-02
4.694309532642364502e-01 -4.251987040042877197e-01 6.499999761581420898e-02
4.710836112499237061e-01 -4.248938262462615967e-01 6.499999761581420898e-02
4.727362692356109619e-01 -4.245889484882354736e-01 6.499999761581420898e-02
4.743889570236206055e-01 -4.242840707302093506e-01 6.499999761581420898e-02
4.760416150093078613e-01 -4.239791929721832275e-01 6.499999761581420898e-02
4.776922762393951416e-01 -4.236749708652496338e-01 6.499999761581420898e-02
4.793426990509033203e-01 -4.233708381652832031e-01 6.499999761581420898e-02
4.809931516647338867e-01 -4.230666756629943848e-01 6.499999761581420898e-02
4.826435744762420654e-01 -4.227625429630279541e-01 6.499999761581420898e-02
4.842940270900726318e-01 -4.224583804607391357e-01 6.499999761581420898e-02
4.859644472599029541e-01 -4.221513867378234863e-01 6.499999761581420898e-02
4.876513779163360596e-01 -4.218419790267944336e-01 6.499999761581420898e-02
4.893383085727691650e-01 -4.215326011180877686e-01 6.499999761581420898e-02
4.910252392292022705e-01 -4.212232232093811035e-01 6.499999761581420898e-02
4.927121698856353760e-01 -4.209138453006744385e-01 6.499999761581420898e-02
4.943991005420684814e-01 -4.206044673919677734e-01 6.499999761581420898e-02
4.960865080356597900e-01 -4.202988445758819580e-01 6.499999761581420898e-02
4.977739155292510986e-01 -4.199935197830200195e-01 6.499999761581420898e-02
4.994613528251647949e-01 -4.196882247924804688e-01 6.499999761581420898e-02
5.011487603187561035e-01 -4.193828999996185303e-01 6.499999761581420898e-02
5.028361678123474121e-01 -4.190775752067565918e-01 6.499999761581420898e-02
5.045226812362670898e-01 -4.187664985656738281e-01 6.499999761581420898e-02
5.062071681022644043e-01 -4.184423983097076416e-01 6.499999761581420898e-02
5.078916549682617188e-01 -4.181182682514190674e-01 6.499999761581420898e-02
5.095761418342590332e-01 -4.177941679954528809e-01 6.499999761581420898e-02
5.112605690956115723e-01 -4.174700379371643066e-01 6.499999761581420898e-02
5.129450559616088867e-01 -4.171459078788757324e-01 6.499999761581420898e-02
5.146244764328002930e-01 -4.167958199977874756e-01 6.499999761581420898e-02
5.163015127182006836e-01 -4.164336621761322021e-01 6.499999761581420898e-02
5.179785490036010742e-01 -4.160715341567993164e-01 6.499999761581420898e-02
5.196555852890014648e-01 -4.157093763351440430e-01 6.499999761581420898e-02
5.213326215744018555e-01 -4.153472185134887695e-01 6.499999761581420898e-02
5.230060815811157227e-01 -4.149727523326873779e-01 6.499999761581420898e-02
5.246135592460632324e-01 -4.143738448619842529e-01 6.499999761581420898e-02
5.262210369110107422e-01 -4.137749373912811279e-01 6.499999761581420898e-02
5.278285741806030273e-01 -4.131760299205780029e-01 6.499999761581420898e-02
5.294360518455505371e-01 -4.125771224498748779e-01 6.499999761581420898e-02
5.310435295104980469e-01 -4.119782149791717529e-01 6.499999761581420898e-02
5.326557159423828125e-01 -4.113958477973937988e-01 6.499999761581420898e-02
5.342742204666137695e-01 -4.108356237411499023e-01 6.499999761581420898e-02
5.358926653861999512e-01 -4.102754294872283936e-01 6.499999761581420898e-02
5.375111699104309082e-01 -4.097152054309844971e-01 6.499999761581420898e-02
5.391296148300170898e-01 -4.091549813747406006e-01 6.499999761581420898e-02
5.407480597496032715e-01 -4.085947573184967041e-01 6.499999761581420898e-02
5.423718094825744629e-01 -4.080843627452850342e-01 6.499999761581420898e-02
5.439968109130859375e-01 -4.075867235660552979e-01 6.499999761581420898e-02
5.456218123435974121e-01 -4.070891141891479492e-01 6.499999761581420898e-02
5.472468733787536621e-01 -4.065914750099182129e-01 6.499999761581420898e-02
5.488718748092651367e-01 -4.060938358306884766e-01 6.499999761581420898e-02
5.505052208900451660e-01 -4.057901799678802490e-01 6.499999761581420898e-02
5.521672964096069336e-01 -4.061547517776489258e-01 6.499999761581420898e-02
5.538293123245239258e-01 -4.065193533897399902e-01 6.499999761581420898e-02
5.554913878440856934e-01 -4.068839251995086670e-01 6.499999761581420898e-02
5.571534037590026855e-01 -4.072484970092773438e-01 6.499999761581420898e-02
5.588154792785644531e-01 -4.076130688190460205e-01 6.499999761581420898e-02
5.604815483093261719e-01 -4.079814255237579346e-01 6.499999761581420898e-02
5.621496438980102539e-01 -4.083516001701354980e-01 6.499999761581420898e-02
5.638176798820495605e-01 -4.087217450141906738e-01 6.499999761581420898e-02
5.654857754707336426e-01 -4.090918898582458496e-01 6.499999761581420898e-02
5.671538114547729492e-01 -4.094620347023010254e-01 6.499999761581420898e-02
5.688211917877197266e-01 -4.098296165466308594e-01 6.499999761581420898e-02
5.704805254936218262e-01 -4.101674854755401611e-01 6.499999761581420898e-02
5.721398591995239258e-01 -4.105053544044494629e-01 6.499999761581420898e-02
5.737991929054260254e-01 -4.108432233333587646e-01 6.499999761581420898e-02
5.754585266113281250e-01 -4.111810922622680664e-01 6.499999761581420898e-02
5.771178603172302246e-01 -4.115189611911773682e-01 6.499999761581420898e-02
5.787631273269653320e-01 -4.118366539478302002e-01 6.499999761581420898e-02
5.803972482681274414e-01 -4.121383726596832275e-01 6.499999761581420898e-02
5.820314288139343262e-01 -4.124400913715362549e-01 6.499999761581420898e-02
5.836655497550964355e-01 -4.127417802810668945e-01 6.499999761581420898e-02
5.852996706962585449e-01 -4.130434989929199219e-01 6.499999761581420898e-02
5.869720578193664551e-01 -4.132845699787139893e-01 6.499999761581420898e-02
5.887752175331115723e-01 -4.133181571960449219e-01 6.499999761581420898e-02
5.905784368515014648e-01 -4.133517444133758545e-01 6.499999761581420898e-02
5.923815965652465820e-01 -4.133853316307067871e-01 6.499999761581420898e-02
5.941848158836364746e-01 -4.134189486503601074e-01 6.499999761581420898e-02
5.959879755973815918e-01 -4.134525358676910400e-01 6.499999761581420898e-02
5.977911949157714844e-01 -4.134861230850219727e-01 6.499999761581420898e-02
5.995492935180664062e-01 -4.134753048419952393e-01 6.499999761581420898e-02
6.012925505638122559e-01 -4.134498834609985352e-01 6.499999761581420898e-02
6.030358672142028809e-01 -4.134244620800018311e-01 6.499999761581420898e-02
6.047791242599487305e-01 -4.133990406990051270e-01 6.499999761581420898e-02
6.065223813056945801e-01 -4.133736193180084229e-01 6.499999761581420898e-02
6.082656979560852051e-01 -4.133481979370117188e-01 6.499999761581420898e-02
6.099758148193359375e-01 -4.132981300354003906e-01 6.499999761581420898e-02
6.116589307785034180e-01 -4.132279455661773682e-01 6.499999761581420898e-02
6.133421063423156738e-01 -4.131577908992767334e-01 6.499999761581420898e-02
6.150252223014831543e-01 -4.130876064300537109e-01 6.499999761581420898e-02
6.167083978652954102e-01 -4.130174517631530762e-01 6.499999761581420898e-02
6.183915138244628906e-01 -4.129472970962524414e-01 6.499999761581420898e-02
6.200389862060546875e-01 -4.127478897571563721e-01 6.499999761581420898e-02
6.216623187065124512e-01 -4.124614000320434570e-01 6.499999761581420898e-02
6.232857108116149902e-01 -4.121749401092529297e-01 6.499999761581420898e-02
6.249090433120727539e-01 -4.118884801864624023e-01 6.499999761581420898e-02
6.265324354171752930e-01 -4.116020202636718750e-01 6.499999761581420898e-02
6.281558275222778320e-01 -4.113155305385589600e-01 6.499999761581420898e-02
6.285492181777954102e-01 -4.101288020610809326e-01 6.499999761581420898e-02
6.283831596374511719e-01 -4.085325598716735840e-01 6.499999761581420898e-02
6.282171010971069336e-01 -4.069363176822662354e-01 6.499999761581420898e-02
6.280510425567626953e-01 -4.053400754928588867e-01 6.499999761581420898e-02
6.278849840164184570e-01 -4.037438333034515381e-01 6.499999761581420898e-02
6.277762055397033691e-01 -4.021475315093994141e-01 6.499999761581420898e-02
6.277281641960144043e-01 -4.005512297153472900e-01 6.499999761581420898e-02
6.276801824569702148e-01 -3.989548683166503906e-01 6.499999761581420898e-02
6.276321411132812500e-01 -3.973585665225982666e-01 6.499999761581420898e-02
6.275840997695922852e-01 -3.957622349262237549e-01 6.499999761581420898e-02
6.275455951690673828e-01 -3.941518366336822510e-01 6.499999761581420898e-02
6.275280714035034180e-01 -3.925103545188903809e-01 6.499999761581420898e-02
6.275106072425842285e-01 -3.908688426017761230e-01 6.499999761581420898e-02
6.274931430816650391e-01 -3.892273604869842529e-01 6.499999761581420898e-02
6.274756193161010742e-01 -3.875858485698699951e-01 6.499999761581420898e-02
6.274581551551818848e-01 -3.859443366527557373e-01 6.499999761581420898e-02
6.274304389953613281e-01 -3.842594921588897705e-01 6.499999761581420898e-02
6.274011135101318359e-01 -3.825676441192626953e-01 6.499999761581420898e-02
6.273717880249023438e-01 -3.808758258819580078e-01 6.499999761581420898e-02
6.273424029350280762e-01 -3.791839778423309326e-01 6.499999761581420898e-02
6.273130774497985840e-01 -3.774921298027038574e-01 6.499999761581420898e-02
6.272802948951721191e-01 -3.757927119731903076e-01 6.499999761581420898e-02
6.272268295288085938e-01 -3.740476667881011963e-01 6.499999761581420898e-02
6.271733045578002930e-01 -3.723025918006896973e-01 6.499999761581420898e-02
6.271197795867919922e-01 -3.705575466156005859e-01 6.499999761581420898e-02
6.270663142204284668e-01 -3.688124716281890869e-01 6.499999761581420898e-02
6.270127892494201660e-01 -3.670674264430999756e-01 6.499999761581420898e-02
6.269828677177429199e-01 -3.653292655944824219e-01 6.499999761581420898e-02
6.270866394042968750e-01 -3.636302053928375244e-01 6.499999761581420898e-02
6.271903514862060547e-01 -3.619311451911926270e-01 6.499999761581420898e-02
6.272941231727600098e-01 -3.602320849895477295e-01 6.499999761581420898e-02
6.273978352546691895e-01 -3.585330247879028320e-01 6.499999761581420898e-02
6.275016069412231445e-01 -3.568339645862579346e-01 6.499999761581420898e-02
6.275735497474670410e-01 -3.551211357116699219e-01 6.499999761581420898e-02
6.276171207427978516e-01 -3.533960580825805664e-01 6.499999761581420898e-02
6.276606917381286621e-01 -3.516710102558135986e-01 6.499999761581420898e-02
6.277043223381042480e-01 -3.499459624290466309e-01 6.499999761581420898e-02
6.277478933334350586e-01 -3.482208847999572754e-01 6.499999761581420898e-02
6.277914643287658691e-01 -3.464958071708679199e-01 6.499999761581420898e-02
6.277978420257568359e-01 -3.447547256946563721e-01 6.499999761581420898e-02
6.277937293052673340e-01 -3.430091440677642822e-01 6.499999761581420898e-02
6.277896165847778320e-01 -3.412635326385498047e-01 6.499999761581420898e-02
6.277855038642883301e-01 -3.395179510116577148e-01 6.499999761581420898e-02
6.277813911437988281e-01 -3.377723395824432373e-01 6.499999761581420898e-02
6.277772784233093262e-01 -3.360267281532287598e-01 6.499999761581420898e-02
6.277144551277160645e-01 -3.342715501785278320e-01 6.499999761581420898e-02
6.276463270187377930e-01 -3.325154185295104980e-01 6.499999761581420898e-02
6.275781989097595215e-01 -3.307593166828155518e-01 6.499999761581420898e-02
6.275100708007812500e-01 -3.290032148361206055e-01 6.499999761581420898e-02
6.274419426918029785e-01 -3.272471129894256592e-01 6.499999761581420898e-02
6.273738145828247070e-01 -3.254910409450531006e-01 6.499999761581420898e-02
6.272890567779541016e-01 -3.237701356410980225e-01 6.499999761581420898e-02
6.272040605545043945e-01 -3.220497071743011475e-01 6.499999761581420898e-02
6.271190643310546875e-01 -3.203292787075042725e-01 6.499999761581420898e-02
6.270340681076049805e-01 -3.186088502407073975e-01 6.499999761581420898e-02
6.269491314888000488e-01 -3.168884515762329102e-01 6.499999761581420898e-02
6.268615722656250000e-01 -3.151673376560211182e-01 6.499999761581420898e-02
6.267682909965515137e-01 -3.134446740150451660e-01 6.499999761581420898e-02
6.266750693321228027e-01 -3.117220103740692139e-01 6.499999761581420898e-02
6.265818476676940918e-01 -3.099993467330932617e-01 6.499999761581420898e-02
6.264886260032653809e-01 -3.082767128944396973e-01 6.499999761581420898e-02
6.263954043388366699e-01 -3.065540492534637451e-01 6.499999761581420898e-02
6.262794733047485352e-01 -3.048318922519683838e-01 6.499999761581420898e-02
6.261494755744934082e-01 -3.031100332736968994e-01 6.499999761581420898e-02
6.260194182395935059e-01 -3.013882040977478027e-01 6.499999761581420898e-02
6.258894205093383789e-01 -2.996664047241210938e-01 6.499999761581420898e-02
6.257594227790832520e-01 -2.979445755481719971e-01 6.499999761581420898e-02
6.256293654441833496e-01 -2.962227463722229004e-01 6.499999761581420898e-02
6.254421472549438477e-01 -2.945088446140289307e-01 6.499999761581420898e-02
6.252492070198059082e-01 -2.927957773208618164e-01 6.499999761581420898e-02
6.250562071800231934e-01 -2.910827398300170898e-01 6.499999761581420898e-02
6.248632669448852539e-01 -2.893696427345275879e-01 6.499999761581420898e-02
6.246702671051025391e-01 -2.876565754413604736e-01 6.499999761581420898e-02
6.245153546333312988e-01 -2.859457731246948242e-01 6.499999761581420898e-02
6.245040893554687500e-01 -2.842436134815216064e-01 6.499999761581420898e-02
6.244928836822509766e-01 -2.825414538383483887e-01 6.499999761581420898e-02
6.244816780090332031e-01 -2.808392643928527832e-01 6.499999761581420898e-02
6.244704723358154297e-01 -2.791370749473571777e-01 6.499999761581420898e-02
6.244592666625976562e-01 -2.774348855018615723e-01 6.499999761581420898e-02
6.244174838066101074e-01 -2.757504582405090332e-01 6.499999761581420898e-02
6.243590116500854492e-01 -2.740757465362548828e-01 6.499999761581420898e-02
6.243005990982055664e-01 -2.724010050296783447e-01 6.499999761581420898e-02
6.242421269416809082e-01 -2.707262635231018066e-01 6.499999761581420898e-02
6.241836547851562500e-01 -2.690515220165252686e-01 6.499999761581420898e-02
6.241165399551391602e-01 -2.673835158348083496e-01 6.499999761581420898e-02
6.240187287330627441e-01 -2.657395005226135254e-01 6.499999761581420898e-02
6.239209175109863281e-01 -2.640954554080963135e-01 6.499999761581420898e-02
6.238231658935546875e-01 -2.624514102935791016e-01 6.499999761581420898e-02
6.237253546714782715e-01 -2.608073651790618896e-01 6.499999761581420898e-02
6.236275434494018555e-01 -2.591633200645446777e-01 6.499999761581420898e-02
6.235011816024780273e-01 -2.575495839118957520e-01 6.499999761581420898e-02
6.233729720115661621e-01 -2.559377849102020264e-01 6.499999761581420898e-02
6.232447624206542969e-01 -2.543259561061859131e-01 6.499999761581420898e-02
6.231165528297424316e-01 -2.527141571044921875e-01 6.499999761581420898e-02
6.229883432388305664e-01 -2.511023283004760742e-01 6.499999761581420898e-02
6.221725344657897949e-01 -2.497422546148300171e-01 6.499999761581420898e-02
6.211982369422912598e-01 -2.484401613473892212e-01 6.499999761581420898e-02
6.202239394187927246e-01 -2.471380680799484253e-01 6.499999761581420898e-02
6.192496418952941895e-01 -2.458359897136688232e-01 6.499999761581420898e-02
6.182753443717956543e-01 -2.445338964462280273e-01 6.499999761581420898e-02
6.172713637351989746e-01 -2.432541698217391968e-01 6.499999761581420898e-02
6.162390708923339844e-01 -2.419957369565963745e-01 6.499999761581420898e-02
6.152067780494689941e-01 -2.407373189926147461e-01 6.499999761581420898e-02
6.141745448112487793e-01 -2.394789010286331177e-01 6.499999761581420898e-02
6.131422519683837891e-01 -2.382204681634902954e-01 6.499999761581420898e-02
6.120994687080383301e-01 -2.369720190763473511e-01 6.499999761581420898e-02
6.110145449638366699e-01 -2.357636094093322754e-01 6.499999761581420898e-02
6.099295616149902344e-01 -2.345551997423171997e-01 6.499999761581420898e-02
6.094624400138854980e-01 -2.346775382757186890e-01 6.499999761581420898e-02
6.089953184127807617e-01 -2.347998768091201782e-01 6.499999761581420898e-02
6.085281968116760254e-01 -2.349222153425216675e-01 6.499999761581420898e-02
6.080610752105712891e-01 -2.350445538759231567e-01 6.499999761581420898e-02
6.075939536094665527e-01 -2.351668924093246460e-01 6.499999761581420898e-02
6.071268320083618164e-01 -2.352892458438873291e-01 6.499999761581420898e-02
6.066596508026123047e-01 -2.354115843772888184e-01 6.499999761581420898e-02
6.061925292015075684e-01 -2.355339229106903076e-01 6.499999761581420898e-02
6.057254076004028320e-01 -2.356562614440917969e-01 6.499999761581420898e-02
6.052361130714416504e-01 -2.358039915561676025e-01 6.499999761581420898e-02
6.047448515892028809e-01 -2.359539270401000977e-01 6.499999761581420898e-02
6.042535901069641113e-01 -2.361038625240325928e-01 6.499999761581420898e-02
6.037623286247253418e-01 -2.362537831068038940e-01 6.499999761581420898e-02
6.034817695617675781e-01 -2.361207902431488037e-01 6.499999761581420898e-02
6.032011508941650391e-01 -2.359877824783325195e-01 6.499999761581420898e-02
6.029205918312072754e-01 -2.358547896146774292e-01 6.499999761581420898e-02
6.026400327682495117e-01 -2.357217967510223389e-01 6.499999761581420898e-02
6.023594141006469727e-01 -2.355887889862060547e-01 6.499999761581420898e-02
6.020788550376892090e-01 -2.354557961225509644e-01 6.499999761581420898e-02
6.017982363700866699e-01 -2.353228032588958740e-01 6.499999761581420898e-02
6.014727950096130371e-01 -2.352589964866638184e-01 6.499999761581420898e-02
6.011474132537841797e-01 -2.351952046155929565e-01 6.499999761581420898e-02
6.008219718933105469e-01 -2.351313978433609009e-01 6.499999761581420898e-02
6.004965901374816895e-01 -2.350675910711288452e-01 6.499999761581420898e-02
6.001711487770080566e-01 -2.350037842988967896e-01 6.499999761581420898e-02
5.998457670211791992e-01 -2.349399924278259277e-01 6.499999761581420898e-02
5.995203256607055664e-01 -2.348761856555938721e-01 6.499999761581420898e-02
5.991949439048767090e-01 -2.348123788833618164e-01 6.499999761581420898e-02
5.988695025444030762e-01 -2.347485870122909546e-01 6.499999761581420898e-02
5.985438227653503418e-01 -2.346861511468887329e-01 6.499999761581420898e-02
5.982179045677185059e-01 -2.346251308917999268e-01 6.499999761581420898e-02
5.978284478187561035e-01 -2.346034348011016846e-01 6.499999761581420898e-02
5.974390506744384766e-01 -2.345817387104034424e-01 6.499999761581420898e-02
5.970495939254760742e-01 -2.345600426197052002e-01 6.499999761581420898e-02
5.966601371765136719e-01 -2.345383465290069580e-01 6.499999761581420898e-02
5.962706804275512695e-01 -2.345166504383087158e-01 6.499999761581420898e-02
5.958812832832336426e-01 -2.344949543476104736e-01 6.499999761581420898e-02
5.956539511680603027e-01 -2.343567311763763428e-01 6.499999761581420898e-02
5.954265594482421875e-01 -2.342185080051422119e-01 6.499999761581420898e-02
5.951992273330688477e-01 -2.340802848339080811e-01 6.499999761581420898e-02
5.949718952178955078e-01 -2.339420765638351440e-01 6.499999761581420898e-02
5.947445034980773926e-01 -2.338038533926010132e-01 6.499999761581420898e-02
5.945171713829040527e-01 -2.336656302213668823e-01 6.499999761581420898e-02
5.942897796630859375e-01 -2.335274070501327515e-01 6.499999761581420898e-02
5.940624475479125977e-01 -2.333891838788986206e-01 6.499999761581420898e-02
5.938351154327392578e-01 -2.332509607076644897e-01 6.499999761581420898e-02
5.936077237129211426e-01 -2.331127524375915527e-01 6.499999761581420898e-02
5.933803915977478027e-01 -2.329745292663574219e-01 6.499999761581420898e-02
5.931530594825744629e-01 -2.328363060951232910e-01 6.499999761581420898e-02
5.929256677627563477e-01 -2.326980829238891602e-01 6.499999761581420898e-02
5.926983356475830078e-01 -2.325598597526550293e-01 6.499999761581420898e-02
5.924863815307617188e-01 -2.324051856994628906e-01 6.499999761581420898e-02
5.922761559486389160e-01 -2.322486937046051025e-01 6.499999761581420898e-02
5.920659303665161133e-01 -2.320921868085861206e-01 6.499999761581420898e-02
5.918557047843933105e-01 -2.319356948137283325e-01 6.499999761581420898e-02
5.916454792022705078e-01 -2.317792028188705444e-01 6.499999761581420898e-02
5.914352536201477051e-01 -2.316227108240127563e-01 6.499999761581420898e-02
5.912250280380249023e-01 -2.314662188291549683e-01 6.499999761581420898e-02
5.910148024559020996e-01 -2.313097119331359863e-01 6.499999761581420898e-02
5.908045768737792969e-01 -2.311532199382781982e-01 6.499999761581420898e-02
5.905943512916564941e-01 -2.309967279434204102e-01 6.499999761581420898e-02
5.903841257095336914e-01 -2.308402359485626221e-01 6.499999761581420898e-02
5.901739001274108887e-01 -2.306837439537048340e-01 6.499999761581420898e-02
5.900266766548156738e-01 -2.304399758577346802e-01 6.499999761581420898e-02
5.899322032928466797e-01 -2.301232814788818359e-01 6.499999761581420898e-02
5.898377299308776855e-01 -2.298065871000289917e-01 6.499999761581420898e-02
5.897432565689086914e-01 -2.294898927211761475e-01 6.499999761581420898e-02
5.896487832069396973e-01 -2.291731983423233032e-01 6.499999761581420898e-02
5.895543098449707031e-01 -2.288565039634704590e-01 6.499999761581420898e-02
5.894598364830017090e-01 -2.285398095846176147e-01 6.499999761581420898e-02
5.893653631210327148e-01 -2.282231152057647705e-01 6.499999761581420898e-02
5.892708301544189453e-01 -2.279064208269119263e-01 6.499999761581420898e-02
5.891763567924499512e-01 -2.275897264480590820e-01 6.499999761581420898e-02
5.890818834304809570e-01 -2.272730469703674316e-01 6.499999761581420898e-02
5.889874100685119629e-01 -2.269563525915145874e-01 6.499999761581420898e-02
5.888869166374206543e-01 -2.266256660223007202e-01 6.499999761581420898e-02
5.887496471405029297e-01 -2.262091487646102905e-01 6.499999761581420898e-02
5.886123180389404297e-01 -2.257926315069198608e-01 6.499999761581420898e-02
5.884750485420227051e-01 -2.253761142492294312e-01 6.499999761581420898e-02
5.883377194404602051e-01 -2.249595969915390015e-01 6.499999761581420898e-02
5.882004499435424805e-01 -2.245430797338485718e-01 6.499999761581420898e-02
5.880631804466247559e-01 -2.241265624761581421e-01 6.499999761581420898e-02
5.879258513450622559e-01 -2.237100452184677124e-01 6.499999761581420898e-02
5.877885818481445312e-01 -2.232935130596160889e-01 6.499999761581420898e-02
5.876512527465820312e-01 -2.228769958019256592e-01 6.499999761581420898e-02
5.875307321548461914e-01 -2.224518805742263794e-01 6.499999761581420898e-02
5.876467227935791016e-01 -2.219053655862808228e-01 6.499999761581420898e-02
5.877627730369567871e-01 -2.213588356971740723e-01 6.499999761581420898e-02
5.878788232803344727e-01 -2.208123058080673218e-01 6.499999761581420898e-02
5.879948139190673828e-01 -2.202657759189605713e-01 6.499999761581420898e-02
5.881108641624450684e-01 -2.197192609310150146e-01 6.499999761581420898e-02
5.882269144058227539e-01 -2.191727310419082642e-01 6.499999761581420898e-02
5.883429050445556641e-01 -2.186262011528015137e-01 6.499999761581420898e-02
5.884589552879333496e-01 -2.180796861648559570e-01 6.499999761581420898e-02
5.885749459266662598e-01 -2.175331562757492065e-01 6.499999761581420898e-02
5.886909961700439453e-01 -2.169866263866424561e-01 6.499999761581420898e-02
5.888231396675109863e-01 -2.164184004068374634e-01 6.499999761581420898e-02
5.889956355094909668e-01 -2.157958596944808960e-01 6.499999761581420898e-02
5.891681313514709473e-01 -2.151733189821243286e-01 6.499999761581420898e-02
5.893405675888061523e-01 -2.145507782697677612e-01 6.499999761581420898e-02
5.895130634307861328e-01 -2.139282524585723877e-01 6.499999761581420898e-02
5.896855592727661133e-01 -2.133057117462158203e-01 6.499999761581420898e-02
5.898579955101013184e-01 -2.126831710338592529e-01 6.499999761581420898e-02
5.900304913520812988e-01 -2.120606303215026855e-01 6.499999761581420898e-02
5.902029871940612793e-01 -2.114380896091461182e-01 6.499999761581420898e-02
5.903754830360412598e-01 -2.108155488967895508e-01 6.499999761581420898e-02
5.905479192733764648e-01 -2.101930081844329834e-01 6.499999761581420898e-02
5.907204151153564453e-01 -2.095704674720764160e-01 6.499999761581420898e-02
5.899664163589477539e-01 -2.090148180723190308e-01 6.499999761581420898e-02
5.891575217247009277e-01 -2.084631472826004028e-01 6.499999761581420898e-02
5.883485674858093262e-01 -2.079114615917205811e-01 6.499999761581420898e-02
5.875396132469177246e-01 -2.073597908020019531e-01 6.499999761581420898e-02
5.867306590080261230e-01 -2.068081051111221313e-01 6.499999761581420898e-02
5.859217643737792969e-01 -2.062564194202423096e-01 6.499999761581420898e-02
5.851128101348876953e-01 -2.057047486305236816e-01 6.499999761581420898e-02
5.843038558959960938e-01 -2.051530778408050537e-01 6.499999761581420898e-02
5.834949016571044922e-01 -2.046013921499252319e-01 6.499999761581420898e-02
5.826859474182128906e-01 -2.040497064590454102e-01 6.499999761581420898e-02
5.818770527839660645e-01 -2.034980356693267822e-01 6.499999761581420898e-02
5.810680985450744629e-01 -2.029463499784469604e-01 6.499999761581420898e-02
5.801386833190917969e-01 -2.024385631084442139e-01 6.499999761581420898e-02
5.790293216705322266e-01 -2.019963860511779785e-01 6.499999761581420898e-02
5.779199600219726562e-01 -2.015541940927505493e-01 6.499999761581420898e-02
5.768105983734130859e-01 -2.011120021343231201e-01 6.499999761581420898e-02
5.757012367248535156e-01 -2.006698101758956909e-01 6.499999761581420898e-02
5.745918750762939453e-01 -2.002276182174682617e-01 6.499999761581420898e-02
5.734825134277343750e-01 -1.997854262590408325e-01 6.499999761581420898e-02
5.723731517791748047e-01 -1.993432343006134033e-01 6.499999761581420898e-02
5.712637901306152344e-01 -1.989010423421859741e-01 6.499999761581420898e-02
5.701544284820556641e-01 -1.984588503837585449e-01 6.499999761581420898e-02
5.691682696342468262e-01 -1.981375217437744141e-01 6.499999761581420898e-02
5.682627558708190918e-01 -1.978952884674072266e-01 6.499999761581420898e-02
5.673571825027465820e-01 -1.976530551910400391e-01 6.499999761581420898e-02
5.664516687393188477e-01 -1.974108219146728516e-01 6.499999761581420898e-02
5.655461549758911133e-01 -1.971685737371444702e-01 6.499999761581420898e-02
5.646406412124633789e-01 -1.969263404607772827e-01 6.499999761581420898e-02
5.637351274490356445e-01 -1.966841071844100952e-01 6.499999761581420898e-02
5.628295540809631348e-01 -1.964418739080429077e-01 6.499999761581420898e-02
5.619240403175354004e-01 -1.961996406316757202e-01 6.499999761581420898e-02
5.610185265541076660e-01 -1.959574073553085327e-01 6.499999761581420898e-02
5.601130127906799316e-01 -1.957151740789413452e-01 6.499999761581420898e-02
5.586478114128112793e-01 -1.955740153789520264e-01 6.499999761581420898e-02
5.571172237396240234e-01 -1.954446583986282349e-01 6.499999761581420898e-02
5.555866956710815430e-01 -1.953153163194656372e-01 6.499999761581420898e-02
5.540561079978942871e-01 -1.951859593391418457e-01 6.499999761581420898e-02
5.525255203247070312e-01 -1.950566172599792480e-01 6.499999761581420898e-02
5.509949326515197754e-01 -1.949272751808166504e-01 6.499999761581420898e-02
5.494643449783325195e-01 -1.947979182004928589e-01 6.499999761581420898e-02
5.479337573051452637e-01 -1.946685761213302612e-01 6.499999761581420898e-02
5.464031696319580078e-01 -1.945392191410064697e-01 6.499999761581420898e-02
5.449938178062438965e-01 -1.945182085037231445e-01 6.499999761581420898e-02
5.436609387397766113e-01 -1.945654600858688354e-01 6.499999761581420898e-02
5.423280000686645508e-01 -1.946127265691757202e-01 6.499999761581420898e-02
5.409951210021972656e-01 -1.946599930524826050e-01 6.499999761581420898e-02
5.396621823310852051e-01 -1.947072595357894897e-01 6.499999761581420898e-02
5.383292436599731445e-01 -1.947545260190963745e-01 6.499999761581420898e-02
5.369963645935058594e-01 -1.948017925024032593e-01 6.499999761581420898e-02
5.356634259223937988e-01 -1.948490589857101440e-01 6.499999761581420898e-02
5.343305468559265137e-01 -1.948963105678558350e-01 6.499999761581420898e-02
5.329976081848144531e-01 -1.949435770511627197e-01 6.499999761581420898e-02
5.318375229835510254e-01 -1.951020359992980957e-01 6.499999761581420898e-02
5.307021737098693848e-01 -1.952763646841049194e-01 6.499999761581420898e-02
5.295668244361877441e-01 -1.954507082700729370e-01 6.499999761581420898e-02
5.284314751625061035e-01 -1.956250518560409546e-01 6.499999761581420898e-02
5.272961258888244629e-01 -1.957993805408477783e-01 6.499999761581420898e-02
5.261607766151428223e-01 -1.959737241268157959e-01 6.499999761581420898e-02
5.250254273414611816e-01 -1.961480677127838135e-01 6.499999761581420898e-02
5.238900780677795410e-01 -1.963223963975906372e-01 6.499999761581420898e-02
5.227547287940979004e-01 -1.964967399835586548e-01 6.499999761581420898e-02
5.216193795204162598e-01 -1.966710835695266724e-01 6.499999761581420898e-02
5.204839706420898438e-01 -1.968454271554946899e-01 6.499999761581420898e-02
5.193486213684082031e-01 -1.970197558403015137e-01 6.499999761581420898e-02
5.183920860290527344e-01 -1.969890594482421875e-01 6.499999761581420898e-02
5.176352262496948242e-01 -1.967293024063110352e-01 6.499999761581420898e-02
5.168783664703369141e-01 -1.964695304632186890e-01 6.499999761581420898e-02
5.161215662956237793e-01 -1.962097585201263428e-01 6.499999761581420898e-02
5.153647065162658691e-01 -1.959500014781951904e-01 6.499999761581420898e-02
5.146079063415527344e-01 -1.956902295351028442e-01 6.499999761581420898e-02
5.138510465621948242e-01 -1.954304575920104980e-01 6.499999761581420898e-02
5.130941867828369141e-01 -1.951707005500793457e-01 6.499999761581420898e-02
5.123373866081237793e-01 -1.949109286069869995e-01 6.499999761581420898e-02
5.115805268287658691e-01 -1.946511715650558472e-01 6.499999761581420898e-02
5.108237266540527344e-01 -1.943913996219635010e-01 6.499999761581420898e-02
5.100668668746948242e-01 -1.941316276788711548e-01 6.499999761581420898e-02
5.093100070953369141e-01 -1.938718706369400024e-01 6.499999761581420898e-02
5.085532069206237793e-01 -1.936120986938476562e-01 6.499999761581420898e-02
5.077963471412658691e-01 -1.933523267507553101e-01 6.499999761581420898e-02
5.070136785507202148e-01 -1.930960118770599365e-01 6.499999761581420898e-02
5.062035918235778809e-01 -1.928433626890182495e-01 6.499999761581420898e-02
5.053934454917907715e-01 -1.925907135009765625e-01 6.499999761581420898e-02
5.045833587646484375e-01 -1.923380494117736816e-01 6.499999761581420898e-02
5.037732720375061035e-01 -1.920854002237319946e-01 6.499999761581420898e-02
5.029631853103637695e-01 -1.918327510356903076e-01 6.499999761581420898e-02
5.021530985832214355e-01 -1.915801018476486206e-01 6.499999761581420898e-02
5.013430118560791016e-01 -1.913274377584457397e-01 6.499999761581420898e-02
5.005329251289367676e-01 -1.910747885704040527e-01 6.499999761581420898e-02
4.997228085994720459e-01 -1.908221393823623657e-01 6.499999761581420898e-02
4.989127218723297119e-01 -1.905694752931594849e-01 6.499999761581420898e-02
4.981026053428649902e-01 -1.903168261051177979e-01 6.499999761581420898e-02
4.972925186157226562e-01 -1.900641769170761108e-01 6.499999761581420898e-02
4.964824318885803223e-01 -1.898115277290344238e-01 6.499999761581420898e-02
4.956725835800170898e-01 -1.895728707313537598e-01 6.499999761581420898e-02
4.948676228523254395e-01 -1.896368563175201416e-01 6.499999761581420898e-02
4.940626919269561768e-01 -1.897008419036865234e-01 6.499999761581420898e-02
4.932577311992645264e-01 -1.897648423910140991e-01 6.499999761581420898e-02
4.924528002738952637e-01 -1.898288279771804810e-01 6.499999761581420898e-02
4.916478693485260010e-01 -1.898928135633468628e-01 6.499999761581420898e-02
4.908429086208343506e-01 -1.899567991495132446e-01 6.499999761581420898e-02
4.900379776954650879e-01 -1.900207996368408203e-01 6.499999761581420898e-02
4.892330169677734375e-01 -1.900847852230072021e-01 6.499999761581420898e-02
4.884280860424041748e-01 -1.901487708091735840e-01 6.499999761581420898e-02
4.876231551170349121e-01 -1.902127563953399658e-01 6.499999761581420898e-02
4.868181943893432617e-01 -1.902767568826675415e-01 6.499999761581420898e-02
4.860132634639739990e-01 -1.903407424688339233e-01 6.499999761581420898e-02
4.852119088172912598e-01 -1.904150694608688354e-01 6.499999761581420898e-02
4.844107627868652344e-01 -1.904900074005126953e-01 6.499999761581420898e-02
4.836096167564392090e-01 -1.905649453401565552e-01 6.499999761581420898e-02
4.828085005283355713e-01 -1.906398832798004150e-01 6.499999761581420898e-02
4.820073544979095459e-01 -1.907148361206054688e-01 6.499999761581420898e-02
4.812062084674835205e-01 -1.907897740602493286e-01 6.499999761581420898e-02
4.804050922393798828e-01 -1.908647119998931885e-01 6.499999761581420898e-02
4.796039462089538574e-01 -1.909396499395370483e-01 6.499999761581420898e-02
4.788028001785278320e-01 -1.910146027803421021e-01 6.499999761581420898e-02
4.780016541481018066e-01 -1.910895407199859619e-01 6.499999761581420898e-02
4.772005081176757812e-01 -1.911644786596298218e-01 6.499999761581420898e-02
4.764037430286407471e-01 -1.912481635808944702e-01 6.499999761581420898e-02
4.756148755550384521e-01 -1.913478076457977295e-01 6.499999761581420898e-02
4.748260378837585449e-01 -1.914474368095397949e-01 6.499999761581420898e-02
4.740371704101562500e-01 -1.915470659732818604e-01 6.499999761581420898e-02
4.732483029365539551e-01 -1.916466951370239258e-01 6.499999761581420898e-02
4.724594652652740479e-01 -1.917463392019271851e-01 6.499999761581420898e-02
4.716706275939941406e-01 -1.918459683656692505e-01 6.499999761581420898e-02
4.708817601203918457e-01 -1.919455975294113159e-01 6.499999761581420898e-02
4.700928926467895508e-01 -1.920452266931533813e-01 6.499999761581420898e-02
4.693040549755096436e-01 -1.921448707580566406e-01 6.499999761581420898e-02
4.685152173042297363e-01 -1.922444999217987061e-01 6.499999761581420898e-02
4.677308499813079834e-01 -1.923167556524276733e-01 6.499999761581420898e-02
4.670108258724212646e-01 -1.919966191053390503e-01 6.499999761581420898e-02
4.662907719612121582e-01 -1.916764825582504272e-01 6.499999761581420898e-02
4.655707478523254395e-01 -1.913563460111618042e-01 6.499999761581420898e-02
4.648507535457611084e-01 -1.910362243652343750e-01 6.499999761581420898e-02
4.641307294368743896e-01 -1.907160878181457520e-01 6.499999761581420898e-02
4.634107053279876709e-01 -1.903959512710571289e-01 6.499999761581420898e-02
4.626906514167785645e-01 -1.900758147239685059e-01 6.499999761581420898e-02
4.619706273078918457e-01 -1.897556781768798828e-01 6.499999761581420898e-02
4.612506330013275146e-01 -1.894355416297912598e-01 6.499999761581420898e-02
4.605306088924407959e-01 -1.891154050827026367e-01 6.499999761581420898e-02
4.598105847835540771e-01 -1.887952685356140137e-01 6.499999761581420898e-02
4.590905308723449707e-01 -1.884751319885253906e-01 6.499999761581420898e-02
4.583924114704132080e-01 -1.881574541330337524e-01 6.499999761581420898e-02
4.576962888240814209e-01 -1.878400146961212158e-01 6.499999761581420898e-02
4.570001363754272461e-01 -1.875225603580474854e-01 6.499999761581420898e-02
4.563039839267730713e-01 -1.872051060199737549e-01 6.499999761581420898e-02
4.556078314781188965e-01 -1.868876516819000244e-01 6.499999761581420898e-02
4.549117088317871094e-01 -1.865701973438262939e-01 6.499999761581420898e-02
4.542155563831329346e-01 -1.862527430057525635e-01 6.499999761581420898e-02
4.535194039344787598e-01 -1.859352886676788330e-01 6.499999761581420898e-02
4.528232514858245850e-01 -1.856178343296051025e-01 6.499999761581420898e-02
4.521270990371704102e-01 -1.853003799915313721e-01 6.499999761581420898e-02
4.514309763908386230e-01 -1.849829256534576416e-01 6.499999761581420898e-02
4.507375359535217285e-01 -1.846677213907241821e-01 6.499999761581420898e-02
4.500590860843658447e-01 -1.843649893999099731e-01 6.499999761581420898e-02
4.493806362152099609e-01 -1.840622574090957642e-01 6.499999761581420898e-02
4.487021863460540771e-01 -1.837595254182815552e-01 6.499999761581420898e-02
4.480237364768981934e-01 -1.834567934274673462e-01 6.499999761581420898e-02
4.473453164100646973e-01 -1.831540614366531372e-01 6.499999761581420898e-02
4.466668665409088135e-01 -1.828513294458389282e-01 6.499999761581420898e-02
4.459884166717529297e-01 -1.825485974550247192e-01 6.499999761581420898e-02
4.453099966049194336e-01 -1.822458654642105103e-01 6.499999761581420898e-02
4.446315467357635498e-01 -1.819431334733963013e-01 6.499999761581420898e-02
4.439531266689300537e-01 -1.816404014825820923e-01 6.499999761581420898e-02
4.432746767997741699e-01 -1.813376694917678833e-01 6.499999761581420898e-02
4.429130852222442627e-01 -1.807180345058441162e-01 6.499999761581420898e-02
4.426288902759552002e-01 -1.800209730863571167e-01 6.499999761581420898e-02
4.423447251319885254e-01 -1.793238967657089233e-01 6.499999761581420898e-02
4.420605897903442383e-01 -1.786268353462219238e-01 6.499999761581420898e-02
4.417763948440551758e-01 -1.779297590255737305e-01 6.499999761581420898e-02
4.414922297000885010e-01 -1.772326827049255371e-01 6.499999761581420898e-02
4.412080645561218262e-01 -1.765356212854385376e-01 6.499999761581420898e-02
4.409238994121551514e-01 -1.758385449647903442e-01 6.499999761581420898e-02
4.406397342681884766e-01 -1.751414835453033447e-01 6.499999761581420898e-02
4.403555691242218018e-01 -1.744444072246551514e-01 6.499999761581420898e-02
4.400714039802551270e-01 -1.737473458051681519e-01 6.499999761581420898e-02
4.397872388362884521e-01 -1.730502694845199585e-01 6.499999761581420898e-02
4.395189583301544189e-01 -1.723489612340927124e-01 6.499999761581420898e-02
4.392887353897094727e-01 -1.716375499963760376e-01 6.499999761581420898e-02
4.390584826469421387e-01 -1.709261089563369751e-01 6.499999761581420898e-02
4.388282299041748047e-01 -1.702146679162979126e-01 6.499999761581420898e-02
4.385980069637298584e-01 -1.695032417774200439e-01 6.499999761581420898e-02
4.383677542209625244e-01 -1.687918007373809814e-01 6.499999761581420898e-02
4.381375312805175781e-01 -1.680803745985031128e-01 6.499999761581420898e-02
4.379072785377502441e-01 -1.673689335584640503e-01 6.499999761581420898e-02
4.376770555973052979e-01 -1.666575074195861816e-01 6.499999761581420898e-02
4.374468028545379639e-01 -1.659460663795471191e-01 6.499999761581420898e-02
4.372165799140930176e-01 -1.652346253395080566e-01 6.499999761581420898e-02
4.369863271713256836e-01 -1.645232141017913818e-01 6.499999761581420898e-02
4.367561042308807373e-01 -1.638117730617523193e-01 6.499999761581420898e-02
4.365658462047576904e-01 -1.630961745977401733e-01 6.499999761581420898e-02
4.363912642002105713e-01 -1.623789519071578979e-01 6.499999761581420898e-02
4.362166523933410645e-01 -1.616617292165756226e-01 6.499999761581420898e-02
4.360420703887939453e-01 -1.609445214271545410e-01 6.499999761581420898e-02
4.358674585819244385e-01 -1.602272987365722656e-01 6.499999761581420898e-02
4.356928765773773193e-01 -1.595100760459899902e-01 6.499999761581420898e-02
4.355182647705078125e-01 -1.587928384542465210e-01 6.499999761581420898e-02
4.353436827659606934e-01 -1.580756157636642456e-01 6.499999761581420898e-02
4.351690709590911865e-01 -1.573584079742431641e-01 6.499999761581420898e-02
4.349944889545440674e-01 -1.566411852836608887e-01 6.499999761581420898e-02
4.348198771476745605e-01 -1.559239625930786133e-01 6.499999761581420898e-02
4.346452951431274414e-01 -1.552067399024963379e-01 6.499999761581420898e-02
4.344784021377563477e-01 -1.544900089502334595e-01 6.499999761581420898e-02
4.343577027320861816e-01 -1.537763178348541260e-01 6.499999761581420898e-02
4.342370331287384033e-01 -1.530626118183135986e-01 6.499999761581420898e-02
4.341163635253906250e-01 -1.523489058017730713e-01 6.499999761581420898e-02
4.339956641197204590e-01 -1.516351997852325439e-01 6.499999761581420898e-02
4.338749945163726807e-01 -1.509214788675308228e-01 6.499999761581420898e-02
4.337542951107025146e-01 -1.502077877521514893e-01 6.499999761581420898e-02
4.336336255073547363e-01 -1.494940817356109619e-01 6.499999761581420898e-02
4.335129559040069580e-01 -1.487803757190704346e-01 6.499999761581420898e-02
4.333922564983367920e-01 -1.480666697025299072e-01 6.499999761581420898e-02
4.332715868949890137e-01 -1.473529487848281860e-01 6.499999761581420898e-02
4.331509172916412354e-01 -1.466392576694488525e-01 6.499999761581420898e-02
4.330302178859710693e-01 -1.459255516529083252e-01 6.499999761581420898e-02
4.330053627490997314e-01 -1.451802551746368408e-01 6.499999761581420898e-02
4.330345094203948975e-01 -1.444171667098999023e-01 6.499999761581420898e-02
4.330636560916900635e-01 -1.436540931463241577e-01 6.499999761581420898e-02
4.330927729606628418e-01 -1.428910195827484131e-01 6.499999761581420898e-02
4.331219196319580078e-01 -1.421279311180114746e-01 6.499999761581420898e-02
4.331510663032531738e-01 -1.413648426532745361e-01 6.499999761581420898e-02
4.331801831722259521e-01 -1.406017541885375977e-01 6.499999761581420898e-02
4.332093298435211182e-01 -1.398386657238006592e-01 6.499999761581420898e-02
4.332384765148162842e-01 -1.390756070613861084e-01 6.499999761581420898e-02
4.332675933837890625e-01 -1.383125185966491699e-01 6.499999761581420898e-02
4.332967400550842285e-01 -1.375494301319122314e-01 6.499999761581420898e-02
4.333258867263793945e-01 -1.367863416671752930e-01 6.499999761581420898e-02
4.333550035953521729e-01 -1.360232532024383545e-01 6.499999761581420898e-02
4.333841502666473389e-01 -1.352601796388626099e-01 6.499999761581420898e-02
4.334132969379425049e-01 -1.344971060752868652e-01 6.499999761581420898e-02
4.334999322891235352e-01 -1.337700188159942627e-01 6.499999761581420898e-02
4.335956573486328125e-01 -1.330486238002777100e-01 6.499999761581420898e-02
4.336913824081420898e-01 -1.323272287845611572e-01 6.499999761581420898e-02
4.337871074676513672e-01 -1.316058635711669922e-01 6.499999761581420898e-02
4.338828325271606445e-01 -1.308844685554504395e-01 6.499999761581420898e-02
4.339785575866699219e-01 -1.301630735397338867e-01 6.499999761581420898e-02
4.340743124485015869e-01 -1.294416785240173340e-01 6.499999761581420898e-02
4.341700375080108643e-01 -1.287202984094619751e-01 6.499999761581420898e-02
4.342657625675201416e-01 -1.279989182949066162e-01 6.499999761581420898e-02
4.343614876270294189e-01 -1.272775232791900635e-01 6.499999761581420898e-02
4.344572126865386963e-01 -1.265561282634735107e-01 6.499999761581420898e-02
4.345529377460479736e-01 -1.258347332477569580e-01 6.499999761581420898e-02
4.346486628055572510e-01 -1.251133531332015991e-01 6.499999761581420898e-02
4.347443878650665283e-01 -1.243919655680656433e-01 6.499999761581420898e-02
4.348539710044860840e-01 -1.236884221434593201e-01 6.499999761581420898e-02
4.349889159202575684e-01 -1.230176016688346863e-01 6.499999761581420898e-02
4.351238310337066650e-01 -1.223467737436294556e-01 6.499999761581420898e-02
4.352587759494781494e-01 -1.216759458184242249e-01 6.499999761581420898e-02
4.353937208652496338e-01 -1.210051327943801880e-01 6.499999761581420898e-02
4.355286359786987305e-01 -1.203343123197555542e-01 6.499999761581420898e-02
4.356635808944702148e-01 -1.196634769439697266e-01 6.499999761581420898e-02
4.357985258102416992e-01 -1.189926639199256897e-01 6.499999761581420898e-02
4.359334409236907959e-01 -1.183218508958816528e-01 6.499999761581420898e-02
4.360683858394622803e-01 -1.176510080695152283e-01 6.499999761581420898e-02
4.362033307552337646e-01 -1.169801950454711914e-01 6.499999761581420898e-02
4.363382756710052490e-01 -1.163093596696853638e-01 6.499999761581420898e-02
4.364731907844543457e-01 -1.156385466456413269e-01 6.499999761581420898e-02
4.366081357002258301e-01 -1.149677336215972900e-01 6.499999761581420898e-02
4.367410540580749512e-01 -1.143042594194412231e-01 6.499999761581420898e-02
4.368633925914764404e-01 -1.136791184544563293e-01 6.499999761581420898e-02
4.369857609272003174e-01 -1.130539551377296448e-01 6.499999761581420898e-02
4.371080994606018066e-01 -1.124288216233253479e-01 6.499999761581420898e-02
4.372304677963256836e-01 -1.118036806583404541e-01 6.499999761581420898e-02
4.373528063297271729e-01 -1.111785173416137695e-01 6.499999761581420898e-02
4.374751746654510498e-01 -1.105533763766288757e-01 6.499999761581420898e-02
4.375975430011749268e-01 -1.099282130599021912e-01 6.499999761581420898e-02
4.377198815345764160e-01 -1.093030720949172974e-01 6.499999761581420898e-02
4.378422498703002930e-01 -1.086779385805130005e-01 6.499999761581420898e-02
4.379645884037017822e-01 -1.080527752637863159e-01 6.499999761581420898e-02
4.380869567394256592e-01 -1.074276342988014221e-01 6.499999761581420898e-02
4.382093250751495361e-01 -1.068024709820747375e-01 6.499999761581420898e-02
4.383316636085510254e-01 -1.061773300170898438e-01 6.499999761581420898e-02
4.384010434150695801e-01 -1.055489182472229004e-01 6.499999761581420898e-02
4.384022653102874756e-01 -1.049162745475769043e-01 6.499999761581420898e-02
4.384035170078277588e-01 -1.042836531996726990e-01 6.499999761581420898e-02
4.384047389030456543e-01 -1.036510095000267029e-01 6.499999761581420898e-02
4.384059607982635498e-01 -1.030183881521224976e-01 6.499999761581420898e-02
4.384071826934814453e-01 -1.023857668042182922e-01 6.499999761581420898e-02
4.384084045886993408e-01 -1.017531231045722961e-01 6.499999761581420898e-02
4.384096562862396240e-01 -1.011205017566680908e-01 6.499999761581420898e-02
4.384108781814575195e-01 -1.004878580570220947e-01 6.499999761581420898e-02
4.384121000766754150e-01 -9.985523670911788940e-02 6.499999761581420898e-02
4.384133219718933105e-01 -9.922261536121368408e-02 6.499999761581420898e-02
4.384145736694335938e-01 -9.858997166156768799e-02 6.499999761581420898e-02
4.384157955646514893e-01 -9.795735031366348267e-02 6.499999761581420898e-02
4.384170174598693848e-01 -9.732469916343688965e-02 6.499999761581420898e-02
4.384187459945678711e-01 -9.668060392141342163e-02 6.499999761581420898e-02
4.384221434593200684e-01 -9.599743783473968506e-02 6.499999761581420898e-02
4.384255409240722656e-01 -9.531424194574356079e-02 6.499999761581420898e-02
4.384289383888244629e-01 -9.463107585906982422e-02 6.499999761581420898e-02
4.384323358535766602e-01 -9.394788742065429688e-02 6.499999761581420898e-02
4.384357333183288574e-01 -9.326471388339996338e-02 6.499999761581420898e-02
4.384391605854034424e-01 -9.258154779672622681e-02 6.499999761581420898e-02
4.384425580501556396e-01 -9.189835935831069946e-02 6.499999761581420898e-02
4.384459555149078369e-01 -9.121519327163696289e-02 6.499999761581420898e-02
4.384493529796600342e-01 -9.053199738264083862e-02 6.499999761581420898e-02
4.384527504444122314e-01 -8.984883129596710205e-02 6.499999761581420898e-02
4.384561479091644287e-01 -8.916566520929336548e-02 6.499999761581420898e-02
4.384259581565856934e-01 -8.839655667543411255e-02 6.499999761581420898e-02
4.383854269981384277e-01 -8.760103583335876465e-02 6.499999761581420898e-02
4.383448660373687744e-01 -8.680547773838043213e-02 6.499999761581420898e-02
4.383043348789215088e-01 -8.600995689630508423e-02 6.499999761581420898e-02
4.382637739181518555e-01 -8.521442860364913940e-02 6.499999761581420898e-02
4.382232427597045898e-01 -8.441887795925140381e-02 6.499999761581420898e-02
4.381827116012573242e-01 -8.362334966659545898e-02 6.499999761581420898e-02
4.381421506404876709e-01 -8.282779902219772339e-02 6.499999761581420898e-02
4.381016194820404053e-01 -8.203227072954177856e-02 6.499999761581420898e-02
4.380610883235931396e-01 -8.123674988746643066e-02 6.499999761581420898e-02
4.379799962043762207e-01 -7.964567840099334717e-02 6.499999761581420898e-02
4.379935860633850098e-01 -7.906826585531234741e-02 6.499999761581420898e-02
4.380071759223937988e-01 -7.849089801311492920e-02 6.499999761581420898e-02
4.380207657814025879e-01 -7.791352272033691406e-02 6.499999761581420898e-02
4.380343556404113770e-01 -7.733615487813949585e-02 6.499999761581420898e-02
4.380479454994201660e-01 -7.675878703594207764e-02 6.499999761581420898e-02
4.380615353584289551e-01 -7.618137449026107788e-02 6.499999761581420898e-02
4.380751252174377441e-01 -7.560400664806365967e-02 6.499999761581420898e-02
4.380887150764465332e-01 -7.502663880586624146e-02 6.499999761581420898e-02
4.381023049354553223e-01 -7.444927096366882324e-02 6.499999761581420898e-02
4.381158947944641113e-01 -7.387190312147140503e-02 6.499999761581420898e-02
4.381294846534729004e-01 -7.329449057579040527e-02 6.499999761581420898e-02
4.381430745124816895e-01 -7.271712273359298706e-02 6.499999761581420898e-02
4.381566941738128662e-01 -7.213986665010452271e-02 6.499999761581420898e-02
4.381731152534484863e-01 -7.157018035650253296e-02 6.499999761581420898e-02
4.381895065307617188e-01 -7.100048661231994629e-02 6.499999761581420898e-02
4.382059276103973389e-01 -7.043075561523437500e-02 6.499999761581420898e-02
4.382223486900329590e-01 -6.986106932163238525e-02 6.499999761581420898e-02
4.382387399673461914e-01 -6.929137557744979858e-02 6.499999761581420898e-02
4.382551610469818115e-01 -6.872168928384780884e-02 6.499999761581420898e-02
4.382715523242950439e-01 -6.815199553966522217e-02 6.499999761581420898e-02
4.382879734039306641e-01 -6.758226454257965088e-02 6.499999761581420898e-02
4.383043944835662842e-01 -6.701257824897766113e-02 6.499999761581420898e-02
4.383207857608795166e-01 -6.644288450479507446e-02 6.499999761581420898e-02
4.383372068405151367e-01 -6.587319821119308472e-02 6.499999761581420898e-02
4.383535981178283691e-01 -6.530351191759109497e-02 6.499999761581420898e-02
4.383700191974639893e-01 -6.473377346992492676e-02 6.499999761581420898e-02
4.383864402770996094e-01 -6.416408717632293701e-02 6.499999761581420898e-02
4.384028315544128418e-01 -6.359440088272094727e-02 6.499999761581420898e-02
4.384192526340484619e-01 -6.302470713853836060e-02 6.499999761581420898e-02
4.384770393371582031e-01 -6.245746836066246033e-02 6.499999761581420898e-02
4.386469423770904541e-01 -6.189681217074394226e-02 6.499999761581420898e-02
4.388168454170227051e-01 -6.133620068430900574e-02 6.499999761581420898e-02
4.389867186546325684e-01 -6.077558919787406921e-02 6.499999761581420898e-02
4.391566216945648193e-01 -6.021497771143913269e-02 6.499999761581420898e-02
4.393264949321746826e-01 -5.965436622500419617e-02 6.499999761581420898e-02
4.394963979721069336e-01 -5.909371003508567810e-02 6.499999761581420898e-02
4.396662712097167969e-01 -5.853309854865074158e-02 6.499999761581420898e-02
4.398361742496490479e-01 -5.797248706221580505e-02 6.499999761581420898e-02
4.400060474872589111e-01 -5.741187557578086853e-02 6.499999761581420898e-02
4.401759505271911621e-01 -5.685126408934593201e-02 6.499999761581420898e-02
4.403458535671234131e-01 -5.629061162471771240e-02 6.499999761581420898e-02
4.405157268047332764e-01 -5.573000013828277588e-02 6.499999761581420898e-02
4.406856298446655273e-01 -5.516938865184783936e-02 6.499999761581420898e-02
4.408555030822753906e-01 -5.460877716541290283e-02 6.499999761581420898e-02
4.410254061222076416e-01 -5.404816567897796631e-02 6.499999761581420898e-02
4.411952793598175049e-01 -5.348750948905944824e-02 6.499999761581420898e-02
4.413651823997497559e-01 -5.292689800262451172e-02 6.499999761581420898e-02
4.415501952171325684e-01 -5.237403512001037598e-02 6.499999761581420898e-02
4.417757689952850342e-01 -5.184194818139076233e-02 6.499999761581420898e-02
4.420013427734375000e-01 -5.130986124277114868e-02 6.499999761581420898e-02
4.422269463539123535e-01 -5.077773705124855042e-02 6.499999761581420898e-02
4.424525201320648193e-01 -5.024565011262893677e-02 6.499999761581420898e-02
4.426781237125396729e-01 -4.971356689929962158e-02 6.499999761581420898e-02
4.429036974906921387e-01 -4.918147996068000793e-02 6.499999761581420898e-02
4.431292712688446045e-01 -4.864939674735069275e-02 6.499999761581420898e-02
4.433548748493194580e-01 -4.811726883053779602e-02 6.499999761581420898e-02
4.435804486274719238e-01 -4.758518561720848083e-02 6.499999761581420898e-02
4.438060224056243896e-01 -4.705309867858886719e-02 6.499999761581420898e-02
4.440316259860992432e-01 -4.652101546525955200e-02 6.499999761581420898e-02
4.442571997642517090e-01 -4.598892852663993835e-02 6.499999761581420898e-02
4.444828033447265625e-01 -4.545680433511734009e-02 6.499999761581420898e-02
4.447083771228790283e-01 -4.492471739649772644e-02 6.499999761581420898e-02
4.449339509010314941e-01 -4.439263045787811279e-02 6.499999761581420898e-02
4.451595246791839600e-01 -4.386054724454879761e-02 6.499999761581420898e-02
4.453851282596588135e-01 -4.332846030592918396e-02 6.499999761581420898e-02
4.456185996532440186e-01 -4.280347004532814026e-02 6.499999761581420898e-02
4.458565115928649902e-01 -4.228252917528152466e-02 6.499999761581420898e-02
4.460944533348083496e-01 -4.176158830523490906e-02 6.499999761581420898e-02
4.463323652744293213e-01 -4.124065116047859192e-02 6.499999761581420898e-02
4.465702772140502930e-01 -4.071971029043197632e-02 6.499999761581420898e-02
4.468081891536712646e-01 -4.019872844219207764e-02 6.499999761581420898e-02
4.470461010932922363e-01 -3.967778757214546204e-02 6.499999761581420898e-02
4.472840428352355957e-01 -3.915684670209884644e-02 6.499999761581420898e-02
4.475219547748565674e-01 -3.863590955734252930e-02 6.499999761581420898e-02
4.477598667144775391e-01 -3.811496868729591370e-02 6.499999761581420898e-02
4.479977786540985107e-01 -3.759398683905601501e-02 6.499999761581420898e-02
4.482356905937194824e-01 -3.707304596900939941e-02 6.499999761581420898e-02
4.484736323356628418e-01 -3.655210509896278381e-02 6.499999761581420898e-02
4.487115442752838135e-01 -3.603116422891616821e-02 6.499999761581420898e-02
4.489494562149047852e-01 -3.551022708415985107e-02 6.499999761581420898e-02
4.491873681545257568e-01 -3.498924523591995239e-02 6.499999761581420898e-02
4.494253098964691162e-01 -3.446830436587333679e-02 6.499999761581420898e-02
4.497039318084716797e-01 -3.398820385336875916e-02 6.499999761581420898e-02
4.501914680004119873e-01 -3.371755778789520264e-02 6.499999761581420898e-02
4.506790041923522949e-01 -3.344691172242164612e-02 6.499999761581420898e-02
4.511665701866149902e-01 -3.317624330520629883e-02 6.499999761581420898e-02
4.516541063785552979e-01 -3.290559351444244385e-02 6.499999761581420898e-02
4.521416425704956055e-01 -3.263494744896888733e-02 6.499999761581420898e-02
4.526291489601135254e-01 -3.236430138349533081e-02 6.499999761581420898e-02
4.531166851520538330e-01 -3.209365159273147583e-02 6.499999761581420898e-02
4.536042511463165283e-01 -3.182298317551612854e-02 6.499999761581420898e-02
4.540917873382568359e-01 -3.155233711004257202e-02 6.499999761581420898e-02
4.545793235301971436e-01 -3.128168731927871704e-02 6.499999761581420898e-02
4.550668597221374512e-01 -3.101104125380516052e-02 6.499999761581420898e-02
4.555543661117553711e-01 -3.074039332568645477e-02 6.499999761581420898e-02
4.560419321060180664e-01 -3.046972677111625671e-02 6.499999761581420898e-02
4.565294682979583740e-01 -3.019907884299755096e-02 6.499999761581420898e-02
4.570170044898986816e-01 -2.992843091487884521e-02 6.499999761581420898e-02
4.575045406818389893e-01 -2.965778298676013947e-02 6.499999761581420898e-02
4.580097198486328125e-01 -2.939928323030471802e-02 6.499999761581420898e-02
4.585193097591400146e-01 -2.914374507963657379e-02 6.499999761581420898e-02
4.590288400650024414e-01 -2.888822555541992188e-02 6.499999761581420898e-02
4.595383405685424805e-01 -2.863270789384841919e-02 6.499999761581420898e-02
4.600478708744049072e-01 -2.837718836963176727e-02 6.499999761581420898e-02
4.605574011802673340e-01 -2.812166884541511536e-02 6.499999761581420898e-02
4.610669910907745361e-01 -2.786613069474697113e-02 6.499999761581420898e-02
4.615764915943145752e-01 -2.761061117053031921e-02 6.499999761581420898e-02
4.620860219001770020e-01 -2.735509164631366730e-02 6.499999761581420898e-02
4.625955522060394287e-01 -2.709957398474216461e-02 6.499999761581420898e-02
4.631050825119018555e-01 -2.684405446052551270e-02 6.499999761581420898e-02
4.636146426200866699e-01 -2.658851630985736847e-02 6.499999761581420898e-02
4.641241729259490967e-01 -2.633299678564071655e-02 6.499999761581420898e-02
4.646337032318115234e-01 -2.607747726142406464e-02 6.499999761581420898e-02
4.651432335376739502e-01 -2.582195959985256195e-02 6.499999761581420898e-02
4.656527638435363770e-01 -2.556644007563591003e-02 6.499999761581420898e-02
4.661623239517211914e-01 -2.531090192496776581e-02 6.499999761581420898e-02
4.666881561279296875e-01 -2.506537549197673798e-02 6.499999761581420898e-02
4.672166407108306885e-01 -2.482148073613643646e-02 6.499999761581420898e-02
4.677451252937316895e-01 -2.457758784294128418e-02 6.499999761581420898e-02
4.682736098766326904e-01 -2.433369494974613190e-02 6.499999761581420898e-02
4.688021242618560791e-01 -2.408978156745433807e-02 6.499999761581420898e-02
4.693306088447570801e-01 -2.384588867425918579e-02 6.499999761581420898e-02
4.698590934276580811e-01 -2.360199391841888428e-02 6.499999761581420898e-02
4.703875780105590820e-01 -2.335810102522373199e-02 6.499999761581420898e-02
4.709160625934600830e-01 -2.311420813202857971e-02 6.499999761581420898e-02
4.714445769786834717e-01 -2.287029474973678589e-02 6.499999761581420898e-02
4.719730615615844727e-01 -2.262640185654163361e-02 6.499999761581420898e-02
4.725015461444854736e-01 -2.238250896334648132e-02 6.499999761581420898e-02
4.730300307273864746e-01 -2.213861420750617981e-02 6.499999761581420898e-02
4.735585153102874756e-01 -2.189472131431102753e-02 6.499999761581420898e-02
4.740870594978332520e-01 -2.165080979466438293e-02 6.499999761581420898e-02
4.746155142784118652e-01 -2.140691503882408142e-02 6.499999761581420898e-02
4.751439988613128662e-01 -2.116302214562892914e-02 6.499999761581420898e-02
4.756789207458496094e-01 -2.092475257813930511e-02 6.499999761581420898e-02
4.762259423732757568e-01 -2.069712616503238678e-02 6.499999761581420898e-02
4.767730534076690674e-01 -2.046948485076427460e-02 6.499999761581420898e-02
4.773200750350952148e-01 -2.024186030030250549e-02 6.499999761581420898e-02
4.778671264648437500e-01 -2.001423388719558716e-02 6.499999761581420898e-02
4.784141778945922852e-01 -1.978660933673381805e-02 6.499999761581420898e-02
4.789612293243408203e-01 -1.955898478627204895e-02 6.499999761581420898e-02
4.795083105564117432e-01 -1.933134160935878754e-02 6.499999761581420898e-02
4.800553321838378906e-01 -1.910371705889701843e-02 6.499999761581420898e-02
4.806023836135864258e-01 -1.887609250843524933e-02 6.499999761581420898e-02
4.811494350433349609e-01 -1.864846609532833099e-02 6.499999761581420898e-02
4.816964864730834961e-01 -1.842084154486656189e-02 6.499999761581420898e-02
4.822435677051544189e-01 -1.819319836795330048e-02 6.499999761581420898e-02
4.827905893325805664e-01 -1.796557381749153137e-02 6.499999761581420898e-02
4.833376407623291016e-01 -1.773794926702976227e-02 6.499999761581420898e-02
4.838846921920776367e-01 -1.751032471656799316e-02 6.499999761581420898e-02
4.844317436218261719e-01 -1.728269830346107483e-02 6.499999761581420898e-02
4.849788248538970947e-01 -1.705505698919296265e-02 6.499999761581420898e-02
4.855314493179321289e-01 -1.683410629630088806e-02 6.499999761581420898e-02
4.860953390598297119e-01 -1.662658713757991791e-02 6.499999761581420898e-02
4.866591989994049072e-01 -1.641906984150409698e-02 6.499999761581420898e-02
4.872230887413024902e-01 -1.621155068278312683e-02 6.499999761581420898e-02
4.877870082855224609e-01 -1.600401662290096283e-02 6.499999761581420898e-02
4.883508980274200439e-01 -1.579649746417999268e-02 6.499999761581420898e-02
4.889147579669952393e-01 -1.558897923678159714e-02 6.499999761581420898e-02
4.894786477088928223e-01 -1.538146100938320160e-02 6.499999761581420898e-02
4.900425076484680176e-01 -1.517394278198480606e-02 6.499999761581420898e-02
4.906064271926879883e-01 -1.496640779078006744e-02 6.499999761581420898e-02
4.911703169345855713e-01 -1.475888956338167191e-02 6.499999761581420898e-02
4.917342066764831543e-01 -1.455137133598327637e-02 6.499999761581420898e-02
4.922980666160583496e-01 -1.434385217726230621e-02 6.499999761581420898e-02
4.928619563579559326e-01 -1.413633394986391068e-02 6.499999761581420898e-02
4.934258759021759033e-01 -1.392879988998174667e-02 6.499999761581420898e-02
4.939897358417510986e-01 -1.372128166258335114e-02 6.499999761581420898e-02
4.945536255836486816e-01 -1.351376250386238098e-02 6.499999761581420898e-02
4.951175153255462646e-01 -1.330624427646398544e-02 6.499999761581420898e-02
4.956813752651214600e-01 -1.309872604906558990e-02 6.499999761581420898e-02
4.962580800056457520e-01 -1.291206479072570801e-02 6.499999761581420898e-02
4.968359470367431641e-01 -1.272737514227628708e-02 6.499999761581420898e-02
4.974138140678405762e-01 -1.254268456250429153e-02 6.499999761581420898e-02
4.979916810989379883e-01 -1.235799491405487061e-02 6.499999761581420898e-02
4.985695481300354004e-01 -1.217330433428287506e-02 6.499999761581420898e-02
4.991474747657775879e-01 -1.198860071599483490e-02 6.499999761581420898e-02
4.997253417968750000e-01 -1.180391013622283936e-02 6.499999761581420898e-02
5.003032088279724121e-01 -1.161922048777341843e-02 6.499999761581420898e-02
5.008810758590698242e-01 -1.143453083932399750e-02 6.499999761581420898e-02
5.014589428901672363e-01 -1.124984025955200195e-02 6.499999761581420898e-02
5.020368695259094238e-01 -1.106513664126396179e-02 6.499999761581420898e-02
5.026147365570068359e-01 -1.088044606149196625e-02 6.499999761581420898e-02
5.031926035881042480e-01 -1.069575641304254532e-02 6.499999761581420898e-02
5.037704706192016602e-01 -1.051106583327054977e-02 6.499999761581420898e-02
5.043483376502990723e-01 -1.032637618482112885e-02 6.499999761581420898e-02
5.049262046813964844e-01 -1.014167256653308868e-02 6.499999761581420898e-02
5.055040717124938965e-01 -9.956981986761093140e-03 6.499999761581420898e-02
5.060819387435913086e-01 -9.772291406989097595e-03 6.499999761581420898e-02
5.066620111465454102e-01 -9.592853486537933350e-03 6.499999761581420898e-02
5.072503089904785156e-01 -9.432983584702014923e-03 6.499999761581420898e-02
5.078386068344116211e-01 -9.273101575672626495e-03 6.499999761581420898e-02
5.084269046783447266e-01 -9.113231673836708069e-03 6.499999761581420898e-02
5.090152025222778320e-01 -8.953361772000789642e-03 6.499999761581420898e-02
5.096035003662109375e-01 -8.793491870164871216e-03 6.499999761581420898e-02
5.101917386054992676e-01 -8.633622899651527405e-03 6.499999761581420898e-02
5.107800960540771484e-01 -8.473740890622138977e-03 6.499999761581420898e-02
5.113683938980102539e-01 -8.313870988786220551e-03 6.499999761581420898e-02
5.119566321372985840e-01 -8.154001086950302124e-03 6.499999761581420898e-02
5.125449299812316895e-01 -7.994131185114383698e-03 6.499999761581420898e-02
5.131332278251647949e-01 -7.834261283278465271e-03 6.499999761581420898e-02
5.137215256690979004e-01 -7.674379739910364151e-03 6.499999761581420898e-02
5.143098235130310059e-01 -7.514509372413158417e-03 6.499999761581420898e-02
5.148981213569641113e-01 -7.354639936238527298e-03 6.499999761581420898e-02
5.154864192008972168e-01 -7.194770034402608871e-03 6.499999761581420898e-02
5.160746574401855469e-01 -7.034900598227977753e-03 6.499999761581420898e-02
5.166630148887634277e-01 -6.875018589198589325e-03 6.499999761581420898e-02
5.172513127326965332e-01 -6.715148687362670898e-03 6.499999761581420898e-02
5.178413391113281250e-01 -6.561608985066413879e-03 6.499999761581420898e-02
5.184344649314880371e-01 -6.419310346245765686e-03 6.499999761581420898e-02
5.190275907516479492e-01 -6.277012173086404800e-03 6.499999761581420898e-02
5.196207761764526367e-01 -6.134703289717435837e-03 6.499999761581420898e-02
5.202139019966125488e-01 -5.992404650896787643e-03 6.499999761581420898e-02
5.208070278167724609e-01 -5.850106477737426758e-03 6.499999761581420898e-02
5.214001536369323730e-01 -5.707808304578065872e-03 6.499999761581420898e-02
5.219932794570922852e-01 -5.565510131418704987e-03 6.499999761581420898e-02
5.225864648818969727e-01 -5.423200782388448715e-03 6.499999761581420898e-02
5.231795907020568848e-01 -5.280902609229087830e-03 6.499999761581420898e-02
5.237727165222167969e-01 -5.138603970408439636e-03 6.499999761581420898e-02
5.243658423423767090e-01 -4.996305797249078751e-03 6.499999761581420898e-02
5.249589681625366211e-01 -4.854007624089717865e-03 6.499999761581420898e-02
5.255521535873413086e-01 -4.711698275059461594e-03 6.499999761581420898e-02
5.261452794075012207e-01 -4.569400101900100708e-03 6.499999761581420898e-02
5.267384052276611328e-01 -4.427101463079452515e-03 6.499999761581420898e-02
5.273315906524658203e-01 -4.284803755581378937e-03 6.499999761581420898e-02
5.279247164726257324e-01 -4.142505116760730743e-03 6.499999761581420898e-02
5.285178422927856445e-01 -4.000196233391761780e-03 6.499999761581420898e-02
5.291126966476440430e-01 -3.867038059979677200e-03 6.499999761581420898e-02
5.297092199325561523e-01 -3.743468783795833588e-03 6.499999761581420898e-02
5.303058028221130371e-01 -3.619899507611989975e-03 6.499999761581420898e-02
5.309023857116699219e-01 -3.496330231428146362e-03 6.499999761581420898e-02
5.314990282058715820e-01 -3.372751642018556595e-03 6.499999761581420898e-02
5.320955514907836914e-01 -3.249182365834712982e-03 6.499999761581420898e-02
5.326921343803405762e-01 -3.125613089650869370e-03 6.499999761581420898e-02
5.332887172698974609e-01 -3.002043813467025757e-03 6.499999761581420898e-02
5.338853001594543457e-01 -2.878474537283182144e-03 6.499999761581420898e-02
5.344818830490112305e-01 -2.754895947873592377e-03 6.499999761581420898e-02
5.350784659385681152e-01 -2.631326671689748764e-03 6.499999761581420898e-02
5.356750488281250000e-01 -2.507757395505905151e-03 6.499999761581420898e-02
5.362716317176818848e-01 -2.384188119322061539e-03 6.499999761581420898e-02
5.368682146072387695e-01 -2.260618843138217926e-03 6.499999761581420898e-02
5.374647974967956543e-01 -2.137040020897984505e-03 6.499999761581420898e-02
5.380613803863525391e-01 -2.013470511883497238e-03 6.499999761581420898e-02
5.386579632759094238e-01 -1.889901468530297279e-03 6.499999761581420898e-02
5.392545461654663086e-01 -1.766332192346453667e-03 6.499999761581420898e-02
5.398510694503784180e-01 -1.642762916162610054e-03 6.499999761581420898e-02
5.403358936309814453e-01 -1.554669579491019249e-03 6.499999761581420898e-02
5.407560467720031738e-01 -1.487076049670577049e-03 6.499999761581420898e-02
5.411762595176696777e-01 -1.419482519850134850e-03 6.499999761581420898e-02
5.415964126586914062e-01 -1.351889106445014477e-03 6.499999761581420898e-02
5.420165657997131348e-01 -1.284295576624572277e-03 6.499999761581420898e-02
5.424367785453796387e-01 -1.216696924529969692e-03 6.499999761581420898e-02
5.428569912910461426e-01 -1.149103394709527493e-03 6.499999761581420898e-02
5.432771444320678711e-01 -1.081509981304407120e-03 6.499999761581420898e-02
5.436972975730895996e-01 -1.013916451483964920e-03 6.499999761581420898e-02
5.441175103187561035e-01 -9.463229216635227203e-04 6.499999761581420898e-02
5.445376634597778320e-01 -8.787242113612592220e-04 6.499999761581420898e-02
5.449578762054443359e-01 -8.111307397484779358e-04 6.499999761581420898e-02
5.453780293464660645e-01 -7.435371517203748226e-04 6.499999761581420898e-02
5.457982420921325684e-01 -6.759437383152544498e-04 6.499999761581420898e-02
5.462183952331542969e-01 -6.083501502871513367e-04 6.499999761581420898e-02
5.466386079788208008e-01 -5.407514981925487518e-04 6.499999761581420898e-02
5.470587611198425293e-01 -4.731580847874283791e-04 6.499999761581420898e-02
5.474789738655090332e-01 -4.055645549669861794e-04 6.499999761581420898e-02
5.478991270065307617e-01 -3.379710251465439796e-04 6.499999761581420898e-02
5.483192801475524902e-01 -2.703774953261017799e-04 6.499999761581420898e-02
5.487394928932189941e-01 -2.027788432314991951e-04 6.499999761581420898e-02
5.491596460342407227e-01 -1.351854298263788223e-04 6.499999761581420898e-02
5.500000119209289551e-01 0.000000000000000000e+00 6.499999761581420898e-02
