3.780464529991149902e-01 -4.511298239231109619e-01 6.499999761581420898e-02
3.784424960613250732e-01 -4.510164260864257812e-01 6.499999761581420898e-02
3.788385391235351562e-01 -4.509030282497406006e-01 6.499999761581420898e-02
3.792346119880676270e-01 -4.507896304130554199e-01 6.499999761581420898e-02
3.796306550502777100e-01 -4.506762325763702393e-01 6.499999761581420898e-02
3.800266981124877930e-01 -4.505628347396850586e-01 6.499999761581420898e-02
3.804227411746978760e-01 -4.504494369029998779e-01 6.499999761581420898e-02
3.808187842369079590e-01 -4.503360390663146973e-01 6.499999761581420898e-02
3.812148571014404297e-01 -4.502226412296295166e-01 6.499999761581420898e-02
3.816109001636505127e-01 -4.501092433929443359e-01 6.499999761581420898e-02
3.820069432258605957e-01 -4.499958455562591553e-01 6.499999761581420898e-02
3.824029862880706787e-01 -4.498824477195739746e-01 6.499999761581420898e-02
3.827990293502807617e-01 -4.497690498828887939e-01 6.499999761581420898e-02
3.831951022148132324e-01 -4.496556520462036133e-01 6.499999761581420898e-02
3.835911452770233154e-01 -4.495422542095184326e-01 6.499999761581420898e-02
3.839871883392333984e-01 -4.494288563728332520e-01 6.499999761581420898e-02
3.843832314014434814e-01 -4.493154585361480713e-01 6.499999761581420898e-02
3.847792744636535645e-01 -4.492020606994628906e-01 6.499999761581420898e-02
3.851753473281860352e-01 -4.490886628627777100e-01 6.499999761581420898e-02
3.855713903903961182e-01 -4.489752650260925293e-01 6.499999761581420898e-02
3.859674334526062012e-01 -4.488618671894073486e-01 6.499999761581420898e-02
3.863634765148162842e-01 -4.487484693527221680e-01 6.499999761581420898e-02
3.867595493793487549e-01 -4.486350715160369873e-01 6.499999761581420898e-02
3.871555924415588379e-01 -4.485216736793518066e-01 6.499999761581420898e-02
3.877068161964416504e-01 -4.483494460582733154e-01 6.499999761581420898e-02
3.883098065853118896e-01 -4.481575787067413330e-01 6.499999761581420898e-02
3.889128267765045166e-01 -4.479657113552093506e-01 6.499999761581420898e-02
3.895158171653747559e-01 -4.477738738059997559e-01 6.499999761581420898e-02
3.901188075542449951e-01 -4.475820064544677734e-01 6.499999761581420898e-02
3.907217979431152344e-01 -4.473901391029357910e-01 6.499999761581420898e-02
3.913248181343078613e-01 -4.471982717514038086e-01 6.499999761581420898e-02
3.919278085231781006e-01 -4.470064342021942139e-01 6.499999761581420898e-02
3.925307989120483398e-01 -4.468145668506622314e-01 6.499999761581420898e-02
3.931338191032409668e-01 -4.466226994991302490e-01 6.499999761581420898e-02
3.937368094921112061e-01 -4.464308619499206543e-01 6.499999761581420898e-02
3.943397998809814453e-01 -4.462389945983886719e-01 6.499999761581420898e-02
3.949427902698516846e-01 -4.460471272468566895e-01 6.499999761581420898e-02
3.955458104610443115e-01 -4.458552598953247070e-01 6.499999761581420898e-02
3.961488008499145508e-01 -4.456634223461151123e-01 6.499999761581420898e-02
3.967517912387847900e-01 -4.454715549945831299e-01 6.499999761581420898e-02
3.973548114299774170e-01 -4.452796876430511475e-01 6.499999761581420898e-02
3.979578018188476562e-01 -4.450878500938415527e-01 6.499999761581420898e-02
3.985607922077178955e-01 -4.448959827423095703e-01 6.499999761581420898e-02
3.991638123989105225e-01 -4.447041153907775879e-01 6.499999761581420898e-02
3.997668027877807617e-01 -4.445122480392456055e-01 6.499999761581420898e-02
4.003024697303771973e-01 -4.442996382713317871e-01 6.499999761581420898e-02
4.008329510688781738e-01 -4.440853893756866455e-01 6.499999761581420898e-02
4.013634324073791504e-01 -4.438711702823638916e-01 6.499999761581420898e-02
4.018939137458801270e-01 -4.436569213867187500e-01 6.499999761581420898e-02
4.024243950843811035e-01 -4.434427022933959961e-01 6.499999761581420898e-02
4.029548466205596924e-01 -4.432284832000732422e-01 6.499999761581420898e-02
4.034853279590606689e-01 -4.430142343044281006e-01 6.499999761581420898e-02
4.040158092975616455e-01 -4.428000152111053467e-01 6.499999761581420898e-02
4.045462906360626221e-01 -4.425857663154602051e-01 6.499999761581420898e-02
4.050767719745635986e-01 -4.423715472221374512e-01 6.499999761581420898e-02
4.056072235107421875e-01 -4.421572983264923096e-01 6.499999761581420898e-02
4.061377048492431641e-01 -4.419430792331695557e-01 6.499999761581420898e-02
4.066681861877441406e-01 -4.417288303375244141e-01 6.499999761581420898e-02
4.071986675262451172e-01 -4.415146112442016602e-01 6.499999761581420898e-02
4.077291488647460938e-01 -4.413003921508789062e-01 6.499999761581420898e-02
4.082596004009246826e-01 -4.410861432552337646e-01 6.499999761581420898e-02
4.087900817394256592e-01 -4.408719241619110107e-01 6.499999761581420898e-02
4.093320965766906738e-01 -4.406396448612213135e-01 6.499999761581420898e-02
4.098832011222839355e-01 -4.403932094573974609e-01 6.499999761581420898e-02
4.104342758655548096e-01 -4.401467740535736084e-01 6.499999761581420898e-02
4.109853506088256836e-01 -4.399003386497497559e-01 6.499999761581420898e-02
4.115364253520965576e-01 -4.396539032459259033e-01 6.499999761581420898e-02
4.120875000953674316e-01 -4.394074976444244385e-01 6.499999761581420898e-02
4.126386046409606934e-01 -4.391610622406005859e-01 6.499999761581420898e-02
4.131896793842315674e-01 -4.389146268367767334e-01 6.499999761581420898e-02
4.137407541275024414e-01 -4.386681914329528809e-01 6.499999761581420898e-02
4.142918288707733154e-01 -4.384217560291290283e-01 6.499999761581420898e-02
4.148429036140441895e-01 -4.381753504276275635e-01 6.499999761581420898e-02
4.155244827270507812e-01 -4.374984502792358398e-01 6.499999761581420898e-02
4.162060618400573730e-01 -4.368215203285217285e-01 6.499999761581420898e-02
4.168876409530639648e-01 -4.361446201801300049e-01 6.499999761581420898e-02
4.175692200660705566e-01 -4.354677200317382812e-01 6.499999761581420898e-02
4.182507991790771484e-01 -4.347908198833465576e-01 6.499999761581420898e-02
4.189323782920837402e-01 -4.341138899326324463e-01 6.499999761581420898e-02
4.196683168411254883e-01 -4.334000647068023682e-01 6.499999761581420898e-02
4.208270907402038574e-01 -4.323990345001220703e-01 6.499999761581420898e-02
4.219858646392822266e-01 -4.313980042934417725e-01 6.499999761581420898e-02
4.231446385383605957e-01 -4.303969740867614746e-01 6.499999761581420898e-02
4.243034124374389648e-01 -4.293959438800811768e-01 6.499999761581420898e-02
4.254621863365173340e-01 -4.283949136734008789e-01 6.499999761581420898e-02
4.266656935214996338e-01 -4.273652732372283936e-01 6.499999761581420898e-02
4.278832972049713135e-01 -4.263266324996948242e-01 6.499999761581420898e-02
4.291009008884429932e-01 -4.252879619598388672e-01 6.499999761581420898e-02
4.303185045719146729e-01 -4.242493212223052979e-01 6.499999761581420898e-02
4.315361082553863525e-01 -4.232106506824493408e-01 6.499999761581420898e-02
4.327547252178192139e-01 -4.221682548522949219e-01 6.499999761581420898e-02
4.339804947376251221e-01 -4.211004376411437988e-01 6.499999761581420898e-02
4.352062344551086426e-01 -4.200326204299926758e-01 6.499999761581420898e-02
4.364320039749145508e-01 -4.189648032188415527e-01 6.499999761581420898e-02
4.376577436923980713e-01 -4.178969860076904297e-01 6.499999761581420898e-02
4.388834834098815918e-01 -4.168291687965393066e-01 6.499999761581420898e-02
4.402828514575958252e-01 -4.159918725490570068e-01 6.499999761581420898e-02
4.420049190521240234e-01 -4.155831038951873779e-01 6.499999761581420898e-02
4.437270164489746094e-01 -4.151743650436401367e-01 6.499999761581420898e-02
4.454490840435028076e-01 -4.147656261920928955e-01 6.499999761581420898e-02
4.471711814403533936e-01 -4.143568575382232666e-01 6.499999761581420898e-02
4.488932490348815918e-01 -4.139481186866760254e-01 6.499999761581420898e-02
4.506153464317321777e-01 -4.135393500328063965e-01 6.499999761581420898e-02
4.523435533046722412e-01 -4.131532013416290283e-01 6.499999761581420898e-02
4.540805816650390625e-01 -4.127994179725646973e-01 6.499999761581420898e-02
4.558176100254058838e-01 -4.124456346035003662e-01 6.499999761581420898e-02
4.575546085834503174e-01 -4.120918214321136475e-01 6.499999761581420898e-02
4.592916369438171387e-01 -4.117380380630493164e-01 6.499999761581420898e-02
4.610286355018615723e-01 -4.113842546939849854e-01 6.499999761581420898e-02
4.627656638622283936e-01 -4.110304713249206543e-01 6.499999761581420898e-02
4.645079970359802246e-01 -4.107114374637603760e-01 6.499999761581420898e-02
4.662563800811767578e-01 -4.104321599006652832e-01 6.499999761581420898e-02
4.680047631263732910e-01 -4.101528823375701904e-01 6.499999761581420898e-02
4.697531759738922119e-01 -4.098736047744750977e-01 6.499999761581420898e-02
4.715015888214111328e-01 -4.095943272113800049e-01 6.499999761581420898e-02
4.732499718666076660e-01 -4.093150794506072998e-01 6.499999761581420898e-02
4.749983549118041992e-01 -4.090358018875122070e-01 6.499999761581420898e-02
4.767473638057708740e-01 -4.087968468666076660e-01 6.499999761581420898e-02
4.784968495368957520e-01 -4.085931181907653809e-01 6.499999761581420898e-02
4.802463650703430176e-01 -4.083893895149230957e-01 6.499999761581420898e-02
4.819958508014678955e-01 -4.081856608390808105e-01 6.499999761581420898e-02
4.837453663349151611e-01 -4.079819321632385254e-01 6.499999761581420898e-02
4.854948818683624268e-01 -4.077781736850738525e-01 6.499999761581420898e-02
4.872443675994873047e-01 -4.075744450092315674e-01 6.499999761581420898e-02
4.889678657054901123e-01 -4.076107442378997803e-01 6.499999761581420898e-02
4.906777739524841309e-01 -4.077724814414978027e-01 6.499999761581420898e-02
4.923876821994781494e-01 -4.079342484474182129e-01 6.499999761581420898e-02
4.940975606441497803e-01 -4.080959856510162354e-01 6.499999761581420898e-02
4.958074688911437988e-01 -4.082577228546142578e-01 6.499999761581420898e-02
4.975173771381378174e-01 -4.084194600582122803e-01 6.499999761581420898e-02
4.992268681526184082e-01 -4.085880219936370850e-01 6.499999761581420898e-02
5.009332895278930664e-01 -4.088068604469299316e-01 6.499999761581420898e-02
5.026397705078125000e-01 -4.090256690979003906e-01 6.499999761581420898e-02
5.043461918830871582e-01 -4.092445075511932373e-01 6.499999761581420898e-02
5.060526728630065918e-01 -4.094633460044860840e-01 6.499999761581420898e-02
5.077590942382812500e-01 -4.096821546554565430e-01 6.499999761581420898e-02
5.094655156135559082e-01 -4.099009931087493896e-01 6.499999761581420898e-02
5.111708641052246094e-01 -4.101225435733795166e-01 6.499999761581420898e-02
5.128753781318664551e-01 -4.103460907936096191e-01 6.499999761581420898e-02
5.145798921585083008e-01 -4.105696678161621094e-01 6.499999761581420898e-02
5.162844061851501465e-01 -4.107932448387145996e-01 6.499999761581420898e-02
5.179888606071472168e-01 -4.110168218612670898e-01 6.499999761581420898e-02
5.196933746337890625e-01 -4.112403690814971924e-01 6.499999761581420898e-02
5.213979482650756836e-01 -4.114623367786407471e-01 6.499999761581420898e-02
5.231040716171264648e-01 -4.116342067718505859e-01 6.499999761581420898e-02
5.248101353645324707e-01 -4.118061065673828125e-01 6.499999761581420898e-02
5.265162587165832520e-01 -4.119779765605926514e-01 6.499999761581420898e-02
5.282223820686340332e-01 -4.121498465538024902e-01 6.499999761581420898e-02
5.299284458160400391e-01 -4.123217165470123291e-01 6.499999761581420898e-02
5.316345691680908203e-01 -4.124935865402221680e-01 6.499999761581420898e-02
5.333368778228759766e-01 -4.126278758049011230e-01 6.499999761581420898e-02
5.350354313850402832e-01 -4.127251803874969482e-01 6.499999761581420898e-02
5.367339849472045898e-01 -4.128225147724151611e-01 6.499999761581420898e-02
5.384325385093688965e-01 -4.129198491573333740e-01 6.499999761581420898e-02
5.401310920715332031e-01 -4.130171835422515869e-01 6.499999761581420898e-02
5.418296456336975098e-01 -4.131145179271697998e-01 6.499999761581420898e-02
5.435295104980468750e-01 -4.131987392902374268e-01 6.499999761581420898e-02
5.452519059181213379e-01 -4.130606949329376221e-01 6.499999761581420898e-02
5.469743013381958008e-01 -4.129226207733154297e-01 6.499999761581420898e-02
5.486966967582702637e-01 -4.127845466136932373e-01 6.499999761581420898e-02
5.504190921783447266e-01 -4.126465022563934326e-01 6.499999761581420898e-02
5.521414875984191895e-01 -4.125084280967712402e-01 6.499999761581420898e-02
5.538638830184936523e-01 -4.123703539371490479e-01 6.499999761581420898e-02
5.555769801139831543e-01 -4.122018814086914062e-01 6.499999761581420898e-02
5.572749972343444824e-01 -4.119839966297149658e-01 6.499999761581420898e-02
5.589729547500610352e-01 -4.117661118507385254e-01 6.499999761581420898e-02
5.606709718704223633e-01 -4.115482270717620850e-01 6.499999761581420898e-02
5.623689293861389160e-01 -4.113303720951080322e-01 6.499999761581420898e-02
5.640669465065002441e-01 -4.111124873161315918e-01 6.499999761581420898e-02
5.657649040222167969e-01 -4.108946025371551514e-01 6.499999761581420898e-02
5.674350261688232422e-01 -4.106188118457794189e-01 6.499999761581420898e-02
5.690979957580566406e-01 -4.103282988071441650e-01 6.499999761581420898e-02
5.707610249519348145e-01 -4.100377857685089111e-01 6.499999761581420898e-02
5.724239945411682129e-01 -4.097472727298736572e-01 6.499999761581420898e-02
5.740870237350463867e-01 -4.094567298889160156e-01 6.499999761581420898e-02
5.757499933242797852e-01 -4.091662168502807617e-01 6.499999761581420898e-02
5.773982405662536621e-01 -4.088536202907562256e-01 6.499999761581420898e-02
5.790178179740905762e-01 -4.084983170032501221e-01 6.499999761581420898e-02
5.806374549865722656e-01 -4.081429839134216309e-01 6.499999761581420898e-02
5.822570919990539551e-01 -4.077876806259155273e-01 6.499999761581420898e-02
5.838767290115356445e-01 -4.074323475360870361e-01 6.499999761581420898e-02
5.854963064193725586e-01 -4.070770144462585449e-01 6.499999761581420898e-02
5.871109366416931152e-01 -4.067111909389495850e-01 6.499999761581420898e-02
5.886201262474060059e-01 -4.061244428157806396e-01 6.499999761581420898e-02
5.901292562484741211e-01 -4.055377244949340820e-01 6.499999761581420898e-02
5.916384458541870117e-01 -4.049509763717651367e-01 6.499999761581420898e-02
5.931476354598999023e-01 -4.043642580509185791e-01 6.499999761581420898e-02
5.946567654609680176e-01 -4.037775099277496338e-01 6.499999761581420898e-02
5.961659550666809082e-01 -4.031907618045806885e-01 6.499999761581420898e-02
5.976265668869018555e-01 -4.025507867336273193e-01 6.499999761581420898e-02
5.990862250328063965e-01 -4.019097387790679932e-01 6.499999761581420898e-02
6.005458831787109375e-01 -4.012687206268310547e-01 6.499999761581420898e-02
6.020054817199707031e-01 -4.006277024745941162e-01 6.499999761581420898e-02
6.034651398658752441e-01 -3.999866843223571777e-01 6.499999761581420898e-02
6.049222946166992188e-01 -3.993436992168426514e-01 6.499999761581420898e-02
6.063308119773864746e-01 -3.986626267433166504e-01 6.499999761581420898e-02
6.077393293380737305e-01 -3.979815542697906494e-01 6.499999761581420898e-02
6.091478466987609863e-01 -3.973004817962646484e-01 6.499999761581420898e-02
6.105563640594482422e-01 -3.966193795204162598e-01 6.499999761581420898e-02
6.119648218154907227e-01 -3.959383368492126465e-01 6.499999761581420898e-02
6.132907867431640625e-01 -3.951145112514495850e-01 6.499999761581420898e-02
6.143888235092163086e-01 -3.938965499401092529e-01 6.499999761581420898e-02
6.154868006706237793e-01 -3.926785886287689209e-01 6.499999761581420898e-02
6.165847778320312500e-01 -3.914605975151062012e-01 6.499999761581420898e-02
6.176827549934387207e-01 -3.902426362037658691e-01 6.499999761581420898e-02
6.187807321548461914e-01 -3.890246748924255371e-01 6.499999761581420898e-02
6.198787093162536621e-01 -3.878067135810852051e-01 6.499999761581420898e-02
6.204402446746826172e-01 -3.862817287445068359e-01 6.499999761581420898e-02
6.208474040031433105e-01 -3.846683800220489502e-01 6.499999761581420898e-02
6.212546229362487793e-01 -3.830550312995910645e-01 6.499999761581420898e-02
6.216617822647094727e-01 -3.814416825771331787e-01 6.499999761581420898e-02
6.220689415931701660e-01 -3.798283040523529053e-01 6.499999761581420898e-02
6.224761009216308594e-01 -3.782149553298950195e-01 6.499999761581420898e-02
6.228351593017578125e-01 -3.765962719917297363e-01 6.499999761581420898e-02
6.230257153511047363e-01 -3.749589622020721436e-01 6.499999761581420898e-02
6.232163310050964355e-01 -3.733216524124145508e-01 6.499999761581420898e-02
6.234068870544433594e-01 -3.716843128204345703e-01 6.499999761581420898e-02
6.235974431037902832e-01 -3.700470030307769775e-01 6.499999761581420898e-02
6.237880587577819824e-01 -3.684096634387969971e-01 6.499999761581420898e-02
6.239786148071289062e-01 -3.667723536491394043e-01 6.499999761581420898e-02
6.241175532341003418e-01 -3.650893568992614746e-01 6.499999761581420898e-02
6.242539286613464355e-01 -3.634041845798492432e-01 6.499999761581420898e-02
6.243903636932373047e-01 -3.617190122604370117e-01 6.499999761581420898e-02
6.245267987251281738e-01 -3.600338399410247803e-01 6.499999761581420898e-02
6.246631741523742676e-01 -3.583486676216125488e-01 6.499999761581420898e-02
6.247996091842651367e-01 -3.566634953022003174e-01 6.499999761581420898e-02
6.249055862426757812e-01 -3.549590110778808594e-01 6.499999761581420898e-02
6.249755620956420898e-01 -3.532316982746124268e-01 6.499999761581420898e-02
6.250455379486083984e-01 -3.515043854713439941e-01 6.499999761581420898e-02
6.251154541969299316e-01 -3.497770726680755615e-01 6.499999761581420898e-02
6.251854300498962402e-01 -3.480497300624847412e-01 6.499999761581420898e-02
6.252554059028625488e-01 -3.463224172592163086e-01 6.499999761581420898e-02
6.253253817558288574e-01 -3.445951044559478760e-01 6.499999761581420898e-02
6.253388524055480957e-01 -3.428425490856170654e-01 6.499999761581420898e-02
6.253334879875183105e-01 -3.410815596580505371e-01 6.499999761581420898e-02
6.253281235694885254e-01 -3.393205702304840088e-01 6.499999761581420898e-02
6.253227591514587402e-01 -3.375596404075622559e-01 6.499999761581420898e-02
6.253173351287841797e-01 -3.357986509799957275e-01 6.499999761581420898e-02
6.253119707107543945e-01 -3.340376615524291992e-01 6.499999761581420898e-02
6.253066062927246094e-01 -3.322767019271850586e-01 6.499999761581420898e-02
6.253841519355773926e-01 -3.305257260799407959e-01 6.499999761581420898e-02
6.254752874374389648e-01 -3.287763893604278564e-01 6.499999761581420898e-02
6.255664229393005371e-01 -3.270270526409149170e-01 6.499999761581420898e-02
6.256575584411621094e-01 -3.252777159214019775e-01 6.499999761581420898e-02
6.257487535476684570e-01 -3.235283792018890381e-01 6.499999761581420898e-02
6.258398890495300293e-01 -3.217790126800537109e-01 6.499999761581420898e-02
6.259289979934692383e-01 -3.200296759605407715e-01 6.499999761581420898e-02
6.259952783584594727e-01 -3.182798922061920166e-01 6.499999761581420898e-02
6.260615587234497070e-01 -3.165301084518432617e-01 6.499999761581420898e-02
6.261278390884399414e-01 -3.147803246974945068e-01 6.499999761581420898e-02
6.261941194534301758e-01 -3.130305409431457520e-01 6.499999761581420898e-02
6.262604594230651855e-01 -3.112807869911193848e-01 6.499999761581420898e-02
6.263267397880554199e-01 -3.095310330390930176e-01 6.499999761581420898e-02
6.263841390609741211e-01 -3.077816963195800781e-01 6.499999761581420898e-02
6.264213323593139648e-01 -3.060334026813507080e-01 6.499999761581420898e-02
6.264584660530090332e-01 -3.042850792407989502e-01 6.499999761581420898e-02
6.264955997467041016e-01 -3.025368154048919678e-01 6.499999761581420898e-02
6.265327930450439453e-01 -3.007885217666625977e-01 6.499999761581420898e-02
6.265699267387390137e-01 -2.990402281284332275e-01 6.499999761581420898e-02
6.266070604324340820e-01 -2.972919344902038574e-01 6.499999761581420898e-02
6.266078948974609375e-01 -2.955484986305236816e-01 6.499999761581420898e-02
6.265770196914672852e-01 -2.938093245029449463e-01 6.499999761581420898e-02
6.265460848808288574e-01 -2.920701205730438232e-01 6.499999761581420898e-02
6.265151500701904297e-01 -2.903308868408203125e-01 6.499999761581420898e-02
6.264842748641967773e-01 -2.885916829109191895e-01 6.499999761581420898e-02
6.264533400535583496e-01 -2.868524789810180664e-01 6.499999761581420898e-02
6.264224648475646973e-01 -2.851133048534393311e-01 6.499999761581420898e-02
6.263294219970703125e-01 -2.833935320377349854e-01 6.499999761581420898e-02
6.262211799621582031e-01 -2.816784679889678955e-01 6.499999761581420898e-02
6.261129975318908691e-01 -2.799634337425231934e-01 6.499999761581420898e-02
6.260048151016235352e-01 -2.782483696937561035e-01 6.499999761581420898e-02
6.258965730667114258e-01 -2.765333354473114014e-01 6.499999761581420898e-02
6.257883906364440918e-01 -2.748183012008666992e-01 6.499999761581420898e-02
6.256639957427978516e-01 -2.730973660945892334e-01 6.499999761581420898e-02
6.254609823226928711e-01 -2.713479399681091309e-01 6.499999761581420898e-02
6.252579092979431152e-01 -2.695985138416290283e-01 6.499999761581420898e-02
6.250548958778381348e-01 -2.678491473197937012e-01 6.499999761581420898e-02
6.248518824577331543e-01 -2.660997211933135986e-01 6.499999761581420898e-02
6.246488690376281738e-01 -2.643502950668334961e-01 6.499999761581420898e-02
6.244457960128784180e-01 -2.626008689403533936e-01 6.499999761581420898e-02
6.242246627807617188e-01 -2.608644366264343262e-01 6.499999761581420898e-02
6.239451169967651367e-01 -2.591698765754699707e-01 6.499999761581420898e-02
6.236655116081237793e-01 -2.574753165245056152e-01 6.499999761581420898e-02
6.233859062194824219e-01 -2.557807266712188721e-01 6.499999761581420898e-02
6.231063008308410645e-01 -2.540861666202545166e-01 6.499999761581420898e-02
6.228266954421997070e-01 -2.523915767669677734e-01 6.499999761581420898e-02
6.225470900535583496e-01 -2.506970465183258057e-01 6.499999761581420898e-02
6.222373247146606445e-01 -2.490331232547760010e-01 6.499999761581420898e-02
6.218986511230468750e-01 -2.473985552787780762e-01 6.499999761581420898e-02
6.215599775314331055e-01 -2.457639873027801514e-01 6.499999761581420898e-02
6.212213039398193359e-01 -2.441294193267822266e-01 6.499999761581420898e-02
6.208826303482055664e-01 -2.424948960542678833e-01 6.499999761581420898e-02
6.205439567565917969e-01 -2.408603280782699585e-01 6.499999761581420898e-02
6.202049255371093750e-01 -2.392263114452362061e-01 6.499999761581420898e-02
6.198290586471557617e-01 -2.376536577939987183e-01 6.499999761581420898e-02
6.194531321525573730e-01 -2.360810190439224243e-01 6.499999761581420898e-02
6.190772652626037598e-01 -2.345083951950073242e-01 6.499999761581420898e-02
6.187013387680053711e-01 -2.329357415437698364e-01 6.499999761581420898e-02
6.183254122734069824e-01 -2.313631027936935425e-01 6.499999761581420898e-02
6.179495453834533691e-01 -2.297904491424560547e-01 6.499999761581420898e-02
6.175699234008789062e-01 -2.282596230506896973e-01 6.499999761581420898e-02
6.171890497207641602e-01 -2.267430871725082397e-01 6.499999761581420898e-02
6.168081760406494141e-01 -2.252265363931655884e-01 6.499999761581420898e-02
6.164273023605346680e-01 -2.237099856138229370e-01 6.499999761581420898e-02
6.160463690757751465e-01 -2.221934199333190918e-01 6.499999761581420898e-02
6.156654953956604004e-01 -2.206768691539764404e-01 6.499999761581420898e-02
6.146510839462280273e-01 -2.195356190204620361e-01 6.499999761581420898e-02
6.134058237075805664e-01 -2.185310721397399902e-01 6.499999761581420898e-02
6.121605634689331055e-01 -2.175265252590179443e-01 6.499999761581420898e-02
6.109153032302856445e-01 -2.165219783782958984e-01 6.499999761581420898e-02
6.096700429916381836e-01 -2.155174314975738525e-01 6.499999761581420898e-02
6.084248423576354980e-01 -2.145129144191741943e-01 6.499999761581420898e-02
6.071560978889465332e-01 -2.135417312383651733e-01 6.499999761581420898e-02
6.058446764945983887e-01 -2.126312404870986938e-01 6.499999761581420898e-02
6.045333147048950195e-01 -2.117207348346710205e-01 6.499999761581420898e-02
6.032218933105468750e-01 -2.108102291822433472e-01 6.499999761581420898e-02
6.019105315208435059e-01 -2.098997533321380615e-01 6.499999761581420898e-02
6.005991101264953613e-01 -2.089892476797103882e-01 6.499999761581420898e-02
5.992876887321472168e-01 -2.080787420272827148e-01 6.499999761581420898e-02
5.979307889938354492e-01 -2.072685807943344116e-01 6.499999761581420898e-02
5.965735912322998047e-01 -2.064591348171234131e-01 6.499999761581420898e-02
5.952164530754089355e-01 -2.056497186422348022e-01 6.499999761581420898e-02
5.938592553138732910e-01 -2.048402726650238037e-01 6.499999761581420898e-02
5.925020575523376465e-01 -2.040308415889739990e-01 6.499999761581420898e-02
5.911448597908020020e-01 -2.032213956117630005e-01 6.499999761581420898e-02
5.897687077522277832e-01 -2.024776339530944824e-01 6.499999761581420898e-02
5.883831381797790527e-01 -2.017667442560195923e-01 6.499999761581420898e-02
5.869975686073303223e-01 -2.010558396577835083e-01 6.499999761581420898e-02
5.856119990348815918e-01 -2.003449350595474243e-01 6.499999761581420898e-02
5.842264294624328613e-01 -1.996340304613113403e-01 6.499999761581420898e-02
5.828408002853393555e-01 -1.989231109619140625e-01 6.499999761581420898e-02
5.813828706741333008e-01 -1.985065340995788574e-01 6.499999761581420898e-02
5.798239111900329590e-01 -1.985001713037490845e-01 6.499999761581420898e-02
5.782649517059326172e-01 -1.984938085079193115e-01 6.499999761581420898e-02
5.767059922218322754e-01 -1.984874606132507324e-01 6.499999761581420898e-02
5.751470923423767090e-01 -1.984810978174209595e-01 6.499999761581420898e-02
5.735881924629211426e-01 -1.984747350215911865e-01 6.499999761581420898e-02
5.720262527465820312e-01 -1.984948962926864624e-01 6.499999761581420898e-02
5.704547762870788574e-01 -1.985991299152374268e-01 6.499999761581420898e-02
5.688833594322204590e-01 -1.987033635377883911e-01 6.499999761581420898e-02
5.673119425773620605e-01 -1.988075971603393555e-01 6.499999761581420898e-02
5.657405257225036621e-01 -1.989118158817291260e-01 6.499999761581420898e-02
5.641690492630004883e-01 -1.990160495042800903e-01 6.499999761581420898e-02
5.625976324081420898e-01 -1.991202831268310547e-01 6.499999761581420898e-02
5.610297918319702148e-01 -1.993383467197418213e-01 6.499999761581420898e-02
5.594621300697326660e-01 -1.995605528354644775e-01 6.499999761581420898e-02
5.578944683074951172e-01 -1.997827738523483276e-01 6.499999761581420898e-02
5.563267469406127930e-01 -2.000049799680709839e-01 6.499999761581420898e-02
5.547590255737304688e-01 -2.002271860837936401e-01 6.499999761581420898e-02
5.531913638114929199e-01 -2.004494071006774902e-01 6.499999761581420898e-02
5.516359806060791016e-01 -2.007424831390380859e-01 6.499999761581420898e-02
5.500893592834472656e-01 -2.010862976312637329e-01 6.499999761581420898e-02
5.485427975654602051e-01 -2.014301270246505737e-01 6.499999761581420898e-02
5.469961762428283691e-01 -2.017739564180374146e-01 6.499999761581420898e-02
5.454495549201965332e-01 -2.021177858114242554e-01 6.499999761581420898e-02
5.439029932022094727e-01 -2.024616152048110962e-01 6.499999761581420898e-02
5.423605442047119141e-01 -2.028183788061141968e-01 6.499999761581420898e-02
5.408543944358825684e-01 -2.032878547906875610e-01 6.499999761581420898e-02
5.393482446670532227e-01 -2.037573307752609253e-01 6.499999761581420898e-02
5.378420948982238770e-01 -2.042267918586730957e-01 6.499999761581420898e-02
5.363359451293945312e-01 -2.046962678432464600e-01 6.499999761581420898e-02
5.348297953605651855e-01 -2.051657289266586304e-01 6.499999761581420898e-02
5.333236455917358398e-01 -2.056352049112319946e-01 6.499999761581420898e-02
5.318164825439453125e-01 -2.059684544801712036e-01 6.499999761581420898e-02
5.303086042404174805e-01 -2.061876207590103149e-01 6.499999761581420898e-02
5.288006663322448730e-01 -2.064068019390106201e-01 6.499999761581420898e-02
5.272927880287170410e-01 -2.066259682178497314e-01 6.499999761581420898e-02
5.257849097251892090e-01 -2.068451344966888428e-01 6.499999761581420898e-02
5.242769718170166016e-01 -2.070643007755279541e-01 6.499999761581420898e-02
5.227879881858825684e-01 -2.072984129190444946e-01 6.499999761581420898e-02
5.213449597358703613e-01 -2.075689285993576050e-01 6.499999761581420898e-02
5.199020504951477051e-01 -2.078394293785095215e-01 6.499999761581420898e-02
5.184590816497802734e-01 -2.081099450588226318e-01 6.499999761581420898e-02
5.170161128044128418e-01 -2.083804756402969360e-01 6.499999761581420898e-02
5.155731439590454102e-01 -2.086509913206100464e-01 6.499999761581420898e-02
5.141401290893554688e-01 -2.089246511459350586e-01 6.499999761581420898e-02
5.127651095390319824e-01 -2.092165350914001465e-01 6.499999761581420898e-02
5.113900899887084961e-01 -2.095084190368652344e-01 6.499999761581420898e-02
5.100150704383850098e-01 -2.098003029823303223e-01 6.499999761581420898e-02
5.086399912834167480e-01 -2.100922018289566040e-01 6.499999761581420898e-02
5.072649717330932617e-01 -2.103840857744216919e-01 6.499999761581420898e-02
5.058964490890502930e-01 -2.106727361679077148e-01 6.499999761581420898e-02
5.045801997184753418e-01 -2.109354138374328613e-01 6.499999761581420898e-02
5.032639503479003906e-01 -2.111980915069580078e-01 6.499999761581420898e-02
5.019477009773254395e-01 -2.114607691764831543e-01 6.499999761581420898e-02
5.006314516067504883e-01 -2.117234468460083008e-01 6.499999761581420898e-02
4.993152320384979248e-01 -2.119861096143722534e-01 6.499999761581420898e-02
4.979116320610046387e-01 -2.120389193296432495e-01 6.499999761581420898e-02
4.962369203567504883e-01 -2.114403098821640015e-01 6.499999761581420898e-02
4.945621788501739502e-01 -2.108416855335235596e-01 6.499999761581420898e-02
4.928874671459197998e-01 -2.102430760860443115e-01 6.499999761581420898e-02
4.912127554416656494e-01 -2.096444666385650635e-01 6.499999761581420898e-02
4.898984730243682861e-01 -2.096945047378540039e-01 6.499999761581420898e-02
4.891180694103240967e-01 -2.107054144144058228e-01 6.499999761581420898e-02
4.883377254009246826e-01 -2.117162942886352539e-01 6.499999761581420898e-02
4.875573515892028809e-01 -2.127271592617034912e-01 6.499999761581420898e-02
4.867769479751586914e-01 -2.137380838394165039e-01 6.499999761581420898e-02
4.859966039657592773e-01 -2.147489488124847412e-01 6.499999761581420898e-02
4.852162003517150879e-01 -2.157598584890365601e-01 6.499999761581420898e-02
4.845091998577117920e-01 -2.167484909296035767e-01 6.499999761581420898e-02
4.838178753852844238e-01 -2.177323698997497559e-01 6.499999761581420898e-02
4.831265509128570557e-01 -2.187162786722183228e-01 6.499999761581420898e-02
4.824352562427520752e-01 -2.197001576423645020e-01 6.499999761581420898e-02
4.817439019680023193e-01 -2.206840664148330688e-01 6.499999761581420898e-02
4.810526072978973389e-01 -2.216679304838180542e-01 6.499999761581420898e-02
4.802377820014953613e-01 -2.224846482276916504e-01 6.499999761581420898e-02
4.790314137935638428e-01 -2.227714806795120239e-01 6.499999761581420898e-02
4.778250753879547119e-01 -2.230582833290100098e-01 6.499999761581420898e-02
4.766186773777008057e-01 -2.233451008796691895e-01 6.499999761581420898e-02
4.754123389720916748e-01 -2.236319035291671753e-01 6.499999761581420898e-02
4.742208123207092285e-01 -2.239463031291961670e-01 6.499999761581420898e-02
4.730614125728607178e-01 -2.243205755949020386e-01 6.499999761581420898e-02
4.719020724296569824e-01 -2.246948331594467163e-01 6.499999761581420898e-02
4.707426726818084717e-01 -2.250691056251525879e-01 6.499999761581420898e-02
4.695833325386047363e-01 -2.254433482885360718e-01 6.499999761581420898e-02
4.684359729290008545e-01 -2.258428633213043213e-01 6.499999761581420898e-02
4.673371016979217529e-01 -2.263442128896713257e-01 6.499999761581420898e-02
4.662382602691650391e-01 -2.268455624580383301e-01 6.499999761581420898e-02
4.651393592357635498e-01 -2.273469269275665283e-01 6.499999761581420898e-02
4.640405178070068359e-01 -2.278482615947723389e-01 6.499999761581420898e-02
4.629810750484466553e-01 -2.283602803945541382e-01 6.499999761581420898e-02
4.620905816555023193e-01 -2.289180457592010498e-01 6.499999761581420898e-02
4.612001180648803711e-01 -2.294757813215255737e-01 6.499999761581420898e-02
4.603096544742584229e-01 -2.300335466861724854e-01 6.499999761581420898e-02
4.594191908836364746e-01 -2.305912971496582031e-01 6.499999761581420898e-02
4.585287272930145264e-01 -2.311490327119827271e-01 6.499999761581420898e-02
4.578992128372192383e-01 -2.313557118177413940e-01 6.499999761581420898e-02
4.573453664779663086e-01 -2.314606457948684692e-01 6.499999761581420898e-02
4.567914605140686035e-01 -2.315655797719955444e-01 6.499999761581420898e-02
4.562376141548156738e-01 -2.316705137491226196e-01 6.499999761581420898e-02
4.556837379932403564e-01 -2.317754477262496948e-01 6.499999761581420898e-02
4.551298618316650391e-01 -2.318803966045379639e-01 6.499999761581420898e-02
4.546145796775817871e-01 -2.321082949638366699e-01 6.499999761581420898e-02
4.542292058467864990e-01 -2.327505797147750854e-01 6.499999761581420898e-02
4.538438618183135986e-01 -2.333928197622299194e-01 6.499999761581420898e-02
4.534585177898406982e-01 -2.340350747108459473e-01 6.499999761581420898e-02
4.530731737613677979e-01 -2.346773445606231689e-01 6.499999761581420898e-02
4.526878297328948975e-01 -2.353195995092391968e-01 6.499999761581420898e-02
4.523024857044219971e-01 -2.359618693590164185e-01 6.499999761581420898e-02
4.529330432415008545e-01 -2.365087568759918213e-01 6.499999761581420898e-02
4.535813629627227783e-01 -2.370539903640747070e-01 6.499999761581420898e-02
4.542296826839447021e-01 -2.375992387533187866e-01 6.499999761581420898e-02
4.548779726028442383e-01 -2.381444573402404785e-01 6.499999761581420898e-02
4.555262923240661621e-01 -2.386897057294845581e-01 6.499999761581420898e-02
4.561746120452880859e-01 -2.392349392175674438e-01 6.499999761581420898e-02
4.568248689174652100e-01 -2.397350221872329712e-01 6.499999761581420898e-02
4.574778676033020020e-01 -2.401723414659500122e-01 6.499999761581420898e-02
4.581308662891387939e-01 -2.406096309423446655e-01 6.499999761581420898e-02
4.587838649749755859e-01 -2.410469502210617065e-01 6.499999761581420898e-02
4.594368636608123779e-01 -2.414842396974563599e-01 6.499999761581420898e-02
4.600898325443267822e-01 -2.419215291738510132e-01 6.499999761581420898e-02
4.613958299160003662e-01 -2.427961379289627075e-01 6.499999761581420898e-02
4.610828459262847900e-01 -2.422699332237243652e-01 6.499999761581420898e-02
4.607698619365692139e-01 -2.417437434196472168e-01 6.499999761581420898e-02
4.604568481445312500e-01 -2.412175387144088745e-01 6.499999761581420898e-02
4.601438641548156738e-01 -2.406913489103317261e-01 6.499999761581420898e-02
4.598308801651000977e-01 -2.401651293039321899e-01 6.499999761581420898e-02
4.595178961753845215e-01 -2.396389394998550415e-01 6.499999761581420898e-02
4.592049121856689453e-01 -2.391127496957778931e-01 6.499999761581420898e-02
4.588918983936309814e-01 -2.385865449905395508e-01 6.499999761581420898e-02
4.585789144039154053e-01 -2.380603551864624023e-01 6.499999761581420898e-02
4.582659304141998291e-01 -2.375341355800628662e-01 6.499999761581420898e-02
4.579529464244842529e-01 -2.370079457759857178e-01 6.499999761581420898e-02
4.576399624347686768e-01 -2.364817559719085693e-01 6.499999761581420898e-02
4.573269486427307129e-01 -2.359555512666702271e-01 6.499999761581420898e-02
4.570139646530151367e-01 -2.354293614625930786e-01 6.499999761581420898e-02
4.567009806632995605e-01 -2.349031418561935425e-01 6.499999761581420898e-02
4.563879966735839844e-01 -2.343769520521163940e-01 6.499999761581420898e-02
4.560750126838684082e-01 -2.338507622480392456e-01 6.499999761581420898e-02
4.557635486125946045e-01 -2.333242595195770264e-01 6.499999761581420898e-02
4.554530382156372070e-01 -2.327975779771804810e-01 6.499999761581420898e-02
4.551425278186798096e-01 -2.322708815336227417e-01 6.499999761581420898e-02
4.548320472240447998e-01 -2.317442148923873901e-01 6.499999761581420898e-02
4.545215368270874023e-01 -2.312175333499908447e-01 6.499999761581420898e-02
4.542110264301300049e-01 -2.306908369064331055e-01 6.499999761581420898e-02
4.539005458354949951e-01 -2.301641702651977539e-01 6.499999761581420898e-02
4.535900354385375977e-01 -2.296374738216400146e-01 6.499999761581420898e-02
4.532795250415802002e-01 -2.291107922792434692e-01 6.499999761581420898e-02
4.529690146446228027e-01 -2.285841107368469238e-01 6.499999761581420898e-02
4.526585042476654053e-01 -2.280574291944503784e-01 6.499999761581420898e-02
4.523480236530303955e-01 -2.275307476520538330e-01 6.499999761581420898e-02
4.520375132560729980e-01 -2.270040512084960938e-01 6.499999761581420898e-02
4.517270028591156006e-01 -2.264773845672607422e-01 6.499999761581420898e-02
4.514164924621582031e-01 -2.259507030248641968e-01 6.499999761581420898e-02
4.511059820652008057e-01 -2.254240065813064575e-01 6.499999761581420898e-02
4.507955014705657959e-01 -2.248973250389099121e-01 6.499999761581420898e-02
4.504849910736083984e-01 -2.243706434965133667e-01 6.499999761581420898e-02
4.501744806766510010e-01 -2.238439619541168213e-01 6.499999761581420898e-02
4.498765170574188232e-01 -2.233122736215591431e-01 6.499999761581420898e-02
4.495855569839477539e-01 -2.227777689695358276e-01 6.499999761581420898e-02
4.492946267127990723e-01 -2.222432643175125122e-01 6.499999761581420898e-02
4.490036666393280029e-01 -2.217087447643280029e-01 6.499999761581420898e-02
4.487127363681793213e-01 -2.211742550134658813e-01 6.499999761581420898e-02
4.484218060970306396e-01 -2.206397503614425659e-01 6.499999761581420898e-02
4.481308460235595703e-01 -2.201052308082580566e-01 6.499999761581420898e-02
4.478399157524108887e-01 -2.195707410573959351e-01 6.499999761581420898e-02
4.475489556789398193e-01 -2.190362215042114258e-01 6.499999761581420898e-02
4.472580254077911377e-01 -2.185017168521881104e-01 6.499999761581420898e-02
4.469670951366424561e-01 -2.179672271013259888e-01 6.499999761581420898e-02
4.466761350631713867e-01 -2.174327075481414795e-01 6.499999761581420898e-02
4.463852047920227051e-01 -2.168982028961181641e-01 6.499999761581420898e-02
4.460942447185516357e-01 -2.163636833429336548e-01 6.499999761581420898e-02
4.458033144474029541e-01 -2.158291935920715332e-01 6.499999761581420898e-02
4.455123543739318848e-01 -2.152946889400482178e-01 6.499999761581420898e-02
4.452214241027832031e-01 -2.147601693868637085e-01 6.499999761581420898e-02
4.449304640293121338e-01 -2.142256796360015869e-01 6.499999761581420898e-02
4.446395337581634521e-01 -2.136911600828170776e-01 6.499999761581420898e-02
4.443690776824951172e-01 -2.131513059139251709e-01 6.499999761581420898e-02
4.441042542457580566e-01 -2.126099914312362671e-01 6.499999761581420898e-02
4.438394010066986084e-01 -2.120686471462249756e-01 6.499999761581420898e-02
4.435745477676391602e-01 -2.115273326635360718e-01 6.499999761581420898e-02
4.433097243309020996e-01 -2.109859883785247803e-01 6.499999761581420898e-02
4.430448710918426514e-01 -2.104446738958358765e-01 6.499999761581420898e-02
4.427800476551055908e-01 -2.099033594131469727e-01 6.499999761581420898e-02
4.425151944160461426e-01 -2.093620151281356812e-01 6.499999761581420898e-02
4.422503411769866943e-01 -2.088207006454467773e-01 6.499999761581420898e-02
4.419855177402496338e-01 -2.082793563604354858e-01 6.499999761581420898e-02
4.417206645011901855e-01 -2.077380418777465820e-01 6.499999761581420898e-02
4.414558410644531250e-01 -2.071967273950576782e-01 6.499999761581420898e-02
4.411909878253936768e-01 -2.066553831100463867e-01 6.499999761581420898e-02
4.409261345863342285e-01 -2.061140686273574829e-01 6.499999761581420898e-02
4.406613111495971680e-01 -2.055727243423461914e-01 6.499999761581420898e-02
4.403964579105377197e-01 -2.050314098596572876e-01 6.499999761581420898e-02
4.401316344738006592e-01 -2.044900953769683838e-01 6.499999761581420898e-02
4.398667812347412109e-01 -2.039487510919570923e-01 6.499999761581420898e-02
4.396421611309051514e-01 -2.033970654010772705e-01 6.499999761581420898e-02
4.395768046379089355e-01 -2.028042674064636230e-01 6.499999761581420898e-02
4.395114779472351074e-01 -2.022114992141723633e-01 6.499999761581420898e-02
4.394461214542388916e-01 -2.016187161207199097e-01 6.499999761581420898e-02
4.393807947635650635e-01 -2.010259330272674561e-01 6.499999761581420898e-02
4.393154382705688477e-01 -2.004331648349761963e-01 6.499999761581420898e-02
4.392501115798950195e-01 -1.998403668403625488e-01 6.499999761581420898e-02
4.391847550868988037e-01 -1.992475986480712891e-01 6.499999761581420898e-02
4.391194283962249756e-01 -1.986548155546188354e-01 6.499999761581420898e-02
4.390540719032287598e-01 -1.980620324611663818e-01 6.499999761581420898e-02
4.389887452125549316e-01 -1.974692493677139282e-01 6.499999761581420898e-02
4.389233887195587158e-01 -1.968764662742614746e-01 6.499999761581420898e-02
4.388580620288848877e-01 -1.962836831808090210e-01 6.499999761581420898e-02
4.387927353382110596e-01 -1.956909149885177612e-01 6.499999761581420898e-02
4.387273788452148438e-01 -1.950981318950653076e-01 6.499999761581420898e-02
4.386620521545410156e-01 -1.945053488016128540e-01 6.499999761581420898e-02
4.385966956615447998e-01 -1.939125657081604004e-01 6.499999761581420898e-02
4.385313689708709717e-01 -1.933197826147079468e-01 6.499999761581420898e-02
4.384663701057434082e-01 -1.927268952131271362e-01 6.499999761581420898e-02
4.384258389472961426e-01 -1.921258270740509033e-01 6.499999761581420898e-02
4.383853375911712646e-01 -1.915247738361358643e-01 6.499999761581420898e-02
4.383448064327239990e-01 -1.909237056970596313e-01 6.499999761581420898e-02
4.383043050765991211e-01 -1.903226524591445923e-01 6.499999761581420898e-02
4.382638037204742432e-01 -1.897216141223907471e-01 6.499999761581420898e-02
4.382232725620269775e-01 -1.891205310821533203e-01 6.499999761581420898e-02
4.381827712059020996e-01 -1.885194778442382812e-01 6.499999761581420898e-02
4.381422400474548340e-01 -1.879184097051620483e-01 6.499999761581420898e-02
4.381017386913299561e-01 -1.873173564672470093e-01 6.499999761581420898e-02
4.380612075328826904e-01 -1.867163181304931641e-01 6.499999761581420898e-02
4.380207061767578125e-01 -1.861152350902557373e-01 6.499999761581420898e-02
4.379801750183105469e-01 -1.855141967535018921e-01 6.499999761581420898e-02
4.379396736621856689e-01 -1.849131137132644653e-01 6.499999761581420898e-02
4.378991425037384033e-01 -1.843120753765106201e-01 6.499999761581420898e-02
4.378586411476135254e-01 -1.837110221385955811e-01 6.499999761581420898e-02
4.378181099891662598e-01 -1.831099539995193481e-01 6.499999761581420898e-02
4.377776086330413818e-01 -1.825089007616043091e-01 6.499999761581420898e-02
4.377370774745941162e-01 -1.819078326225280762e-01 6.499999761581420898e-02
4.377106130123138428e-01 -1.813044100999832153e-01 6.499999761581420898e-02
4.376960098743438721e-01 -1.806989759206771851e-01 6.499999761581420898e-02
4.376814365386962891e-01 -1.800935268402099609e-01 6.499999761581420898e-02
4.376668334007263184e-01 -1.794880926609039307e-01 6.499999761581420898e-02
4.376522600650787354e-01 -1.788826435804367065e-01 6.499999761581420898e-02
4.376376569271087646e-01 -1.782772094011306763e-01 6.499999761581420898e-02
4.376230835914611816e-01 -1.776717752218246460e-01 6.499999761581420898e-02
4.376084804534912109e-01 -1.770663261413574219e-01 6.499999761581420898e-02
4.375938773155212402e-01 -1.764608919620513916e-01 6.499999761581420898e-02
4.375793039798736572e-01 -1.758554428815841675e-01 6.499999761581420898e-02
4.375647008419036865e-01 -1.752500087022781372e-01 6.499999761581420898e-02
4.375501275062561035e-01 -1.746445745229721069e-01 6.499999761581420898e-02
4.375355243682861328e-01 -1.740391254425048828e-01 6.499999761581420898e-02
4.375209510326385498e-01 -1.734336912631988525e-01 6.499999761581420898e-02
4.375063478946685791e-01 -1.728282421827316284e-01 6.499999761581420898e-02
4.374917447566986084e-01 -1.722228080034255981e-01 6.499999761581420898e-02
4.374771714210510254e-01 -1.716173887252807617e-01 6.499999761581420898e-02
4.374625682830810547e-01 -1.710119247436523438e-01 6.499999761581420898e-02
4.374479949474334717e-01 -1.704064905643463135e-01 6.499999761581420898e-02
4.374513626098632812e-01 -1.698005795478820801e-01 6.499999761581420898e-02
4.374562501907348633e-01 -1.691946387290954590e-01 6.499999761581420898e-02
4.374611675739288330e-01 -1.685886979103088379e-01 6.499999761581420898e-02
4.374660551548004150e-01 -1.679827272891998291e-01 6.499999761581420898e-02
4.374709725379943848e-01 -1.673767864704132080e-01 6.499999761581420898e-02
4.374758899211883545e-01 -1.667708307504653931e-01 6.499999761581420898e-02
4.374807775020599365e-01 -1.661648899316787720e-01 6.499999761581420898e-02
4.374856948852539062e-01 -1.655589491128921509e-01 6.499999761581420898e-02
4.374905824661254883e-01 -1.649529784917831421e-01 6.499999761581420898e-02
4.374954998493194580e-01 -1.643470376729965210e-01 6.499999761581420898e-02
4.375004172325134277e-01 -1.637410819530487061e-01 6.499999761581420898e-02
4.375053048133850098e-01 -1.631351411342620850e-01 6.499999761581420898e-02
4.375102221965789795e-01 -1.625292003154754639e-01 6.499999761581420898e-02
4.375151097774505615e-01 -1.619232296943664551e-01 6.499999761581420898e-02
4.375200271606445312e-01 -1.613172888755798340e-01 6.499999761581420898e-02
4.375249445438385010e-01 -1.607113331556320190e-01 6.499999761581420898e-02
4.375298321247100830e-01 -1.601053923368453979e-01 6.499999761581420898e-02
4.375347495079040527e-01 -1.594994515180587769e-01 6.499999761581420898e-02
4.375408291816711426e-01 -1.588935256004333496e-01 6.499999761581420898e-02
4.375497996807098389e-01 -1.582877039909362793e-01 6.499999761581420898e-02
4.375587701797485352e-01 -1.576818823814392090e-01 6.499999761581420898e-02
4.375677108764648438e-01 -1.570760607719421387e-01 6.499999761581420898e-02
4.375766813755035400e-01 -1.564702540636062622e-01 6.499999761581420898e-02
4.375856518745422363e-01 -1.558644175529479980e-01 6.499999761581420898e-02
4.375945925712585449e-01 -1.552586108446121216e-01 6.499999761581420898e-02
4.376035630702972412e-01 -1.546527743339538574e-01 6.499999761581420898e-02
4.376125335693359375e-01 -1.540469676256179810e-01 6.499999761581420898e-02
4.376214742660522461e-01 -1.534411460161209106e-01 6.499999761581420898e-02
4.376304447650909424e-01 -1.528353244066238403e-01 6.499999761581420898e-02
4.376394152641296387e-01 -1.522295027971267700e-01 6.499999761581420898e-02
4.376483559608459473e-01 -1.516236662864685059e-01 6.499999761581420898e-02
4.376573264598846436e-01 -1.510178595781326294e-01 6.499999761581420898e-02
4.376662671566009521e-01 -1.504120528697967529e-01 6.499999761581420898e-02
4.376752376556396484e-01 -1.498062163591384888e-01 6.499999761581420898e-02
4.376842081546783447e-01 -1.492004096508026123e-01 6.499999761581420898e-02
4.376931488513946533e-01 -1.485945731401443481e-01 6.499999761581420898e-02
4.377021193504333496e-01 -1.479887664318084717e-01 6.499999761581420898e-02
4.377080202102661133e-01 -1.473827958106994629e-01 6.499999761581420898e-02
4.377124607563018799e-01 -1.467767506837844849e-01 6.499999761581420898e-02
4.377169013023376465e-01 -1.461707204580307007e-01 6.499999761581420898e-02
4.377213418483734131e-01 -1.455646604299545288e-01 6.499999761581420898e-02
4.377257525920867920e-01 -1.449586302042007446e-01 6.499999761581420898e-02
4.377301931381225586e-01 -1.443525999784469604e-01 6.499999761581420898e-02
4.377346336841583252e-01 -1.437465548515319824e-01 6.499999761581420898e-02
4.377390742301940918e-01 -1.431405246257781982e-01 6.499999761581420898e-02
4.377435147762298584e-01 -1.425344645977020264e-01 6.499999761581420898e-02
4.377479255199432373e-01 -1.419284343719482422e-01 6.499999761581420898e-02
4.377523660659790039e-01 -1.413224041461944580e-01 6.499999761581420898e-02
4.377568066120147705e-01 -1.407163590192794800e-01 6.499999761581420898e-02
4.377612471580505371e-01 -1.401103287935256958e-01 6.499999761581420898e-02
4.377656877040863037e-01 -1.395042687654495239e-01 6.499999761581420898e-02
4.377700984477996826e-01 -1.388982385396957397e-01 6.499999761581420898e-02
4.377745389938354492e-01 -1.382922083139419556e-01 6.499999761581420898e-02
4.377789795398712158e-01 -1.376861631870269775e-01 6.499999761581420898e-02
4.377834200859069824e-01 -1.370801329612731934e-01 6.499999761581420898e-02
4.377879500389099121e-01 -1.364740580320358276e-01 6.499999761581420898e-02
4.377947747707366943e-01 -1.358675062656402588e-01 6.499999761581420898e-02
4.378015995025634766e-01 -1.352609694004058838e-01 6.499999761581420898e-02
4.378084242343902588e-01 -1.346544027328491211e-01 6.499999761581420898e-02
4.378152489662170410e-01 -1.340478658676147461e-01 6.499999761581420898e-02
4.378220736980438232e-01 -1.334413290023803711e-01 6.499999761581420898e-02
4.378288984298706055e-01 -1.328347474336624146e-01 6.499999761581420898e-02
4.378357231616973877e-01 -1.322281956672668457e-01 6.499999761581420898e-02
4.378425478935241699e-01 -1.316216588020324707e-01 6.499999761581420898e-02
4.378493726253509521e-01 -1.310151219367980957e-01 6.499999761581420898e-02
4.378561973571777344e-01 -1.304085850715637207e-01 6.499999761581420898e-02
4.378630220890045166e-01 -1.298019886016845703e-01 6.499999761581420898e-02
4.378698468208312988e-01 -1.291954517364501953e-01 6.499999761581420898e-02
4.378766715526580811e-01 -1.285889148712158203e-01 6.499999761581420898e-02
4.378834962844848633e-01 -1.279823780059814453e-01 6.499999761581420898e-02
4.378903210163116455e-01 -1.273758411407470703e-01 6.499999761581420898e-02
4.378971457481384277e-01 -1.267692446708679199e-01 6.499999761581420898e-02
4.379039704799652100e-01 -1.261627078056335449e-01 6.499999761581420898e-02
4.379107952117919922e-01 -1.255561709403991699e-01 6.499999761581420898e-02
4.379179477691650391e-01 -1.249492168426513672e-01 6.499999761581420898e-02
4.379256069660186768e-01 -1.243415996432304382e-01 6.499999761581420898e-02
4.379332661628723145e-01 -1.237339377403259277e-01 6.499999761581420898e-02
4.379408955574035645e-01 -1.231263279914855957e-01 6.499999761581420898e-02
4.379485547542572021e-01 -1.225187107920646667e-01 6.499999761581420898e-02
4.379562139511108398e-01 -1.219110935926437378e-01 6.499999761581420898e-02
4.379638731479644775e-01 -1.213034838438034058e-01 6.499999761581420898e-02
4.379715323448181152e-01 -1.206958219408988953e-01 6.499999761581420898e-02
4.379791617393493652e-01 -1.200882047414779663e-01 6.499999761581420898e-02
4.379868209362030029e-01 -1.194805949926376343e-01 6.499999761581420898e-02
4.379944801330566406e-01 -1.188729777932167053e-01 6.499999761581420898e-02
4.380021393299102783e-01 -1.182653605937957764e-01 6.499999761581420898e-02
4.380097985267639160e-01 -1.176576986908912659e-01 6.499999761581420898e-02
4.380174279212951660e-01 -1.170500889420509338e-01 6.499999761581420898e-02
4.380250871181488037e-01 -1.164424717426300049e-01 6.499999761581420898e-02
4.380327463150024414e-01 -1.158348619937896729e-01 6.499999761581420898e-02
4.380404055118560791e-01 -1.152272447943687439e-01 6.499999761581420898e-02
4.380480647087097168e-01 -1.146195828914642334e-01 6.499999761581420898e-02
4.380556941032409668e-01 -1.140119656920433044e-01 6.499999761581420898e-02
4.380650222301483154e-01 -1.134030446410179138e-01 6.499999761581420898e-02
4.380751550197601318e-01 -1.127934530377388000e-01 6.499999761581420898e-02
4.380853176116943359e-01 -1.121838614344596863e-01 6.499999761581420898e-02
4.380954504013061523e-01 -1.115742176771163940e-01 6.499999761581420898e-02
4.381055831909179688e-01 -1.109646260738372803e-01 6.499999761581420898e-02
4.381157457828521729e-01 -1.103550344705581665e-01 6.499999761581420898e-02
4.381258785724639893e-01 -1.097454428672790527e-01 6.499999761581420898e-02
4.381360411643981934e-01 -1.091358512639999390e-01 6.499999761581420898e-02
4.381461739540100098e-01 -1.085262149572372437e-01 6.499999761581420898e-02
4.381563365459442139e-01 -1.079166233539581299e-01 6.499999761581420898e-02
4.381664693355560303e-01 -1.073070317506790161e-01 6.499999761581420898e-02
4.381766021251678467e-01 -1.066974401473999023e-01 6.499999761581420898e-02
4.381867647171020508e-01 -1.060878485441207886e-01 6.499999761581420898e-02
4.381968975067138672e-01 -1.054782047867774963e-01 6.499999761581420898e-02
4.382070600986480713e-01 -1.048686131834983826e-01 6.499999761581420898e-02
4.382171928882598877e-01 -1.042590215802192688e-01 6.499999761581420898e-02
4.382273554801940918e-01 -1.036494299769401550e-01 6.499999761581420898e-02
4.382374882698059082e-01 -1.030398383736610413e-01 6.499999761581420898e-02
4.382476508617401123e-01 -1.024302020668983459e-01 6.499999761581420898e-02
4.382330179214477539e-01 -1.018403694033622742e-01 6.499999761581420898e-02
4.382131397724151611e-01 -1.012547090649604797e-01 6.499999761581420898e-02
4.381932616233825684e-01 -1.006690561771392822e-01 6.499999761581420898e-02
4.381733834743499756e-01 -1.000834032893180847e-01 6.499999761581420898e-02
4.381535351276397705e-01 -9.949770569801330566e-02 6.499999761581420898e-02
4.381336569786071777e-01 -9.891205281019210815e-02 6.499999761581420898e-02
4.381137788295745850e-01 -9.832639247179031372e-02 6.499999761581420898e-02
4.380939006805419922e-01 -9.774073958396911621e-02 6.499999761581420898e-02
4.380740523338317871e-01 -9.715508669614791870e-02 6.499999761581420898e-02
4.380541741847991943e-01 -9.656938910484313965e-02 6.499999761581420898e-02
4.380342960357666016e-01 -9.598373621702194214e-02 6.499999761581420898e-02
4.380144178867340088e-01 -9.539807587862014771e-02 6.499999761581420898e-02
4.379945397377014160e-01 -9.481242299079895020e-02 6.499999761581420898e-02
4.379746913909912109e-01 -9.422677010297775269e-02 6.499999761581420898e-02
4.379548132419586182e-01 -9.364107251167297363e-02 6.499999761581420898e-02
4.379349350929260254e-01 -9.305541962385177612e-02 6.499999761581420898e-02
4.379150569438934326e-01 -9.246976673603057861e-02 6.499999761581420898e-02
4.379042983055114746e-01 -9.188476949930191040e-02 6.499999761581420898e-02
4.379054903984069824e-01 -9.130065143108367920e-02 6.499999761581420898e-02
4.379066824913024902e-01 -9.071648865938186646e-02 6.499999761581420898e-02
4.379078745841979980e-01 -9.013237059116363525e-02 6.499999761581420898e-02
4.379090666770935059e-01 -8.954825252294540405e-02 6.499999761581420898e-02
4.379102587699890137e-01 -8.896413445472717285e-02 6.499999761581420898e-02
4.379114508628845215e-01 -8.838001638650894165e-02 6.499999761581420898e-02
4.379126429557800293e-01 -8.779585361480712891e-02 6.499999761581420898e-02
4.379138350486755371e-01 -8.721172809600830078e-02 6.499999761581420898e-02
4.379150271415710449e-01 -8.662761002779006958e-02 6.499999761581420898e-02
4.379162192344665527e-01 -8.604349195957183838e-02 6.499999761581420898e-02
4.379174113273620605e-01 -8.545937389135360718e-02 6.499999761581420898e-02
4.379186034202575684e-01 -8.487521111965179443e-02 6.499999761581420898e-02
4.379197955131530762e-01 -8.429109305143356323e-02 6.499999761581420898e-02
4.379209876060485840e-01 -8.370697498321533203e-02 6.499999761581420898e-02
4.379221796989440918e-01 -8.312284946441650391e-02 6.499999761581420898e-02
4.379233717918395996e-01 -8.253873139619827271e-02 6.499999761581420898e-02
4.379256367683410645e-01 -8.195514976978302002e-02 6.499999761581420898e-02
4.379392266273498535e-01 -8.137778192758560181e-02 6.499999761581420898e-02
4.379528164863586426e-01 -8.080041408538818359e-02 6.499999761581420898e-02
4.379664063453674316e-01 -8.022304624319076538e-02 6.499999761581420898e-02
4.379799962043762207e-01 -7.964567840099334717e-02 6.499999761581420898e-02
4.379935860633850098e-01 -7.906826585531234741e-02 6.499999761581420898e-02
4.380071759223937988e-01 -7.849089801311492920e-02 6.499999761581420898e-02
4.380207657814025879e-01 -7.791352272033691406e-02 6.499999761581420898e-02
4.380343556404113770e-01 -7.733615487813949585e-02 6.499999761581420898e-02
4.380479454994201660e-01 -7.675878703594207764e-02 6.499999761581420898e-02
4.380615353584289551e-01 -7.618137449026107788e-02 6.499999761581420898e-02
4.380751252174377441e-01 -7.560400664806365967e-02 6.499999761581420898e-02
4.380887150764465332e-01 -7.502663880586624146e-02 6.499999761581420898e-02
4.381023049354553223e-01 -7.444927096366882324e-02 6.499999761581420898e-02
4.381158947944641113e-01 -7.387190312147140503e-02 6.499999761581420898e-02
4.381294846534729004e-01 -7.329449057579040527e-02 6.499999761581420898e-02
4.381430745124816895e-01 -7.271712273359298706e-02 6.499999761581420898e-02
4.381566941738128662e-01 -7.213986665010452271e-02 6.499999761581420898e-02
4.381731152534484863e-01 -7.157018035650253296e-02 6.499999761581420898e-02
4.381895065307617188e-01 -7.100048661231994629e-02 6.499999761581420898e-02
4.382059276103973389e-01 -7.043075561523437500e-02 6.499999761581420898e-02
4.382223486900329590e-01 -6.986106932163238525e-02 6.499999761581420898e-02
4.382387399673461914e-01 -6.929137557744979858e-02 6.499999761581420898e-02
4.382551610469818115e-01 -6.872168928384780884e-02 6.499999761581420898e-02
4.382715523242950439e-01 -6.815199553966522217e-02 6.499999761581420898e-02
4.382879734039306641e-01 -6.758226454257965088e-02 6.499999761581420898e-02
4.383043944835662842e-01 -6.701257824897766113e-02 6.499999761581420898e-02
4.383207857608795166e-01 -6.644288450479507446e-02 6.499999761581420898e-02
4.383372068405151367e-01 -6.587319821119308472e-02 6.499999761581420898e-02
4.383535981178283691e-01 -6.530351191759109497e-02 6.499999761581420898e-02
4.383700191974639893e-01 -6.473377346992492676e-02 6.499999761581420898e-02
4.383864402770996094e-01 -6.416408717632293701e-02 6.499999761581420898e-02
4.384028315544128418e-01 -6.359440088272094727e-02 6.499999761581420898e-02
4.384192526340484619e-01 -6.302470713853836060e-02 6.499999761581420898e-02
4.384770393371582031e-01 -6.245746836066246033e-02 6.499999761581420898e-02
4.386469423770904541e-01 -6.189681217074394226e-02 6.499999761581420898e-02
4.388168454170227051e-01 -6.133620068430900574e-02 6.499999761581420898e-02
4.389867186546325684e-01 -6.077558919787406921e-02 6.499999761581420898e-02
4.391566216945648193e-01 -6.021497771143913269e-02 6.499999761581420898e-02
4.393264949321746826e-01 -5.965436622500419617e-02 6.499999761581420898e-02
4.394963979721069336e-01 -5.909371003508567810e-02 6.499999761581420898e-02
4.396662712097167969e-01 -5.853309854865074158e-02 6.499999761581420898e-02
4.398361742496490479e-01 -5.797248706221580505e-02 6.499999761581420898e-02
4.400060474872589111e-01 -5.741187557578086853e-02 6.499999761581420898e-02
4.401759505271911621e-01 -5.685126408934593201e-02 6.499999761581420898e-02
4.403458535671234131e-01 -5.629061162471771240e-02 6.499999761581420898e-02
4.405157268047332764e-01 -5.573000013828277588e-02 6.499999761581420898e-02
4.406856298446655273e-01 -5.516938865184783936e-02 6.499999761581420898e-02
4.408555030822753906e-01 -5.460877716541290283e-02 6.499999761581420898e-02
4.410254061222076416e-01 -5.404816567897796631e-02 6.499999761581420898e-02
4.411952793598175049e-01 -5.348750948905944824e-02 6.499999761581420898e-02
4.413651823997497559e-01 -5.292689800262451172e-02 6.499999761581420898e-02
4.415501952171325684e-01 -5.237403512001037598e-02 6.499999761581420898e-02
4.417757689952850342e-01 -5.184194818139076233e-02 6.499999761581420898e-02
4.420013427734375000e-01 -5.130986124277114868e-02 6.499999761581420898e-02
4.422269463539123535e-01 -5.077773705124855042e-02 6.499999761581420898e-02
4.424525201320648193e-01 -5.024565011262893677e-02 6.499999761581420898e-02
4.426781237125396729e-01 -4.971356689929962158e-02 6.499999761581420898e-02
4.429036974906921387e-01 -4.918147996068000793e-02 6.499999761581420898e-02
4.431292712688446045e-01 -4.864939674735069275e-02 6.499999761581420898e-02
4.433548748493194580e-01 -4.811726883053779602e-02 6.499999761581420898e-02
4.435804486274719238e-01 -4.758518561720848083e-02 6.499999761581420898e-02
4.438060224056243896e-01 -4.705309867858886719e-02 6.499999761581420898e-02
4.440316259860992432e-01 -4.652101546525955200e-02 6.499999761581420898e-02
4.442571997642517090e-01 -4.598892852663993835e-02 6.499999761581420898e-02
4.444828033447265625e-01 -4.545680433511734009e-02 6.499999761581420898e-02
4.447083771228790283e-01 -4.492471739649772644e-02 6.499999761581420898e-02
4.449339509010314941e-01 -4.439263045787811279e-02 6.499999761581420898e-02
4.451595246791839600e-01 -4.386054724454879761e-02 6.499999761581420898e-02
4.453851282596588135e-01 -4.332846030592918396e-02 6.499999761581420898e-02
4.456185996532440186e-01 -4.280347004532814026e-02 6.499999761581420898e-02
4.458565115928649902e-01 -4.228252917528152466e-02 6.499999761581420898e-02
4.460944533348083496e-01 -4.176158830523490906e-02 6.499999761581420898e-02
4.463323652744293213e-01 -4.124065116047859192e-02 6.499999761581420898e-02
4.465702772140502930e-01 -4.071971029043197632e-02 6.499999761581420898e-02
4.468081891536712646e-01 -4.019872844219207764e-02 6.499999761581420898e-02
4.470461010932922363e-01 -3.967778757214546204e-02 6.499999761581420898e-02
4.472840428352355957e-01 -3.915684670209884644e-02 6.499999761581420898e-02
4.475219547748565674e-01 -3.863590955734252930e-02 6.499999761581420898e-02
4.477598667144775391e-01 -3.811496868729591370e-02 6.499999761581420898e-02
4.479977786540985107e-01 -3.759398683905601501e-02 6.499999761581420898e-02
4.482356905937194824e-01 -3.707304596900939941e-02 6.499999761581420898e-02
4.484736323356628418e-01 -3.655210509896278381e-02 6.499999761581420898e-02
4.487115442752838135e-01 -3.603116422891616821e-02 6.499999761581420898e-02
4.489494562149047852e-01 -3.551022708415985107e-02 6.499999761581420898e-02
4.491873681545257568e-01 -3.498924523591995239e-02 6.499999761581420898e-02
4.494253098964691162e-01 -3.446830436587333679e-02 6.499999761581420898e-02
4.497039318084716797e-01 -3.398820385336875916e-02 6.499999761581420898e-02
4.501914680004119873e-01 -3.371755778789520264e-02 6.499999761581420898e-02
4.506790041923522949e-01 -3.344691172242164612e-02 6.499999761581420898e-02
4.511665701866149902e-01 -3.317624330520629883e-02 6.499999761581420898e-02
4.516541063785552979e-01 -3.290559351444244385e-02 6.499999761581420898e-02
4.521416425704956055e-01 -3.263494744896888733e-02 6.499999761581420898e-02
4.526291489601135254e-01 -3.236430138349533081e-02 6.499999761581420898e-02
4.531166851520538330e-01 -3.209365159273147583e-02 6.499999761581420898e-02
4.536042511463165283e-01 -3.182298317551612854e-02 6.499999761581420898e-02
4.540917873382568359e-01 -3.155233711004257202e-02 6.499999761581420898e-02
4.545793235301971436e-01 -3.128168731927871704e-02 6.499999761581420898e-02
4.550668597221374512e-01 -3.101104125380516052e-02 6.499999761581420898e-02
4.555543661117553711e-01 -3.074039332568645477e-02 6.499999761581420898e-02
4.560419321060180664e-01 -3.046972677111625671e-02 6.499999761581420898e-02
4.565294682979583740e-01 -3.019907884299755096e-02 6.499999761581420898e-02
4.570170044898986816e-01 -2.992843091487884521e-02 6.499999761581420898e-02
4.575045406818389893e-01 -2.965778298676013947e-02 6.499999761581420898e-02
4.580097198486328125e-01 -2.939928323030471802e-02 6.499999761581420898e-02
4.585193097591400146e-01 -2.914374507963657379e-02 6.499999761581420898e-02
4.590288400650024414e-01 -2.888822555541992188e-02 6.499999761581420898e-02
4.595383405685424805e-01 -2.863270789384841919e-02 6.499999761581420898e-02
4.600478708744049072e-01 -2.837718836963176727e-02 6.499999761581420898e-02
4.605574011802673340e-01 -2.812166884541511536e-02 6.499999761581420898e-02
4.610669910907745361e-01 -2.786613069474697113e-02 6.499999761581420898e-02
4.615764915943145752e-01 -2.761061117053031921e-02 6.499999761581420898e-02
4.620860219001770020e-01 -2.735509164631366730e-02 6.499999761581420898e-02
4.625955522060394287e-01 -2.709957398474216461e-02 6.499999761581420898e-02
4.631050825119018555e-01 -2.684405446052551270e-02 6.499999761581420898e-02
4.636146426200866699e-01 -2.658851630985736847e-02 6.499999761581420898e-02
4.641241729259490967e-01 -2.633299678564071655e-02 6.499999761581420898e-02
4.646337032318115234e-01 -2.607747726142406464e-02 6.499999761581420898e-02
4.651432335376739502e-01 -2.582195959985256195e-02 6.499999761581420898e-02
4.656527638435363770e-01 -2.556644007563591003e-02 6.499999761581420898e-02
4.661623239517211914e-01 -2.531090192496776581e-02 6.499999761581420898e-02
4.666881561279296875e-01 -2.506537549197673798e-02 6.499999761581420898e-02
4.672166407108306885e-01 -2.482148073613643646e-02 6.499999761581420898e-02
4.677451252937316895e-01 -2.457758784294128418e-02 6.499999761581420898e-02
4.682736098766326904e-01 -2.433369494974613190e-02 6.499999761581420898e-02
4.688021242618560791e-01 -2.408978156745433807e-02 6.499999761581420898e-02
4.693306088447570801e-01 -2.384588867425918579e-02 6.499999761581420898e-02
4.698590934276580811e-01 -2.360199391841888428e-02 6.499999761581420898e-02
4.703875780105590820e-01 -2.335810102522373199e-02 6.499999761581420898e-02
4.709160625934600830e-01 -2.311420813202857971e-02 6.499999761581420898e-02
4.714445769786834717e-01 -2.287029474973678589e-02 6.499999761581420898e-02
4.719730615615844727e-01 -2.262640185654163361e-02 6.499999761581420898e-02
4.725015461444854736e-01 -2.238250896334648132e-02 6.499999761581420898e-02
4.730300307273864746e-01 -2.213861420750617981e-02 6.499999761581420898e-02
4.735585153102874756e-01 -2.189472131431102753e-02 6.499999761581420898e-02
4.740870594978332520e-01 -2.165080979466438293e-02 6.499999761581420898e-02
4.746155142784118652e-01 -2.140691503882408142e-02 6.499999761581420898e-02
4.751439988613128662e-01 -2.116302214562892914e-02 6.499999761581420898e-02
4.756789207458496094e-01 -2.092475257813930511e-02 6.499999761581420898e-02
4.762259423732757568e-01 -2.069712616503238678e-02 6.499999761581420898e-02
4.767730534076690674e-01 -2.046948485076427460e-02 6.499999761581420898e-02
4.773200750350952148e-01 -2.024186030030250549e-02 6.499999761581420898e-02
4.778671264648437500e-01 -2.001423388719558716e-02 6.499999761581420898e-02
4.784141778945922852e-01 -1.978660933673381805e-02 6.499999761581420898e-02
4.789612293243408203e-01 -1.955898478627204895e-02 6.499999761581420898e-02
4.795083105564117432e-01 -1.933134160935878754e-02 6.499999761581420898e-02
4.800553321838378906e-01 -1.910371705889701843e-02 6.499999761581420898e-02
4.806023836135864258e-01 -1.887609250843524933e-02 6.499999761581420898e-02
4.811494350433349609e-01 -1.864846609532833099e-02 6.499999761581420898e-02
4.816964864730834961e-01 -1.842084154486656189e-02 6.499999761581420898e-02
4.822435677051544189e-01 -1.819319836795330048e-02 6.499999761581420898e-02
4.827905893325805664e-01 -1.796557381749153137e-02 6.499999761581420898e-02
4.833376407623291016e-01 -1.773794926702976227e-02 6.499999761581420898e-02
4.838846921920776367e-01 -1.751032471656799316e-02 6.499999761581420898e-02
4.844317436218261719e-01 -1.728269830346107483e-02 6.499999761581420898e-02
4.849788248538970947e-01 -1.705505698919296265e-02 6.499999761581420898e-02
4.855314493179321289e-01 -1.683410629630088806e-02 6.499999761581420898e-02
4.860953390598297119e-01 -1.662658713757991791e-02 6.499999761581420898e-02
4.866591989994049072e-01 -1.641906984150409698e-02 6.499999761581420898e-02
4.872230887413024902e-01 -1.621155068278312683e-02 6.499999761581420898e-02
4.877870082855224609e-01 -1.600401662290096283e-02 6.499999761581420898e-02
4.883508980274200439e-01 -1.579649746417999268e-02 6.499999761581420898e-02
4.889147579669952393e-01 -1.558897923678159714e-02 6.499999761581420898e-02
4.894786477088928223e-01 -1.538146100938320160e-02 6.499999761581420898e-02
4.900425076484680176e-01 -1.517394278198480606e-02 6.499999761581420898e-02
4.906064271926879883e-01 -1.496640779078006744e-02 6.499999761581420898e-02
4.911703169345855713e-01 -1.475888956338167191e-02 6.499999761581420898e-02
4.917342066764831543e-01 -1.455137133598327637e-02 6.499999761581420898e-02
4.922980666160583496e-01 -1.434385217726230621e-02 6.499999761581420898e-02
4.928619563579559326e-01 -1.413633394986391068e-02 6.499999761581420898e-02
4.934258759021759033e-01 -1.392879988998174667e-02 6.499999761581420898e-02
4.939897358417510986e-01 -1.372128166258335114e-02 6.499999761581420898e-02
4.945536255836486816e-01 -1.351376250386238098e-02 6.499999761581420898e-02
4.951175153255462646e-01 -1.330624427646398544e-02 6.499999761581420898e-02
4.956813752651214600e-01 -1.309872604906558990e-02 6.499999761581420898e-02
4.962580800056457520e-01 -1.291206479072570801e-02 6.499999761581420898e-02
4.968359470367431641e-01 -1.272737514227628708e-02 6.499999761581420898e-02
4.974138140678405762e-01 -1.254268456250429153e-02 6.499999761581420898e-02
4.979916810989379883e-01 -1.235799491405487061e-02 6.499999761581420898e-02
4.985695481300354004e-01 -1.217330433428287506e-02 6.499999761581420898e-02
4.991474747657775879e-01 -1.198860071599483490e-02 6.499999761581420898e-02
4.997253417968750000e-01 -1.180391013622283936e-02 6.499999761581420898e-02
5.003032088279724121e-01 -1.161922048777341843e-02 6.499999761581420898e-02
5.008810758590698242e-01 -1.143453083932399750e-02 6.499999761581420898e-02
5.014589428901672363e-01 -1.124984025955200195e-02 6.499999761581420898e-02
5.020368695259094238e-01 -1.106513664126396179e-02 6.499999761581420898e-02
5.026147365570068359e-01 -1.088044606149196625e-02 6.499999761581420898e-02
5.031926035881042480e-01 -1.069575641304254532e-02 6.499999761581420898e-02
5.037704706192016602e-01 -1.051106583327054977e-02 6.499999761581420898e-02
5.043483376502990723e-01 -1.032637618482112885e-02 6.499999761581420898e-02
5.049262046813964844e-01 -1.014167256653308868e-02 6.499999761581420898e-02
5.055040717124938965e-01 -9.956981986761093140e-03 6.499999761581420898e-02
5.060819387435913086e-01 -9.772291406989097595e-03 6.499999761581420898e-02
5.066620111465454102e-01 -9.592853486537933350e-03 6.499999761581420898e-02
5.072503089904785156e-01 -9.432983584702014923e-03 6.499999761581420898e-02
5.078386068344116211e-01 -9.273101575672626495e-03 6.499999761581420898e-02
5.084269046783447266e-01 -9.113231673836708069e-03 6.499999761581420898e-02
5.090152025222778320e-01 -8.953361772000789642e-03 6.499999761581420898e-02
5.096035003662109375e-01 -8.793491870164871216e-03 6.499999761581420898e-02
5.101917386054992676e-01 -8.633622899651527405e-03 6.499999761581420898e-02
5.107800960540771484e-01 -8.473740890622138977e-03 6.499999761581420898e-02
5.113683938980102539e-01 -8.313870988786220551e-03 6.499999761581420898e-02
5.119566321372985840e-01 -8.154001086950302124e-03 6.499999761581420898e-02
5.125449299812316895e-01 -7.994131185114383698e-03 6.499999761581420898e-02
5.131332278251647949e-01 -7.834261283278465271e-03 6.499999761581420898e-02
5.137215256690979004e-01 -7.674379739910364151e-03 6.499999761581420898e-02
5.143098235130310059e-01 -7.514509372413158417e-03 6.499999761581420898e-02
5.148981213569641113e-01 -7.354639936238527298e-03 6.499999761581420898e-02
5.154864192008972168e-01 -7.194770034402608871e-03 6.499999761581420898e-02
5.160746574401855469e-01 -7.034900598227977753e-03 6.499999761581420898e-02
5.166630148887634277e-01 -6.875018589198589325e-03 6.499999761581420898e-02
5.172513127326965332e-01 -6.715148687362670898e-03 6.499999761581420898e-02
5.178413391113281250e-01 -6.561608985066413879e-03 6.499999761581420898e-02
5.184344649314880371e-01 -6.419310346245765686e-03 6.499999761581420898e-02
5.190275907516479492e-01 -6.277012173086404800e-03 6.499999761581420898e-02
5.196207761764526367e-01 -6.134703289717435837e-03 6.499999761581420898e-02
5.202139019966125488e-01 -5.992404650896787643e-03 6.499999761581420898e-02
5.208070278167724609e-01 -5.850106477737426758e-03 6.499999761581420898e-02
5.214001536369323730e-01 -5.707808304578065872e-03 6.499999761581420898e-02
5.219932794570922852e-01 -5.565510131418704987e-03 6.499999761581420898e-02
5.225864648818969727e-01 -5.423200782388448715e-03 6.499999761581420898e-02
5.231795907020568848e-01 -5.280902609229087830e-03 6.499999761581420898e-02
5.237727165222167969e-01 -5.138603970408439636e-03 6.499999761581420898e-02
5.243658423423767090e-01 -4.996305797249078751e-03 6.499999761581420898e-02
5.249589681625366211e-01 -4.854007624089717865e-03 6.499999761581420898e-02
5.255521535873413086e-01 -4.711698275059461594e-03 6.499999761581420898e-02
5.261452794075012207e-01 -4.569400101900100708e-03 6.499999761581420898e-02
5.267384052276611328e-01 -4.427101463079452515e-03 6.499999761581420898e-02
5.273315906524658203e-01 -4.284803755581378937e-03 6.499999761581420898e-02
5.279247164726257324e-01 -4.142505116760730743e-03 6.499999761581420898e-02
5.285178422927856445e-01 -4.000196233391761780e-03 6.499999761581420898e-02
5.291126966476440430e-01 -3.867038059979677200e-03 6.499999761581420898e-02
5.297092199325561523e-01 -3.743468783795833588e-03 6.499999761581420898e-02
5.303058028221130371e-01 -3.619899507611989975e-03 6.499999761581420898e-02
5.309023857116699219e-01 -3.496330231428146362e-03 6.499999761581420898e-02
5.314990282058715820e-01 -3.372751642018556595e-03 6.499999761581420898e-02
5.320955514907836914e-01 -3.249182365834712982e-03 6.499999761581420898e-02
5.326921343803405762e-01 -3.125613089650869370e-03 6.499999761581420898e-02
5.332887172698974609e-01 -3.002043813467025757e-03 6.499999761581420898e-02
5.338853001594543457e-01 -2.878474537283182144e-03 6.499999761581420898e-02
5.344818830490112305e-01 -2.754895947873592377e-03 6.499999761581420898e-02
5.350784659385681152e-01 -2.631326671689748764e-03 6.499999761581420898e-02
5.356750488281250000e-01 -2.507757395505905151e-03 6.499999761581420898e-02
5.362716317176818848e-01 -2.384188119322061539e-03 6.499999761581420898e-02
5.368682146072387695e-01 -2.260618843138217926e-03 6.499999761581420898e-02
5.374647974967956543e-01 -2.137040020897984505e-03 6.499999761581420898e-02
5.380613803863525391e-01 -2.013470511883497238e-03 6.499999761581420898e-02
5.386579632759094238e-01 -1.889901468530297279e-03 6.499999761581420898e-02
5.392545461654663086e-01 -1.766332192346453667e-03 6.499999761581420898e-02
5.398510694503784180e-01 -1.642762916162610054e-03 6.499999761581420898e-02
5.403358936309814453e-01 -1.554669579491019249e-03 6.499999761581420898e-02
5.407560467720031738e-01 -1.487076049670577049e-03 6.499999761581420898e-02
5.411762595176696777e-01 -1.419482519850134850e-03 6.499999761581420898e-02
5.415964126586914062e-01 -1.351889106445014477e-03 6.499999761581420898e-02
5.420165657997131348e-01 -1.284295576624572277e-03 6.499999761581420898e-02
5.424367785453796387e-01 -1.216696924529969692e-03 6.499999761581420898e-02
5.428569912910461426e-01 -1.149103394709527493e-03 6.499999761581420898e-02
5.432771444320678711e-01 -1.081509981304407120e-03 6.499999761581420898e-02
5.436972975730895996e-01 -1.013916451483964920e-03 6.499999761581420898e-02
5.441175103187561035e-01 -9.463229216635227203e-04 6.499999761581420898e-02
5.445376634597778320e-01 -8.787242113612592220e-04 6.499999761581420898e-02
5.449578762054443359e-01 -8.111307397484779358e-04 6.499999761581420898e-02
5.453780293464660645e-01 -7.435371517203748226e-04 6.499999761581420898e-02
5.457982420921325684e-01 -6.759437383152544498e-04 6.499999761581420898e-02
5.462183952331542969e-01 -6.083501502871513367e-04 6.499999761581420898e-02
5.466386079788208008e-01 -5.407514981925487518e-04 6.499999761581420898e-02
5.470587611198425293e-01 -4.731580847874283791e-04 6.499999761581420898e-02
5.474789738655090332e-01 -4.055645549669861794e-04 6.499999761581420898e-02
5.478991270065307617e-01 -3.379710251465439796e-04 6.499999761581420898e-02
5.483192801475524902e-01 -2.703774953261017799e-04 6.499999761581420898e-02
5.487394928932189941e-01 -2.027788432314991951e-04 6.499999761581420898e-02
5.491596460342407227e-01 -1.351854298263788223e-04 6.499999761581420898e-02
5.500000119209289551e-01 0.000000000000000000e+00 6.499999761581420898e-02
