1.259557306766510010e-01
1.259560436010360718e-01
1.259561628103256226e-01
1.259557753801345825e-01
1.259212493896484375e-01
1.251119077205657959e-01
1.245575025677680969e-01
1.233399510383605957e-01
1.230595931410789490e-01
1.225064098834991455e-01
1.221625730395317078e-01
1.216614395380020142e-01
1.213405057787895203e-01
1.208275407552719116e-01
1.204511225223541260e-01
1.201343238353729248e-01
1.197534948587417603e-01
1.193402037024497986e-01
1.189342513680458069e-01
1.186885163187980652e-01
1.179828196763992310e-01
1.175988614559173584e-01
1.171828359365463257e-01
1.169059723615646362e-01
1.161873042583465576e-01
1.157847121357917786e-01
1.153235062956809998e-01
1.148785278201103210e-01
1.136478409171104431e-01
1.131957992911338806e-01
1.125676035881042480e-01
1.121639162302017212e-01
1.115991175174713135e-01
1.110398694872856140e-01
1.105675324797630310e-01
1.093689426779747009e-01
1.094737350940704346e-01
1.092183068394660950e-01
1.092634722590446472e-01
1.092686578631401062e-01
1.086747646331787109e-01
1.065285876393318176e-01
1.047465801239013672e-01
1.046074852347373962e-01
1.044793128967285156e-01
1.033537685871124268e-01
1.029132306575775146e-01
1.018892899155616760e-01
1.011691838502883911e-01
1.008696407079696655e-01
1.002330034971237183e-01
9.975035488605499268e-02
9.978447109460830688e-02
9.875807911157608032e-02
9.813851863145828247e-02
9.800887107849121094e-02
9.692755341529846191e-02
9.667219966650009155e-02
9.574403613805770874e-02
9.535406529903411865e-02
9.498480707406997681e-02
9.406738728284835815e-02
9.358064085245132446e-02
9.293313324451446533e-02
9.243915230035781860e-02
9.222657978534698486e-02
9.071140736341476440e-02
9.054526686668395996e-02
9.002444148063659668e-02
8.949837088584899902e-02
8.890044689178466797e-02
8.811733126640319824e-02
8.759614825248718262e-02
8.749447762966156006e-02
8.662965893745422363e-02
8.558417111635208130e-02
8.525075763463973999e-02
8.482886850833892822e-02
8.469531685113906860e-02
8.358421176671981812e-02
8.305082470178604126e-02
8.218015730381011963e-02
8.156156539916992188e-02
8.102894574403762817e-02
8.012854307889938354e-02
7.999212294816970825e-02
7.968278974294662476e-02
7.935354113578796387e-02
7.809701561927795410e-02
7.761140912771224976e-02
7.716093212366104126e-02
7.631454616785049438e-02
7.584396749734878540e-02
7.533554732799530029e-02
7.487298548221588135e-02
7.426119595766067505e-02
7.342720031738281250e-02
7.308779656887054443e-02
7.270231097936630249e-02
7.256640493869781494e-02
7.135517150163650513e-02
7.103030383586883545e-02
7.048674672842025757e-02
7.016718387603759766e-02
6.970719993114471436e-02
6.872484833002090454e-02
6.832449138164520264e-02
6.776679307222366333e-02
6.692135334014892578e-02
6.641431152820587158e-02
6.557613611221313477e-02
6.530268490314483643e-02
6.490752846002578735e-02
6.457209587097167969e-02
6.362458318471908569e-02
6.362836062908172607e-02
6.259075552225112915e-02
6.234225258231163025e-02
6.142738088965415955e-02
6.097539141774177551e-02
6.107193231582641602e-02
6.118783727288246155e-02
6.114839762449264526e-02
6.109094619750976562e-02
6.077293306589126587e-02
6.032540649175643921e-02
6.035779789090156555e-02
5.913558602333068848e-02
5.914373695850372314e-02
5.825711414217948914e-02
5.748482421040534973e-02
5.661175772547721863e-02
5.527919158339500427e-02
5.410940200090408325e-02
5.372358113527297974e-02
5.084828659892082214e-02
5.025246366858482361e-02
4.845237731933593750e-02
4.698559269309043884e-02
4.644461348652839661e-02
4.381931200623512268e-02
4.313125833868980408e-02
4.200820624828338623e-02
4.072925075888633728e-02
3.870393708348274231e-02
3.768147900700569153e-02
3.535270318388938904e-02
3.459865227341651917e-02
3.175645321607589722e-02
3.099050000309944153e-02
2.848722971975803375e-02
2.811903879046440125e-02
2.567375078797340393e-02
2.429474517703056335e-02
2.438767999410629272e-02
2.331211604177951813e-02
2.078215219080448151e-02
2.021153457462787628e-02
1.800922304391860962e-02
1.578160189092159271e-02
1.345986034721136093e-02
1.179428305476903915e-02
1.158440485596656799e-02
8.982864208519458771e-03
9.048543870449066162e-03
8.680663071572780609e-03
8.563516661524772644e-03
7.439415901899337769e-03
7.761422544717788696e-03
8.449167013168334961e-03
8.623938076198101044e-03
1.073890272527933121e-02
1.207420323044061661e-02
1.342038903385400772e-02
1.628406532108783722e-02
1.626519858837127686e-02
2.038643509149551392e-02
2.131656371057033539e-02
2.393754012882709503e-02
2.652385085821151733e-02
2.803766354918479919e-02
3.183269128203392029e-02
3.328381478786468506e-02
3.707468882203102112e-02
3.850103914737701416e-02
4.210023581981658936e-02
4.514241218566894531e-02
4.567623510956764221e-02
5.109660327434539795e-02
5.163517966866493225e-02
5.591237917542457581e-02
5.851493403315544128e-02
6.118486449122428894e-02
6.420464068651199341e-02
6.435614079236984253e-02
6.868808716535568237e-02
7.020538300275802612e-02
7.104463875293731689e-02
7.366358488798141479e-02
7.545688003301620483e-02
7.541261613368988037e-02
7.406368106603622437e-02
7.319838553667068481e-02
7.102332264184951782e-02
7.055233418941497803e-02
7.047183066606521606e-02
6.907039880752563477e-02
6.919103115797042847e-02
6.916800886392593384e-02
6.898511946201324463e-02
6.866230070590972900e-02
6.870512664318084717e-02
6.880787014961242676e-02
6.893457472324371338e-02
6.919854879379272461e-02
7.025619596242904663e-02
7.137972116470336914e-02
7.139364629983901978e-02
7.214099913835525513e-02
7.246984541416168213e-02
7.307273894548416138e-02
7.347583770751953125e-02
7.386986166238784790e-02
7.425673305988311768e-02
7.446451485157012939e-02
7.427059859037399292e-02
7.419585436582565308e-02
7.324207574129104614e-02
7.259386777877807617e-02
7.206355780363082886e-02
6.991405785083770752e-02
6.726583838462829590e-02
6.670954823493957520e-02
6.469639390707015991e-02
6.200340390205383301e-02
5.997487530112266541e-02
5.768084526062011719e-02
5.760084465146064758e-02
5.536620691418647766e-02
5.270174890756607056e-02
5.097776278853416443e-02
4.901631176471710205e-02
4.784927517175674438e-02
4.559889808297157288e-02
4.464028030633926392e-02
4.394453763961791992e-02
4.161430522799491882e-02
4.043260589241981506e-02
3.985834494233131409e-02
3.721491619944572449e-02
3.589912131428718567e-02
3.461209312081336975e-02
3.273326903581619263e-02
3.227764740586280823e-02
2.985478192567825317e-02
2.856528013944625854e-02
2.868010476231575012e-02
2.792700566351413727e-02
2.513124980032444000e-02
2.503610029816627502e-02
2.206137403845787048e-02
2.148059569299221039e-02
2.072297967970371246e-02
1.795057766139507294e-02
1.775410771369934082e-02
1.477291993796825409e-02
1.466603856533765793e-02
1.195585075765848160e-02
1.164999697357416153e-02
9.799823164939880371e-03
8.998471312224864960e-03
8.358113467693328857e-03
7.161084096878767014e-03
6.619303952902555466e-03
5.939484573900699615e-03
5.980377551168203354e-03
6.688700057566165924e-03
7.731080520898103714e-03
8.781255222856998444e-03
1.059497706592082977e-02
1.139025669544935226e-02
1.301645953208208084e-02
1.521332282572984695e-02
1.593769155442714691e-02
1.709224283695220947e-02
1.851791888475418091e-02
1.926553063094615936e-02
1.934693567454814911e-02
2.067952603101730347e-02
2.220622450113296509e-02
2.214970998466014862e-02
2.481672167778015137e-02
2.558769658207893372e-02
2.818342857062816620e-02
2.913464233279228210e-02
3.018783032894134521e-02
3.213133290410041809e-02
3.221519663929939270e-02
3.451226651668548584e-02
3.524643182754516602e-02
3.654802963137626648e-02
3.755243122577667236e-02
3.891309723258018494e-02
4.075155779719352722e-02
4.295466095209121704e-02
4.346453770995140076e-02
4.538135230541229248e-02
4.685555398464202881e-02
4.722218587994575500e-02
4.954284429550170898e-02
4.994993284344673157e-02
5.101672559976577759e-02
5.256451293826103210e-02
5.272892862558364868e-02
5.489701405167579651e-02
5.522882938385009766e-02
5.714755877852439880e-02
5.850155279040336609e-02
6.055048108100891113e-02
6.104059144854545593e-02
6.170929595828056335e-02
6.342693418264389038e-02
6.545458734035491943e-02
6.607890874147415161e-02
6.624720245599746704e-02
6.602808088064193726e-02
6.553488224744796753e-02
6.358890235424041748e-02
6.255564093589782715e-02
6.119678914546966553e-02
5.992357060313224792e-02
5.950941890478134155e-02
5.757620185613632202e-02
5.697900801897048950e-02
5.493771284818649292e-02
5.465516075491905212e-02
5.377066880464553833e-02
5.162526294589042664e-02
5.119597166776657104e-02
4.944633319973945618e-02
4.874081537127494812e-02
4.747809469699859619e-02
4.634817317128181458e-02
4.632956534624099731e-02
4.473092034459114075e-02
4.303261637687683105e-02
4.216819256544113159e-02
4.187168553471565247e-02
3.987312689423561096e-02
3.840747475624084473e-02
3.766786307096481323e-02
3.577783331274986267e-02
3.415821865200996399e-02
3.314568847417831421e-02
3.195814788341522217e-02
3.163336217403411865e-02
3.121008351445198059e-02
3.022398054599761963e-02
2.918602526187896729e-02
2.921078167855739594e-02
2.743790484964847565e-02
2.715601399540901184e-02
2.547140792012214661e-02
2.487731538712978363e-02
2.318202517926692963e-02
2.291333489120006561e-02
2.130096033215522766e-02
2.098591253161430359e-02
1.979273743927478790e-02
1.927633211016654968e-02
1.850615441799163818e-02
1.672965288162231445e-02
1.599543727934360504e-02
1.602632552385330200e-02
1.406255271285772324e-02
1.330623030662536621e-02
1.284751854836940765e-02
1.039930805563926697e-02
9.477822110056877136e-03
7.595579139888286591e-03
6.630006246268749237e-03
4.822817631065845490e-03
3.393855877220630646e-03
2.277760067954659462e-03
1.110572949983179569e-03
9.142888593487441540e-04
2.639482496306300163e-03
3.577959025278687477e-03
5.410625599324703217e-03
6.679267156869173050e-03
6.876285187900066376e-03
9.748186916112899780e-03
1.001267414540052414e-02
1.223883032798767090e-02
1.267110928893089294e-02
1.492133829742670059e-02
1.548620406538248062e-02
1.606580242514610291e-02
1.905514672398567200e-02
1.976745948195457458e-02
2.265376783907413483e-02
2.324577793478965759e-02
2.328490838408470154e-02
2.522519603371620178e-02
2.671284787356853485e-02
2.907446771860122681e-02
2.977376431226730347e-02
3.073857352137565613e-02
3.251124918460845947e-02
3.300073742866516113e-02
3.504112735390663147e-02
3.510248661041259766e-02
3.729453310370445251e-02
3.872216865420341492e-02
3.955987840890884399e-02
4.014571383595466614e-02
4.180575534701347351e-02
4.170630127191543579e-02
4.352587834000587463e-02
4.411530122160911560e-02
4.533557221293449402e-02
4.541073739528656006e-02
4.711215198040008545e-02
4.732229933142662048e-02
4.904443398118019104e-02
4.989489167928695679e-02
5.128071457147598267e-02
5.273309722542762756e-02
5.311833694577217102e-02
5.534005165100097656e-02
5.577560141682624817e-02
5.849487334489822388e-02
5.868050083518028259e-02
6.159820780158042908e-02
6.188638508319854736e-02
6.315783411264419556e-02
6.111927703022956848e-02
6.146339699625968933e-02
5.775538831949234009e-02
5.658027902245521545e-02
5.644235759973526001e-02
5.306918174028396606e-02
5.181941017508506775e-02
4.887270182371139526e-02
4.830624535679817200e-02
4.483451321721076965e-02
4.470881074666976929e-02
4.195501282811164856e-02
4.077354818582534790e-02
4.107662290334701538e-02
3.826699778437614441e-02
3.822490572929382324e-02
3.751770034432411194e-02
3.612591698765754700e-02
3.485346585512161255e-02
3.424083068966865540e-02
3.211107850074768066e-02
3.208709508180618286e-02
2.979812584817409515e-02
2.928374707698822021e-02
2.644751220941543579e-02
2.632567845284938812e-02
2.636129222810268402e-02
2.403882704675197601e-02
2.374894917011260986e-02
2.219188213348388672e-02
2.116616629064083099e-02
2.098761312663555145e-02
1.886104233562946320e-02
1.866220310330390930e-02
1.756606996059417725e-02
1.607669331133365631e-02
1.633756421506404877e-02
1.633341424167156219e-02
1.609057001769542694e-02
1.425021886825561523e-02
1.412476692348718643e-02
1.222881767898797989e-02
1.218333467841148376e-02
1.131404750049114227e-02
1.115651242434978485e-02
1.110621728003025055e-02
1.067570410668849945e-02
1.111060380935668945e-02
1.141919754445552826e-02
1.167636457830667496e-02
1.160676963627338409e-02
1.205707620829343796e-02
1.276374980807304382e-02
1.329939998686313629e-02
1.442568656057119370e-02
1.432466134428977966e-02
1.602062210440635681e-02
1.703370548784732819e-02
1.755183376371860504e-02
1.915168203413486481e-02
1.908501423895359039e-02
1.930531486868858337e-02
2.152590081095695496e-02
2.139083482325077057e-02
2.202222123742103577e-02
2.400729805231094360e-02
2.447054907679557800e-02
2.690599486231803894e-02
2.685283869504928589e-02
2.951508946716785431e-02
2.999094873666763306e-02
3.117070719599723816e-02
3.312901780009269714e-02
3.268576413393020630e-02
3.254402428865432739e-02
3.555856272578239441e-02
4.329369217157363892e-02
4.516518115997314453e-02
4.522309452295303345e-02
4.713622853159904480e-02
4.741346091032028198e-02
4.806288704276084900e-02
4.901393502950668335e-02
4.897541552782058716e-02
4.936356842517852783e-02
5.013994500041007996e-02
5.065622925758361816e-02
5.090910196304321289e-02
5.229988694190979004e-02
5.225487425923347473e-02
5.337251350283622742e-02
5.337857827544212341e-02
5.392664298415184021e-02
5.440212041139602661e-02
5.463119223713874817e-02
5.592288821935653687e-02
5.581258982419967651e-02
5.619980767369270325e-02
5.657928436994552612e-02
5.713843926787376404e-02
5.764313787221908569e-02
5.806544423103332520e-02
5.842776596546173096e-02
5.870095267891883850e-02
5.948140099644660950e-02
5.980154499411582947e-02
6.096532940864562988e-02
6.098898872733116150e-02
6.098912656307220459e-02
6.178425624966621399e-02
6.255295127630233765e-02
6.331653147935867310e-02
6.340587884187698364e-02
6.343584507703781128e-02
6.495636701583862305e-02
6.495364755392074585e-02
6.548731774091720581e-02
6.591637432575225830e-02
6.636277586221694946e-02
6.636705994606018066e-02
6.635174155235290527e-02
6.654025614261627197e-02
6.735039502382278442e-02
6.768473982810974121e-02
6.836992502212524414e-02
6.874325126409530640e-02
6.940962374210357666e-02
7.015834748744964600e-02
7.041358947753906250e-02
7.086320221424102783e-02
7.136236876249313354e-02
7.146677374839782715e-02
7.235750555992126465e-02
7.245323807001113892e-02
7.339019328355789185e-02
7.375113666057586670e-02
7.393842935562133789e-02
7.477250695228576660e-02
7.534942030906677246e-02
7.558798044919967651e-02
7.601895928382873535e-02
7.700387388467788696e-02
7.737714797258377075e-02
7.766295224428176880e-02
7.797852158546447754e-02
7.847511023283004761e-02
7.958386093378067017e-02
7.991334050893783569e-02
8.056348562240600586e-02
8.048620074987411499e-02
8.165302127599716187e-02
8.224324882030487061e-02
8.255834877490997314e-02
8.315576612949371338e-02
8.352221548557281494e-02
8.458557724952697754e-02
8.475281298160552979e-02
8.510171622037887573e-02
8.588258177042007446e-02
8.626563102006912231e-02
8.641178905963897705e-02
8.729122579097747803e-02
8.771581202745437622e-02
8.885193616151809692e-02
8.891874551773071289e-02
8.918025344610214233e-02
8.986717462539672852e-02
9.042052179574966431e-02
9.069953858852386475e-02
9.164024889469146729e-02
9.168881177902221680e-02
9.268104285001754761e-02
9.295269101858139038e-02
9.324153512716293335e-02
9.427529573440551758e-02
9.482107311487197876e-02
9.579446166753768921e-02
9.589421004056930542e-02
9.590606391429901123e-02
9.742370992898941040e-02
9.750369191169738770e-02
9.799005836248397827e-02
9.831174463033676147e-02
9.857331961393356323e-02
9.952369332313537598e-02
1.003069207072257996e-01
1.002343818545341492e-01
1.007325723767280579e-01
1.021529361605644226e-01
1.024977788329124451e-01
1.029027774930000305e-01
1.034165397286415100e-01
1.040915921330451965e-01
1.040101051330566406e-01
1.051106974482536316e-01
1.057682856917381287e-01
1.066632121801376343e-01
1.071267947554588318e-01
1.073659881949424744e-01
1.073731034994125366e-01
1.079507470130920410e-01
1.084381565451622009e-01
1.087377890944480896e-01
1.102108359336853027e-01
1.105206534266471863e-01
1.107243672013282776e-01
1.118523553013801575e-01
1.125662475824356079e-01
1.131185963749885559e-01
1.136585548520088196e-01
1.141232475638389587e-01
1.145708039402961731e-01
1.146033480763435364e-01
1.156700327992439270e-01
1.164019927382469177e-01
1.167399138212203979e-01
1.174788847565650940e-01
1.179629042744636536e-01
1.184509545564651489e-01
1.191608533263206482e-01
1.193630918860435486e-01
1.196987852454185486e-01
1.196797788143157959e-01
1.198360472917556763e-01
1.209015250205993652e-01
1.213791891932487488e-01
1.230129599571228027e-01
1.237415894865989685e-01
1.239229366183280945e-01
1.246645450592041016e-01
1.249184682965278625e-01
1.263747662305831909e-01
1.265622079372406006e-01
1.268942058086395264e-01
1.275502741336822510e-01
1.282497942447662354e-01
1.284102499485015869e-01
1.294526159763336182e-01
1.293826252222061157e-01
1.303550004959106445e-01
1.309868246316909790e-01
1.313829720020294189e-01
1.328556537628173828e-01
1.328972131013870239e-01
1.339590698480606079e-01
1.339487284421920776e-01
1.339429020881652832e-01
1.339304745197296143e-01
1.348397433757781982e-01
1.356411576271057129e-01
1.367075294256210327e-01
1.374700367450714111e-01
1.380135715007781982e-01
1.385357826948165894e-01
1.387366503477096558e-01
1.396909654140472412e-01
1.401295810937881470e-01
1.409741938114166260e-01
1.414664387702941895e-01
1.414859741926193237e-01
1.430578827857971191e-01
1.432915180921554565e-01
1.435634046792984009e-01
1.442721337080001831e-01
1.444255560636520386e-01
1.457890719175338745e-01
1.461354941129684448e-01
1.465469598770141602e-01
1.467879712581634521e-01
1.477552801370620728e-01
1.482598632574081421e-01
1.489324122667312622e-01
1.492780596017837524e-01
1.502975970506668091e-01
1.506350934505462646e-01
1.505824774503707886e-01
1.517262607812881470e-01
1.521681845188140869e-01
1.529298424720764160e-01
1.534621417522430420e-01
1.543950587511062622e-01
1.549396067857742310e-01
1.550985425710678101e-01
1.551725119352340698e-01
1.563038378953933716e-01
1.566816419363021851e-01
1.576449424028396606e-01
1.580219715833663940e-01
1.589126586914062500e-01
1.592241972684860229e-01
1.595863699913024902e-01
1.598651111125946045e-01
1.608294397592544556e-01
1.611047983169555664e-01
1.616736352443695068e-01
1.624511629343032837e-01
1.624673157930374146e-01
1.633405983448028564e-01
1.640798300504684448e-01
1.648727357387542725e-01
1.652361154556274414e-01
1.657685786485671997e-01
1.663930416107177734e-01
1.669414043426513672e-01
1.674863100051879883e-01
1.680401414632797241e-01
1.682859808206558228e-01
1.691413670778274536e-01
1.696590930223464966e-01
1.702722907066345215e-01
1.707877814769744873e-01
1.713365912437438965e-01
1.720337718725204468e-01
1.724144667387008667e-01
1.728481203317642212e-01
1.738594472408294678e-01
1.742798089981079102e-01
1.751595288515090942e-01
1.752316951751708984e-01
1.751904189586639404e-01
1.751776486635208130e-01
1.751757413148880005e-01
1.760812699794769287e-01
1.765308827161788940e-01
1.768585443496704102e-01
1.770276874303817749e-01
1.780146956443786621e-01
1.788672506809234619e-01
1.795682460069656372e-01
1.796264201402664185e-01
1.798228174448013306e-01
1.813264042139053345e-01
1.817576140165328979e-01
1.823838800191879272e-01
1.823889017105102539e-01
1.833273023366928101e-01
1.836070865392684937e-01
1.840631067752838135e-01
1.849264204502105713e-01
1.854175627231597900e-01
1.855379045009613037e-01
1.864368617534637451e-01
1.864246129989624023e-01
1.866358965635299683e-01
1.870548129081726074e-01
1.882327049970626831e-01
1.889621913433074951e-01
1.889863759279251099e-01
1.891816556453704834e-01
1.904949843883514404e-01
1.905940324068069458e-01
1.914377957582473755e-01
1.918040812015533447e-01
1.922120898962020874e-01
1.928988993167877197e-01
1.930702030658721924e-01
1.935081034898757935e-01
1.940888017416000366e-01
1.944386661052703857e-01
1.953615844249725342e-01
1.955489069223403931e-01
1.960585117340087891e-01
1.963474750518798828e-01
1.968005746603012085e-01
1.970608979463577271e-01
1.975717246532440186e-01
1.982795298099517822e-01
1.991642713546752930e-01
1.992460489273071289e-01
1.993079185485839844e-01
2.006814181804656982e-01
2.008007317781448364e-01
2.010477483272552490e-01
2.020490318536758423e-01
2.025600075721740723e-01
2.026719748973846436e-01
2.030804455280303955e-01
2.039423435926437378e-01
2.044132798910140991e-01
2.045949250459671021e-01
2.054222524166107178e-01
2.054345160722732544e-01
2.058186978101730347e-01
2.066688537597656250e-01
2.068834602832794189e-01
2.068486958742141724e-01
2.078381031751632690e-01
2.081713676452636719e-01
2.084981352090835571e-01
2.085879296064376831e-01
2.088149189949035645e-01
2.092067301273345947e-01
2.092863470315933228e-01
2.096056044101715088e-01
2.096742242574691772e-01
2.100556790828704834e-01
2.102401554584503174e-01
2.102777957916259766e-01
2.105436027050018311e-01
2.108388245105743408e-01
2.109906375408172607e-01
2.112620323896408081e-01
2.113447338342666626e-01
2.116945534944534302e-01
2.117561846971511841e-01
2.119058072566986084e-01
2.123222798109054565e-01
2.126214355230331421e-01
2.126249223947525024e-01
2.127078920602798462e-01
2.130774408578872681e-01
2.133269757032394409e-01
2.136585712432861328e-01
2.136466056108474731e-01
2.139683365821838379e-01
2.140500396490097046e-01
2.144623845815658569e-01
2.145111560821533203e-01
2.148236036300659180e-01
2.150574773550033569e-01
2.151640653610229492e-01
2.152723520994186401e-01
2.154587060213088989e-01
2.155810147523880005e-01
2.159572243690490723e-01
2.162468433380126953e-01
2.163458764553070068e-01
2.167936116456985474e-01
2.169630676507949829e-01
2.172358036041259766e-01
2.173601835966110229e-01
2.177087962627410889e-01
2.178547531366348267e-01
2.182454764842987061e-01
2.182653397321701050e-01
2.181683927774429321e-01
2.182265669107437134e-01
2.180182188749313354e-01
2.178358584642410278e-01
2.178957164287567139e-01
2.175360023975372314e-01
2.176136672496795654e-01
2.173541486263275146e-01
2.172215580940246582e-01
2.172091007232666016e-01
2.170872241258621216e-01
2.170251309871673584e-01
2.168193310499191284e-01
2.166914343833923340e-01
2.167309224605560303e-01
2.165327519178390503e-01
2.164589613676071167e-01
2.164040952920913696e-01
2.162223607301712036e-01
2.159668654203414917e-01
2.161403149366378784e-01
2.157525867223739624e-01
2.158878743648529053e-01
2.157120555639266968e-01
2.156089842319488525e-01
2.154821902513504028e-01
2.153759002685546875e-01
2.152517586946487427e-01
2.150686532258987427e-01
2.150185555219650269e-01
2.149721682071685791e-01
2.147562950849533081e-01
2.147050201892852783e-01
2.146054804325103760e-01
2.144229114055633545e-01
2.144312560558319092e-01
2.142428904771804810e-01
2.141881585121154785e-01
2.141032963991165161e-01
2.139080613851547241e-01
2.138738483190536499e-01
2.136858254671096802e-01
2.136190533638000488e-01
2.135635763406753540e-01
2.133784890174865723e-01
2.132635563611984253e-01
2.131192088127136230e-01
2.130312621593475342e-01
2.129705250263214111e-01
2.128818929195404053e-01
2.126957327127456665e-01
2.127141803503036499e-01
2.125485241413116455e-01
2.124874591827392578e-01
2.122907638549804688e-01
2.122995406389236450e-01
2.122519314289093018e-01
2.121891379356384277e-01
2.118500322103500366e-01
2.117866575717926025e-01
2.116995006799697876e-01
2.117225229740142822e-01
2.114398330450057983e-01
2.114763706922531128e-01
2.113941311836242676e-01
2.112379521131515503e-01
2.110494971275329590e-01
2.109922170639038086e-01
2.109941393136978149e-01
2.109919339418411255e-01
2.106684744358062744e-01
2.106391936540603638e-01
2.106107622385025024e-01
2.104486227035522461e-01
2.103035748004913330e-01
2.102132290601730347e-01
2.101330757141113281e-01
2.101160585880279541e-01
2.099272608757019043e-01
2.098612487316131592e-01
2.098096609115600586e-01
2.097256332635879517e-01
2.096568048000335693e-01
2.096902132034301758e-01
2.096804976463317871e-01
2.095023691654205322e-01
2.095054090023040771e-01
2.094879448413848877e-01
2.093737721443176270e-01
2.093522250652313232e-01
2.092392593622207642e-01
2.090423405170440674e-01
2.090385258197784424e-01
2.089730799198150635e-01
2.088510096073150635e-01
2.088521867990493774e-01
2.086386531591415405e-01
2.086159288883209229e-01
2.086272835731506348e-01
2.085237056016921997e-01
2.083494961261749268e-01
2.082990258932113647e-01
2.082426398992538452e-01
2.082193046808242798e-01
2.082417607307434082e-01
2.079023420810699463e-01
2.079976946115493774e-01
2.077349126338958740e-01
2.078366726636886597e-01
2.076330780982971191e-01
2.076405584812164307e-01
2.076446563005447388e-01
2.075869292020797729e-01
2.074066251516342163e-01
2.074152529239654541e-01
2.074116468429565430e-01
2.072739899158477783e-01
2.071873396635055542e-01
