0.000000000000000000e+00 0.000000000000000000e+00 0.000000000000000000e+00
0.000000000000000000e+00 0.000000000000000000e+00 0.000000000000000000e+00
0.000000000000000000e+00 0.000000000000000000e+00 0.000000000000000000e+00
0.000000000000000000e+00 0.000000000000000000e+00 0.000000000000000000e+00
0.000000000000000000e+00 0.000000000000000000e+00 0.000000000000000000e+00
0.000000000000000000e+00 0.000000000000000000e+00 0.000000000000000000e+00
0.000000000000000000e+00 0.000000000000000000e+00 0.000000000000000000e+00
0.000000000000000000e+00 0.000000000000000000e+00 0.000000000000000000e+00
0.000000000000000000e+00 0.000000000000000000e+00 0.000000000000000000e+00
0.000000000000000000e+00 0.000000000000000000e+00 0.000000000000000000e+00
0.000000000000000000e+00 0.000000000000000000e+00 0.000000000000000000e+00
0.000000000000000000e+00 0.000000000000000000e+00 0.000000000000000000e+00
0.000000000000000000e+00 0.000000000000000000e+00 0.000000000000000000e+00
0.000000000000000000e+00 0.000000000000000000e+00 0.000000000000000000e+00
0.000000000000000000e+00 0.000000000000000000e+00 0.000000000000000000e+00
0.000000000000000000e+00 0.000000000000000000e+00 0.000000000000000000e+00
0.000000000000000000e+00 0.000000000000000000e+00 0.000000000000000000e+00
0.000000000000000000e+00 0.000000000000000000e+00 0.000000000000000000e+00
0.000000000000000000e+00 0.000000000000000000e+00 0.000000000000000000e+00
0.000000000000000000e+00 0.000000000000000000e+00 0.000000000000000000e+00
0.000000000000000000e+00 0.000000000000000000e+00 0.000000000000000000e+00
0.000000000000000000e+00 0.000000000000000000e+00 0.000000000000000000e+00
0.000000000000000000e+00 0.000000000000000000e+00 0.000000000000000000e+00
0.000000000000000000e+00 0.000000000000000000e+00 0.000000000000000000e+00
0.000000000000000000e+00 0.000000000000000000e+00 0.000000000000000000e+00
0.000000000000000000e+00 0.000000000000000000e+00 0.000000000000000000e+00
0.000000000000000000e+00 0.000000000000000000e+00 0.000000000000000000e+00
0.000000000000000000e+00 0.000000000000000000e+00 0.000000000000000000e+00
0.000000000000000000e+00 0.000000000000000000e+00 0.000000000000000000e+00
0.000000000000000000e+00 0.000000000000000000e+00 0.000000000000000000e+00
0.000000000000000000e+00 0.000000000000000000e+00 0.000000000000000000e+00
0.000000000000000000e+00 0.000000000000000000e+00 0.000000000000000000e+00
0.000000000000000000e+00 0.000000000000000000e+00 0.000000000000000000e+00
0.000000000000000000e+00 0.000000000000000000e+00 0.000000000000000000e+00
0.000000000000000000e+00 0.000000000000000000e+00 0.000000000000000000e+00
0.000000000000000000e+00 0.000000000000000000e+00 0.000000000000000000e+00
0.000000000000000000e+00 0.000000000000000000e+00 0.000000000000000000e+00
0.000000000000000000e+00 0.000000000000000000e+00 0.000000000000000000e+00
0.000000000000000000e+00 0.000000000000000000e+00 0.000000000000000000e+00
0.000000000000000000e+00 0.000000000000000000e+00 0.000000000000000000e+00
0.000000000000000000e+00 0.000000000000000000e+00 0.000000000000000000e+00
0.000000000000000000e+00 0.000000000000000000e+00 0.000000000000000000e+00
0.000000000000000000e+00 0.000000000000000000e+00 0.000000000000000000e+00
0.000000000000000000e+00 0.000000000000000000e+00 0.000000000000000000e+00
0.000000000000000000e+00 0.000000000000000000e+00 0.000000000000000000e+00
0.000000000000000000e+00 0.000000000000000000e+00 0.000000000000000000e+00
0.000000000000000000e+00 0.000000000000000000e+00 0.000000000000000000e+00
0.000000000000000000e+00 0.000000000000000000e+00 0.000000000000000000e+00
0.000000000000000000e+00 0.000000000000000000e+00 0.000000000000000000e+00
0.000000000000000000e+00 0.000000000000000000e+00 0.000000000000000000e+00
0.000000000000000000e+00 0.000000000000000000e+00 0.000000000000000000e+00
0.000000000000000000e+00 0.000000000000000000e+00 0.000000000000000000e+00
0.000000000000000000e+00 0.000000000000000000e+00 0.000000000000000000e+00
0.000000000000000000e+00 0.000000000000000000e+00 0.000000000000000000e+00
0.000000000000000000e+00 0.000000000000000000e+00 0.000000000000000000e+00
0.000000000000000000e+00 0.000000000000000000e+00 0.000000000000000000e+00
0.000000000000000000e+00 0.000000000000000000e+00 0.000000000000000000e+00
0.000000000000000000e+00 0.000000000000000000e+00 0.000000000000000000e+00
0.000000000000000000e+00 0.000000000000000000e+00 0.000000000000000000e+00
0.000000000000000000e+00 0.000000000000000000e+00 0.000000000000000000e+00
0.000000000000000000e+00 0.000000000000000000e+00 0.000000000000000000e+00
0.000000000000000000e+00 0.000000000000000000e+00 0.000000000000000000e+00
0.000000000000000000e+00 0.000000000000000000e+00 0.000000000000000000e+00
0.000000000000000000e+00 0.000000000000000000e+00 0.000000000000000000e+00
0.000000000000000000e+00 0.000000000000000000e+00 0.000000000000000000e+00
0.000000000000000000e+00 0.000000000000000000e+00 0.000000000000000000e+00
0.000000000000000000e+00 0.000000000000000000e+00 0.000000000000000000e+00
0.000000000000000000e+00 0.000000000000000000e+00 0.000000000000000000e+00
0.000000000000000000e+00 0.000000000000000000e+00 0.000000000000000000e+00
0.000000000000000000e+00 0.000000000000000000e+00 0.000000000000000000e+00
0.000000000000000000e+00 0.000000000000000000e+00 0.000000000000000000e+00
0.000000000000000000e+00 0.000000000000000000e+00 0.000000000000000000e+00
0.000000000000000000e+00 0.000000000000000000e+00 0.000000000000000000e+00
0.000000000000000000e+00 0.000000000000000000e+00 0.000000000000000000e+00
0.000000000000000000e+00 0.000000000000000000e+00 0.000000000000000000e+00
0.000000000000000000e+00 0.000000000000000000e+00 0.000000000000000000e+00
0.000000000000000000e+00 0.000000000000000000e+00 0.000000000000000000e+00
0.000000000000000000e+00 0.000000000000000000e+00 0.000000000000000000e+00
0.000000000000000000e+00 0.000000000000000000e+00 0.000000000000000000e+00
0.000000000000000000e+00 0.000000000000000000e+00 0.000000000000000000e+00
0.000000000000000000e+00 0.000000000000000000e+00 0.000000000000000000e+00
0.000000000000000000e+00 0.000000000000000000e+00 0.000000000000000000e+00
0.000000000000000000e+00 0.000000000000000000e+00 0.000000000000000000e+00
0.000000000000000000e+00 0.000000000000000000e+00 0.000000000000000000e+00
0.000000000000000000e+00 0.000000000000000000e+00 0.000000000000000000e+00
0.000000000000000000e+00 0.000000000000000000e+00 0.000000000000000000e+00
0.000000000000000000e+00 0.000000000000000000e+00 0.000000000000000000e+00
0.000000000000000000e+00 0.000000000000000000e+00 0.000000000000000000e+00
0.000000000000000000e+00 0.000000000000000000e+00 0.000000000000000000e+00
0.000000000000000000e+00 0.000000000000000000e+00 0.000000000000000000e+00
0.000000000000000000e+00 0.000000000000000000e+00 0.000000000000000000e+00
0.000000000000000000e+00 0.000000000000000000e+00 0.000000000000000000e+00
0.000000000000000000e+00 0.000000000000000000e+00 0.000000000000000000e+00
0.000000000000000000e+00 0.000000000000000000e+00 0.000000000000000000e+00
0.000000000000000000e+00 0.000000000000000000e+00 0.000000000000000000e+00
0.000000000000000000e+00 0.000000000000000000e+00 0.000000000000000000e+00
0.000000000000000000e+00 0.000000000000000000e+00 0.000000000000000000e+00
0.000000000000000000e+00 0.000000000000000000e+00 0.000000000000000000e+00
0.000000000000000000e+00 0.000000000000000000e+00 0.000000000000000000e+00
4.170822799205780029e-01 -7.630783319473266602e-01 0.000000000000000000e+00
4.922234714031219482e-01 -7.063073515892028809e-01 0.000000000000000000e+00
6.348400115966796875e-01 -6.320957541465759277e-01 0.000000000000000000e+00
7.590951919555664062e-01 -5.667605400085449219e-01 0.000000000000000000e+00
9.349719285964965820e-01 -4.875830709934234619e-01 0.000000000000000000e+00
1.098577380180358887e+00 -4.145240485668182373e-01 0.000000000000000000e+00
1.285025954246520996e+00 -2.551758587360382080e-01 0.000000000000000000e+00
1.430464982986450195e+00 -1.744582951068878174e-01 0.000000000000000000e+00
1.560154199600219727e+00 -5.860157310962677002e-02 0.000000000000000000e+00
1.547619700431823730e+00 3.991044312715530396e-02 0.000000000000000000e+00
1.576083779335021973e+00 1.752902567386627197e-01 0.000000000000000000e+00
1.624714136123657227e+00 3.457279801368713379e-01 0.000000000000000000e+00
1.604794025421142578e+00 4.521912038326263428e-01 0.000000000000000000e+00
1.687618136405944824e+00 6.687808036804199219e-01 0.000000000000000000e+00
1.656679868698120117e+00 7.480546832084655762e-01 0.000000000000000000e+00
1.841066718101501465e+00 7.299283742904663086e-01 0.000000000000000000e+00
1.904899716377258301e+00 5.984397530555725098e-01 0.000000000000000000e+00
1.910582065582275391e+00 4.441311061382293701e-01 0.000000000000000000e+00
1.888703942298889160e+00 5.360794663429260254e-01 0.000000000000000000e+00
1.853997826576232910e+00 5.846075415611267090e-01 0.000000000000000000e+00
1.849326014518737793e+00 6.415564417839050293e-01 0.000000000000000000e+00
1.840999960899353027e+00 6.826019883155822754e-01 0.000000000000000000e+00
1.852891325950622559e+00 6.500157713890075684e-01 0.000000000000000000e+00
1.861768484115600586e+00 6.357102990150451660e-01 0.000000000000000000e+00
1.898104786872863770e+00 4.524428546428680420e-01 0.000000000000000000e+00
1.844802618026733398e+00 3.912322819232940674e-01 0.000000000000000000e+00
1.864835023880004883e+00 2.843377590179443359e-01 0.000000000000000000e+00
1.883158445358276367e+00 2.696209549903869629e-01 0.000000000000000000e+00
1.867981076240539551e+00 2.358370125293731689e-01 0.000000000000000000e+00
1.877162218093872070e+00 2.909435629844665527e-01 0.000000000000000000e+00
1.966054320335388184e+00 4.608008861541748047e-01 0.000000000000000000e+00
1.970631122589111328e+00 4.586854577064514160e-01 0.000000000000000000e+00
1.949490785598754883e+00 4.109736084938049316e-01 0.000000000000000000e+00
1.944414258003234863e+00 4.113662242889404297e-01 0.000000000000000000e+00
1.944546937942504883e+00 4.294166564941406250e-01 0.000000000000000000e+00
1.958829760551452637e+00 4.327584505081176758e-01 0.000000000000000000e+00
1.993127346038818359e+00 4.156786501407623291e-01 0.000000000000000000e+00
1.963687419891357422e+00 4.584451913833618164e-01 0.000000000000000000e+00
1.963758826255798340e+00 4.726790487766265869e-01 0.000000000000000000e+00
1.963485479354858398e+00 4.854178130626678467e-01 0.000000000000000000e+00
1.963487505912780762e+00 4.996089339256286621e-01 0.000000000000000000e+00
1.963556289672851562e+00 5.130075812339782715e-01 0.000000000000000000e+00
1.992908000946044922e+00 4.589141309261322021e-01 0.000000000000000000e+00
2.042034149169921875e+00 4.373286962509155273e-01 0.000000000000000000e+00
2.099321365356445312e+00 4.188060164451599121e-01 0.000000000000000000e+00
2.189669847488403320e+00 4.244353175163269043e-01 0.000000000000000000e+00
2.131395339965820312e+00 4.087735116481781006e-01 0.000000000000000000e+00
2.178742647171020508e+00 4.241124689579010010e-01 0.000000000000000000e+00
2.236356496810913086e+00 4.631608426570892334e-01 0.000000000000000000e+00
2.266151189804077148e+00 4.685197472572326660e-01 0.000000000000000000e+00
2.326029777526855469e+00 5.606179237365722656e-01 0.000000000000000000e+00
2.471793889999389648e+00 6.743549108505249023e-01 0.000000000000000000e+00
2.511247396469116211e+00 7.471097111701965332e-01 0.000000000000000000e+00
2.629322528839111328e+00 8.142457008361816406e-01 0.000000000000000000e+00
2.908247947692871094e+00 8.742448091506958008e-01 0.000000000000000000e+00
2.859604120254516602e+00 8.144161701202392578e-01 0.000000000000000000e+00
2.904898166656494141e+00 9.225871562957763672e-01 0.000000000000000000e+00
3.209566354751586914e+00 8.696428537368774414e-01 0.000000000000000000e+00
3.119591712951660156e+00 6.388575434684753418e-01 0.000000000000000000e+00
3.272539138793945312e+00 7.816241383552551270e-01 0.000000000000000000e+00
3.143943548202514648e+00 7.328528165817260742e-01 0.000000000000000000e+00
3.104584932327270508e+00 6.737440228462219238e-01 0.000000000000000000e+00
3.180391311645507812e+00 6.301945447921752930e-01 0.000000000000000000e+00
3.140720129013061523e+00 6.360245347023010254e-01 0.000000000000000000e+00
3.219782590866088867e+00 6.109167337417602539e-01 0.000000000000000000e+00
3.329018115997314453e+00 5.530555844306945801e-01 0.000000000000000000e+00
3.337387800216674805e+00 5.119181275367736816e-01 0.000000000000000000e+00
3.264438152313232422e+00 5.055752992630004883e-01 0.000000000000000000e+00
3.266908645629882812e+00 5.271236300468444824e-01 0.000000000000000000e+00
3.342518091201782227e+00 5.418123602867126465e-01 0.000000000000000000e+00
3.356759071350097656e+00 6.015422940254211426e-01 0.000000000000000000e+00
3.351294994354248047e+00 5.726026892662048340e-01 0.000000000000000000e+00
3.345249891281127930e+00 5.804213881492614746e-01 0.000000000000000000e+00
3.377935647964477539e+00 6.025611758232116699e-01 0.000000000000000000e+00
3.324481725692749023e+00 5.926755666732788086e-01 0.000000000000000000e+00
3.319755077362060547e+00 6.526086330413818359e-01 0.000000000000000000e+00
3.320159435272216797e+00 6.769224405288696289e-01 0.000000000000000000e+00
3.333980798721313477e+00 6.924535036087036133e-01 0.000000000000000000e+00
3.313515663146972656e+00 6.909114718437194824e-01 0.000000000000000000e+00
3.306932687759399414e+00 6.643590331077575684e-01 0.000000000000000000e+00
3.297700166702270508e+00 6.987084150314331055e-01 0.000000000000000000e+00
3.314090728759765625e+00 7.068959474563598633e-01 0.000000000000000000e+00
3.310461044311523438e+00 7.411842942237854004e-01 0.000000000000000000e+00
3.293824195861816406e+00 7.462719082832336426e-01 0.000000000000000000e+00
3.280780553817749023e+00 7.615094780921936035e-01 0.000000000000000000e+00
3.268580198287963867e+00 7.747830748558044434e-01 0.000000000000000000e+00
3.278808355331420898e+00 7.947731614112854004e-01 0.000000000000000000e+00
3.227799892425537109e+00 8.294463157653808594e-01 0.000000000000000000e+00
3.236234188079833984e+00 9.409079551696777344e-01 0.000000000000000000e+00
3.205445528030395508e+00 1.010048389434814453e+00 0.000000000000000000e+00
2.946364402770996094e+00 1.310985803604125977e+00 0.000000000000000000e+00
3.013158798217773438e+00 1.402124404907226562e+00 0.000000000000000000e+00
2.949437141418457031e+00 1.427040100097656250e+00 0.000000000000000000e+00
2.942975044250488281e+00 1.431930899620056152e+00 0.000000000000000000e+00
2.974419355392456055e+00 1.415050506591796875e+00 0.000000000000000000e+00
2.972500801086425781e+00 1.415806412696838379e+00 0.000000000000000000e+00
2.969052076339721680e+00 1.414728283882141113e+00 0.000000000000000000e+00
2.945741891860961914e+00 1.419734597206115723e+00 0.000000000000000000e+00
2.876131296157836914e+00 1.549710512161254883e+00 0.000000000000000000e+00
2.796745061874389648e+00 1.677708268165588379e+00 0.000000000000000000e+00
2.671866416931152344e+00 1.763697862625122070e+00 0.000000000000000000e+00
2.326514720916748047e+00 1.883768558502197266e+00 0.000000000000000000e+00
2.003524541854858398e+00 1.957492351531982422e+00 0.000000000000000000e+00
2.138839006423950195e+00 2.014699220657348633e+00 0.000000000000000000e+00
1.545867323875427246e+00 1.836378335952758789e+00 0.000000000000000000e+00
1.158172965049743652e+00 2.195503234863281250e+00 0.000000000000000000e+00
9.515206813812255859e-01 2.231268167495727539e+00 0.000000000000000000e+00
7.940618991851806641e-01 2.487597703933715820e+00 0.000000000000000000e+00
9.694435596466064453e-01 2.497104644775390625e+00 0.000000000000000000e+00
8.403311371803283691e-01 2.535845994949340820e+00 0.000000000000000000e+00
8.302354216575622559e-01 2.690928697586059570e+00 0.000000000000000000e+00
8.933210372924804688e-01 2.815873622894287109e+00 0.000000000000000000e+00
7.678595781326293945e-01 2.862926483154296875e+00 0.000000000000000000e+00
4.746015071868896484e-01 2.937988281250000000e+00 0.000000000000000000e+00
2.336866408586502075e-01 2.998936891555786133e+00 0.000000000000000000e+00
2.334940433502197266e-01 2.978371858596801758e+00 0.000000000000000000e+00
7.064843922853469849e-02 2.963264703750610352e+00 0.000000000000000000e+00
-2.175971269607543945e-01 3.007758378982543945e+00 0.000000000000000000e+00
-2.766598761081695557e-01 2.981972455978393555e+00 0.000000000000000000e+00
-6.653964519500732422e-01 3.081832885742187500e+00 0.000000000000000000e+00
-6.989072561264038086e-01 3.185930490493774414e+00 0.000000000000000000e+00
-6.817367076873779297e-01 3.322096109390258789e+00 0.000000000000000000e+00
-6.692973971366882324e-01 3.452224969863891602e+00 0.000000000000000000e+00
-7.166312932968139648e-01 3.360559463500976562e+00 0.000000000000000000e+00
-4.137084186077117920e-01 3.147342681884765625e+00 0.000000000000000000e+00
-4.765661358833312988e-01 3.110286474227905273e+00 0.000000000000000000e+00
-2.525792419910430908e-01 3.057231187820434570e+00 0.000000000000000000e+00
-4.819552227854728699e-02 2.859516143798828125e+00 0.000000000000000000e+00
-8.724864572286605835e-03 2.786219596862792969e+00 0.000000000000000000e+00
2.889237701892852783e-01 2.835285186767578125e+00 0.000000000000000000e+00
5.495149493217468262e-01 2.696043968200683594e+00 0.000000000000000000e+00
5.847095847129821777e-01 2.788050174713134766e+00 0.000000000000000000e+00
7.783313393592834473e-01 2.792323827743530273e+00 0.000000000000000000e+00
9.294057488441467285e-01 2.834175825119018555e+00 0.000000000000000000e+00
9.670155644416809082e-01 3.011174917221069336e+00 0.000000000000000000e+00
1.024159431457519531e+00 3.120959043502807617e+00 0.000000000000000000e+00
1.074332594871520996e+00 3.144780635833740234e+00 0.000000000000000000e+00
1.077484846115112305e+00 3.231134176254272461e+00 0.000000000000000000e+00
1.014783263206481934e+00 3.243634700775146484e+00 0.000000000000000000e+00
1.019445180892944336e+00 3.226348638534545898e+00 0.000000000000000000e+00
9.090026021003723145e-01 3.280277013778686523e+00 0.000000000000000000e+00
8.137119412422180176e-01 3.283455610275268555e+00 0.000000000000000000e+00
7.626069784164428711e-01 3.291710615158081055e+00 0.000000000000000000e+00
7.127780914306640625e-01 3.330584526062011719e+00 0.000000000000000000e+00
5.938380956649780273e-01 3.319842576980590820e+00 0.000000000000000000e+00
5.352195501327514648e-01 3.324451684951782227e+00 0.000000000000000000e+00
4.154646098613739014e-01 3.337313890457153320e+00 0.000000000000000000e+00
3.629159927368164062e-01 3.327327013015747070e+00 0.000000000000000000e+00
1.536356359720230103e-01 3.348369598388671875e+00 0.000000000000000000e+00
1.134913116693496704e-01 3.348047733306884766e+00 0.000000000000000000e+00
-7.370935752987861633e-03 3.350116252899169922e+00 0.000000000000000000e+00
-1.036911979317665100e-01 3.362406730651855469e+00 0.000000000000000000e+00
-2.326455414295196533e-01 3.370679378509521484e+00 0.000000000000000000e+00
-3.407332897186279297e-01 3.372429132461547852e+00 0.000000000000000000e+00
-4.777940809726715088e-01 3.389254570007324219e+00 0.000000000000000000e+00
-5.316931009292602539e-01 3.425955533981323242e+00 0.000000000000000000e+00
-6.021807193756103516e-01 3.412985801696777344e+00 0.000000000000000000e+00
-7.065773010253906250e-01 3.380642652511596680e+00 0.000000000000000000e+00
-7.831428050994873047e-01 3.408720254898071289e+00 0.000000000000000000e+00
-8.628435730934143066e-01 3.405463933944702148e+00 0.000000000000000000e+00
-9.509981274604797363e-01 3.354708671569824219e+00 0.000000000000000000e+00
-1.008594393730163574e+00 3.297309160232543945e+00 0.000000000000000000e+00
-1.078538060188293457e+00 3.271098613739013672e+00 0.000000000000000000e+00
-1.138874292373657227e+00 3.299504995346069336e+00 0.000000000000000000e+00
-1.212103128433227539e+00 3.291528701782226562e+00 0.000000000000000000e+00
-1.206719875335693359e+00 3.274490118026733398e+00 0.000000000000000000e+00
-1.204860925674438477e+00 3.268514871597290039e+00 0.000000000000000000e+00
-1.186069965362548828e+00 3.207865476608276367e+00 0.000000000000000000e+00
-1.175828695297241211e+00 3.174623727798461914e+00 0.000000000000000000e+00
-1.162153244018554688e+00 3.130585432052612305e+00 0.000000000000000000e+00
-1.145231246948242188e+00 3.076386451721191406e+00 0.000000000000000000e+00
-1.132411241531372070e+00 3.034883975982666016e+00 0.000000000000000000e+00
-1.126521706581115723e+00 3.008077144622802734e+00 0.000000000000000000e+00
-1.139322161674499512e+00 2.882946491241455078e+00 0.000000000000000000e+00
-1.348421692848205566e+00 2.611736774444580078e+00 0.000000000000000000e+00
-1.380014538764953613e+00 2.428121089935302734e+00 0.000000000000000000e+00
-1.558424472808837891e+00 1.971439838409423828e+00 0.000000000000000000e+00
-1.508012294769287109e+00 1.992992997169494629e+00 0.000000000000000000e+00
-1.615944623947143555e+00 1.767302751541137695e+00 0.000000000000000000e+00
-1.591141939163208008e+00 1.666636705398559570e+00 0.000000000000000000e+00
-1.629947423934936523e+00 1.667275071144104004e+00 0.000000000000000000e+00
-1.701742887496948242e+00 1.419733643531799316e+00 0.000000000000000000e+00
-1.787805914878845215e+00 7.186468839645385742e-01 0.000000000000000000e+00
-1.827008247375488281e+00 5.863330960273742676e-01 0.000000000000000000e+00
-1.779775857925415039e+00 7.322705984115600586e-01 0.000000000000000000e+00
-1.825401663780212402e+00 7.124222517013549805e-01 0.000000000000000000e+00
-1.810278177261352539e+00 5.647227764129638672e-01 0.000000000000000000e+00
-1.778947234153747559e+00 4.340635240077972412e-01 0.000000000000000000e+00
-1.788569927215576172e+00 1.080356240272521973e-01 0.000000000000000000e+00
-1.813526749610900879e+00 -1.628444939851760864e-01 0.000000000000000000e+00
-1.846844196319580078e+00 -3.023643195629119873e-01 0.000000000000000000e+00
-1.808781623840332031e+00 -4.845073223114013672e-01 0.000000000000000000e+00
-1.837575078010559082e+00 -6.409221887588500977e-01 0.000000000000000000e+00
-1.869045495986938477e+00 -8.292547464370727539e-01 0.000000000000000000e+00
-1.931001424789428711e+00 -8.116334080696105957e-01 0.000000000000000000e+00
-2.126175165176391602e+00 -7.737705707550048828e-01 0.000000000000000000e+00
-2.178178787231445312e+00 -7.211301326751708984e-01 0.000000000000000000e+00
-2.076668024063110352e+00 -7.966914176940917969e-01 0.000000000000000000e+00
-2.029335737228393555e+00 -7.821103930473327637e-01 0.000000000000000000e+00
-2.017410516738891602e+00 -8.695820569992065430e-01 0.000000000000000000e+00
-1.994126081466674805e+00 -8.488740324974060059e-01 0.000000000000000000e+00
-1.995189547538757324e+00 -8.695307374000549316e-01 0.000000000000000000e+00
-1.983605980873107910e+00 -8.627678751945495605e-01 0.000000000000000000e+00
-1.931415557861328125e+00 -7.206102609634399414e-01 0.000000000000000000e+00
-1.909753084182739258e+00 -6.741285324096679688e-01 0.000000000000000000e+00
-1.930765509605407715e+00 -6.954155564308166504e-01 0.000000000000000000e+00
-1.937272191047668457e+00 -6.428368091583251953e-01 0.000000000000000000e+00
-1.915752291679382324e+00 -6.145729422569274902e-01 0.000000000000000000e+00
-1.809160947799682617e+00 -5.904526710510253906e-01 0.000000000000000000e+00
-1.656466960906982422e+00 -5.808669924736022949e-01 0.000000000000000000e+00
-1.598174452781677246e+00 -5.701633691787719727e-01 0.000000000000000000e+00
-1.639966607093811035e+00 -5.312736630439758301e-01 0.000000000000000000e+00
-1.629030942916870117e+00 -5.042356848716735840e-01 0.000000000000000000e+00
-1.627681732177734375e+00 -4.595352113246917725e-01 0.000000000000000000e+00
-1.601919770240783691e+00 -4.550718963146209717e-01 0.000000000000000000e+00
-1.554632067680358887e+00 -4.221390187740325928e-01 0.000000000000000000e+00
-1.527824282646179199e+00 -4.220496714115142822e-01 0.000000000000000000e+00
-1.553922891616821289e+00 -3.933849036693572998e-01 0.000000000000000000e+00
-1.449174284934997559e+00 -3.948266208171844482e-01 0.000000000000000000e+00
-1.411719202995300293e+00 -3.869496583938598633e-01 0.000000000000000000e+00
-1.378643393516540527e+00 -3.801459670066833496e-01 0.000000000000000000e+00
-1.303029179573059082e+00 -3.964021801948547363e-01 0.000000000000000000e+00
-1.359739184379577637e+00 -4.579264819622039795e-01 0.000000000000000000e+00
-1.318524479866027832e+00 -4.100368022918701172e-01 0.000000000000000000e+00
-1.247781276702880859e+00 -4.284593164920806885e-01 0.000000000000000000e+00
-1.104748129844665527e+00 -4.487543702125549316e-01 0.000000000000000000e+00
-1.083508729934692383e+00 -4.287665188312530518e-01 0.000000000000000000e+00
-1.058071374893188477e+00 -3.822619318962097168e-01 0.000000000000000000e+00
-1.114166378974914551e+00 -3.666977882385253906e-01 0.000000000000000000e+00
-1.101027607917785645e+00 -3.698310852050781250e-01 0.000000000000000000e+00
-1.102403759956359863e+00 -3.582551777362823486e-01 0.000000000000000000e+00
-1.102488636970520020e+00 -3.473040461540222168e-01 0.000000000000000000e+00
-1.048477768898010254e+00 -3.407885730266571045e-01 0.000000000000000000e+00
-9.366163611412048340e-01 -2.207566052675247192e-01 0.000000000000000000e+00
-8.883522152900695801e-01 -1.745571345090866089e-01 0.000000000000000000e+00
-8.757120370864868164e-01 -1.949499547481536865e-01 0.000000000000000000e+00
-8.745397329330444336e-01 -1.414691209793090820e-01 0.000000000000000000e+00
-8.486179113388061523e-01 -1.126186996698379517e-01 0.000000000000000000e+00
-7.926968932151794434e-01 -8.109456300735473633e-02 0.000000000000000000e+00
-7.139852643013000488e-01 -5.163747444748878479e-02 0.000000000000000000e+00
-6.906485557556152344e-01 -1.181257423013448715e-02 0.000000000000000000e+00
-6.309574246406555176e-01 -7.833866402506828308e-03 0.000000000000000000e+00
-5.646998286247253418e-01 -6.843110918998718262e-02 0.000000000000000000e+00
-5.022206902503967285e-01 -9.672489017248153687e-02 0.000000000000000000e+00
-4.591368436813354492e-01 -5.884179472923278809e-02 0.000000000000000000e+00
-4.391418993473052979e-01 -1.072929352521896362e-01 0.000000000000000000e+00
-3.705867528915405273e-01 -8.809139579534530640e-02 0.000000000000000000e+00
-3.947014510631561279e-01 -2.171715348958969116e-01 0.000000000000000000e+00
-5.025380849838256836e-01 -3.682518005371093750e-01 0.000000000000000000e+00
-4.550624489784240723e-01 -4.345823824405670166e-01 0.000000000000000000e+00
-4.753899276256561279e-01 -4.556894302368164062e-01 0.000000000000000000e+00
-5.970330834388732910e-01 -5.463830232620239258e-01 0.000000000000000000e+00
-5.888461470603942871e-01 -5.719372034072875977e-01 0.000000000000000000e+00
-6.879384517669677734e-01 -5.718572139739990234e-01 0.000000000000000000e+00
-8.069131374359130859e-01 -6.441854834556579590e-01 0.000000000000000000e+00
-8.228982686996459961e-01 -6.520981788635253906e-01 0.000000000000000000e+00
-9.419109821319580078e-01 -6.471619606018066406e-01 0.000000000000000000e+00
-1.010272264480590820e+00 -6.254746913909912109e-01 0.000000000000000000e+00
-1.097228765487670898e+00 -6.110512614250183105e-01 0.000000000000000000e+00
-1.181957244873046875e+00 -6.081774234771728516e-01 0.000000000000000000e+00
-1.256488919258117676e+00 -6.184018850326538086e-01 0.000000000000000000e+00
-1.258965969085693359e+00 -6.246389746665954590e-01 0.000000000000000000e+00
-1.257569670677185059e+00 -6.242121458053588867e-01 0.000000000000000000e+00
-1.258943080902099609e+00 -6.030585169792175293e-01 0.000000000000000000e+00
-1.216924667358398438e+00 -5.855501294136047363e-01 0.000000000000000000e+00
-1.198249936103820801e+00 -5.157601833343505859e-01 0.000000000000000000e+00
-1.170265555381774902e+00 -4.680911898612976074e-01 0.000000000000000000e+00
-1.177208185195922852e+00 -4.004137814044952393e-01 0.000000000000000000e+00
-1.175395488739013672e+00 -4.024640917778015137e-01 0.000000000000000000e+00
-1.141421198844909668e+00 -3.555224239826202393e-01 0.000000000000000000e+00
-1.078182339668273926e+00 -3.345180153846740723e-01 0.000000000000000000e+00
-1.046741724014282227e+00 -2.557289302349090576e-01 0.000000000000000000e+00
-1.019506692886352539e+00 -1.933245360851287842e-01 0.000000000000000000e+00
-1.021501183509826660e+00 -1.681385487318038940e-01 0.000000000000000000e+00
-9.999449849128723145e-01 -1.249477490782737732e-01 0.000000000000000000e+00
-9.686281085014343262e-01 -1.124771311879158020e-01 0.000000000000000000e+00
-9.638733267784118652e-01 -1.420101672410964966e-01 0.000000000000000000e+00
-9.234111309051513672e-01 -1.755417436361312866e-01 0.000000000000000000e+00
-8.965735435485839844e-01 -1.815405786037445068e-01 0.000000000000000000e+00
-8.064197897911071777e-01 -2.287786006927490234e-01 0.000000000000000000e+00
-6.990606784820556641e-01 -3.880872130393981934e-01 0.000000000000000000e+00
-7.244114279747009277e-01 -3.216383457183837891e-01 0.000000000000000000e+00
-6.641848683357238770e-01 -3.723324239253997803e-01 0.000000000000000000e+00
-6.276514530181884766e-01 -4.167947471141815186e-01 0.000000000000000000e+00
-5.763378143310546875e-01 -4.614004790782928467e-01 0.000000000000000000e+00
-5.117422938346862793e-01 -4.120227992534637451e-01 0.000000000000000000e+00
3.974834922701120377e-03 2.976248273625969887e-03 0.000000000000000000e+00
0.000000000000000000e+00 0.000000000000000000e+00 0.000000000000000000e+00
0.000000000000000000e+00 0.000000000000000000e+00 0.000000000000000000e+00
0.000000000000000000e+00 0.000000000000000000e+00 0.000000000000000000e+00
-4.743381738662719727e-01 -3.507564365863800049e-01 0.000000000000000000e+00
-5.042766332626342773e-01 -2.429330497980117798e-01 0.000000000000000000e+00
-4.671582281589508057e-01 -2.570639848709106445e-01 0.000000000000000000e+00
-4.628762900829315186e-01 -2.241238653659820557e-01 0.000000000000000000e+00
-4.363099336624145508e-01 -2.033777385950088501e-01 0.000000000000000000e+00
-4.449065923690795898e-01 -1.699434816837310791e-01 0.000000000000000000e+00
-4.210686087608337402e-01 -1.194716989994049072e-01 0.000000000000000000e+00
-4.142873287200927734e-01 -1.035682931542396545e-01 0.000000000000000000e+00
-4.035926759243011475e-01 -7.378231734037399292e-02 0.000000000000000000e+00
-3.925595581531524658e-01 -4.307472705841064453e-02 0.000000000000000000e+00
-3.814162313938140869e-01 -1.206325087696313858e-02 0.000000000000000000e+00
-3.702710270881652832e-01 1.895357854664325714e-02 0.000000000000000000e+00
-3.825310468673706055e-01 6.053043529391288757e-02 0.000000000000000000e+00
-3.626686036586761475e-01 8.895705640316009521e-02 0.000000000000000000e+00
-3.557241857051849365e-01 1.225317195057868958e-01 0.000000000000000000e+00
-3.493307232856750488e-01 1.541384458541870117e-01 0.000000000000000000e+00
-3.488274812698364258e-01 1.805414259433746338e-01 0.000000000000000000e+00
-3.836672902107238770e-01 1.934345364570617676e-01 0.000000000000000000e+00
-3.717534542083740234e-01 2.192921638488769531e-01 0.000000000000000000e+00
-3.754863739013671875e-01 2.400131076574325562e-01 0.000000000000000000e+00
-3.822364509105682373e-01 2.497999072074890137e-01 0.000000000000000000e+00
-1.924632303416728973e-02 1.509430445730686188e-02 0.000000000000000000e+00
0.000000000000000000e+00 0.000000000000000000e+00 0.000000000000000000e+00
0.000000000000000000e+00 0.000000000000000000e+00 0.000000000000000000e+00
0.000000000000000000e+00 0.000000000000000000e+00 0.000000000000000000e+00
0.000000000000000000e+00 0.000000000000000000e+00 0.000000000000000000e+00
0.000000000000000000e+00 0.000000000000000000e+00 0.000000000000000000e+00
0.000000000000000000e+00 0.000000000000000000e+00 0.000000000000000000e+00
0.000000000000000000e+00 0.000000000000000000e+00 0.000000000000000000e+00
0.000000000000000000e+00 0.000000000000000000e+00 0.000000000000000000e+00
-4.515297114849090576e-01 3.986918032169342041e-01 0.000000000000000000e+00
-3.612210452556610107e-01 3.748942315578460693e-01 0.000000000000000000e+00
-3.204878866672515869e-01 3.725878894329071045e-01 0.000000000000000000e+00
-2.909987568855285645e-01 3.927563428878784180e-01 0.000000000000000000e+00
-1.594706028699874878e-01 4.849429726600646973e-01 0.000000000000000000e+00
-1.857868283987045288e-01 5.165426135063171387e-01 0.000000000000000000e+00
3.380919992923736572e-02 6.782535910606384277e-01 0.000000000000000000e+00
1.235106587409973145e-01 8.125004768371582031e-01 0.000000000000000000e+00
2.122361809015274048e-01 8.196873664855957031e-01 0.000000000000000000e+00
5.855270624160766602e-01 1.060291409492492676e+00 0.000000000000000000e+00
5.194052457809448242e-01 1.049610853195190430e+00 0.000000000000000000e+00
6.675106287002563477e-01 1.165098905563354492e+00 0.000000000000000000e+00
7.945886254310607910e-01 1.261244177818298340e+00 0.000000000000000000e+00
9.333767294883728027e-01 1.318424463272094727e+00 0.000000000000000000e+00
1.071392655372619629e+00 1.317360401153564453e+00 0.000000000000000000e+00
1.207493185997009277e+00 1.317357897758483887e+00 0.000000000000000000e+00
1.338039994239807129e+00 1.317852139472961426e+00 0.000000000000000000e+00
1.408095955848693848e+00 1.319081783294677734e+00 0.000000000000000000e+00
1.311311602592468262e+00 1.319987773895263672e+00 0.000000000000000000e+00
1.196953177452087402e+00 1.357498168945312500e+00 0.000000000000000000e+00
1.055977106094360352e+00 1.370981097221374512e+00 0.000000000000000000e+00
1.038738250732421875e+00 1.349279165267944336e+00 0.000000000000000000e+00
9.384878873825073242e-01 1.319995760917663574e+00 0.000000000000000000e+00
9.894824624061584473e-01 1.313156723976135254e+00 0.000000000000000000e+00
1.001546978950500488e+00 1.310293674468994141e+00 0.000000000000000000e+00
9.398743510246276855e-01 1.245418667793273926e+00 0.000000000000000000e+00
4.187196865677833557e-02 5.782368779182434082e-02 0.000000000000000000e+00
1.994130201637744904e-03 2.682819962501525879e-03 0.000000000000000000e+00
0.000000000000000000e+00 0.000000000000000000e+00 0.000000000000000000e+00
0.000000000000000000e+00 0.000000000000000000e+00 0.000000000000000000e+00
0.000000000000000000e+00 0.000000000000000000e+00 0.000000000000000000e+00
0.000000000000000000e+00 0.000000000000000000e+00 0.000000000000000000e+00
0.000000000000000000e+00 0.000000000000000000e+00 0.000000000000000000e+00
0.000000000000000000e+00 0.000000000000000000e+00 0.000000000000000000e+00
0.000000000000000000e+00 0.000000000000000000e+00 0.000000000000000000e+00
0.000000000000000000e+00 0.000000000000000000e+00 0.000000000000000000e+00
0.000000000000000000e+00 0.000000000000000000e+00 0.000000000000000000e+00
0.000000000000000000e+00 0.000000000000000000e+00 0.000000000000000000e+00
0.000000000000000000e+00 0.000000000000000000e+00 0.000000000000000000e+00
0.000000000000000000e+00 0.000000000000000000e+00 0.000000000000000000e+00
0.000000000000000000e+00 0.000000000000000000e+00 0.000000000000000000e+00
0.000000000000000000e+00 0.000000000000000000e+00 0.000000000000000000e+00
0.000000000000000000e+00 0.000000000000000000e+00 0.000000000000000000e+00
0.000000000000000000e+00 0.000000000000000000e+00 0.000000000000000000e+00
0.000000000000000000e+00 0.000000000000000000e+00 0.000000000000000000e+00
0.000000000000000000e+00 0.000000000000000000e+00 0.000000000000000000e+00
0.000000000000000000e+00 0.000000000000000000e+00 0.000000000000000000e+00
0.000000000000000000e+00 0.000000000000000000e+00 0.000000000000000000e+00
0.000000000000000000e+00 0.000000000000000000e+00 0.000000000000000000e+00
0.000000000000000000e+00 0.000000000000000000e+00 0.000000000000000000e+00
0.000000000000000000e+00 0.000000000000000000e+00 0.000000000000000000e+00
0.000000000000000000e+00 0.000000000000000000e+00 0.000000000000000000e+00
0.000000000000000000e+00 0.000000000000000000e+00 0.000000000000000000e+00
0.000000000000000000e+00 0.000000000000000000e+00 0.000000000000000000e+00
0.000000000000000000e+00 0.000000000000000000e+00 0.000000000000000000e+00
0.000000000000000000e+00 0.000000000000000000e+00 0.000000000000000000e+00
0.000000000000000000e+00 0.000000000000000000e+00 0.000000000000000000e+00
0.000000000000000000e+00 0.000000000000000000e+00 0.000000000000000000e+00
0.000000000000000000e+00 0.000000000000000000e+00 0.000000000000000000e+00
0.000000000000000000e+00 0.000000000000000000e+00 0.000000000000000000e+00
0.000000000000000000e+00 0.000000000000000000e+00 0.000000000000000000e+00
0.000000000000000000e+00 0.000000000000000000e+00 0.000000000000000000e+00
0.000000000000000000e+00 0.000000000000000000e+00 0.000000000000000000e+00
0.000000000000000000e+00 0.000000000000000000e+00 0.000000000000000000e+00
0.000000000000000000e+00 0.000000000000000000e+00 0.000000000000000000e+00
0.000000000000000000e+00 0.000000000000000000e+00 0.000000000000000000e+00
0.000000000000000000e+00 0.000000000000000000e+00 0.000000000000000000e+00
0.000000000000000000e+00 0.000000000000000000e+00 0.000000000000000000e+00
0.000000000000000000e+00 0.000000000000000000e+00 0.000000000000000000e+00
0.000000000000000000e+00 0.000000000000000000e+00 0.000000000000000000e+00
0.000000000000000000e+00 0.000000000000000000e+00 0.000000000000000000e+00
0.000000000000000000e+00 0.000000000000000000e+00 0.000000000000000000e+00
0.000000000000000000e+00 0.000000000000000000e+00 0.000000000000000000e+00
0.000000000000000000e+00 0.000000000000000000e+00 0.000000000000000000e+00
0.000000000000000000e+00 0.000000000000000000e+00 0.000000000000000000e+00
0.000000000000000000e+00 0.000000000000000000e+00 0.000000000000000000e+00
0.000000000000000000e+00 0.000000000000000000e+00 0.000000000000000000e+00
0.000000000000000000e+00 0.000000000000000000e+00 0.000000000000000000e+00
0.000000000000000000e+00 0.000000000000000000e+00 0.000000000000000000e+00
0.000000000000000000e+00 0.000000000000000000e+00 0.000000000000000000e+00
0.000000000000000000e+00 0.000000000000000000e+00 0.000000000000000000e+00
0.000000000000000000e+00 0.000000000000000000e+00 0.000000000000000000e+00
0.000000000000000000e+00 0.000000000000000000e+00 0.000000000000000000e+00
0.000000000000000000e+00 0.000000000000000000e+00 0.000000000000000000e+00
0.000000000000000000e+00 0.000000000000000000e+00 0.000000000000000000e+00
0.000000000000000000e+00 0.000000000000000000e+00 0.000000000000000000e+00
0.000000000000000000e+00 0.000000000000000000e+00 0.000000000000000000e+00
0.000000000000000000e+00 0.000000000000000000e+00 0.000000000000000000e+00
0.000000000000000000e+00 0.000000000000000000e+00 0.000000000000000000e+00
0.000000000000000000e+00 0.000000000000000000e+00 0.000000000000000000e+00
0.000000000000000000e+00 0.000000000000000000e+00 0.000000000000000000e+00
0.000000000000000000e+00 0.000000000000000000e+00 0.000000000000000000e+00
0.000000000000000000e+00 0.000000000000000000e+00 0.000000000000000000e+00
0.000000000000000000e+00 0.000000000000000000e+00 0.000000000000000000e+00
0.000000000000000000e+00 0.000000000000000000e+00 0.000000000000000000e+00
0.000000000000000000e+00 0.000000000000000000e+00 0.000000000000000000e+00
0.000000000000000000e+00 0.000000000000000000e+00 0.000000000000000000e+00
0.000000000000000000e+00 0.000000000000000000e+00 0.000000000000000000e+00
0.000000000000000000e+00 0.000000000000000000e+00 0.000000000000000000e+00
0.000000000000000000e+00 0.000000000000000000e+00 0.000000000000000000e+00
0.000000000000000000e+00 0.000000000000000000e+00 0.000000000000000000e+00
0.000000000000000000e+00 0.000000000000000000e+00 0.000000000000000000e+00
0.000000000000000000e+00 0.000000000000000000e+00 0.000000000000000000e+00
0.000000000000000000e+00 0.000000000000000000e+00 0.000000000000000000e+00
0.000000000000000000e+00 0.000000000000000000e+00 0.000000000000000000e+00
0.000000000000000000e+00 0.000000000000000000e+00 0.000000000000000000e+00
0.000000000000000000e+00 0.000000000000000000e+00 0.000000000000000000e+00
0.000000000000000000e+00 0.000000000000000000e+00 0.000000000000000000e+00
0.000000000000000000e+00 0.000000000000000000e+00 0.000000000000000000e+00
0.000000000000000000e+00 0.000000000000000000e+00 0.000000000000000000e+00
0.000000000000000000e+00 0.000000000000000000e+00 0.000000000000000000e+00
0.000000000000000000e+00 0.000000000000000000e+00 0.000000000000000000e+00
0.000000000000000000e+00 0.000000000000000000e+00 0.000000000000000000e+00
0.000000000000000000e+00 0.000000000000000000e+00 0.000000000000000000e+00
0.000000000000000000e+00 0.000000000000000000e+00 0.000000000000000000e+00
0.000000000000000000e+00 0.000000000000000000e+00 0.000000000000000000e+00
0.000000000000000000e+00 0.000000000000000000e+00 0.000000000000000000e+00
0.000000000000000000e+00 0.000000000000000000e+00 0.000000000000000000e+00
0.000000000000000000e+00 0.000000000000000000e+00 0.000000000000000000e+00
0.000000000000000000e+00 0.000000000000000000e+00 0.000000000000000000e+00
0.000000000000000000e+00 0.000000000000000000e+00 0.000000000000000000e+00
0.000000000000000000e+00 0.000000000000000000e+00 0.000000000000000000e+00
0.000000000000000000e+00 0.000000000000000000e+00 0.000000000000000000e+00
0.000000000000000000e+00 0.000000000000000000e+00 0.000000000000000000e+00
0.000000000000000000e+00 0.000000000000000000e+00 0.000000000000000000e+00
0.000000000000000000e+00 0.000000000000000000e+00 0.000000000000000000e+00
0.000000000000000000e+00 0.000000000000000000e+00 0.000000000000000000e+00
0.000000000000000000e+00 0.000000000000000000e+00 0.000000000000000000e+00
0.000000000000000000e+00 0.000000000000000000e+00 0.000000000000000000e+00
0.000000000000000000e+00 0.000000000000000000e+00 0.000000000000000000e+00
0.000000000000000000e+00 0.000000000000000000e+00 0.000000000000000000e+00
0.000000000000000000e+00 0.000000000000000000e+00 0.000000000000000000e+00
0.000000000000000000e+00 0.000000000000000000e+00 0.000000000000000000e+00
0.000000000000000000e+00 0.000000000000000000e+00 0.000000000000000000e+00
0.000000000000000000e+00 0.000000000000000000e+00 0.000000000000000000e+00
0.000000000000000000e+00 0.000000000000000000e+00 0.000000000000000000e+00
0.000000000000000000e+00 0.000000000000000000e+00 0.000000000000000000e+00
0.000000000000000000e+00 0.000000000000000000e+00 0.000000000000000000e+00
0.000000000000000000e+00 0.000000000000000000e+00 0.000000000000000000e+00
0.000000000000000000e+00 0.000000000000000000e+00 0.000000000000000000e+00
0.000000000000000000e+00 0.000000000000000000e+00 0.000000000000000000e+00
0.000000000000000000e+00 0.000000000000000000e+00 0.000000000000000000e+00
0.000000000000000000e+00 0.000000000000000000e+00 0.000000000000000000e+00
0.000000000000000000e+00 0.000000000000000000e+00 0.000000000000000000e+00
0.000000000000000000e+00 0.000000000000000000e+00 0.000000000000000000e+00
0.000000000000000000e+00 0.000000000000000000e+00 0.000000000000000000e+00
0.000000000000000000e+00 0.000000000000000000e+00 0.000000000000000000e+00
0.000000000000000000e+00 0.000000000000000000e+00 0.000000000000000000e+00
0.000000000000000000e+00 0.000000000000000000e+00 0.000000000000000000e+00
0.000000000000000000e+00 0.000000000000000000e+00 0.000000000000000000e+00
0.000000000000000000e+00 0.000000000000000000e+00 0.000000000000000000e+00
0.000000000000000000e+00 0.000000000000000000e+00 0.000000000000000000e+00
0.000000000000000000e+00 0.000000000000000000e+00 0.000000000000000000e+00
0.000000000000000000e+00 0.000000000000000000e+00 0.000000000000000000e+00
0.000000000000000000e+00 0.000000000000000000e+00 0.000000000000000000e+00
0.000000000000000000e+00 0.000000000000000000e+00 0.000000000000000000e+00
0.000000000000000000e+00 0.000000000000000000e+00 0.000000000000000000e+00
0.000000000000000000e+00 0.000000000000000000e+00 0.000000000000000000e+00
0.000000000000000000e+00 0.000000000000000000e+00 0.000000000000000000e+00
0.000000000000000000e+00 0.000000000000000000e+00 0.000000000000000000e+00
0.000000000000000000e+00 0.000000000000000000e+00 0.000000000000000000e+00
0.000000000000000000e+00 0.000000000000000000e+00 0.000000000000000000e+00
0.000000000000000000e+00 0.000000000000000000e+00 0.000000000000000000e+00
0.000000000000000000e+00 0.000000000000000000e+00 0.000000000000000000e+00
0.000000000000000000e+00 0.000000000000000000e+00 0.000000000000000000e+00
0.000000000000000000e+00 0.000000000000000000e+00 0.000000000000000000e+00
0.000000000000000000e+00 0.000000000000000000e+00 0.000000000000000000e+00
0.000000000000000000e+00 0.000000000000000000e+00 0.000000000000000000e+00
0.000000000000000000e+00 0.000000000000000000e+00 0.000000000000000000e+00
0.000000000000000000e+00 0.000000000000000000e+00 0.000000000000000000e+00
0.000000000000000000e+00 0.000000000000000000e+00 0.000000000000000000e+00
0.000000000000000000e+00 0.000000000000000000e+00 0.000000000000000000e+00
0.000000000000000000e+00 0.000000000000000000e+00 0.000000000000000000e+00
0.000000000000000000e+00 0.000000000000000000e+00 0.000000000000000000e+00
0.000000000000000000e+00 0.000000000000000000e+00 0.000000000000000000e+00
0.000000000000000000e+00 0.000000000000000000e+00 0.000000000000000000e+00
0.000000000000000000e+00 0.000000000000000000e+00 0.000000000000000000e+00
0.000000000000000000e+00 0.000000000000000000e+00 0.000000000000000000e+00
0.000000000000000000e+00 0.000000000000000000e+00 0.000000000000000000e+00
0.000000000000000000e+00 0.000000000000000000e+00 0.000000000000000000e+00
0.000000000000000000e+00 0.000000000000000000e+00 0.000000000000000000e+00
0.000000000000000000e+00 0.000000000000000000e+00 0.000000000000000000e+00
0.000000000000000000e+00 0.000000000000000000e+00 0.000000000000000000e+00
0.000000000000000000e+00 0.000000000000000000e+00 0.000000000000000000e+00
0.000000000000000000e+00 0.000000000000000000e+00 0.000000000000000000e+00
0.000000000000000000e+00 0.000000000000000000e+00 0.000000000000000000e+00
0.000000000000000000e+00 0.000000000000000000e+00 0.000000000000000000e+00
0.000000000000000000e+00 0.000000000000000000e+00 0.000000000000000000e+00
0.000000000000000000e+00 0.000000000000000000e+00 0.000000000000000000e+00
0.000000000000000000e+00 0.000000000000000000e+00 0.000000000000000000e+00
0.000000000000000000e+00 0.000000000000000000e+00 0.000000000000000000e+00
0.000000000000000000e+00 0.000000000000000000e+00 0.000000000000000000e+00
0.000000000000000000e+00 0.000000000000000000e+00 0.000000000000000000e+00
0.000000000000000000e+00 0.000000000000000000e+00 0.000000000000000000e+00
0.000000000000000000e+00 0.000000000000000000e+00 0.000000000000000000e+00
0.000000000000000000e+00 0.000000000000000000e+00 0.000000000000000000e+00
0.000000000000000000e+00 0.000000000000000000e+00 0.000000000000000000e+00
0.000000000000000000e+00 0.000000000000000000e+00 0.000000000000000000e+00
0.000000000000000000e+00 0.000000000000000000e+00 0.000000000000000000e+00
0.000000000000000000e+00 0.000000000000000000e+00 0.000000000000000000e+00
0.000000000000000000e+00 0.000000000000000000e+00 0.000000000000000000e+00
0.000000000000000000e+00 0.000000000000000000e+00 0.000000000000000000e+00
0.000000000000000000e+00 0.000000000000000000e+00 0.000000000000000000e+00
0.000000000000000000e+00 0.000000000000000000e+00 0.000000000000000000e+00
0.000000000000000000e+00 0.000000000000000000e+00 0.000000000000000000e+00
0.000000000000000000e+00 0.000000000000000000e+00 0.000000000000000000e+00
0.000000000000000000e+00 0.000000000000000000e+00 0.000000000000000000e+00
0.000000000000000000e+00 0.000000000000000000e+00 0.000000000000000000e+00
0.000000000000000000e+00 0.000000000000000000e+00 0.000000000000000000e+00
0.000000000000000000e+00 0.000000000000000000e+00 0.000000000000000000e+00
0.000000000000000000e+00 0.000000000000000000e+00 0.000000000000000000e+00
0.000000000000000000e+00 0.000000000000000000e+00 0.000000000000000000e+00
0.000000000000000000e+00 0.000000000000000000e+00 0.000000000000000000e+00
0.000000000000000000e+00 0.000000000000000000e+00 0.000000000000000000e+00
0.000000000000000000e+00 0.000000000000000000e+00 0.000000000000000000e+00
0.000000000000000000e+00 0.000000000000000000e+00 0.000000000000000000e+00
0.000000000000000000e+00 0.000000000000000000e+00 0.000000000000000000e+00
0.000000000000000000e+00 0.000000000000000000e+00 0.000000000000000000e+00
0.000000000000000000e+00 0.000000000000000000e+00 0.000000000000000000e+00
0.000000000000000000e+00 0.000000000000000000e+00 0.000000000000000000e+00
0.000000000000000000e+00 0.000000000000000000e+00 0.000000000000000000e+00
0.000000000000000000e+00 0.000000000000000000e+00 0.000000000000000000e+00
0.000000000000000000e+00 0.000000000000000000e+00 0.000000000000000000e+00
0.000000000000000000e+00 0.000000000000000000e+00 0.000000000000000000e+00
0.000000000000000000e+00 0.000000000000000000e+00 0.000000000000000000e+00
0.000000000000000000e+00 0.000000000000000000e+00 0.000000000000000000e+00
0.000000000000000000e+00 0.000000000000000000e+00 0.000000000000000000e+00
0.000000000000000000e+00 0.000000000000000000e+00 0.000000000000000000e+00
0.000000000000000000e+00 0.000000000000000000e+00 0.000000000000000000e+00
0.000000000000000000e+00 0.000000000000000000e+00 0.000000000000000000e+00
0.000000000000000000e+00 0.000000000000000000e+00 0.000000000000000000e+00
0.000000000000000000e+00 0.000000000000000000e+00 0.000000000000000000e+00
0.000000000000000000e+00 0.000000000000000000e+00 0.000000000000000000e+00
0.000000000000000000e+00 0.000000000000000000e+00 0.000000000000000000e+00
0.000000000000000000e+00 0.000000000000000000e+00 0.000000000000000000e+00
0.000000000000000000e+00 0.000000000000000000e+00 0.000000000000000000e+00
0.000000000000000000e+00 0.000000000000000000e+00 0.000000000000000000e+00
0.000000000000000000e+00 0.000000000000000000e+00 0.000000000000000000e+00
0.000000000000000000e+00 0.000000000000000000e+00 0.000000000000000000e+00
0.000000000000000000e+00 0.000000000000000000e+00 0.000000000000000000e+00
0.000000000000000000e+00 0.000000000000000000e+00 0.000000000000000000e+00
0.000000000000000000e+00 0.000000000000000000e+00 0.000000000000000000e+00
0.000000000000000000e+00 0.000000000000000000e+00 0.000000000000000000e+00
0.000000000000000000e+00 0.000000000000000000e+00 0.000000000000000000e+00
0.000000000000000000e+00 0.000000000000000000e+00 0.000000000000000000e+00
0.000000000000000000e+00 0.000000000000000000e+00 0.000000000000000000e+00
0.000000000000000000e+00 0.000000000000000000e+00 0.000000000000000000e+00
0.000000000000000000e+00 0.000000000000000000e+00 0.000000000000000000e+00
0.000000000000000000e+00 0.000000000000000000e+00 0.000000000000000000e+00
0.000000000000000000e+00 0.000000000000000000e+00 0.000000000000000000e+00
0.000000000000000000e+00 0.000000000000000000e+00 0.000000000000000000e+00
0.000000000000000000e+00 0.000000000000000000e+00 0.000000000000000000e+00
0.000000000000000000e+00 0.000000000000000000e+00 0.000000000000000000e+00
0.000000000000000000e+00 0.000000000000000000e+00 0.000000000000000000e+00
0.000000000000000000e+00 0.000000000000000000e+00 0.000000000000000000e+00
0.000000000000000000e+00 0.000000000000000000e+00 0.000000000000000000e+00
0.000000000000000000e+00 0.000000000000000000e+00 0.000000000000000000e+00
0.000000000000000000e+00 0.000000000000000000e+00 0.000000000000000000e+00
0.000000000000000000e+00 0.000000000000000000e+00 0.000000000000000000e+00
0.000000000000000000e+00 0.000000000000000000e+00 0.000000000000000000e+00
0.000000000000000000e+00 0.000000000000000000e+00 0.000000000000000000e+00
0.000000000000000000e+00 0.000000000000000000e+00 0.000000000000000000e+00
0.000000000000000000e+00 0.000000000000000000e+00 0.000000000000000000e+00
0.000000000000000000e+00 0.000000000000000000e+00 0.000000000000000000e+00
0.000000000000000000e+00 0.000000000000000000e+00 0.000000000000000000e+00
0.000000000000000000e+00 0.000000000000000000e+00 0.000000000000000000e+00
0.000000000000000000e+00 0.000000000000000000e+00 0.000000000000000000e+00
0.000000000000000000e+00 0.000000000000000000e+00 0.000000000000000000e+00
0.000000000000000000e+00 0.000000000000000000e+00 0.000000000000000000e+00
0.000000000000000000e+00 0.000000000000000000e+00 0.000000000000000000e+00
0.000000000000000000e+00 0.000000000000000000e+00 0.000000000000000000e+00
0.000000000000000000e+00 0.000000000000000000e+00 0.000000000000000000e+00
0.000000000000000000e+00 0.000000000000000000e+00 0.000000000000000000e+00
0.000000000000000000e+00 0.000000000000000000e+00 0.000000000000000000e+00
0.000000000000000000e+00 0.000000000000000000e+00 0.000000000000000000e+00
0.000000000000000000e+00 0.000000000000000000e+00 0.000000000000000000e+00
0.000000000000000000e+00 0.000000000000000000e+00 0.000000000000000000e+00
0.000000000000000000e+00 0.000000000000000000e+00 0.000000000000000000e+00
0.000000000000000000e+00 0.000000000000000000e+00 0.000000000000000000e+00
0.000000000000000000e+00 0.000000000000000000e+00 0.000000000000000000e+00
0.000000000000000000e+00 0.000000000000000000e+00 0.000000000000000000e+00
0.000000000000000000e+00 0.000000000000000000e+00 0.000000000000000000e+00
0.000000000000000000e+00 0.000000000000000000e+00 0.000000000000000000e+00
0.000000000000000000e+00 0.000000000000000000e+00 0.000000000000000000e+00
0.000000000000000000e+00 0.000000000000000000e+00 0.000000000000000000e+00
0.000000000000000000e+00 0.000000000000000000e+00 0.000000000000000000e+00
0.000000000000000000e+00 0.000000000000000000e+00 0.000000000000000000e+00
0.000000000000000000e+00 0.000000000000000000e+00 0.000000000000000000e+00
0.000000000000000000e+00 0.000000000000000000e+00 0.000000000000000000e+00
0.000000000000000000e+00 0.000000000000000000e+00 0.000000000000000000e+00
0.000000000000000000e+00 0.000000000000000000e+00 0.000000000000000000e+00
0.000000000000000000e+00 0.000000000000000000e+00 0.000000000000000000e+00
0.000000000000000000e+00 0.000000000000000000e+00 0.000000000000000000e+00
0.000000000000000000e+00 0.000000000000000000e+00 0.000000000000000000e+00
0.000000000000000000e+00 0.000000000000000000e+00 0.000000000000000000e+00
0.000000000000000000e+00 0.000000000000000000e+00 0.000000000000000000e+00
0.000000000000000000e+00 0.000000000000000000e+00 0.000000000000000000e+00
0.000000000000000000e+00 0.000000000000000000e+00 0.000000000000000000e+00
0.000000000000000000e+00 0.000000000000000000e+00 0.000000000000000000e+00
0.000000000000000000e+00 0.000000000000000000e+00 0.000000000000000000e+00
0.000000000000000000e+00 0.000000000000000000e+00 0.000000000000000000e+00
0.000000000000000000e+00 0.000000000000000000e+00 0.000000000000000000e+00
0.000000000000000000e+00 0.000000000000000000e+00 0.000000000000000000e+00
0.000000000000000000e+00 0.000000000000000000e+00 0.000000000000000000e+00
0.000000000000000000e+00 0.000000000000000000e+00 0.000000000000000000e+00
0.000000000000000000e+00 0.000000000000000000e+00 0.000000000000000000e+00
0.000000000000000000e+00 0.000000000000000000e+00 0.000000000000000000e+00
0.000000000000000000e+00 0.000000000000000000e+00 0.000000000000000000e+00
0.000000000000000000e+00 0.000000000000000000e+00 0.000000000000000000e+00
0.000000000000000000e+00 0.000000000000000000e+00 0.000000000000000000e+00
0.000000000000000000e+00 0.000000000000000000e+00 0.000000000000000000e+00
0.000000000000000000e+00 0.000000000000000000e+00 0.000000000000000000e+00
0.000000000000000000e+00 0.000000000000000000e+00 0.000000000000000000e+00
0.000000000000000000e+00 0.000000000000000000e+00 0.000000000000000000e+00
0.000000000000000000e+00 0.000000000000000000e+00 0.000000000000000000e+00
0.000000000000000000e+00 0.000000000000000000e+00 0.000000000000000000e+00
0.000000000000000000e+00 0.000000000000000000e+00 0.000000000000000000e+00
0.000000000000000000e+00 0.000000000000000000e+00 0.000000000000000000e+00
0.000000000000000000e+00 0.000000000000000000e+00 0.000000000000000000e+00
0.000000000000000000e+00 0.000000000000000000e+00 0.000000000000000000e+00
0.000000000000000000e+00 0.000000000000000000e+00 0.000000000000000000e+00
0.000000000000000000e+00 0.000000000000000000e+00 0.000000000000000000e+00
0.000000000000000000e+00 0.000000000000000000e+00 0.000000000000000000e+00
0.000000000000000000e+00 0.000000000000000000e+00 0.000000000000000000e+00
0.000000000000000000e+00 0.000000000000000000e+00 0.000000000000000000e+00
0.000000000000000000e+00 0.000000000000000000e+00 0.000000000000000000e+00
0.000000000000000000e+00 0.000000000000000000e+00 0.000000000000000000e+00
0.000000000000000000e+00 0.000000000000000000e+00 0.000000000000000000e+00
0.000000000000000000e+00 0.000000000000000000e+00 0.000000000000000000e+00
0.000000000000000000e+00 0.000000000000000000e+00 0.000000000000000000e+00
0.000000000000000000e+00 0.000000000000000000e+00 0.000000000000000000e+00
0.000000000000000000e+00 0.000000000000000000e+00 0.000000000000000000e+00
0.000000000000000000e+00 0.000000000000000000e+00 0.000000000000000000e+00
0.000000000000000000e+00 0.000000000000000000e+00 0.000000000000000000e+00
0.000000000000000000e+00 0.000000000000000000e+00 0.000000000000000000e+00
0.000000000000000000e+00 0.000000000000000000e+00 0.000000000000000000e+00
0.000000000000000000e+00 0.000000000000000000e+00 0.000000000000000000e+00
0.000000000000000000e+00 0.000000000000000000e+00 0.000000000000000000e+00
0.000000000000000000e+00 0.000000000000000000e+00 0.000000000000000000e+00
0.000000000000000000e+00 0.000000000000000000e+00 0.000000000000000000e+00
0.000000000000000000e+00 0.000000000000000000e+00 0.000000000000000000e+00
0.000000000000000000e+00 0.000000000000000000e+00 0.000000000000000000e+00
0.000000000000000000e+00 0.000000000000000000e+00 0.000000000000000000e+00
0.000000000000000000e+00 0.000000000000000000e+00 0.000000000000000000e+00
0.000000000000000000e+00 0.000000000000000000e+00 0.000000000000000000e+00
0.000000000000000000e+00 0.000000000000000000e+00 0.000000000000000000e+00
0.000000000000000000e+00 0.000000000000000000e+00 0.000000000000000000e+00
0.000000000000000000e+00 0.000000000000000000e+00 0.000000000000000000e+00
0.000000000000000000e+00 0.000000000000000000e+00 0.000000000000000000e+00
0.000000000000000000e+00 0.000000000000000000e+00 0.000000000000000000e+00
0.000000000000000000e+00 0.000000000000000000e+00 0.000000000000000000e+00
0.000000000000000000e+00 0.000000000000000000e+00 0.000000000000000000e+00
0.000000000000000000e+00 0.000000000000000000e+00 0.000000000000000000e+00
0.000000000000000000e+00 0.000000000000000000e+00 0.000000000000000000e+00
0.000000000000000000e+00 0.000000000000000000e+00 0.000000000000000000e+00
0.000000000000000000e+00 0.000000000000000000e+00 0.000000000000000000e+00
0.000000000000000000e+00 0.000000000000000000e+00 0.000000000000000000e+00
0.000000000000000000e+00 0.000000000000000000e+00 0.000000000000000000e+00
0.000000000000000000e+00 0.000000000000000000e+00 0.000000000000000000e+00
0.000000000000000000e+00 0.000000000000000000e+00 0.000000000000000000e+00
0.000000000000000000e+00 0.000000000000000000e+00 0.000000000000000000e+00
0.000000000000000000e+00 0.000000000000000000e+00 0.000000000000000000e+00
0.000000000000000000e+00 0.000000000000000000e+00 0.000000000000000000e+00
0.000000000000000000e+00 0.000000000000000000e+00 0.000000000000000000e+00
0.000000000000000000e+00 0.000000000000000000e+00 0.000000000000000000e+00
0.000000000000000000e+00 0.000000000000000000e+00 0.000000000000000000e+00
0.000000000000000000e+00 0.000000000000000000e+00 0.000000000000000000e+00
0.000000000000000000e+00 0.000000000000000000e+00 0.000000000000000000e+00
0.000000000000000000e+00 0.000000000000000000e+00 0.000000000000000000e+00
0.000000000000000000e+00 0.000000000000000000e+00 0.000000000000000000e+00
0.000000000000000000e+00 0.000000000000000000e+00 0.000000000000000000e+00
0.000000000000000000e+00 0.000000000000000000e+00 0.000000000000000000e+00
0.000000000000000000e+00 0.000000000000000000e+00 0.000000000000000000e+00
0.000000000000000000e+00 0.000000000000000000e+00 0.000000000000000000e+00
0.000000000000000000e+00 0.000000000000000000e+00 0.000000000000000000e+00
0.000000000000000000e+00 0.000000000000000000e+00 0.000000000000000000e+00
0.000000000000000000e+00 0.000000000000000000e+00 0.000000000000000000e+00
0.000000000000000000e+00 0.000000000000000000e+00 0.000000000000000000e+00
0.000000000000000000e+00 0.000000000000000000e+00 0.000000000000000000e+00
0.000000000000000000e+00 0.000000000000000000e+00 0.000000000000000000e+00
0.000000000000000000e+00 0.000000000000000000e+00 0.000000000000000000e+00
0.000000000000000000e+00 0.000000000000000000e+00 0.000000000000000000e+00
0.000000000000000000e+00 0.000000000000000000e+00 0.000000000000000000e+00
0.000000000000000000e+00 0.000000000000000000e+00 0.000000000000000000e+00
0.000000000000000000e+00 0.000000000000000000e+00 0.000000000000000000e+00
0.000000000000000000e+00 0.000000000000000000e+00 0.000000000000000000e+00
0.000000000000000000e+00 0.000000000000000000e+00 0.000000000000000000e+00
0.000000000000000000e+00 0.000000000000000000e+00 0.000000000000000000e+00
0.000000000000000000e+00 0.000000000000000000e+00 0.000000000000000000e+00
0.000000000000000000e+00 0.000000000000000000e+00 0.000000000000000000e+00
0.000000000000000000e+00 0.000000000000000000e+00 0.000000000000000000e+00
0.000000000000000000e+00 0.000000000000000000e+00 0.000000000000000000e+00
0.000000000000000000e+00 0.000000000000000000e+00 0.000000000000000000e+00
0.000000000000000000e+00 0.000000000000000000e+00 0.000000000000000000e+00
0.000000000000000000e+00 0.000000000000000000e+00 0.000000000000000000e+00
0.000000000000000000e+00 0.000000000000000000e+00 0.000000000000000000e+00
0.000000000000000000e+00 0.000000000000000000e+00 0.000000000000000000e+00
0.000000000000000000e+00 0.000000000000000000e+00 0.000000000000000000e+00
0.000000000000000000e+00 0.000000000000000000e+00 0.000000000000000000e+00
0.000000000000000000e+00 0.000000000000000000e+00 0.000000000000000000e+00
0.000000000000000000e+00 0.000000000000000000e+00 0.000000000000000000e+00
0.000000000000000000e+00 0.000000000000000000e+00 0.000000000000000000e+00
0.000000000000000000e+00 0.000000000000000000e+00 0.000000000000000000e+00
0.000000000000000000e+00 0.000000000000000000e+00 0.000000000000000000e+00
0.000000000000000000e+00 0.000000000000000000e+00 0.000000000000000000e+00
0.000000000000000000e+00 0.000000000000000000e+00 0.000000000000000000e+00
0.000000000000000000e+00 0.000000000000000000e+00 0.000000000000000000e+00
0.000000000000000000e+00 0.000000000000000000e+00 0.000000000000000000e+00
0.000000000000000000e+00 0.000000000000000000e+00 0.000000000000000000e+00
0.000000000000000000e+00 0.000000000000000000e+00 0.000000000000000000e+00
0.000000000000000000e+00 0.000000000000000000e+00 0.000000000000000000e+00
0.000000000000000000e+00 0.000000000000000000e+00 0.000000000000000000e+00
0.000000000000000000e+00 0.000000000000000000e+00 0.000000000000000000e+00
0.000000000000000000e+00 0.000000000000000000e+00 0.000000000000000000e+00
0.000000000000000000e+00 0.000000000000000000e+00 0.000000000000000000e+00
0.000000000000000000e+00 0.000000000000000000e+00 0.000000000000000000e+00
0.000000000000000000e+00 0.000000000000000000e+00 0.000000000000000000e+00
0.000000000000000000e+00 0.000000000000000000e+00 0.000000000000000000e+00
0.000000000000000000e+00 0.000000000000000000e+00 0.000000000000000000e+00
0.000000000000000000e+00 0.000000000000000000e+00 0.000000000000000000e+00
0.000000000000000000e+00 0.000000000000000000e+00 0.000000000000000000e+00
0.000000000000000000e+00 0.000000000000000000e+00 0.000000000000000000e+00
0.000000000000000000e+00 0.000000000000000000e+00 0.000000000000000000e+00
0.000000000000000000e+00 0.000000000000000000e+00 0.000000000000000000e+00
0.000000000000000000e+00 0.000000000000000000e+00 0.000000000000000000e+00
0.000000000000000000e+00 0.000000000000000000e+00 0.000000000000000000e+00
0.000000000000000000e+00 0.000000000000000000e+00 0.000000000000000000e+00
0.000000000000000000e+00 0.000000000000000000e+00 0.000000000000000000e+00
0.000000000000000000e+00 0.000000000000000000e+00 0.000000000000000000e+00
0.000000000000000000e+00 0.000000000000000000e+00 0.000000000000000000e+00
0.000000000000000000e+00 0.000000000000000000e+00 0.000000000000000000e+00
0.000000000000000000e+00 0.000000000000000000e+00 0.000000000000000000e+00
0.000000000000000000e+00 0.000000000000000000e+00 0.000000000000000000e+00
0.000000000000000000e+00 0.000000000000000000e+00 0.000000000000000000e+00
0.000000000000000000e+00 0.000000000000000000e+00 0.000000000000000000e+00
0.000000000000000000e+00 0.000000000000000000e+00 0.000000000000000000e+00
0.000000000000000000e+00 0.000000000000000000e+00 0.000000000000000000e+00
0.000000000000000000e+00 0.000000000000000000e+00 0.000000000000000000e+00
0.000000000000000000e+00 0.000000000000000000e+00 0.000000000000000000e+00
0.000000000000000000e+00 0.000000000000000000e+00 0.000000000000000000e+00
0.000000000000000000e+00 0.000000000000000000e+00 0.000000000000000000e+00
0.000000000000000000e+00 0.000000000000000000e+00 0.000000000000000000e+00
0.000000000000000000e+00 0.000000000000000000e+00 0.000000000000000000e+00
0.000000000000000000e+00 0.000000000000000000e+00 0.000000000000000000e+00
0.000000000000000000e+00 0.000000000000000000e+00 0.000000000000000000e+00
0.000000000000000000e+00 0.000000000000000000e+00 0.000000000000000000e+00
0.000000000000000000e+00 0.000000000000000000e+00 0.000000000000000000e+00
0.000000000000000000e+00 0.000000000000000000e+00 0.000000000000000000e+00
0.000000000000000000e+00 0.000000000000000000e+00 0.000000000000000000e+00
0.000000000000000000e+00 0.000000000000000000e+00 0.000000000000000000e+00
0.000000000000000000e+00 0.000000000000000000e+00 0.000000000000000000e+00
0.000000000000000000e+00 0.000000000000000000e+00 0.000000000000000000e+00
0.000000000000000000e+00 0.000000000000000000e+00 0.000000000000000000e+00
0.000000000000000000e+00 0.000000000000000000e+00 0.000000000000000000e+00
0.000000000000000000e+00 0.000000000000000000e+00 0.000000000000000000e+00
0.000000000000000000e+00 0.000000000000000000e+00 0.000000000000000000e+00
0.000000000000000000e+00 0.000000000000000000e+00 0.000000000000000000e+00
0.000000000000000000e+00 0.000000000000000000e+00 0.000000000000000000e+00
0.000000000000000000e+00 0.000000000000000000e+00 0.000000000000000000e+00
0.000000000000000000e+00 0.000000000000000000e+00 0.000000000000000000e+00
0.000000000000000000e+00 0.000000000000000000e+00 0.000000000000000000e+00
0.000000000000000000e+00 0.000000000000000000e+00 0.000000000000000000e+00
0.000000000000000000e+00 0.000000000000000000e+00 0.000000000000000000e+00
0.000000000000000000e+00 0.000000000000000000e+00 0.000000000000000000e+00
0.000000000000000000e+00 0.000000000000000000e+00 0.000000000000000000e+00
0.000000000000000000e+00 0.000000000000000000e+00 0.000000000000000000e+00
0.000000000000000000e+00 0.000000000000000000e+00 0.000000000000000000e+00
0.000000000000000000e+00 0.000000000000000000e+00 0.000000000000000000e+00
0.000000000000000000e+00 0.000000000000000000e+00 0.000000000000000000e+00
0.000000000000000000e+00 0.000000000000000000e+00 0.000000000000000000e+00
0.000000000000000000e+00 0.000000000000000000e+00 0.000000000000000000e+00
0.000000000000000000e+00 0.000000000000000000e+00 0.000000000000000000e+00
0.000000000000000000e+00 0.000000000000000000e+00 0.000000000000000000e+00
0.000000000000000000e+00 0.000000000000000000e+00 0.000000000000000000e+00
0.000000000000000000e+00 0.000000000000000000e+00 0.000000000000000000e+00
0.000000000000000000e+00 0.000000000000000000e+00 0.000000000000000000e+00
0.000000000000000000e+00 0.000000000000000000e+00 0.000000000000000000e+00
0.000000000000000000e+00 0.000000000000000000e+00 0.000000000000000000e+00
0.000000000000000000e+00 0.000000000000000000e+00 0.000000000000000000e+00
0.000000000000000000e+00 0.000000000000000000e+00 0.000000000000000000e+00
0.000000000000000000e+00 0.000000000000000000e+00 0.000000000000000000e+00
0.000000000000000000e+00 0.000000000000000000e+00 0.000000000000000000e+00
0.000000000000000000e+00 0.000000000000000000e+00 0.000000000000000000e+00
0.000000000000000000e+00 0.000000000000000000e+00 0.000000000000000000e+00
0.000000000000000000e+00 0.000000000000000000e+00 0.000000000000000000e+00
0.000000000000000000e+00 0.000000000000000000e+00 0.000000000000000000e+00
0.000000000000000000e+00 0.000000000000000000e+00 0.000000000000000000e+00
0.000000000000000000e+00 0.000000000000000000e+00 0.000000000000000000e+00
0.000000000000000000e+00 0.000000000000000000e+00 0.000000000000000000e+00
0.000000000000000000e+00 0.000000000000000000e+00 0.000000000000000000e+00
0.000000000000000000e+00 0.000000000000000000e+00 0.000000000000000000e+00
0.000000000000000000e+00 0.000000000000000000e+00 0.000000000000000000e+00
0.000000000000000000e+00 0.000000000000000000e+00 0.000000000000000000e+00
0.000000000000000000e+00 0.000000000000000000e+00 0.000000000000000000e+00
0.000000000000000000e+00 0.000000000000000000e+00 0.000000000000000000e+00
0.000000000000000000e+00 0.000000000000000000e+00 0.000000000000000000e+00
0.000000000000000000e+00 0.000000000000000000e+00 0.000000000000000000e+00
0.000000000000000000e+00 0.000000000000000000e+00 0.000000000000000000e+00
0.000000000000000000e+00 0.000000000000000000e+00 0.000000000000000000e+00
0.000000000000000000e+00 0.000000000000000000e+00 0.000000000000000000e+00
0.000000000000000000e+00 0.000000000000000000e+00 0.000000000000000000e+00
0.000000000000000000e+00 0.000000000000000000e+00 0.000000000000000000e+00
0.000000000000000000e+00 0.000000000000000000e+00 0.000000000000000000e+00
0.000000000000000000e+00 0.000000000000000000e+00 0.000000000000000000e+00
0.000000000000000000e+00 0.000000000000000000e+00 0.000000000000000000e+00
0.000000000000000000e+00 0.000000000000000000e+00 0.000000000000000000e+00
0.000000000000000000e+00 0.000000000000000000e+00 0.000000000000000000e+00
0.000000000000000000e+00 0.000000000000000000e+00 0.000000000000000000e+00
0.000000000000000000e+00 0.000000000000000000e+00 0.000000000000000000e+00
0.000000000000000000e+00 0.000000000000000000e+00 0.000000000000000000e+00
0.000000000000000000e+00 0.000000000000000000e+00 0.000000000000000000e+00
0.000000000000000000e+00 0.000000000000000000e+00 0.000000000000000000e+00
0.000000000000000000e+00 0.000000000000000000e+00 0.000000000000000000e+00
0.000000000000000000e+00 0.000000000000000000e+00 0.000000000000000000e+00
0.000000000000000000e+00 0.000000000000000000e+00 0.000000000000000000e+00
0.000000000000000000e+00 0.000000000000000000e+00 0.000000000000000000e+00
0.000000000000000000e+00 0.000000000000000000e+00 0.000000000000000000e+00
0.000000000000000000e+00 0.000000000000000000e+00 0.000000000000000000e+00
0.000000000000000000e+00 0.000000000000000000e+00 0.000000000000000000e+00
0.000000000000000000e+00 0.000000000000000000e+00 0.000000000000000000e+00
0.000000000000000000e+00 0.000000000000000000e+00 0.000000000000000000e+00
0.000000000000000000e+00 0.000000000000000000e+00 0.000000000000000000e+00
0.000000000000000000e+00 0.000000000000000000e+00 0.000000000000000000e+00
0.000000000000000000e+00 0.000000000000000000e+00 0.000000000000000000e+00
0.000000000000000000e+00 0.000000000000000000e+00 0.000000000000000000e+00
0.000000000000000000e+00 0.000000000000000000e+00 0.000000000000000000e+00
0.000000000000000000e+00 0.000000000000000000e+00 0.000000000000000000e+00
0.000000000000000000e+00 0.000000000000000000e+00 0.000000000000000000e+00
0.000000000000000000e+00 0.000000000000000000e+00 0.000000000000000000e+00
0.000000000000000000e+00 0.000000000000000000e+00 0.000000000000000000e+00
0.000000000000000000e+00 0.000000000000000000e+00 0.000000000000000000e+00
0.000000000000000000e+00 0.000000000000000000e+00 0.000000000000000000e+00
0.000000000000000000e+00 0.000000000000000000e+00 0.000000000000000000e+00
0.000000000000000000e+00 0.000000000000000000e+00 0.000000000000000000e+00
0.000000000000000000e+00 0.000000000000000000e+00 0.000000000000000000e+00
0.000000000000000000e+00 0.000000000000000000e+00 0.000000000000000000e+00
0.000000000000000000e+00 0.000000000000000000e+00 0.000000000000000000e+00
0.000000000000000000e+00 0.000000000000000000e+00 0.000000000000000000e+00
0.000000000000000000e+00 0.000000000000000000e+00 0.000000000000000000e+00
0.000000000000000000e+00 0.000000000000000000e+00 0.000000000000000000e+00
0.000000000000000000e+00 0.000000000000000000e+00 0.000000000000000000e+00
0.000000000000000000e+00 0.000000000000000000e+00 0.000000000000000000e+00
0.000000000000000000e+00 0.000000000000000000e+00 0.000000000000000000e+00
0.000000000000000000e+00 0.000000000000000000e+00 0.000000000000000000e+00
0.000000000000000000e+00 0.000000000000000000e+00 0.000000000000000000e+00
0.000000000000000000e+00 0.000000000000000000e+00 0.000000000000000000e+00
0.000000000000000000e+00 0.000000000000000000e+00 0.000000000000000000e+00
0.000000000000000000e+00 0.000000000000000000e+00 0.000000000000000000e+00
0.000000000000000000e+00 0.000000000000000000e+00 0.000000000000000000e+00
0.000000000000000000e+00 0.000000000000000000e+00 0.000000000000000000e+00
0.000000000000000000e+00 0.000000000000000000e+00 0.000000000000000000e+00
0.000000000000000000e+00 0.000000000000000000e+00 0.000000000000000000e+00
0.000000000000000000e+00 0.000000000000000000e+00 0.000000000000000000e+00
0.000000000000000000e+00 0.000000000000000000e+00 0.000000000000000000e+00
0.000000000000000000e+00 0.000000000000000000e+00 0.000000000000000000e+00
0.000000000000000000e+00 0.000000000000000000e+00 0.000000000000000000e+00
0.000000000000000000e+00 0.000000000000000000e+00 0.000000000000000000e+00
0.000000000000000000e+00 0.000000000000000000e+00 0.000000000000000000e+00
0.000000000000000000e+00 0.000000000000000000e+00 0.000000000000000000e+00
0.000000000000000000e+00 0.000000000000000000e+00 0.000000000000000000e+00
0.000000000000000000e+00 0.000000000000000000e+00 0.000000000000000000e+00
0.000000000000000000e+00 0.000000000000000000e+00 0.000000000000000000e+00
0.000000000000000000e+00 0.000000000000000000e+00 0.000000000000000000e+00
0.000000000000000000e+00 0.000000000000000000e+00 0.000000000000000000e+00
0.000000000000000000e+00 0.000000000000000000e+00 0.000000000000000000e+00
0.000000000000000000e+00 0.000000000000000000e+00 0.000000000000000000e+00
0.000000000000000000e+00 0.000000000000000000e+00 0.000000000000000000e+00
0.000000000000000000e+00 0.000000000000000000e+00 0.000000000000000000e+00
0.000000000000000000e+00 0.000000000000000000e+00 0.000000000000000000e+00
