0.000000000000000000e+00 0.000000000000000000e+00 0.000000000000000000e+00
0.000000000000000000e+00 0.000000000000000000e+00 0.000000000000000000e+00
0.000000000000000000e+00 0.000000000000000000e+00 0.000000000000000000e+00
0.000000000000000000e+00 0.000000000000000000e+00 0.000000000000000000e+00
0.000000000000000000e+00 0.000000000000000000e+00 0.000000000000000000e+00
0.000000000000000000e+00 0.000000000000000000e+00 0.000000000000000000e+00
0.000000000000000000e+00 0.000000000000000000e+00 0.000000000000000000e+00
0.000000000000000000e+00 0.000000000000000000e+00 0.000000000000000000e+00
0.000000000000000000e+00 0.000000000000000000e+00 0.000000000000000000e+00
0.000000000000000000e+00 0.000000000000000000e+00 0.000000000000000000e+00
0.000000000000000000e+00 0.000000000000000000e+00 0.000000000000000000e+00
0.000000000000000000e+00 0.000000000000000000e+00 0.000000000000000000e+00
0.000000000000000000e+00 0.000000000000000000e+00 0.000000000000000000e+00
0.000000000000000000e+00 0.000000000000000000e+00 0.000000000000000000e+00
0.000000000000000000e+00 0.000000000000000000e+00 0.000000000000000000e+00
0.000000000000000000e+00 0.000000000000000000e+00 0.000000000000000000e+00
0.000000000000000000e+00 0.000000000000000000e+00 0.000000000000000000e+00
0.000000000000000000e+00 0.000000000000000000e+00 0.000000000000000000e+00
0.000000000000000000e+00 0.000000000000000000e+00 0.000000000000000000e+00
0.000000000000000000e+00 0.000000000000000000e+00 0.000000000000000000e+00
0.000000000000000000e+00 0.000000000000000000e+00 0.000000000000000000e+00
0.000000000000000000e+00 0.000000000000000000e+00 0.000000000000000000e+00
0.000000000000000000e+00 0.000000000000000000e+00 0.000000000000000000e+00
0.000000000000000000e+00 0.000000000000000000e+00 0.000000000000000000e+00
0.000000000000000000e+00 0.000000000000000000e+00 0.000000000000000000e+00
0.000000000000000000e+00 0.000000000000000000e+00 0.000000000000000000e+00
0.000000000000000000e+00 0.000000000000000000e+00 0.000000000000000000e+00
0.000000000000000000e+00 0.000000000000000000e+00 0.000000000000000000e+00
0.000000000000000000e+00 0.000000000000000000e+00 0.000000000000000000e+00
0.000000000000000000e+00 0.000000000000000000e+00 0.000000000000000000e+00
0.000000000000000000e+00 0.000000000000000000e+00 0.000000000000000000e+00
0.000000000000000000e+00 0.000000000000000000e+00 0.000000000000000000e+00
0.000000000000000000e+00 0.000000000000000000e+00 0.000000000000000000e+00
0.000000000000000000e+00 0.000000000000000000e+00 0.000000000000000000e+00
0.000000000000000000e+00 0.000000000000000000e+00 0.000000000000000000e+00
0.000000000000000000e+00 0.000000000000000000e+00 0.000000000000000000e+00
0.000000000000000000e+00 0.000000000000000000e+00 0.000000000000000000e+00
0.000000000000000000e+00 0.000000000000000000e+00 0.000000000000000000e+00
0.000000000000000000e+00 0.000000000000000000e+00 0.000000000000000000e+00
0.000000000000000000e+00 0.000000000000000000e+00 0.000000000000000000e+00
0.000000000000000000e+00 0.000000000000000000e+00 0.000000000000000000e+00
0.000000000000000000e+00 0.000000000000000000e+00 0.000000000000000000e+00
0.000000000000000000e+00 0.000000000000000000e+00 0.000000000000000000e+00
0.000000000000000000e+00 0.000000000000000000e+00 0.000000000000000000e+00
0.000000000000000000e+00 0.000000000000000000e+00 0.000000000000000000e+00
0.000000000000000000e+00 0.000000000000000000e+00 0.000000000000000000e+00
0.000000000000000000e+00 0.000000000000000000e+00 0.000000000000000000e+00
0.000000000000000000e+00 0.000000000000000000e+00 0.000000000000000000e+00
0.000000000000000000e+00 0.000000000000000000e+00 0.000000000000000000e+00
0.000000000000000000e+00 0.000000000000000000e+00 0.000000000000000000e+00
0.000000000000000000e+00 0.000000000000000000e+00 0.000000000000000000e+00
0.000000000000000000e+00 0.000000000000000000e+00 0.000000000000000000e+00
0.000000000000000000e+00 0.000000000000000000e+00 0.000000000000000000e+00
0.000000000000000000e+00 0.000000000000000000e+00 0.000000000000000000e+00
0.000000000000000000e+00 0.000000000000000000e+00 0.000000000000000000e+00
0.000000000000000000e+00 0.000000000000000000e+00 0.000000000000000000e+00
0.000000000000000000e+00 0.000000000000000000e+00 0.000000000000000000e+00
0.000000000000000000e+00 0.000000000000000000e+00 0.000000000000000000e+00
0.000000000000000000e+00 0.000000000000000000e+00 0.000000000000000000e+00
0.000000000000000000e+00 0.000000000000000000e+00 0.000000000000000000e+00
0.000000000000000000e+00 0.000000000000000000e+00 0.000000000000000000e+00
0.000000000000000000e+00 0.000000000000000000e+00 0.000000000000000000e+00
0.000000000000000000e+00 0.000000000000000000e+00 0.000000000000000000e+00
0.000000000000000000e+00 0.000000000000000000e+00 0.000000000000000000e+00
0.000000000000000000e+00 0.000000000000000000e+00 0.000000000000000000e+00
0.000000000000000000e+00 0.000000000000000000e+00 0.000000000000000000e+00
0.000000000000000000e+00 0.000000000000000000e+00 0.000000000000000000e+00
0.000000000000000000e+00 0.000000000000000000e+00 0.000000000000000000e+00
0.000000000000000000e+00 0.000000000000000000e+00 0.000000000000000000e+00
0.000000000000000000e+00 0.000000000000000000e+00 0.000000000000000000e+00
0.000000000000000000e+00 0.000000000000000000e+00 0.000000000000000000e+00
0.000000000000000000e+00 0.000000000000000000e+00 0.000000000000000000e+00
0.000000000000000000e+00 0.000000000000000000e+00 0.000000000000000000e+00
0.000000000000000000e+00 0.000000000000000000e+00 0.000000000000000000e+00
0.000000000000000000e+00 0.000000000000000000e+00 0.000000000000000000e+00
0.000000000000000000e+00 0.000000000000000000e+00 0.000000000000000000e+00
0.000000000000000000e+00 0.000000000000000000e+00 0.000000000000000000e+00
0.000000000000000000e+00 0.000000000000000000e+00 0.000000000000000000e+00
0.000000000000000000e+00 0.000000000000000000e+00 0.000000000000000000e+00
5.095295906066894531e-01 -5.164338350296020508e-01 0.000000000000000000e+00
6.387377381324768066e-01 -4.844354987144470215e-01 0.000000000000000000e+00
8.072633147239685059e-01 -4.543589055538177490e-01 0.000000000000000000e+00
1.041729569435119629e+00 -4.399168789386749268e-01 0.000000000000000000e+00
1.165037035942077637e+00 -3.866428732872009277e-01 0.000000000000000000e+00
1.476963281631469727e+00 -2.397316843271255493e-01 0.000000000000000000e+00
1.616502046585083008e+00 -1.402089446783065796e-01 0.000000000000000000e+00
1.589609026908874512e+00 -1.504705995321273804e-01 0.000000000000000000e+00
1.629621863365173340e+00 -1.441821176558732986e-02 0.000000000000000000e+00
1.619320750236511230e+00 1.218120660632848740e-02 0.000000000000000000e+00
1.644107580184936523e+00 2.100188434123992920e-01 0.000000000000000000e+00
1.624837398529052734e+00 2.325278669595718384e-01 0.000000000000000000e+00
1.627193450927734375e+00 3.283247351646423340e-01 0.000000000000000000e+00
1.632622599601745605e+00 4.201515316963195801e-01 0.000000000000000000e+00
1.643601417541503906e+00 5.117517709732055664e-01 0.000000000000000000e+00
1.636760354042053223e+00 6.078718304634094238e-01 0.000000000000000000e+00
1.665270328521728516e+00 6.877338290214538574e-01 0.000000000000000000e+00
1.655807256698608398e+00 7.573230862617492676e-01 0.000000000000000000e+00
1.695247769355773926e+00 7.814130783081054688e-01 0.000000000000000000e+00
1.754297494888305664e+00 7.996661067008972168e-01 0.000000000000000000e+00
1.792485833168029785e+00 7.397921085357666016e-01 0.000000000000000000e+00
1.850504755973815918e+00 8.738247156143188477e-01 0.000000000000000000e+00
1.836915969848632812e+00 8.801572918891906738e-01 0.000000000000000000e+00
1.868286132812500000e+00 8.834041357040405273e-01 0.000000000000000000e+00
1.911377668380737305e+00 8.184347748756408691e-01 0.000000000000000000e+00
1.915966749191284180e+00 7.346386313438415527e-01 0.000000000000000000e+00
1.934005022048950195e+00 6.620516180992126465e-01 0.000000000000000000e+00
1.922419786453247070e+00 6.740302443504333496e-01 0.000000000000000000e+00
1.915600538253784180e+00 6.639305353164672852e-01 0.000000000000000000e+00
1.919472336769104004e+00 6.130818128585815430e-01 0.000000000000000000e+00
1.918079972267150879e+00 5.846326947212219238e-01 0.000000000000000000e+00
1.918634772300720215e+00 5.479617714881896973e-01 0.000000000000000000e+00
1.882435560226440430e+00 5.191779136657714844e-01 0.000000000000000000e+00
1.906494379043579102e+00 4.759078323841094971e-01 0.000000000000000000e+00
1.904914140701293945e+00 4.429499506950378418e-01 0.000000000000000000e+00
1.905310988426208496e+00 4.051887691020965576e-01 0.000000000000000000e+00
1.899053454399108887e+00 3.911780714988708496e-01 0.000000000000000000e+00
1.901629090309143066e+00 3.497775793075561523e-01 0.000000000000000000e+00
1.891478419303894043e+00 3.503980338573455811e-01 0.000000000000000000e+00
1.886278748512268066e+00 3.308220505714416504e-01 0.000000000000000000e+00
1.915568947792053223e+00 3.106608092784881592e-01 0.000000000000000000e+00
1.938897848129272461e+00 3.213627934455871582e-01 0.000000000000000000e+00
1.930425763130187988e+00 2.977529168128967285e-01 0.000000000000000000e+00
1.930987715721130371e+00 2.871838212013244629e-01 0.000000000000000000e+00
1.930197834968566895e+00 2.760252654552459717e-01 0.000000000000000000e+00
1.929982423782348633e+00 2.733471095561981201e-01 0.000000000000000000e+00
1.931140780448913574e+00 2.606832385063171387e-01 0.000000000000000000e+00
1.930221438407897949e+00 2.553090155124664307e-01 0.000000000000000000e+00
1.929073333740234375e+00 2.513570189476013184e-01 0.000000000000000000e+00
1.925395846366882324e+00 2.549557685852050781e-01 0.000000000000000000e+00
1.930757522583007812e+00 2.391293197870254517e-01 0.000000000000000000e+00
1.932469844818115234e+00 2.325793504714965820e-01 0.000000000000000000e+00
1.941476583480834961e+00 2.394809126853942871e-01 0.000000000000000000e+00
1.955126047134399414e+00 2.180705964565277100e-01 0.000000000000000000e+00
1.941871285438537598e+00 2.247975170612335205e-01 0.000000000000000000e+00
1.934307336807250977e+00 2.488674819469451904e-01 0.000000000000000000e+00
1.931673288345336914e+00 2.541897296905517578e-01 0.000000000000000000e+00
1.928813219070434570e+00 2.677305340766906738e-01 0.000000000000000000e+00
1.930035591125488281e+00 2.706029117107391357e-01 0.000000000000000000e+00
1.935127258300781250e+00 2.687543630599975586e-01 0.000000000000000000e+00
1.934529066085815430e+00 2.769296467304229736e-01 0.000000000000000000e+00
1.936066508293151855e+00 2.838672995567321777e-01 0.000000000000000000e+00
1.951291441917419434e+00 2.872452735900878906e-01 0.000000000000000000e+00
1.946601510047912598e+00 2.950528264045715332e-01 0.000000000000000000e+00
1.942706942558288574e+00 3.027881979942321777e-01 0.000000000000000000e+00
1.957660794258117676e+00 3.056248128414154053e-01 0.000000000000000000e+00
1.958144187927246094e+00 3.120275139808654785e-01 0.000000000000000000e+00
1.956933736801147461e+00 3.180268704891204834e-01 0.000000000000000000e+00
1.956814050674438477e+00 3.236855566501617432e-01 0.000000000000000000e+00
1.957690596580505371e+00 3.290220201015472412e-01 0.000000000000000000e+00
1.957675457000732422e+00 3.345711231231689453e-01 0.000000000000000000e+00
1.966159105300903320e+00 3.375090658664703369e-01 0.000000000000000000e+00
1.968588948249816895e+00 3.325227200984954834e-01 0.000000000000000000e+00
1.964869260787963867e+00 3.458027541637420654e-01 0.000000000000000000e+00
1.983878493309020996e+00 3.381452262401580811e-01 0.000000000000000000e+00
1.969637513160705566e+00 3.496452867984771729e-01 0.000000000000000000e+00
1.969707727432250977e+00 3.529604971408843994e-01 0.000000000000000000e+00
1.970064282417297363e+00 3.545439541339874268e-01 0.000000000000000000e+00
1.970609545707702637e+00 3.551677465438842773e-01 0.000000000000000000e+00
1.970995545387268066e+00 3.559530377388000488e-01 0.000000000000000000e+00
1.974775195121765137e+00 3.455804288387298584e-01 0.000000000000000000e+00
1.973631381988525391e+00 3.501613736152648926e-01 0.000000000000000000e+00
1.954728245735168457e+00 3.332656621932983398e-01 0.000000000000000000e+00
1.929757833480834961e+00 3.107160031795501709e-01 0.000000000000000000e+00
1.940168023109436035e+00 3.187878131866455078e-01 0.000000000000000000e+00
1.892636895179748535e+00 3.109492659568786621e-01 0.000000000000000000e+00
1.850428462028503418e+00 2.951779365539550781e-01 0.000000000000000000e+00
1.841688513755798340e+00 2.999390363693237305e-01 0.000000000000000000e+00
1.764417767524719238e+00 2.412285655736923218e-01 0.000000000000000000e+00
1.803421974182128906e+00 2.493424564599990845e-01 0.000000000000000000e+00
1.737911462783813477e+00 2.345567494630813599e-01 0.000000000000000000e+00
1.753396391868591309e+00 2.110914289951324463e-01 0.000000000000000000e+00
1.760442256927490234e+00 1.911668181419372559e-01 0.000000000000000000e+00
1.760513305664062500e+00 1.732051819562911987e-01 0.000000000000000000e+00
1.758859872817993164e+00 1.592621207237243652e-01 0.000000000000000000e+00
1.681130886077880859e+00 1.793644875288009644e-01 0.000000000000000000e+00
1.654188275337219238e+00 1.922947913408279419e-01 0.000000000000000000e+00
1.650223612785339355e+00 1.460540890693664551e-01 0.000000000000000000e+00
1.621397852897644043e+00 1.717891693115234375e-01 0.000000000000000000e+00
1.649165272712707520e+00 1.551430225372314453e-01 0.000000000000000000e+00
1.648160099983215332e+00 1.499584466218948364e-01 0.000000000000000000e+00
1.608331918716430664e+00 1.697833687067031860e-01 0.000000000000000000e+00
1.556826353073120117e+00 2.316071689128875732e-01 0.000000000000000000e+00
1.525748491287231445e+00 2.663862407207489014e-01 0.000000000000000000e+00
1.559696197509765625e+00 2.376874983310699463e-01 0.000000000000000000e+00
1.560491800308227539e+00 2.542598247528076172e-01 0.000000000000000000e+00
1.560508251190185547e+00 2.721858918666839600e-01 0.000000000000000000e+00
1.551796555519104004e+00 2.801229655742645264e-01 0.000000000000000000e+00
1.472959637641906738e+00 3.132131099700927734e-01 0.000000000000000000e+00
1.504817008972167969e+00 3.252079784870147705e-01 0.000000000000000000e+00
1.500109553337097168e+00 3.177825510501861572e-01 0.000000000000000000e+00
1.504768252372741699e+00 3.385379016399383545e-01 0.000000000000000000e+00
1.504676342010498047e+00 3.529375493526458740e-01 0.000000000000000000e+00
1.464073657989501953e+00 3.703459799289703369e-01 0.000000000000000000e+00
1.393250107765197754e+00 3.690806329250335693e-01 0.000000000000000000e+00
1.385365366935729980e+00 4.108838737010955811e-01 0.000000000000000000e+00
1.426985025405883789e+00 4.297462105751037598e-01 0.000000000000000000e+00
1.427380561828613281e+00 4.478639364242553711e-01 0.000000000000000000e+00
1.427398920059204102e+00 4.657688438892364502e-01 0.000000000000000000e+00
1.427398920059204102e+00 4.837000966072082520e-01 0.000000000000000000e+00
1.427398920059204102e+00 5.011281967163085938e-01 0.000000000000000000e+00
1.427398920059204102e+00 5.186680555343627930e-01 0.000000000000000000e+00
1.427398920059204102e+00 5.365977287292480469e-01 0.000000000000000000e+00
1.427398920059204102e+00 5.545295476913452148e-01 0.000000000000000000e+00
1.427398920059204102e+00 5.716106891632080078e-01 0.000000000000000000e+00
1.444562196731567383e+00 5.742458701133728027e-01 0.000000000000000000e+00
1.434321403503417969e+00 5.873854756355285645e-01 0.000000000000000000e+00
1.449982404708862305e+00 5.612259507179260254e-01 0.000000000000000000e+00
1.454969167709350586e+00 5.573033690452575684e-01 0.000000000000000000e+00
1.476077556610107422e+00 5.465126633644104004e-01 0.000000000000000000e+00
1.484632611274719238e+00 5.428125858306884766e-01 0.000000000000000000e+00
1.480538964271545410e+00 5.335644483566284180e-01 0.000000000000000000e+00
1.536818981170654297e+00 4.953327775001525879e-01 0.000000000000000000e+00
1.497455596923828125e+00 5.036605596542358398e-01 0.000000000000000000e+00
1.537542700767517090e+00 4.647780358791351318e-01 0.000000000000000000e+00
1.513695597648620605e+00 4.720090031623840332e-01 0.000000000000000000e+00
1.513474822044372559e+00 4.572233855724334717e-01 0.000000000000000000e+00
1.513442993164062500e+00 4.431759119033813477e-01 0.000000000000000000e+00
1.523658156394958496e+00 4.389419257640838623e-01 0.000000000000000000e+00
1.514932155609130859e+00 4.157314598560333252e-01 0.000000000000000000e+00
1.513822674751281738e+00 4.057763516902923584e-01 0.000000000000000000e+00
1.505869150161743164e+00 4.081497788429260254e-01 0.000000000000000000e+00
1.505612969398498535e+00 3.871176540851593018e-01 0.000000000000000000e+00
1.469516396522521973e+00 3.854319751262664795e-01 0.000000000000000000e+00
1.325209736824035645e+00 4.632474482059478760e-01 0.000000000000000000e+00
1.317278861999511719e+00 4.905443787574768066e-01 0.000000000000000000e+00
1.349117159843444824e+00 4.808647632598876953e-01 0.000000000000000000e+00
1.273810744285583496e+00 4.985472261905670166e-01 0.000000000000000000e+00
1.268663406372070312e+00 5.506739616394042969e-01 0.000000000000000000e+00
1.088083505630493164e+00 6.687044501304626465e-01 0.000000000000000000e+00
1.135727286338806152e+00 6.879282593727111816e-01 0.000000000000000000e+00
1.179050683975219727e+00 7.173153758049011230e-01 0.000000000000000000e+00
1.155857205390930176e+00 7.700502872467041016e-01 0.000000000000000000e+00
1.020363330841064453e+00 8.928161263465881348e-01 0.000000000000000000e+00
8.950898051261901855e-01 1.003227233886718750e+00 0.000000000000000000e+00
8.777173161506652832e-01 1.096341013908386230e+00 0.000000000000000000e+00
9.142012596130371094e-01 1.149231195449829102e+00 0.000000000000000000e+00
7.893803119659423828e-01 1.243242144584655762e+00 0.000000000000000000e+00
7.357305884361267090e-01 1.281156420707702637e+00 0.000000000000000000e+00
6.210055947303771973e-01 1.298292517662048340e+00 0.000000000000000000e+00
5.758826732635498047e-01 1.294286131858825684e+00 0.000000000000000000e+00
4.295374751091003418e-01 1.323497295379638672e+00 0.000000000000000000e+00
3.454363048076629639e-01 1.311630964279174805e+00 0.000000000000000000e+00
2.313281893730163574e-01 1.315442681312561035e+00 0.000000000000000000e+00
6.800252199172973633e-02 1.330159425735473633e+00 0.000000000000000000e+00
3.186216577887535095e-03 1.319519639015197754e+00 0.000000000000000000e+00
-8.600366115570068359e-02 1.314353704452514648e+00 0.000000000000000000e+00
-2.133921831846237183e-01 1.318615317344665527e+00 0.000000000000000000e+00
-2.152366340160369873e-01 1.294432997703552246e+00 0.000000000000000000e+00
-1.753585189580917358e-01 1.263864278793334961e+00 0.000000000000000000e+00
-2.692095469683408737e-03 1.195303320884704590e+00 0.000000000000000000e+00
-1.050006225705146790e-01 1.232184290885925293e+00 0.000000000000000000e+00
-1.760829985141754150e-01 1.241667985916137695e+00 0.000000000000000000e+00
-1.643267720937728882e-01 1.244814991950988770e+00 0.000000000000000000e+00
-1.452693939208984375e-01 1.275405406951904297e+00 0.000000000000000000e+00
-1.422137618064880371e-01 1.276883721351623535e+00 0.000000000000000000e+00
-3.496427088975906372e-02 1.244384407997131348e+00 0.000000000000000000e+00
2.019526064395904541e-02 1.241183876991271973e+00 0.000000000000000000e+00
1.987964287400245667e-02 1.225383996963500977e+00 0.000000000000000000e+00
4.527011141180992126e-02 1.241167783737182617e+00 0.000000000000000000e+00
8.455140888690948486e-02 1.240898132324218750e+00 0.000000000000000000e+00
1.219781041145324707e-01 1.240915536880493164e+00 0.000000000000000000e+00
1.654274910688400269e-01 1.246990799903869629e+00 0.000000000000000000e+00
1.717712730169296265e-01 1.252489209175109863e+00 0.000000000000000000e+00
1.982865929603576660e-01 1.285722732543945312e+00 0.000000000000000000e+00
1.996632814407348633e-01 1.396443843841552734e+00 0.000000000000000000e+00
2.425545305013656616e-01 1.320939660072326660e+00 0.000000000000000000e+00
1.739756017923355103e-01 1.386960864067077637e+00 0.000000000000000000e+00
2.215604931116104126e-01 1.370219111442565918e+00 0.000000000000000000e+00
2.425658553838729858e-01 1.359646201133728027e+00 0.000000000000000000e+00
2.452044636011123657e-01 1.366651535034179688e+00 0.000000000000000000e+00
2.321732938289642334e-01 1.373932003974914551e+00 0.000000000000000000e+00
2.436262518167495728e-01 1.384460806846618652e+00 0.000000000000000000e+00
2.198350280523300171e-01 1.390372157096862793e+00 0.000000000000000000e+00
2.277963161468505859e-01 1.387110233306884766e+00 0.000000000000000000e+00
2.180306166410446167e-01 1.387266397476196289e+00 0.000000000000000000e+00
2.179481536149978638e-01 1.388612270355224609e+00 0.000000000000000000e+00
2.105944752693176270e-01 1.398910045623779297e+00 0.000000000000000000e+00
2.075390666723251343e-01 1.393669843673706055e+00 0.000000000000000000e+00
2.050372064113616943e-01 1.394265055656433105e+00 0.000000000000000000e+00
2.053593993186950684e-01 1.398803591728210449e+00 0.000000000000000000e+00
2.018835991621017456e-01 1.398513197898864746e+00 0.000000000000000000e+00
1.996089667081832886e-01 1.399053215980529785e+00 0.000000000000000000e+00
1.971982866525650024e-01 1.399180889129638672e+00 0.000000000000000000e+00
1.822554618120193481e-01 1.406629920005798340e+00 0.000000000000000000e+00
1.677551418542861938e-01 1.413917541503906250e+00 0.000000000000000000e+00
1.448118388652801514e-01 1.431156277656555176e+00 0.000000000000000000e+00
1.415880769491195679e-01 1.420787096023559570e+00 0.000000000000000000e+00
1.396456062793731689e-01 1.415785074234008789e+00 0.000000000000000000e+00
1.240298524498939514e-01 1.425077319145202637e+00 0.000000000000000000e+00
1.151734590530395508e-01 1.425257682800292969e+00 0.000000000000000000e+00
1.111672520637512207e-01 1.457189440727233887e+00 0.000000000000000000e+00
9.412488341331481934e-02 1.440863728523254395e+00 0.000000000000000000e+00
7.871121168136596680e-02 1.443934440612792969e+00 0.000000000000000000e+00
6.065967306494712830e-02 1.464962720870971680e+00 0.000000000000000000e+00
5.747149512171745300e-02 1.482848882675170898e+00 0.000000000000000000e+00
3.260510787367820740e-02 1.474604249000549316e+00 0.000000000000000000e+00
2.323117107152938843e-02 1.492556452751159668e+00 0.000000000000000000e+00
1.589441671967506409e-02 1.496456265449523926e+00 0.000000000000000000e+00
1.581410691142082214e-02 1.518709063529968262e+00 0.000000000000000000e+00
2.029228489845991135e-03 1.513391971588134766e+00 0.000000000000000000e+00
-1.295252516865730286e-02 1.522210240364074707e+00 0.000000000000000000e+00
-4.707310348749160767e-03 1.530405521392822266e+00 0.000000000000000000e+00
-2.004585415124893188e-02 1.521840810775756836e+00 0.000000000000000000e+00
-2.144383080303668976e-02 1.526602029800415039e+00 0.000000000000000000e+00
-2.616002783179283142e-02 1.526468276977539062e+00 0.000000000000000000e+00
-3.268080204725265503e-02 1.527388930320739746e+00 0.000000000000000000e+00
-6.924679130315780640e-02 1.534747481346130371e+00 0.000000000000000000e+00
-1.300605535507202148e-01 1.546821117401123047e+00 0.000000000000000000e+00
-1.414891481399536133e-01 1.545289397239685059e+00 0.000000000000000000e+00
-1.379213035106658936e-01 1.539816617965698242e+00 0.000000000000000000e+00
-1.562747210264205933e-01 1.538991093635559082e+00 0.000000000000000000e+00
-1.587200611829757690e-01 1.534237384796142578e+00 0.000000000000000000e+00
-1.489810943603515625e-01 1.534308433532714844e+00 0.000000000000000000e+00
-5.788365751504898071e-02 1.505926489830017090e+00 0.000000000000000000e+00
-6.651265081018209457e-03 1.475942969322204590e+00 0.000000000000000000e+00
-1.039733178913593292e-02 1.478141665458679199e+00 0.000000000000000000e+00
1.861616154201328754e-03 1.487465858459472656e+00 0.000000000000000000e+00
3.744240477681159973e-02 1.493152618408203125e+00 0.000000000000000000e+00
4.538187757134437561e-02 1.491956233978271484e+00 0.000000000000000000e+00
7.233432680368423462e-02 1.491985797882080078e+00 0.000000000000000000e+00
8.398185670375823975e-02 1.495051980018615723e+00 0.000000000000000000e+00
6.799823790788650513e-02 1.504530787467956543e+00 0.000000000000000000e+00
1.110855340957641602e-01 1.498193621635437012e+00 0.000000000000000000e+00
6.055213510990142822e-02 1.528264164924621582e+00 0.000000000000000000e+00
1.034079492092132568e-01 1.506873607635498047e+00 0.000000000000000000e+00
1.143786758184432983e-01 1.506054759025573730e+00 0.000000000000000000e+00
1.216715797781944275e-01 1.506047844886779785e+00 0.000000000000000000e+00
1.289276927709579468e-01 1.506048083305358887e+00 0.000000000000000000e+00
1.389943063259124756e-01 1.505447149276733398e+00 0.000000000000000000e+00
1.466630548238754272e-01 1.505517959594726562e+00 0.000000000000000000e+00
1.549372225999832153e-01 1.505517840385437012e+00 0.000000000000000000e+00
1.443594843149185181e-01 1.485795378684997559e+00 0.000000000000000000e+00
1.462624669075012207e-01 1.482167363166809082e+00 0.000000000000000000e+00
1.257507055997848511e-01 1.489322900772094727e+00 0.000000000000000000e+00
1.121109649538993835e-01 1.494292020797729492e+00 0.000000000000000000e+00
9.632787853479385376e-02 1.494084119796752930e+00 0.000000000000000000e+00
8.809240907430648804e-02 1.493777275085449219e+00 0.000000000000000000e+00
3.943416103720664978e-02 1.502094745635986328e+00 0.000000000000000000e+00
1.358513720333576202e-02 1.503811478614807129e+00 0.000000000000000000e+00
-2.073870785534381866e-02 1.507036209106445312e+00 0.000000000000000000e+00
-4.836738482117652893e-02 1.507340908050537109e+00 0.000000000000000000e+00
-6.978873908519744873e-02 1.503195405006408691e+00 0.000000000000000000e+00
-9.760840237140655518e-02 1.503704667091369629e+00 0.000000000000000000e+00
-1.265677362680435181e-01 1.503707170486450195e+00 0.000000000000000000e+00
-1.508997231721878052e-01 1.506849288940429688e+00 0.000000000000000000e+00
-1.810500174760818481e-01 1.505297183990478516e+00 0.000000000000000000e+00
-1.629265546798706055e-01 1.493865132331848145e+00 0.000000000000000000e+00
-1.703117936849594116e-01 1.490691184997558594e+00 0.000000000000000000e+00
-2.086467593908309937e-01 1.496023774147033691e+00 0.000000000000000000e+00
-8.482430130243301392e-02 1.449226260185241699e+00 0.000000000000000000e+00
-1.263574063777923584e-01 1.459219217300415039e+00 0.000000000000000000e+00
-1.332400143146514893e-01 1.468993425369262695e+00 0.000000000000000000e+00
-1.236128732562065125e-01 1.469045639038085938e+00 0.000000000000000000e+00
-1.138640567660331726e-01 1.469044327735900879e+00 0.000000000000000000e+00
-1.046182438731193542e-01 1.469044327735900879e+00 0.000000000000000000e+00
-9.485530853271484375e-02 1.469044327735900879e+00 0.000000000000000000e+00
1.330593880265951157e-02 1.381693959236145020e+00 0.000000000000000000e+00
-2.931354194879531860e-02 1.414356350898742676e+00 0.000000000000000000e+00
-7.889021188020706177e-03 1.412514805793762207e+00 0.000000000000000000e+00
-2.072188258171081543e-02 1.390403032302856445e+00 0.000000000000000000e+00
2.414785884320735931e-02 1.205641865730285645e+00 0.000000000000000000e+00
4.013789072632789612e-02 1.275611162185668945e+00 0.000000000000000000e+00
7.081623375415802002e-02 1.225749254226684570e+00 0.000000000000000000e+00
9.440409392118453979e-02 1.132609486579895020e+00 0.000000000000000000e+00
4.131271317601203918e-02 1.205119729042053223e+00 0.000000000000000000e+00
2.575080841779708862e-02 1.222373723983764648e+00 0.000000000000000000e+00
-1.194610670208930969e-01 1.116219162940979004e+00 0.000000000000000000e+00
-2.499570883810520172e-02 1.143697023391723633e+00 0.000000000000000000e+00
-2.024222537875175476e-02 1.137719988822937012e+00 0.000000000000000000e+00
-3.507871925830841064e-02 1.133009195327758789e+00 0.000000000000000000e+00
-5.484021082520484924e-02 1.148129343986511230e+00 0.000000000000000000e+00
-6.235810369253158569e-02 1.110926508903503418e+00 0.000000000000000000e+00
-8.920076489448547363e-02 1.129634618759155273e+00 0.000000000000000000e+00
-1.150934547185897827e-01 1.137703657150268555e+00 0.000000000000000000e+00
-1.706111133098602295e-01 1.147250056266784668e+00 0.000000000000000000e+00
-1.338705718517303467e-01 1.101566791534423828e+00 0.000000000000000000e+00
-1.311556696891784668e-01 9.714863896369934082e-01 0.000000000000000000e+00
-1.332413703203201294e-01 9.197259545326232910e-01 0.000000000000000000e+00
-1.587243974208831787e-01 9.812487959861755371e-01 0.000000000000000000e+00
-1.687969863414764404e-01 9.754630923271179199e-01 0.000000000000000000e+00
-1.594232618808746338e-01 9.054333567619323730e-01 0.000000000000000000e+00
-1.771012395620346069e-01 9.392581582069396973e-01 0.000000000000000000e+00
-1.465250998735427856e-01 8.826733827590942383e-01 0.000000000000000000e+00
-1.501180082559585571e-01 8.069974780082702637e-01 0.000000000000000000e+00
-1.630842387676239014e-01 8.207237720489501953e-01 0.000000000000000000e+00
-1.700511872768402100e-01 7.934673428535461426e-01 0.000000000000000000e+00
-1.671243607997894287e-01 7.669807076454162598e-01 0.000000000000000000e+00
-1.675763130187988281e-01 7.369598746299743652e-01 0.000000000000000000e+00
-1.892524361610412598e-01 7.777676582336425781e-01 0.000000000000000000e+00
-1.865724474191665649e-01 7.388232946395874023e-01 0.000000000000000000e+00
-1.869043260812759399e-01 7.081773281097412109e-01 0.000000000000000000e+00
-1.950234472751617432e-01 6.795996427536010742e-01 0.000000000000000000e+00
-2.141803801059722900e-01 6.450175642967224121e-01 0.000000000000000000e+00
-2.519414126873016357e-01 6.029239892959594727e-01 0.000000000000000000e+00
-2.419903874397277832e-01 5.950987339019775391e-01 0.000000000000000000e+00
-2.524799406528472900e-01 5.726822614669799805e-01 0.000000000000000000e+00
-2.704127132892608643e-01 5.534935593605041504e-01 0.000000000000000000e+00
-2.844864130020141602e-01 5.316941142082214355e-01 0.000000000000000000e+00
-3.006691932678222656e-01 5.127027630805969238e-01 0.000000000000000000e+00
-3.276321887969970703e-01 5.356739163398742676e-01 0.000000000000000000e+00
-3.541886210441589355e-01 5.499883294105529785e-01 0.000000000000000000e+00
-3.682786226272583008e-01 5.241489410400390625e-01 0.000000000000000000e+00
-3.854756057262420654e-01 5.108630657196044922e-01 0.000000000000000000e+00
-4.050045907497406006e-01 5.054762363433837891e-01 0.000000000000000000e+00
-4.247568249702453613e-01 4.999554753303527832e-01 0.000000000000000000e+00
-4.450968503952026367e-01 4.942998886108398438e-01 0.000000000000000000e+00
-4.605579972267150879e-01 4.754002392292022705e-01 0.000000000000000000e+00
-4.601927399635314941e-01 4.690911471843719482e-01 0.000000000000000000e+00
-4.161007702350616455e-01 4.464656412601470947e-01 0.000000000000000000e+00
-4.474329054355621338e-01 4.808150827884674072e-01 0.000000000000000000e+00
-4.720956683158874512e-01 6.356090307235717773e-01 0.000000000000000000e+00
-4.911158680915832520e-01 7.265369892120361328e-01 0.000000000000000000e+00
-5.064161419868469238e-01 7.235559821128845215e-01 0.000000000000000000e+00
-5.209920406341552734e-01 8.024796247482299805e-01 0.000000000000000000e+00
-5.127350687980651855e-01 8.282473683357238770e-01 0.000000000000000000e+00
-5.278277993202209473e-01 8.894306421279907227e-01 0.000000000000000000e+00
-5.408428311347961426e-01 9.487407207489013672e-01 0.000000000000000000e+00
-5.531491637229919434e-01 1.005221366882324219e+00 0.000000000000000000e+00
-5.647300481796264648e-01 1.058935999870300293e+00 0.000000000000000000e+00
-5.703471899032592773e-01 1.092361688613891602e+00 0.000000000000000000e+00
-3.555402755737304688e-01 8.742845058441162109e-01 0.000000000000000000e+00
-3.304172456264495850e-01 9.574770331382751465e-01 0.000000000000000000e+00
-3.536483943462371826e-01 9.960951209068298340e-01 0.000000000000000000e+00
-3.322388827800750732e-01 1.002274751663208008e+00 0.000000000000000000e+00
-3.211914598941802979e-01 1.011898517608642578e+00 0.000000000000000000e+00
-2.976359426975250244e-01 1.016646981239318848e+00 0.000000000000000000e+00
-2.862496674060821533e-01 1.020994901657104492e+00 0.000000000000000000e+00
-3.253117203712463379e-01 1.061756372451782227e+00 0.000000000000000000e+00
-2.646665275096893311e-01 1.034618139266967773e+00 0.000000000000000000e+00
-2.533513903617858887e-01 1.036714792251586914e+00 0.000000000000000000e+00
-2.605806887149810791e-01 1.055651307106018066e+00 0.000000000000000000e+00
-2.443262040615081787e-01 1.045389294624328613e+00 0.000000000000000000e+00
-2.568356990814208984e-01 1.064867138862609863e+00 0.000000000000000000e+00
-3.123023808002471924e-01 1.078520536422729492e+00 0.000000000000000000e+00
-3.797665834426879883e-01 1.098453283309936523e+00 0.000000000000000000e+00
-4.322725534439086914e-01 1.103859901428222656e+00 0.000000000000000000e+00
-4.403340220451354980e-01 1.098628044128417969e+00 0.000000000000000000e+00
-4.617943167686462402e-01 1.101714491844177246e+00 0.000000000000000000e+00
-5.000961422920227051e-01 1.114989399909973145e+00 0.000000000000000000e+00
-5.354374647140502930e-01 1.112209320068359375e+00 0.000000000000000000e+00
-5.706299543380737305e-01 1.107456088066101074e+00 0.000000000000000000e+00
-6.072893738746643066e-01 1.107679605484008789e+00 0.000000000000000000e+00
-6.419688463211059570e-01 1.107680439949035645e+00 0.000000000000000000e+00
-6.786472201347351074e-01 1.107680439949035645e+00 0.000000000000000000e+00
-7.108206748962402344e-01 1.094184160232543945e+00 0.000000000000000000e+00
-7.441666722297668457e-01 1.102600216865539551e+00 0.000000000000000000e+00
3.753199055790901184e-02 -5.482392758131027222e-02 0.000000000000000000e+00
0.000000000000000000e+00 0.000000000000000000e+00 0.000000000000000000e+00
0.000000000000000000e+00 0.000000000000000000e+00 0.000000000000000000e+00
0.000000000000000000e+00 0.000000000000000000e+00 0.000000000000000000e+00
0.000000000000000000e+00 0.000000000000000000e+00 0.000000000000000000e+00
0.000000000000000000e+00 0.000000000000000000e+00 0.000000000000000000e+00
0.000000000000000000e+00 0.000000000000000000e+00 0.000000000000000000e+00
0.000000000000000000e+00 0.000000000000000000e+00 0.000000000000000000e+00
0.000000000000000000e+00 0.000000000000000000e+00 0.000000000000000000e+00
0.000000000000000000e+00 0.000000000000000000e+00 0.000000000000000000e+00
0.000000000000000000e+00 0.000000000000000000e+00 0.000000000000000000e+00
0.000000000000000000e+00 0.000000000000000000e+00 0.000000000000000000e+00
0.000000000000000000e+00 0.000000000000000000e+00 0.000000000000000000e+00
0.000000000000000000e+00 0.000000000000000000e+00 0.000000000000000000e+00
0.000000000000000000e+00 0.000000000000000000e+00 0.000000000000000000e+00
0.000000000000000000e+00 0.000000000000000000e+00 0.000000000000000000e+00
0.000000000000000000e+00 0.000000000000000000e+00 0.000000000000000000e+00
0.000000000000000000e+00 0.000000000000000000e+00 0.000000000000000000e+00
0.000000000000000000e+00 0.000000000000000000e+00 0.000000000000000000e+00
0.000000000000000000e+00 0.000000000000000000e+00 0.000000000000000000e+00
0.000000000000000000e+00 0.000000000000000000e+00 0.000000000000000000e+00
0.000000000000000000e+00 0.000000000000000000e+00 0.000000000000000000e+00
0.000000000000000000e+00 0.000000000000000000e+00 0.000000000000000000e+00
0.000000000000000000e+00 0.000000000000000000e+00 0.000000000000000000e+00
0.000000000000000000e+00 0.000000000000000000e+00 0.000000000000000000e+00
0.000000000000000000e+00 0.000000000000000000e+00 0.000000000000000000e+00
0.000000000000000000e+00 0.000000000000000000e+00 0.000000000000000000e+00
0.000000000000000000e+00 0.000000000000000000e+00 0.000000000000000000e+00
0.000000000000000000e+00 0.000000000000000000e+00 0.000000000000000000e+00
0.000000000000000000e+00 0.000000000000000000e+00 0.000000000000000000e+00
0.000000000000000000e+00 0.000000000000000000e+00 0.000000000000000000e+00
0.000000000000000000e+00 0.000000000000000000e+00 0.000000000000000000e+00
0.000000000000000000e+00 0.000000000000000000e+00 0.000000000000000000e+00
0.000000000000000000e+00 0.000000000000000000e+00 0.000000000000000000e+00
0.000000000000000000e+00 0.000000000000000000e+00 0.000000000000000000e+00
0.000000000000000000e+00 0.000000000000000000e+00 0.000000000000000000e+00
0.000000000000000000e+00 0.000000000000000000e+00 0.000000000000000000e+00
0.000000000000000000e+00 0.000000000000000000e+00 0.000000000000000000e+00
0.000000000000000000e+00 0.000000000000000000e+00 0.000000000000000000e+00
0.000000000000000000e+00 0.000000000000000000e+00 0.000000000000000000e+00
0.000000000000000000e+00 0.000000000000000000e+00 0.000000000000000000e+00
0.000000000000000000e+00 0.000000000000000000e+00 0.000000000000000000e+00
0.000000000000000000e+00 0.000000000000000000e+00 0.000000000000000000e+00
0.000000000000000000e+00 0.000000000000000000e+00 0.000000000000000000e+00
0.000000000000000000e+00 0.000000000000000000e+00 0.000000000000000000e+00
0.000000000000000000e+00 0.000000000000000000e+00 0.000000000000000000e+00
0.000000000000000000e+00 0.000000000000000000e+00 0.000000000000000000e+00
0.000000000000000000e+00 0.000000000000000000e+00 0.000000000000000000e+00
0.000000000000000000e+00 0.000000000000000000e+00 0.000000000000000000e+00
0.000000000000000000e+00 0.000000000000000000e+00 0.000000000000000000e+00
0.000000000000000000e+00 0.000000000000000000e+00 0.000000000000000000e+00
0.000000000000000000e+00 0.000000000000000000e+00 0.000000000000000000e+00
0.000000000000000000e+00 0.000000000000000000e+00 0.000000000000000000e+00
0.000000000000000000e+00 0.000000000000000000e+00 0.000000000000000000e+00
0.000000000000000000e+00 0.000000000000000000e+00 0.000000000000000000e+00
0.000000000000000000e+00 0.000000000000000000e+00 0.000000000000000000e+00
0.000000000000000000e+00 0.000000000000000000e+00 0.000000000000000000e+00
0.000000000000000000e+00 0.000000000000000000e+00 0.000000000000000000e+00
0.000000000000000000e+00 0.000000000000000000e+00 0.000000000000000000e+00
0.000000000000000000e+00 0.000000000000000000e+00 0.000000000000000000e+00
0.000000000000000000e+00 0.000000000000000000e+00 0.000000000000000000e+00
0.000000000000000000e+00 0.000000000000000000e+00 0.000000000000000000e+00
0.000000000000000000e+00 0.000000000000000000e+00 0.000000000000000000e+00
0.000000000000000000e+00 0.000000000000000000e+00 0.000000000000000000e+00
0.000000000000000000e+00 0.000000000000000000e+00 0.000000000000000000e+00
0.000000000000000000e+00 0.000000000000000000e+00 0.000000000000000000e+00
0.000000000000000000e+00 0.000000000000000000e+00 0.000000000000000000e+00
0.000000000000000000e+00 0.000000000000000000e+00 0.000000000000000000e+00
0.000000000000000000e+00 0.000000000000000000e+00 0.000000000000000000e+00
0.000000000000000000e+00 0.000000000000000000e+00 0.000000000000000000e+00
0.000000000000000000e+00 0.000000000000000000e+00 0.000000000000000000e+00
0.000000000000000000e+00 0.000000000000000000e+00 0.000000000000000000e+00
0.000000000000000000e+00 0.000000000000000000e+00 0.000000000000000000e+00
0.000000000000000000e+00 0.000000000000000000e+00 0.000000000000000000e+00
0.000000000000000000e+00 0.000000000000000000e+00 0.000000000000000000e+00
0.000000000000000000e+00 0.000000000000000000e+00 0.000000000000000000e+00
0.000000000000000000e+00 0.000000000000000000e+00 0.000000000000000000e+00
0.000000000000000000e+00 0.000000000000000000e+00 0.000000000000000000e+00
0.000000000000000000e+00 0.000000000000000000e+00 0.000000000000000000e+00
0.000000000000000000e+00 0.000000000000000000e+00 0.000000000000000000e+00
0.000000000000000000e+00 0.000000000000000000e+00 0.000000000000000000e+00
0.000000000000000000e+00 0.000000000000000000e+00 0.000000000000000000e+00
0.000000000000000000e+00 0.000000000000000000e+00 0.000000000000000000e+00
0.000000000000000000e+00 0.000000000000000000e+00 0.000000000000000000e+00
0.000000000000000000e+00 0.000000000000000000e+00 0.000000000000000000e+00
0.000000000000000000e+00 0.000000000000000000e+00 0.000000000000000000e+00
0.000000000000000000e+00 0.000000000000000000e+00 0.000000000000000000e+00
0.000000000000000000e+00 0.000000000000000000e+00 0.000000000000000000e+00
0.000000000000000000e+00 0.000000000000000000e+00 0.000000000000000000e+00
0.000000000000000000e+00 0.000000000000000000e+00 0.000000000000000000e+00
0.000000000000000000e+00 0.000000000000000000e+00 0.000000000000000000e+00
0.000000000000000000e+00 0.000000000000000000e+00 0.000000000000000000e+00
0.000000000000000000e+00 0.000000000000000000e+00 0.000000000000000000e+00
0.000000000000000000e+00 0.000000000000000000e+00 0.000000000000000000e+00
0.000000000000000000e+00 0.000000000000000000e+00 0.000000000000000000e+00
0.000000000000000000e+00 0.000000000000000000e+00 0.000000000000000000e+00
0.000000000000000000e+00 0.000000000000000000e+00 0.000000000000000000e+00
0.000000000000000000e+00 0.000000000000000000e+00 0.000000000000000000e+00
0.000000000000000000e+00 0.000000000000000000e+00 0.000000000000000000e+00
0.000000000000000000e+00 0.000000000000000000e+00 0.000000000000000000e+00
0.000000000000000000e+00 0.000000000000000000e+00 0.000000000000000000e+00
0.000000000000000000e+00 0.000000000000000000e+00 0.000000000000000000e+00
0.000000000000000000e+00 0.000000000000000000e+00 0.000000000000000000e+00
0.000000000000000000e+00 0.000000000000000000e+00 0.000000000000000000e+00
0.000000000000000000e+00 0.000000000000000000e+00 0.000000000000000000e+00
0.000000000000000000e+00 0.000000000000000000e+00 0.000000000000000000e+00
0.000000000000000000e+00 0.000000000000000000e+00 0.000000000000000000e+00
0.000000000000000000e+00 0.000000000000000000e+00 0.000000000000000000e+00
0.000000000000000000e+00 0.000000000000000000e+00 0.000000000000000000e+00
0.000000000000000000e+00 0.000000000000000000e+00 0.000000000000000000e+00
0.000000000000000000e+00 0.000000000000000000e+00 0.000000000000000000e+00
0.000000000000000000e+00 0.000000000000000000e+00 0.000000000000000000e+00
0.000000000000000000e+00 0.000000000000000000e+00 0.000000000000000000e+00
0.000000000000000000e+00 0.000000000000000000e+00 0.000000000000000000e+00
0.000000000000000000e+00 0.000000000000000000e+00 0.000000000000000000e+00
0.000000000000000000e+00 0.000000000000000000e+00 0.000000000000000000e+00
0.000000000000000000e+00 0.000000000000000000e+00 0.000000000000000000e+00
0.000000000000000000e+00 0.000000000000000000e+00 0.000000000000000000e+00
0.000000000000000000e+00 0.000000000000000000e+00 0.000000000000000000e+00
0.000000000000000000e+00 0.000000000000000000e+00 0.000000000000000000e+00
0.000000000000000000e+00 0.000000000000000000e+00 0.000000000000000000e+00
0.000000000000000000e+00 0.000000000000000000e+00 0.000000000000000000e+00
0.000000000000000000e+00 0.000000000000000000e+00 0.000000000000000000e+00
0.000000000000000000e+00 0.000000000000000000e+00 0.000000000000000000e+00
0.000000000000000000e+00 0.000000000000000000e+00 0.000000000000000000e+00
0.000000000000000000e+00 0.000000000000000000e+00 0.000000000000000000e+00
0.000000000000000000e+00 0.000000000000000000e+00 0.000000000000000000e+00
0.000000000000000000e+00 0.000000000000000000e+00 0.000000000000000000e+00
0.000000000000000000e+00 0.000000000000000000e+00 0.000000000000000000e+00
0.000000000000000000e+00 0.000000000000000000e+00 0.000000000000000000e+00
0.000000000000000000e+00 0.000000000000000000e+00 0.000000000000000000e+00
0.000000000000000000e+00 0.000000000000000000e+00 0.000000000000000000e+00
0.000000000000000000e+00 0.000000000000000000e+00 0.000000000000000000e+00
0.000000000000000000e+00 0.000000000000000000e+00 0.000000000000000000e+00
0.000000000000000000e+00 0.000000000000000000e+00 0.000000000000000000e+00
0.000000000000000000e+00 0.000000000000000000e+00 0.000000000000000000e+00
0.000000000000000000e+00 0.000000000000000000e+00 0.000000000000000000e+00
0.000000000000000000e+00 0.000000000000000000e+00 0.000000000000000000e+00
0.000000000000000000e+00 0.000000000000000000e+00 0.000000000000000000e+00
0.000000000000000000e+00 0.000000000000000000e+00 0.000000000000000000e+00
0.000000000000000000e+00 0.000000000000000000e+00 0.000000000000000000e+00
0.000000000000000000e+00 0.000000000000000000e+00 0.000000000000000000e+00
0.000000000000000000e+00 0.000000000000000000e+00 0.000000000000000000e+00
0.000000000000000000e+00 0.000000000000000000e+00 0.000000000000000000e+00
0.000000000000000000e+00 0.000000000000000000e+00 0.000000000000000000e+00
0.000000000000000000e+00 0.000000000000000000e+00 0.000000000000000000e+00
0.000000000000000000e+00 0.000000000000000000e+00 0.000000000000000000e+00
0.000000000000000000e+00 0.000000000000000000e+00 0.000000000000000000e+00
0.000000000000000000e+00 0.000000000000000000e+00 0.000000000000000000e+00
0.000000000000000000e+00 0.000000000000000000e+00 0.000000000000000000e+00
0.000000000000000000e+00 0.000000000000000000e+00 0.000000000000000000e+00
0.000000000000000000e+00 0.000000000000000000e+00 0.000000000000000000e+00
0.000000000000000000e+00 0.000000000000000000e+00 0.000000000000000000e+00
0.000000000000000000e+00 0.000000000000000000e+00 0.000000000000000000e+00
0.000000000000000000e+00 0.000000000000000000e+00 0.000000000000000000e+00
0.000000000000000000e+00 0.000000000000000000e+00 0.000000000000000000e+00
0.000000000000000000e+00 0.000000000000000000e+00 0.000000000000000000e+00
0.000000000000000000e+00 0.000000000000000000e+00 0.000000000000000000e+00
0.000000000000000000e+00 0.000000000000000000e+00 0.000000000000000000e+00
0.000000000000000000e+00 0.000000000000000000e+00 0.000000000000000000e+00
0.000000000000000000e+00 0.000000000000000000e+00 0.000000000000000000e+00
0.000000000000000000e+00 0.000000000000000000e+00 0.000000000000000000e+00
0.000000000000000000e+00 0.000000000000000000e+00 0.000000000000000000e+00
0.000000000000000000e+00 0.000000000000000000e+00 0.000000000000000000e+00
0.000000000000000000e+00 0.000000000000000000e+00 0.000000000000000000e+00
0.000000000000000000e+00 0.000000000000000000e+00 0.000000000000000000e+00
0.000000000000000000e+00 0.000000000000000000e+00 0.000000000000000000e+00
0.000000000000000000e+00 0.000000000000000000e+00 0.000000000000000000e+00
0.000000000000000000e+00 0.000000000000000000e+00 0.000000000000000000e+00
0.000000000000000000e+00 0.000000000000000000e+00 0.000000000000000000e+00
0.000000000000000000e+00 0.000000000000000000e+00 0.000000000000000000e+00
0.000000000000000000e+00 0.000000000000000000e+00 0.000000000000000000e+00
0.000000000000000000e+00 0.000000000000000000e+00 0.000000000000000000e+00
0.000000000000000000e+00 0.000000000000000000e+00 0.000000000000000000e+00
0.000000000000000000e+00 0.000000000000000000e+00 0.000000000000000000e+00
0.000000000000000000e+00 0.000000000000000000e+00 0.000000000000000000e+00
0.000000000000000000e+00 0.000000000000000000e+00 0.000000000000000000e+00
0.000000000000000000e+00 0.000000000000000000e+00 0.000000000000000000e+00
0.000000000000000000e+00 0.000000000000000000e+00 0.000000000000000000e+00
0.000000000000000000e+00 0.000000000000000000e+00 0.000000000000000000e+00
0.000000000000000000e+00 0.000000000000000000e+00 0.000000000000000000e+00
0.000000000000000000e+00 0.000000000000000000e+00 0.000000000000000000e+00
0.000000000000000000e+00 0.000000000000000000e+00 0.000000000000000000e+00
0.000000000000000000e+00 0.000000000000000000e+00 0.000000000000000000e+00
0.000000000000000000e+00 0.000000000000000000e+00 0.000000000000000000e+00
0.000000000000000000e+00 0.000000000000000000e+00 0.000000000000000000e+00
0.000000000000000000e+00 0.000000000000000000e+00 0.000000000000000000e+00
0.000000000000000000e+00 0.000000000000000000e+00 0.000000000000000000e+00
0.000000000000000000e+00 0.000000000000000000e+00 0.000000000000000000e+00
0.000000000000000000e+00 0.000000000000000000e+00 0.000000000000000000e+00
0.000000000000000000e+00 0.000000000000000000e+00 0.000000000000000000e+00
0.000000000000000000e+00 0.000000000000000000e+00 0.000000000000000000e+00
0.000000000000000000e+00 0.000000000000000000e+00 0.000000000000000000e+00
0.000000000000000000e+00 0.000000000000000000e+00 0.000000000000000000e+00
0.000000000000000000e+00 0.000000000000000000e+00 0.000000000000000000e+00
0.000000000000000000e+00 0.000000000000000000e+00 0.000000000000000000e+00
0.000000000000000000e+00 0.000000000000000000e+00 0.000000000000000000e+00
0.000000000000000000e+00 0.000000000000000000e+00 0.000000000000000000e+00
0.000000000000000000e+00 0.000000000000000000e+00 0.000000000000000000e+00
0.000000000000000000e+00 0.000000000000000000e+00 0.000000000000000000e+00
0.000000000000000000e+00 0.000000000000000000e+00 0.000000000000000000e+00
0.000000000000000000e+00 0.000000000000000000e+00 0.000000000000000000e+00
0.000000000000000000e+00 0.000000000000000000e+00 0.000000000000000000e+00
0.000000000000000000e+00 0.000000000000000000e+00 0.000000000000000000e+00
0.000000000000000000e+00 0.000000000000000000e+00 0.000000000000000000e+00
0.000000000000000000e+00 0.000000000000000000e+00 0.000000000000000000e+00
0.000000000000000000e+00 0.000000000000000000e+00 0.000000000000000000e+00
0.000000000000000000e+00 0.000000000000000000e+00 0.000000000000000000e+00
0.000000000000000000e+00 0.000000000000000000e+00 0.000000000000000000e+00
0.000000000000000000e+00 0.000000000000000000e+00 0.000000000000000000e+00
0.000000000000000000e+00 0.000000000000000000e+00 0.000000000000000000e+00
0.000000000000000000e+00 0.000000000000000000e+00 0.000000000000000000e+00
0.000000000000000000e+00 0.000000000000000000e+00 0.000000000000000000e+00
0.000000000000000000e+00 0.000000000000000000e+00 0.000000000000000000e+00
0.000000000000000000e+00 0.000000000000000000e+00 0.000000000000000000e+00
0.000000000000000000e+00 0.000000000000000000e+00 0.000000000000000000e+00
0.000000000000000000e+00 0.000000000000000000e+00 0.000000000000000000e+00
0.000000000000000000e+00 0.000000000000000000e+00 0.000000000000000000e+00
0.000000000000000000e+00 0.000000000000000000e+00 0.000000000000000000e+00
0.000000000000000000e+00 0.000000000000000000e+00 0.000000000000000000e+00
0.000000000000000000e+00 0.000000000000000000e+00 0.000000000000000000e+00
0.000000000000000000e+00 0.000000000000000000e+00 0.000000000000000000e+00
0.000000000000000000e+00 0.000000000000000000e+00 0.000000000000000000e+00
0.000000000000000000e+00 0.000000000000000000e+00 0.000000000000000000e+00
0.000000000000000000e+00 0.000000000000000000e+00 0.000000000000000000e+00
0.000000000000000000e+00 0.000000000000000000e+00 0.000000000000000000e+00
0.000000000000000000e+00 0.000000000000000000e+00 0.000000000000000000e+00
0.000000000000000000e+00 0.000000000000000000e+00 0.000000000000000000e+00
0.000000000000000000e+00 0.000000000000000000e+00 0.000000000000000000e+00
0.000000000000000000e+00 0.000000000000000000e+00 0.000000000000000000e+00
0.000000000000000000e+00 0.000000000000000000e+00 0.000000000000000000e+00
0.000000000000000000e+00 0.000000000000000000e+00 0.000000000000000000e+00
0.000000000000000000e+00 0.000000000000000000e+00 0.000000000000000000e+00
0.000000000000000000e+00 0.000000000000000000e+00 0.000000000000000000e+00
0.000000000000000000e+00 0.000000000000000000e+00 0.000000000000000000e+00
0.000000000000000000e+00 0.000000000000000000e+00 0.000000000000000000e+00
0.000000000000000000e+00 0.000000000000000000e+00 0.000000000000000000e+00
0.000000000000000000e+00 0.000000000000000000e+00 0.000000000000000000e+00
0.000000000000000000e+00 0.000000000000000000e+00 0.000000000000000000e+00
0.000000000000000000e+00 0.000000000000000000e+00 0.000000000000000000e+00
0.000000000000000000e+00 0.000000000000000000e+00 0.000000000000000000e+00
0.000000000000000000e+00 0.000000000000000000e+00 0.000000000000000000e+00
0.000000000000000000e+00 0.000000000000000000e+00 0.000000000000000000e+00
0.000000000000000000e+00 0.000000000000000000e+00 0.000000000000000000e+00
0.000000000000000000e+00 0.000000000000000000e+00 0.000000000000000000e+00
0.000000000000000000e+00 0.000000000000000000e+00 0.000000000000000000e+00
0.000000000000000000e+00 0.000000000000000000e+00 0.000000000000000000e+00
0.000000000000000000e+00 0.000000000000000000e+00 0.000000000000000000e+00
0.000000000000000000e+00 0.000000000000000000e+00 0.000000000000000000e+00
0.000000000000000000e+00 0.000000000000000000e+00 0.000000000000000000e+00
0.000000000000000000e+00 0.000000000000000000e+00 0.000000000000000000e+00
0.000000000000000000e+00 0.000000000000000000e+00 0.000000000000000000e+00
0.000000000000000000e+00 0.000000000000000000e+00 0.000000000000000000e+00
0.000000000000000000e+00 0.000000000000000000e+00 0.000000000000000000e+00
0.000000000000000000e+00 0.000000000000000000e+00 0.000000000000000000e+00
0.000000000000000000e+00 0.000000000000000000e+00 0.000000000000000000e+00
0.000000000000000000e+00 0.000000000000000000e+00 0.000000000000000000e+00
0.000000000000000000e+00 0.000000000000000000e+00 0.000000000000000000e+00
0.000000000000000000e+00 0.000000000000000000e+00 0.000000000000000000e+00
0.000000000000000000e+00 0.000000000000000000e+00 0.000000000000000000e+00
0.000000000000000000e+00 0.000000000000000000e+00 0.000000000000000000e+00
0.000000000000000000e+00 0.000000000000000000e+00 0.000000000000000000e+00
0.000000000000000000e+00 0.000000000000000000e+00 0.000000000000000000e+00
0.000000000000000000e+00 0.000000000000000000e+00 0.000000000000000000e+00
0.000000000000000000e+00 0.000000000000000000e+00 0.000000000000000000e+00
0.000000000000000000e+00 0.000000000000000000e+00 0.000000000000000000e+00
0.000000000000000000e+00 0.000000000000000000e+00 0.000000000000000000e+00
0.000000000000000000e+00 0.000000000000000000e+00 0.000000000000000000e+00
0.000000000000000000e+00 0.000000000000000000e+00 0.000000000000000000e+00
0.000000000000000000e+00 0.000000000000000000e+00 0.000000000000000000e+00
0.000000000000000000e+00 0.000000000000000000e+00 0.000000000000000000e+00
0.000000000000000000e+00 0.000000000000000000e+00 0.000000000000000000e+00
0.000000000000000000e+00 0.000000000000000000e+00 0.000000000000000000e+00
0.000000000000000000e+00 0.000000000000000000e+00 0.000000000000000000e+00
0.000000000000000000e+00 0.000000000000000000e+00 0.000000000000000000e+00
0.000000000000000000e+00 0.000000000000000000e+00 0.000000000000000000e+00
0.000000000000000000e+00 0.000000000000000000e+00 0.000000000000000000e+00
0.000000000000000000e+00 0.000000000000000000e+00 0.000000000000000000e+00
0.000000000000000000e+00 0.000000000000000000e+00 0.000000000000000000e+00
0.000000000000000000e+00 0.000000000000000000e+00 0.000000000000000000e+00
0.000000000000000000e+00 0.000000000000000000e+00 0.000000000000000000e+00
0.000000000000000000e+00 0.000000000000000000e+00 0.000000000000000000e+00
0.000000000000000000e+00 0.000000000000000000e+00 0.000000000000000000e+00
0.000000000000000000e+00 0.000000000000000000e+00 0.000000000000000000e+00
0.000000000000000000e+00 0.000000000000000000e+00 0.000000000000000000e+00
0.000000000000000000e+00 0.000000000000000000e+00 0.000000000000000000e+00
0.000000000000000000e+00 0.000000000000000000e+00 0.000000000000000000e+00
0.000000000000000000e+00 0.000000000000000000e+00 0.000000000000000000e+00
0.000000000000000000e+00 0.000000000000000000e+00 0.000000000000000000e+00
0.000000000000000000e+00 0.000000000000000000e+00 0.000000000000000000e+00
0.000000000000000000e+00 0.000000000000000000e+00 0.000000000000000000e+00
0.000000000000000000e+00 0.000000000000000000e+00 0.000000000000000000e+00
0.000000000000000000e+00 0.000000000000000000e+00 0.000000000000000000e+00
0.000000000000000000e+00 0.000000000000000000e+00 0.000000000000000000e+00
0.000000000000000000e+00 0.000000000000000000e+00 0.000000000000000000e+00
0.000000000000000000e+00 0.000000000000000000e+00 0.000000000000000000e+00
0.000000000000000000e+00 0.000000000000000000e+00 0.000000000000000000e+00
0.000000000000000000e+00 0.000000000000000000e+00 0.000000000000000000e+00
0.000000000000000000e+00 0.000000000000000000e+00 0.000000000000000000e+00
0.000000000000000000e+00 0.000000000000000000e+00 0.000000000000000000e+00
0.000000000000000000e+00 0.000000000000000000e+00 0.000000000000000000e+00
0.000000000000000000e+00 0.000000000000000000e+00 0.000000000000000000e+00
0.000000000000000000e+00 0.000000000000000000e+00 0.000000000000000000e+00
0.000000000000000000e+00 0.000000000000000000e+00 0.000000000000000000e+00
0.000000000000000000e+00 0.000000000000000000e+00 0.000000000000000000e+00
0.000000000000000000e+00 0.000000000000000000e+00 0.000000000000000000e+00
0.000000000000000000e+00 0.000000000000000000e+00 0.000000000000000000e+00
0.000000000000000000e+00 0.000000000000000000e+00 0.000000000000000000e+00
0.000000000000000000e+00 0.000000000000000000e+00 0.000000000000000000e+00
0.000000000000000000e+00 0.000000000000000000e+00 0.000000000000000000e+00
0.000000000000000000e+00 0.000000000000000000e+00 0.000000000000000000e+00
0.000000000000000000e+00 0.000000000000000000e+00 0.000000000000000000e+00
0.000000000000000000e+00 0.000000000000000000e+00 0.000000000000000000e+00
0.000000000000000000e+00 0.000000000000000000e+00 0.000000000000000000e+00
0.000000000000000000e+00 0.000000000000000000e+00 0.000000000000000000e+00
0.000000000000000000e+00 0.000000000000000000e+00 0.000000000000000000e+00
0.000000000000000000e+00 0.000000000000000000e+00 0.000000000000000000e+00
0.000000000000000000e+00 0.000000000000000000e+00 0.000000000000000000e+00
0.000000000000000000e+00 0.000000000000000000e+00 0.000000000000000000e+00
0.000000000000000000e+00 0.000000000000000000e+00 0.000000000000000000e+00
0.000000000000000000e+00 0.000000000000000000e+00 0.000000000000000000e+00
0.000000000000000000e+00 0.000000000000000000e+00 0.000000000000000000e+00
0.000000000000000000e+00 0.000000000000000000e+00 0.000000000000000000e+00
0.000000000000000000e+00 0.000000000000000000e+00 0.000000000000000000e+00
0.000000000000000000e+00 0.000000000000000000e+00 0.000000000000000000e+00
0.000000000000000000e+00 0.000000000000000000e+00 0.000000000000000000e+00
0.000000000000000000e+00 0.000000000000000000e+00 0.000000000000000000e+00
0.000000000000000000e+00 0.000000000000000000e+00 0.000000000000000000e+00
0.000000000000000000e+00 0.000000000000000000e+00 0.000000000000000000e+00
0.000000000000000000e+00 0.000000000000000000e+00 0.000000000000000000e+00
0.000000000000000000e+00 0.000000000000000000e+00 0.000000000000000000e+00
0.000000000000000000e+00 0.000000000000000000e+00 0.000000000000000000e+00
0.000000000000000000e+00 0.000000000000000000e+00 0.000000000000000000e+00
0.000000000000000000e+00 0.000000000000000000e+00 0.000000000000000000e+00
0.000000000000000000e+00 0.000000000000000000e+00 0.000000000000000000e+00
0.000000000000000000e+00 0.000000000000000000e+00 0.000000000000000000e+00
0.000000000000000000e+00 0.000000000000000000e+00 0.000000000000000000e+00
0.000000000000000000e+00 0.000000000000000000e+00 0.000000000000000000e+00
0.000000000000000000e+00 0.000000000000000000e+00 0.000000000000000000e+00
0.000000000000000000e+00 0.000000000000000000e+00 0.000000000000000000e+00
0.000000000000000000e+00 0.000000000000000000e+00 0.000000000000000000e+00
0.000000000000000000e+00 0.000000000000000000e+00 0.000000000000000000e+00
0.000000000000000000e+00 0.000000000000000000e+00 0.000000000000000000e+00
0.000000000000000000e+00 0.000000000000000000e+00 0.000000000000000000e+00
0.000000000000000000e+00 0.000000000000000000e+00 0.000000000000000000e+00
0.000000000000000000e+00 0.000000000000000000e+00 0.000000000000000000e+00
0.000000000000000000e+00 0.000000000000000000e+00 0.000000000000000000e+00
0.000000000000000000e+00 0.000000000000000000e+00 0.000000000000000000e+00
0.000000000000000000e+00 0.000000000000000000e+00 0.000000000000000000e+00
0.000000000000000000e+00 0.000000000000000000e+00 0.000000000000000000e+00
0.000000000000000000e+00 0.000000000000000000e+00 0.000000000000000000e+00
0.000000000000000000e+00 0.000000000000000000e+00 0.000000000000000000e+00
0.000000000000000000e+00 0.000000000000000000e+00 0.000000000000000000e+00
0.000000000000000000e+00 0.000000000000000000e+00 0.000000000000000000e+00
0.000000000000000000e+00 0.000000000000000000e+00 0.000000000000000000e+00
0.000000000000000000e+00 0.000000000000000000e+00 0.000000000000000000e+00
0.000000000000000000e+00 0.000000000000000000e+00 0.000000000000000000e+00
0.000000000000000000e+00 0.000000000000000000e+00 0.000000000000000000e+00
0.000000000000000000e+00 0.000000000000000000e+00 0.000000000000000000e+00
0.000000000000000000e+00 0.000000000000000000e+00 0.000000000000000000e+00
0.000000000000000000e+00 0.000000000000000000e+00 0.000000000000000000e+00
0.000000000000000000e+00 0.000000000000000000e+00 0.000000000000000000e+00
0.000000000000000000e+00 0.000000000000000000e+00 0.000000000000000000e+00
0.000000000000000000e+00 0.000000000000000000e+00 0.000000000000000000e+00
0.000000000000000000e+00 0.000000000000000000e+00 0.000000000000000000e+00
0.000000000000000000e+00 0.000000000000000000e+00 0.000000000000000000e+00
0.000000000000000000e+00 0.000000000000000000e+00 0.000000000000000000e+00
0.000000000000000000e+00 0.000000000000000000e+00 0.000000000000000000e+00
0.000000000000000000e+00 0.000000000000000000e+00 0.000000000000000000e+00
0.000000000000000000e+00 0.000000000000000000e+00 0.000000000000000000e+00
0.000000000000000000e+00 0.000000000000000000e+00 0.000000000000000000e+00
0.000000000000000000e+00 0.000000000000000000e+00 0.000000000000000000e+00
0.000000000000000000e+00 0.000000000000000000e+00 0.000000000000000000e+00
0.000000000000000000e+00 0.000000000000000000e+00 0.000000000000000000e+00
0.000000000000000000e+00 0.000000000000000000e+00 0.000000000000000000e+00
0.000000000000000000e+00 0.000000000000000000e+00 0.000000000000000000e+00
0.000000000000000000e+00 0.000000000000000000e+00 0.000000000000000000e+00
0.000000000000000000e+00 0.000000000000000000e+00 0.000000000000000000e+00
0.000000000000000000e+00 0.000000000000000000e+00 0.000000000000000000e+00
0.000000000000000000e+00 0.000000000000000000e+00 0.000000000000000000e+00
0.000000000000000000e+00 0.000000000000000000e+00 0.000000000000000000e+00
0.000000000000000000e+00 0.000000000000000000e+00 0.000000000000000000e+00
0.000000000000000000e+00 0.000000000000000000e+00 0.000000000000000000e+00
0.000000000000000000e+00 0.000000000000000000e+00 0.000000000000000000e+00
0.000000000000000000e+00 0.000000000000000000e+00 0.000000000000000000e+00
0.000000000000000000e+00 0.000000000000000000e+00 0.000000000000000000e+00
0.000000000000000000e+00 0.000000000000000000e+00 0.000000000000000000e+00
0.000000000000000000e+00 0.000000000000000000e+00 0.000000000000000000e+00
0.000000000000000000e+00 0.000000000000000000e+00 0.000000000000000000e+00
0.000000000000000000e+00 0.000000000000000000e+00 0.000000000000000000e+00
0.000000000000000000e+00 0.000000000000000000e+00 0.000000000000000000e+00
0.000000000000000000e+00 0.000000000000000000e+00 0.000000000000000000e+00
0.000000000000000000e+00 0.000000000000000000e+00 0.000000000000000000e+00
0.000000000000000000e+00 0.000000000000000000e+00 0.000000000000000000e+00
0.000000000000000000e+00 0.000000000000000000e+00 0.000000000000000000e+00
0.000000000000000000e+00 0.000000000000000000e+00 0.000000000000000000e+00
0.000000000000000000e+00 0.000000000000000000e+00 0.000000000000000000e+00
0.000000000000000000e+00 0.000000000000000000e+00 0.000000000000000000e+00
0.000000000000000000e+00 0.000000000000000000e+00 0.000000000000000000e+00
0.000000000000000000e+00 0.000000000000000000e+00 0.000000000000000000e+00
0.000000000000000000e+00 0.000000000000000000e+00 0.000000000000000000e+00
0.000000000000000000e+00 0.000000000000000000e+00 0.000000000000000000e+00
0.000000000000000000e+00 0.000000000000000000e+00 0.000000000000000000e+00
0.000000000000000000e+00 0.000000000000000000e+00 0.000000000000000000e+00
0.000000000000000000e+00 0.000000000000000000e+00 0.000000000000000000e+00
0.000000000000000000e+00 0.000000000000000000e+00 0.000000000000000000e+00
0.000000000000000000e+00 0.000000000000000000e+00 0.000000000000000000e+00
0.000000000000000000e+00 0.000000000000000000e+00 0.000000000000000000e+00
0.000000000000000000e+00 0.000000000000000000e+00 0.000000000000000000e+00
0.000000000000000000e+00 0.000000000000000000e+00 0.000000000000000000e+00
0.000000000000000000e+00 0.000000000000000000e+00 0.000000000000000000e+00
0.000000000000000000e+00 0.000000000000000000e+00 0.000000000000000000e+00
0.000000000000000000e+00 0.000000000000000000e+00 0.000000000000000000e+00
0.000000000000000000e+00 0.000000000000000000e+00 0.000000000000000000e+00
0.000000000000000000e+00 0.000000000000000000e+00 0.000000000000000000e+00
0.000000000000000000e+00 0.000000000000000000e+00 0.000000000000000000e+00
0.000000000000000000e+00 0.000000000000000000e+00 0.000000000000000000e+00
0.000000000000000000e+00 0.000000000000000000e+00 0.000000000000000000e+00
0.000000000000000000e+00 0.000000000000000000e+00 0.000000000000000000e+00
0.000000000000000000e+00 0.000000000000000000e+00 0.000000000000000000e+00
0.000000000000000000e+00 0.000000000000000000e+00 0.000000000000000000e+00
0.000000000000000000e+00 0.000000000000000000e+00 0.000000000000000000e+00
0.000000000000000000e+00 0.000000000000000000e+00 0.000000000000000000e+00
0.000000000000000000e+00 0.000000000000000000e+00 0.000000000000000000e+00
0.000000000000000000e+00 0.000000000000000000e+00 0.000000000000000000e+00
0.000000000000000000e+00 0.000000000000000000e+00 0.000000000000000000e+00
0.000000000000000000e+00 0.000000000000000000e+00 0.000000000000000000e+00
0.000000000000000000e+00 0.000000000000000000e+00 0.000000000000000000e+00
0.000000000000000000e+00 0.000000000000000000e+00 0.000000000000000000e+00
0.000000000000000000e+00 0.000000000000000000e+00 0.000000000000000000e+00
0.000000000000000000e+00 0.000000000000000000e+00 0.000000000000000000e+00
0.000000000000000000e+00 0.000000000000000000e+00 0.000000000000000000e+00
0.000000000000000000e+00 0.000000000000000000e+00 0.000000000000000000e+00
0.000000000000000000e+00 0.000000000000000000e+00 0.000000000000000000e+00
0.000000000000000000e+00 0.000000000000000000e+00 0.000000000000000000e+00
0.000000000000000000e+00 0.000000000000000000e+00 0.000000000000000000e+00
0.000000000000000000e+00 0.000000000000000000e+00 0.000000000000000000e+00
0.000000000000000000e+00 0.000000000000000000e+00 0.000000000000000000e+00
0.000000000000000000e+00 0.000000000000000000e+00 0.000000000000000000e+00
0.000000000000000000e+00 0.000000000000000000e+00 0.000000000000000000e+00
0.000000000000000000e+00 0.000000000000000000e+00 0.000000000000000000e+00
0.000000000000000000e+00 0.000000000000000000e+00 0.000000000000000000e+00
0.000000000000000000e+00 0.000000000000000000e+00 0.000000000000000000e+00
0.000000000000000000e+00 0.000000000000000000e+00 0.000000000000000000e+00
0.000000000000000000e+00 0.000000000000000000e+00 0.000000000000000000e+00
0.000000000000000000e+00 0.000000000000000000e+00 0.000000000000000000e+00
0.000000000000000000e+00 0.000000000000000000e+00 0.000000000000000000e+00
0.000000000000000000e+00 0.000000000000000000e+00 0.000000000000000000e+00
0.000000000000000000e+00 0.000000000000000000e+00 0.000000000000000000e+00
0.000000000000000000e+00 0.000000000000000000e+00 0.000000000000000000e+00
0.000000000000000000e+00 0.000000000000000000e+00 0.000000000000000000e+00
0.000000000000000000e+00 0.000000000000000000e+00 0.000000000000000000e+00
0.000000000000000000e+00 0.000000000000000000e+00 0.000000000000000000e+00
0.000000000000000000e+00 0.000000000000000000e+00 0.000000000000000000e+00
0.000000000000000000e+00 0.000000000000000000e+00 0.000000000000000000e+00
0.000000000000000000e+00 0.000000000000000000e+00 0.000000000000000000e+00
0.000000000000000000e+00 0.000000000000000000e+00 0.000000000000000000e+00
0.000000000000000000e+00 0.000000000000000000e+00 0.000000000000000000e+00
0.000000000000000000e+00 0.000000000000000000e+00 0.000000000000000000e+00
0.000000000000000000e+00 0.000000000000000000e+00 0.000000000000000000e+00
0.000000000000000000e+00 0.000000000000000000e+00 0.000000000000000000e+00
0.000000000000000000e+00 0.000000000000000000e+00 0.000000000000000000e+00
0.000000000000000000e+00 0.000000000000000000e+00 0.000000000000000000e+00
0.000000000000000000e+00 0.000000000000000000e+00 0.000000000000000000e+00
0.000000000000000000e+00 0.000000000000000000e+00 0.000000000000000000e+00
0.000000000000000000e+00 0.000000000000000000e+00 0.000000000000000000e+00
0.000000000000000000e+00 0.000000000000000000e+00 0.000000000000000000e+00
0.000000000000000000e+00 0.000000000000000000e+00 0.000000000000000000e+00
0.000000000000000000e+00 0.000000000000000000e+00 0.000000000000000000e+00
0.000000000000000000e+00 0.000000000000000000e+00 0.000000000000000000e+00
0.000000000000000000e+00 0.000000000000000000e+00 0.000000000000000000e+00
0.000000000000000000e+00 0.000000000000000000e+00 0.000000000000000000e+00
0.000000000000000000e+00 0.000000000000000000e+00 0.000000000000000000e+00
0.000000000000000000e+00 0.000000000000000000e+00 0.000000000000000000e+00
0.000000000000000000e+00 0.000000000000000000e+00 0.000000000000000000e+00
0.000000000000000000e+00 0.000000000000000000e+00 0.000000000000000000e+00
0.000000000000000000e+00 0.000000000000000000e+00 0.000000000000000000e+00
0.000000000000000000e+00 0.000000000000000000e+00 0.000000000000000000e+00
0.000000000000000000e+00 0.000000000000000000e+00 0.000000000000000000e+00
0.000000000000000000e+00 0.000000000000000000e+00 0.000000000000000000e+00
0.000000000000000000e+00 0.000000000000000000e+00 0.000000000000000000e+00
0.000000000000000000e+00 0.000000000000000000e+00 0.000000000000000000e+00
0.000000000000000000e+00 0.000000000000000000e+00 0.000000000000000000e+00
0.000000000000000000e+00 0.000000000000000000e+00 0.000000000000000000e+00
0.000000000000000000e+00 0.000000000000000000e+00 0.000000000000000000e+00
0.000000000000000000e+00 0.000000000000000000e+00 0.000000000000000000e+00
0.000000000000000000e+00 0.000000000000000000e+00 0.000000000000000000e+00
0.000000000000000000e+00 0.000000000000000000e+00 0.000000000000000000e+00
0.000000000000000000e+00 0.000000000000000000e+00 0.000000000000000000e+00
0.000000000000000000e+00 0.000000000000000000e+00 0.000000000000000000e+00
0.000000000000000000e+00 0.000000000000000000e+00 0.000000000000000000e+00
0.000000000000000000e+00 0.000000000000000000e+00 0.000000000000000000e+00
0.000000000000000000e+00 0.000000000000000000e+00 0.000000000000000000e+00
0.000000000000000000e+00 0.000000000000000000e+00 0.000000000000000000e+00
0.000000000000000000e+00 0.000000000000000000e+00 0.000000000000000000e+00
0.000000000000000000e+00 0.000000000000000000e+00 0.000000000000000000e+00
0.000000000000000000e+00 0.000000000000000000e+00 0.000000000000000000e+00
0.000000000000000000e+00 0.000000000000000000e+00 0.000000000000000000e+00
0.000000000000000000e+00 0.000000000000000000e+00 0.000000000000000000e+00
0.000000000000000000e+00 0.000000000000000000e+00 0.000000000000000000e+00
0.000000000000000000e+00 0.000000000000000000e+00 0.000000000000000000e+00
0.000000000000000000e+00 0.000000000000000000e+00 0.000000000000000000e+00
0.000000000000000000e+00 0.000000000000000000e+00 0.000000000000000000e+00
0.000000000000000000e+00 0.000000000000000000e+00 0.000000000000000000e+00
0.000000000000000000e+00 0.000000000000000000e+00 0.000000000000000000e+00
0.000000000000000000e+00 0.000000000000000000e+00 0.000000000000000000e+00
0.000000000000000000e+00 0.000000000000000000e+00 0.000000000000000000e+00
0.000000000000000000e+00 0.000000000000000000e+00 0.000000000000000000e+00
0.000000000000000000e+00 0.000000000000000000e+00 0.000000000000000000e+00
0.000000000000000000e+00 0.000000000000000000e+00 0.000000000000000000e+00
0.000000000000000000e+00 0.000000000000000000e+00 0.000000000000000000e+00
0.000000000000000000e+00 0.000000000000000000e+00 0.000000000000000000e+00
0.000000000000000000e+00 0.000000000000000000e+00 0.000000000000000000e+00
0.000000000000000000e+00 0.000000000000000000e+00 0.000000000000000000e+00
0.000000000000000000e+00 0.000000000000000000e+00 0.000000000000000000e+00
0.000000000000000000e+00 0.000000000000000000e+00 0.000000000000000000e+00
0.000000000000000000e+00 0.000000000000000000e+00 0.000000000000000000e+00
0.000000000000000000e+00 0.000000000000000000e+00 0.000000000000000000e+00
0.000000000000000000e+00 0.000000000000000000e+00 0.000000000000000000e+00
0.000000000000000000e+00 0.000000000000000000e+00 0.000000000000000000e+00
0.000000000000000000e+00 0.000000000000000000e+00 0.000000000000000000e+00
0.000000000000000000e+00 0.000000000000000000e+00 0.000000000000000000e+00
0.000000000000000000e+00 0.000000000000000000e+00 0.000000000000000000e+00
0.000000000000000000e+00 0.000000000000000000e+00 0.000000000000000000e+00
0.000000000000000000e+00 0.000000000000000000e+00 0.000000000000000000e+00
0.000000000000000000e+00 0.000000000000000000e+00 0.000000000000000000e+00
0.000000000000000000e+00 0.000000000000000000e+00 0.000000000000000000e+00
0.000000000000000000e+00 0.000000000000000000e+00 0.000000000000000000e+00
0.000000000000000000e+00 0.000000000000000000e+00 0.000000000000000000e+00
0.000000000000000000e+00 0.000000000000000000e+00 0.000000000000000000e+00
0.000000000000000000e+00 0.000000000000000000e+00 0.000000000000000000e+00
0.000000000000000000e+00 0.000000000000000000e+00 0.000000000000000000e+00
0.000000000000000000e+00 0.000000000000000000e+00 0.000000000000000000e+00
0.000000000000000000e+00 0.000000000000000000e+00 0.000000000000000000e+00
0.000000000000000000e+00 0.000000000000000000e+00 0.000000000000000000e+00
0.000000000000000000e+00 0.000000000000000000e+00 0.000000000000000000e+00
0.000000000000000000e+00 0.000000000000000000e+00 0.000000000000000000e+00
0.000000000000000000e+00 0.000000000000000000e+00 0.000000000000000000e+00
0.000000000000000000e+00 0.000000000000000000e+00 0.000000000000000000e+00
0.000000000000000000e+00 0.000000000000000000e+00 0.000000000000000000e+00
0.000000000000000000e+00 0.000000000000000000e+00 0.000000000000000000e+00
0.000000000000000000e+00 0.000000000000000000e+00 0.000000000000000000e+00
0.000000000000000000e+00 0.000000000000000000e+00 0.000000000000000000e+00
0.000000000000000000e+00 0.000000000000000000e+00 0.000000000000000000e+00
