0.000000000000000000e+00 0.000000000000000000e+00 0.000000000000000000e+00
0.000000000000000000e+00 0.000000000000000000e+00 0.000000000000000000e+00
0.000000000000000000e+00 0.000000000000000000e+00 0.000000000000000000e+00
0.000000000000000000e+00 0.000000000000000000e+00 0.000000000000000000e+00
0.000000000000000000e+00 0.000000000000000000e+00 0.000000000000000000e+00
0.000000000000000000e+00 0.000000000000000000e+00 0.000000000000000000e+00
0.000000000000000000e+00 0.000000000000000000e+00 0.000000000000000000e+00
0.000000000000000000e+00 0.000000000000000000e+00 0.000000000000000000e+00
0.000000000000000000e+00 0.000000000000000000e+00 0.000000000000000000e+00
0.000000000000000000e+00 0.000000000000000000e+00 0.000000000000000000e+00
0.000000000000000000e+00 0.000000000000000000e+00 0.000000000000000000e+00
0.000000000000000000e+00 0.000000000000000000e+00 0.000000000000000000e+00
0.000000000000000000e+00 0.000000000000000000e+00 0.000000000000000000e+00
0.000000000000000000e+00 0.000000000000000000e+00 0.000000000000000000e+00
0.000000000000000000e+00 0.000000000000000000e+00 0.000000000000000000e+00
0.000000000000000000e+00 0.000000000000000000e+00 0.000000000000000000e+00
0.000000000000000000e+00 0.000000000000000000e+00 0.000000000000000000e+00
0.000000000000000000e+00 0.000000000000000000e+00 0.000000000000000000e+00
0.000000000000000000e+00 0.000000000000000000e+00 0.000000000000000000e+00
0.000000000000000000e+00 0.000000000000000000e+00 0.000000000000000000e+00
0.000000000000000000e+00 0.000000000000000000e+00 0.000000000000000000e+00
0.000000000000000000e+00 0.000000000000000000e+00 0.000000000000000000e+00
0.000000000000000000e+00 0.000000000000000000e+00 0.000000000000000000e+00
0.000000000000000000e+00 0.000000000000000000e+00 0.000000000000000000e+00
0.000000000000000000e+00 0.000000000000000000e+00 0.000000000000000000e+00
0.000000000000000000e+00 0.000000000000000000e+00 0.000000000000000000e+00
0.000000000000000000e+00 0.000000000000000000e+00 0.000000000000000000e+00
0.000000000000000000e+00 0.000000000000000000e+00 0.000000000000000000e+00
0.000000000000000000e+00 0.000000000000000000e+00 0.000000000000000000e+00
0.000000000000000000e+00 0.000000000000000000e+00 0.000000000000000000e+00
0.000000000000000000e+00 0.000000000000000000e+00 0.000000000000000000e+00
0.000000000000000000e+00 0.000000000000000000e+00 0.000000000000000000e+00
0.000000000000000000e+00 0.000000000000000000e+00 0.000000000000000000e+00
0.000000000000000000e+00 0.000000000000000000e+00 0.000000000000000000e+00
0.000000000000000000e+00 0.000000000000000000e+00 0.000000000000000000e+00
0.000000000000000000e+00 0.000000000000000000e+00 0.000000000000000000e+00
0.000000000000000000e+00 0.000000000000000000e+00 0.000000000000000000e+00
0.000000000000000000e+00 0.000000000000000000e+00 0.000000000000000000e+00
0.000000000000000000e+00 0.000000000000000000e+00 0.000000000000000000e+00
0.000000000000000000e+00 0.000000000000000000e+00 0.000000000000000000e+00
0.000000000000000000e+00 0.000000000000000000e+00 0.000000000000000000e+00
0.000000000000000000e+00 0.000000000000000000e+00 0.000000000000000000e+00
0.000000000000000000e+00 0.000000000000000000e+00 0.000000000000000000e+00
0.000000000000000000e+00 0.000000000000000000e+00 0.000000000000000000e+00
0.000000000000000000e+00 0.000000000000000000e+00 0.000000000000000000e+00
0.000000000000000000e+00 0.000000000000000000e+00 0.000000000000000000e+00
0.000000000000000000e+00 0.000000000000000000e+00 0.000000000000000000e+00
0.000000000000000000e+00 0.000000000000000000e+00 0.000000000000000000e+00
0.000000000000000000e+00 0.000000000000000000e+00 0.000000000000000000e+00
0.000000000000000000e+00 0.000000000000000000e+00 0.000000000000000000e+00
0.000000000000000000e+00 0.000000000000000000e+00 0.000000000000000000e+00
1.026981472969055176e+00 9.254717826843261719e-02 0.000000000000000000e+00
1.289115190505981445e+00 1.874338835477828979e-01 0.000000000000000000e+00
1.289476394653320312e+00 2.481316775083541870e-01 0.000000000000000000e+00
1.271689653396606445e+00 3.054964542388916016e-01 0.000000000000000000e+00
1.301310777664184570e+00 3.785509169101715088e-01 0.000000000000000000e+00
1.328833341598510742e+00 4.349322617053985596e-01 0.000000000000000000e+00
1.360762000083923340e+00 4.947075247764587402e-01 0.000000000000000000e+00
1.362404227256774902e+00 5.484300255775451660e-01 0.000000000000000000e+00
1.465321063995361328e+00 5.609927177429199219e-01 0.000000000000000000e+00
1.470933556556701660e+00 4.825468063354492188e-01 0.000000000000000000e+00
1.466238975524902344e+00 5.445699095726013184e-01 0.000000000000000000e+00
1.467895984649658203e+00 5.879132151603698730e-01 0.000000000000000000e+00
1.532603383064270020e+00 5.627599358558654785e-01 0.000000000000000000e+00
1.516703367233276367e+00 5.743759870529174805e-01 0.000000000000000000e+00
1.498506784439086914e+00 5.329803228378295898e-01 0.000000000000000000e+00
1.438642978668212891e+00 5.026967525482177734e-01 0.000000000000000000e+00
1.348338723182678223e+00 3.714391589164733887e-01 0.000000000000000000e+00
1.307074189186096191e+00 3.161559700965881348e-01 0.000000000000000000e+00
1.324245452880859375e+00 2.697606086730957031e-01 0.000000000000000000e+00
1.337361454963684082e+00 2.208492159843444824e-01 0.000000000000000000e+00
1.341763973236083984e+00 1.627195477485656738e-01 0.000000000000000000e+00
1.347964525222778320e+00 1.082815453410148621e-01 0.000000000000000000e+00
1.330554366111755371e+00 2.783826179802417755e-02 0.000000000000000000e+00
1.299786567687988281e+00 -7.092632353305816650e-02 0.000000000000000000e+00
1.321569800376892090e+00 -1.193030700087547302e-01 0.000000000000000000e+00
1.329477429389953613e+00 -1.831957250833511353e-01 0.000000000000000000e+00
1.389440059661865234e+00 -1.791781187057495117e-01 0.000000000000000000e+00
1.375593185424804688e+00 -2.565071284770965576e-01 0.000000000000000000e+00
1.458061218261718750e+00 -2.494045644998550415e-01 0.000000000000000000e+00
1.490162372589111328e+00 -2.601844072341918945e-01 0.000000000000000000e+00
1.498575806617736816e+00 -2.694205641746520996e-01 0.000000000000000000e+00
1.489429235458374023e+00 -3.032414615154266357e-01 0.000000000000000000e+00
1.481944561004638672e+00 -3.008416891098022461e-01 0.000000000000000000e+00
1.454188466072082520e+00 -2.665946483612060547e-01 0.000000000000000000e+00
1.442783355712890625e+00 -2.336174249649047852e-01 0.000000000000000000e+00
1.394206285476684570e+00 -2.702704966068267822e-01 0.000000000000000000e+00
1.404036402702331543e+00 -2.858715057373046875e-01 0.000000000000000000e+00
1.403672218322753906e+00 -2.130492478609085083e-01 0.000000000000000000e+00
1.420564055442810059e+00 -2.008120119571685791e-01 0.000000000000000000e+00
1.458340764045715332e+00 -8.590127527713775635e-02 0.000000000000000000e+00
1.584171533584594727e+00 4.950265958905220032e-02 0.000000000000000000e+00
1.503366231918334961e+00 7.916406542062759399e-02 0.000000000000000000e+00
1.523418545722961426e+00 1.206708699464797974e-01 0.000000000000000000e+00
1.524147987365722656e+00 1.837205141782760620e-01 0.000000000000000000e+00
1.524854779243469238e+00 2.445877641439437866e-01 0.000000000000000000e+00
1.550688505172729492e+00 3.082034289836883545e-01 0.000000000000000000e+00
1.535901904106140137e+00 3.785622715950012207e-01 0.000000000000000000e+00
1.542845368385314941e+00 4.411529600620269775e-01 0.000000000000000000e+00
1.552849650382995605e+00 5.017558336257934570e-01 0.000000000000000000e+00
1.596752285957336426e+00 5.392930507659912109e-01 0.000000000000000000e+00
1.584325671195983887e+00 5.902436971664428711e-01 0.000000000000000000e+00
1.602399349212646484e+00 6.220609545707702637e-01 0.000000000000000000e+00
1.593290209770202637e+00 6.735823750495910645e-01 0.000000000000000000e+00
1.615721106529235840e+00 6.755611896514892578e-01 0.000000000000000000e+00
1.635028123855590820e+00 6.740872263908386230e-01 0.000000000000000000e+00
1.648249983787536621e+00 6.630115509033203125e-01 0.000000000000000000e+00
1.691329002380371094e+00 6.732804179191589355e-01 0.000000000000000000e+00
1.714031457901000977e+00 7.185439467430114746e-01 0.000000000000000000e+00
1.737430691719055176e+00 7.132301330566406250e-01 0.000000000000000000e+00
1.741211533546447754e+00 7.479709386825561523e-01 0.000000000000000000e+00
1.732746720314025879e+00 7.201480865478515625e-01 0.000000000000000000e+00
1.739269971847534180e+00 7.476791143417358398e-01 0.000000000000000000e+00
1.842236518859863281e+00 7.417305111885070801e-01 0.000000000000000000e+00
2.018814563751220703e+00 7.578858733177185059e-01 0.000000000000000000e+00
2.014039039611816406e+00 7.011076211929321289e-01 0.000000000000000000e+00
2.063134670257568359e+00 7.195717692375183105e-01 0.000000000000000000e+00
2.150445699691772461e+00 6.601290702819824219e-01 0.000000000000000000e+00
2.261564731597900391e+00 6.265702247619628906e-01 0.000000000000000000e+00
2.298179149627685547e+00 6.038107275962829590e-01 0.000000000000000000e+00
2.283974647521972656e+00 5.483751296997070312e-01 0.000000000000000000e+00
2.332203149795532227e+00 5.367886424064636230e-01 0.000000000000000000e+00
2.394022941589355469e+00 4.709728360176086426e-01 0.000000000000000000e+00
2.466900825500488281e+00 4.056036472320556641e-01 0.000000000000000000e+00
2.490043163299560547e+00 4.181931614875793457e-01 0.000000000000000000e+00
2.484288692474365234e+00 3.714762926101684570e-01 0.000000000000000000e+00
2.499691724777221680e+00 3.155493736267089844e-01 0.000000000000000000e+00
2.498267412185668945e+00 2.807855606079101562e-01 0.000000000000000000e+00
2.502094984054565430e+00 2.447260171175003052e-01 0.000000000000000000e+00
2.470927238464355469e+00 2.123085707426071167e-01 0.000000000000000000e+00
2.528407335281372070e+00 1.386052221059799194e-01 0.000000000000000000e+00
2.549018621444702148e+00 9.265309572219848633e-02 0.000000000000000000e+00
2.584573745727539062e+00 6.932859122753143311e-02 0.000000000000000000e+00
2.706726789474487305e+00 9.134998172521591187e-02 0.000000000000000000e+00
2.709957838058471680e+00 6.388587504625320435e-02 0.000000000000000000e+00
2.684638738632202148e+00 3.601976484060287476e-02 0.000000000000000000e+00
2.687869548797607422e+00 2.657247148454189301e-02 0.000000000000000000e+00
2.680938959121704102e+00 -3.310655057430267334e-02 0.000000000000000000e+00
2.741461277008056641e+00 -6.356642115861177444e-03 0.000000000000000000e+00
2.728586912155151367e+00 3.713524341583251953e-02 0.000000000000000000e+00
2.915992975234985352e+00 1.621575951576232910e-01 0.000000000000000000e+00
2.924863338470458984e+00 8.048336207866668701e-02 0.000000000000000000e+00
2.966286897659301758e+00 1.455704420804977417e-01 0.000000000000000000e+00
3.077983856201171875e+00 2.218500375747680664e-01 0.000000000000000000e+00
3.168545246124267578e+00 3.269405066967010498e-01 0.000000000000000000e+00
3.099642753601074219e+00 3.015030324459075928e-01 0.000000000000000000e+00
3.158597230911254883e+00 3.049404919147491455e-01 0.000000000000000000e+00
3.188719749450683594e+00 3.215190768241882324e-01 0.000000000000000000e+00
3.233474493026733398e+00 3.474852740764617920e-01 0.000000000000000000e+00
3.375975608825683594e+00 4.459402263164520264e-01 0.000000000000000000e+00
3.301187753677368164e+00 4.291738271713256836e-01 0.000000000000000000e+00
3.333199977874755859e+00 4.979057312011718750e-01 0.000000000000000000e+00
3.381079196929931641e+00 5.651598572731018066e-01 0.000000000000000000e+00
3.418378829956054688e+00 6.572706103324890137e-01 0.000000000000000000e+00
3.482476711273193359e+00 6.927203536033630371e-01 0.000000000000000000e+00
3.522521257400512695e+00 7.090810537338256836e-01 0.000000000000000000e+00
3.696607589721679688e+00 7.530774474143981934e-01 0.000000000000000000e+00
3.571555137634277344e+00 7.430726885795593262e-01 0.000000000000000000e+00
3.700512409210205078e+00 8.284277915954589844e-01 0.000000000000000000e+00
4.128154277801513672e+00 9.585955739021301270e-01 0.000000000000000000e+00
4.192075729370117188e+00 9.840735197067260742e-01 0.000000000000000000e+00
4.198756217956542969e+00 1.001712560653686523e+00 0.000000000000000000e+00
4.079668045043945312e+00 9.562269449234008789e-01 0.000000000000000000e+00
4.146162986755371094e+00 1.033144354820251465e+00 0.000000000000000000e+00
4.136248111724853516e+00 1.017696022987365723e+00 0.000000000000000000e+00
4.114680290222167969e+00 1.085876345634460449e+00 0.000000000000000000e+00
3.997781991958618164e+00 1.003116965293884277e+00 0.000000000000000000e+00
3.936005115509033203e+00 9.611529707908630371e-01 0.000000000000000000e+00
4.000612258911132812e+00 9.696712493896484375e-01 0.000000000000000000e+00
3.933969974517822266e+00 9.776899218559265137e-01 0.000000000000000000e+00
3.927031278610229492e+00 9.666640758514404297e-01 0.000000000000000000e+00
3.891585111618041992e+00 9.332239627838134766e-01 0.000000000000000000e+00
3.858886957168579102e+00 9.096504449844360352e-01 0.000000000000000000e+00
3.847368478775024414e+00 8.884145021438598633e-01 0.000000000000000000e+00
3.832164049148559570e+00 8.903742432594299316e-01 0.000000000000000000e+00
3.801031112670898438e+00 8.805147409439086914e-01 0.000000000000000000e+00
3.831081628799438477e+00 8.585637211799621582e-01 0.000000000000000000e+00
3.808850288391113281e+00 8.444501757621765137e-01 0.000000000000000000e+00
3.796078681945800781e+00 8.301238417625427246e-01 0.000000000000000000e+00
3.802794933319091797e+00 8.011448979377746582e-01 0.000000000000000000e+00
3.789915323257446289e+00 7.786766290664672852e-01 0.000000000000000000e+00
3.781141281127929688e+00 7.423700690269470215e-01 0.000000000000000000e+00
3.752812385559082031e+00 7.466867566108703613e-01 0.000000000000000000e+00
3.724599361419677734e+00 7.121925354003906250e-01 0.000000000000000000e+00
3.722660541534423828e+00 7.089487314224243164e-01 0.000000000000000000e+00
3.703570127487182617e+00 7.156826853752136230e-01 0.000000000000000000e+00
3.706667661666870117e+00 6.965917348861694336e-01 0.000000000000000000e+00
3.675038337707519531e+00 7.164846658706665039e-01 0.000000000000000000e+00
3.667677164077758789e+00 6.922494173049926758e-01 0.000000000000000000e+00
3.627779006958007812e+00 6.885323524475097656e-01 0.000000000000000000e+00
3.628617048263549805e+00 6.782891154289245605e-01 0.000000000000000000e+00
3.648638963699340820e+00 6.698510050773620605e-01 0.000000000000000000e+00
3.647723436355590820e+00 6.630831956863403320e-01 0.000000000000000000e+00
3.643425464630126953e+00 6.565893888473510742e-01 0.000000000000000000e+00
3.642745256423950195e+00 6.502311825752258301e-01 0.000000000000000000e+00
3.611353397369384766e+00 6.505092978477478027e-01 0.000000000000000000e+00
3.620465517044067383e+00 5.638213157653808594e-01 0.000000000000000000e+00
3.585163593292236328e+00 5.749442577362060547e-01 0.000000000000000000e+00
3.604530096054077148e+00 5.389658212661743164e-01 0.000000000000000000e+00
3.557624816894531250e+00 5.052880644798278809e-01 0.000000000000000000e+00
3.482591629028320312e+00 3.872724473476409912e-01 0.000000000000000000e+00
3.588511943817138672e+00 4.088504016399383545e-01 0.000000000000000000e+00
3.650616168975830078e+00 4.868493676185607910e-01 0.000000000000000000e+00
3.825664997100830078e+00 5.776638388633728027e-01 0.000000000000000000e+00
4.614709854125976562e+00 8.495615124702453613e-01 0.000000000000000000e+00
4.238856792449951172e+00 5.671744346618652344e-01 0.000000000000000000e+00
4.059301853179931641e+00 2.108457982540130615e-01 0.000000000000000000e+00
4.194153308868408203e+00 4.625365436077117920e-01 0.000000000000000000e+00
3.279443740844726562e+00 -7.763377428054809570e-01 0.000000000000000000e+00
3.392061233520507812e+00 -3.044553399085998535e-01 0.000000000000000000e+00
3.375712633132934570e+00 6.710413843393325806e-02 0.000000000000000000e+00
3.145454406738281250e+00 -5.400874614715576172e-01 0.000000000000000000e+00
3.272102832794189453e+00 -3.384265303611755371e-01 0.000000000000000000e+00
3.202595710754394531e+00 -6.951507925987243652e-01 0.000000000000000000e+00
3.173094511032104492e+00 3.210937678813934326e-01 0.000000000000000000e+00
1.946770548820495605e+00 -8.740020990371704102e-01 0.000000000000000000e+00
1.509993076324462891e+00 -1.160047292709350586e+00 0.000000000000000000e+00
1.717119574546813965e+00 -1.335692524909973145e+00 0.000000000000000000e+00
1.923041701316833496e+00 -1.499652147293090820e+00 0.000000000000000000e+00
1.874785542488098145e+00 -1.366529822349548340e+00 0.000000000000000000e+00
1.813459396362304688e+00 -1.385465145111083984e+00 0.000000000000000000e+00
1.862846136093139648e+00 -1.312632203102111816e+00 0.000000000000000000e+00
1.836400628089904785e+00 -1.270370960235595703e+00 0.000000000000000000e+00
1.823749542236328125e+00 -1.219493746757507324e+00 0.000000000000000000e+00
1.817349553108215332e+00 -1.000563979148864746e+00 0.000000000000000000e+00
1.905699729919433594e+00 -9.609362483024597168e-01 0.000000000000000000e+00
1.929799556732177734e+00 -1.042053580284118652e+00 0.000000000000000000e+00
1.900973081588745117e+00 -1.038669109344482422e+00 0.000000000000000000e+00
1.851444959640502930e+00 -1.013934969902038574e+00 0.000000000000000000e+00
1.792520284652709961e+00 -1.088968515396118164e+00 0.000000000000000000e+00
1.691489577293395996e+00 -1.096391916275024414e+00 0.000000000000000000e+00
1.766431212425231934e+00 -1.049488902091979980e+00 0.000000000000000000e+00
1.816245675086975098e+00 -1.068000435829162598e+00 0.000000000000000000e+00
1.798502445220947266e+00 -1.049607753753662109e+00 0.000000000000000000e+00
1.847420930862426758e+00 -9.946841597557067871e-01 0.000000000000000000e+00
2.405562400817871094e+00 -4.856255948543548584e-01 0.000000000000000000e+00
2.445728302001953125e+00 -5.119903087615966797e-01 0.000000000000000000e+00
2.685639381408691406e+00 -5.972815752029418945e-01 0.000000000000000000e+00
2.807837724685668945e+00 -5.879329442977905273e-01 0.000000000000000000e+00
3.203820228576660156e+00 -3.599424660205841064e-01 0.000000000000000000e+00
3.342481374740600586e+00 -3.236008882522583008e-01 0.000000000000000000e+00
3.223674774169921875e+00 -2.906697690486907959e-01 0.000000000000000000e+00
3.210232257843017578e+00 -2.164808511734008789e-01 0.000000000000000000e+00
3.391029357910156250e+00 -1.668029278516769409e-01 0.000000000000000000e+00
3.221340417861938477e+00 -2.145500481128692627e-01 0.000000000000000000e+00
3.283492803573608398e+00 -1.359416991472244263e-01 0.000000000000000000e+00
3.454543590545654297e+00 -7.988834381103515625e-02 0.000000000000000000e+00
3.311883687973022461e+00 -4.045487195253372192e-02 0.000000000000000000e+00
3.303142547607421875e+00 -9.688535332679748535e-02 0.000000000000000000e+00
3.418755769729614258e+00 1.159883569926023483e-03 0.000000000000000000e+00
3.334681272506713867e+00 1.435594446957111359e-02 0.000000000000000000e+00
3.317728519439697266e+00 3.244075179100036621e-02 0.000000000000000000e+00
3.146010398864746094e+00 3.228271007537841797e-02 0.000000000000000000e+00
2.831886529922485352e+00 -7.811416685581207275e-02 0.000000000000000000e+00
2.403172969818115234e+00 -5.374824628233909607e-02 0.000000000000000000e+00
2.419624805450439453e+00 -1.024921517819166183e-02 0.000000000000000000e+00
1.985243558883666992e+00 -5.052331835031509399e-02 0.000000000000000000e+00
1.725508332252502441e+00 -8.830162696540355682e-03 0.000000000000000000e+00
1.496693730354309082e+00 -6.277164816856384277e-02 0.000000000000000000e+00
1.249691009521484375e+00 -1.836113631725311279e-01 0.000000000000000000e+00
1.007088780403137207e+00 -1.987682580947875977e-01 0.000000000000000000e+00
8.725904822349548340e-01 -1.535638570785522461e-01 0.000000000000000000e+00
8.466361761093139648e-01 -1.031140014529228210e-01 0.000000000000000000e+00
7.659928798675537109e-01 -3.159723803400993347e-02 0.000000000000000000e+00
8.339402079582214355e-01 -2.157224342226982117e-02 0.000000000000000000e+00
8.155440092086791992e-01 -2.054740488529205322e-02 0.000000000000000000e+00
8.378260135650634766e-01 -7.487107068300247192e-03 0.000000000000000000e+00
7.567451596260070801e-01 1.238692700862884521e-01 0.000000000000000000e+00
7.334108948707580566e-01 3.771584630012512207e-01 0.000000000000000000e+00
6.031438708305358887e-01 7.228200435638427734e-01 0.000000000000000000e+00
4.788639843463897705e-01 1.003964185714721680e+00 0.000000000000000000e+00
3.834127187728881836e-01 1.238365292549133301e+00 0.000000000000000000e+00
1.914021372795104980e-01 1.500365853309631348e+00 0.000000000000000000e+00
1.541277617216110229e-01 1.621181488037109375e+00 0.000000000000000000e+00
6.772609800100326538e-02 1.801467180252075195e+00 0.000000000000000000e+00
-4.966779425740242004e-02 1.818225741386413574e+00 0.000000000000000000e+00
-1.112255901098251343e-01 1.756408452987670898e+00 0.000000000000000000e+00
-1.335064321756362915e-01 1.679106593132019043e+00 0.000000000000000000e+00
-2.125391662120819092e-01 1.549003005027770996e+00 0.000000000000000000e+00
-2.935172021389007568e-01 1.404687762260437012e+00 0.000000000000000000e+00
-3.860222101211547852e-01 1.368342638015747070e+00 0.000000000000000000e+00
-3.905450105667114258e-01 1.203140258789062500e+00 0.000000000000000000e+00
-2.519073188304901123e-01 1.013003587722778320e+00 0.000000000000000000e+00
-2.913765907287597656e-01 9.516010284423828125e-01 0.000000000000000000e+00
-1.676563024520874023e-01 9.623712301254272461e-01 0.000000000000000000e+00
-2.935778349637985229e-03 9.002566933631896973e-01 0.000000000000000000e+00
-3.734740242362022400e-02 9.445956945419311523e-01 0.000000000000000000e+00
4.734255746006965637e-02 9.036148190498352051e-01 0.000000000000000000e+00
8.613692224025726318e-02 8.923031687736511230e-01 0.000000000000000000e+00
1.800954341888427734e-01 8.175094127655029297e-01 0.000000000000000000e+00
2.127251029014587402e-01 7.962942719459533691e-01 0.000000000000000000e+00
1.547826677560806274e-01 6.449738144874572754e-01 0.000000000000000000e+00
1.986067146062850952e-01 6.144457459449768066e-01 0.000000000000000000e+00
1.747695952653884888e-01 6.445529460906982422e-01 0.000000000000000000e+00
1.313551217317581177e-01 6.364552974700927734e-01 0.000000000000000000e+00
6.743842363357543945e-02 6.977456808090209961e-01 0.000000000000000000e+00
1.176534034311771393e-02 6.405493021011352539e-01 0.000000000000000000e+00
1.975326798856258392e-03 6.528252363204956055e-01 0.000000000000000000e+00
-3.602560609579086304e-02 6.318409442901611328e-01 0.000000000000000000e+00
-6.409768760204315186e-02 6.214802265167236328e-01 0.000000000000000000e+00
-1.026478186249732971e-01 6.173984408378601074e-01 0.000000000000000000e+00
-1.370787471532821655e-01 6.136480569839477539e-01 0.000000000000000000e+00
-1.817375272512435913e-01 6.087806224822998047e-01 0.000000000000000000e+00
-2.202131748199462891e-01 6.045874953269958496e-01 0.000000000000000000e+00
-2.385962456464767456e-01 5.391596555709838867e-01 0.000000000000000000e+00
-2.364401668310165405e-01 5.326449871063232422e-01 0.000000000000000000e+00
-1.648136228322982788e-01 4.562109708786010742e-01 0.000000000000000000e+00
-1.608376652002334595e-01 4.936187267303466797e-01 0.000000000000000000e+00
-1.134745255112648010e-01 4.750194549560546875e-01 0.000000000000000000e+00
-2.247085422277450562e-02 4.827457368373870850e-01 0.000000000000000000e+00
-5.517083033919334412e-02 4.328544437885284424e-01 0.000000000000000000e+00
3.229450201615691185e-03 4.254611134529113770e-01 0.000000000000000000e+00
9.435052424669265747e-02 4.340731799602508545e-01 0.000000000000000000e+00
1.565870940685272217e-01 4.111266434192657471e-01 0.000000000000000000e+00
1.802254170179367065e-01 4.033635258674621582e-01 0.000000000000000000e+00
2.386637032032012939e-01 3.898870348930358887e-01 0.000000000000000000e+00
3.279296159744262695e-01 4.070887863636016846e-01 0.000000000000000000e+00
3.865929543972015381e-01 3.980053663253784180e-01 0.000000000000000000e+00
4.388786852359771729e-01 3.779037296772003174e-01 0.000000000000000000e+00
5.007840991020202637e-01 3.678252100944519043e-01 0.000000000000000000e+00
5.680305957794189453e-01 3.498031795024871826e-01 0.000000000000000000e+00
6.351674199104309082e-01 3.401320874691009521e-01 0.000000000000000000e+00
7.107878923416137695e-01 3.279384672641754150e-01 0.000000000000000000e+00
7.595385909080505371e-01 3.482349812984466553e-01 0.000000000000000000e+00
7.592912912368774414e-01 4.490158855915069580e-01 0.000000000000000000e+00
7.721909880638122559e-01 4.771493971347808838e-01 0.000000000000000000e+00
7.739323377609252930e-01 5.069404840469360352e-01 0.000000000000000000e+00
8.125818371772766113e-01 5.235134959220886230e-01 0.000000000000000000e+00
7.656193375587463379e-01 5.634158849716186523e-01 0.000000000000000000e+00
6.635463833808898926e-01 5.977338552474975586e-01 0.000000000000000000e+00
6.554896831512451172e-01 5.726319551467895508e-01 0.000000000000000000e+00
4.175521433353424072e-01 4.739659726619720459e-01 0.000000000000000000e+00
3.101238906383514404e-01 4.707854390144348145e-01 0.000000000000000000e+00
3.601786196231842041e-01 5.197280049324035645e-01 0.000000000000000000e+00
2.688232064247131348e-01 5.258793234825134277e-01 0.000000000000000000e+00
1.820052266120910645e-01 5.089951157569885254e-01 0.000000000000000000e+00
9.637831896543502808e-02 5.065662860870361328e-01 0.000000000000000000e+00
9.459741413593292236e-03 5.077574253082275391e-01 0.000000000000000000e+00
-7.637321949005126953e-02 4.829463660717010498e-01 0.000000000000000000e+00
-1.670736670494079590e-01 4.735496640205383301e-01 0.000000000000000000e+00
-2.659176290035247803e-01 4.539535641670227051e-01 0.000000000000000000e+00
-3.555448949337005615e-01 4.306768774986267090e-01 0.000000000000000000e+00
-4.373827874660491943e-01 4.291925728321075439e-01 0.000000000000000000e+00
-5.114798545837402344e-01 4.248981177806854248e-01 0.000000000000000000e+00
-5.902948975563049316e-01 3.981077671051025391e-01 0.000000000000000000e+00
-5.165544748306274414e-01 3.681402802467346191e-01 0.000000000000000000e+00
-4.492404162883758545e-01 3.310516178607940674e-01 0.000000000000000000e+00
-4.674174785614013672e-01 3.541676104068756104e-01 0.000000000000000000e+00
-4.449294209480285645e-01 3.211841881275177002e-01 0.000000000000000000e+00
-4.741337597370147705e-01 2.889896035194396973e-01 0.000000000000000000e+00
-4.115070700645446777e-01 3.091823756694793701e-01 0.000000000000000000e+00
-4.437514841556549072e-01 2.755511105060577393e-01 0.000000000000000000e+00
-4.282227456569671631e-01 2.603146135807037354e-01 0.000000000000000000e+00
-4.114876687526702881e-01 2.400865703821182251e-01 0.000000000000000000e+00
-3.892546892166137695e-01 2.029432356357574463e-01 0.000000000000000000e+00
-3.807914853096008301e-01 2.079048901796340942e-01 0.000000000000000000e+00
-3.611001372337341309e-01 1.774394661188125610e-01 0.000000000000000000e+00
-3.481982052326202393e-01 1.714319288730621338e-01 0.000000000000000000e+00
-3.291948437690734863e-01 1.487220972776412964e-01 0.000000000000000000e+00
-3.142627775669097900e-01 1.304402500391006470e-01 0.000000000000000000e+00
-2.962708473205566406e-01 1.073053777217864990e-01 0.000000000000000000e+00
-2.798744440078735352e-01 8.907494693994522095e-02 0.000000000000000000e+00
-2.629015147686004639e-01 6.808543950319290161e-02 0.000000000000000000e+00
-2.418845593929290771e-01 3.304199129343032837e-02 0.000000000000000000e+00
-2.284372299909591675e-01 2.227584458887577057e-02 0.000000000000000000e+00
-2.018807679414749146e-01 -1.241061743348836899e-02 0.000000000000000000e+00
-1.909561902284622192e-01 -2.243388444185256958e-02 0.000000000000000000e+00
-1.724161803722381592e-01 -4.535317048430442810e-02 0.000000000000000000e+00
-1.497823596000671387e-01 -6.595302373170852661e-02 0.000000000000000000e+00
-1.342759430408477783e-01 -8.784021437168121338e-02 0.000000000000000000e+00
-1.110603734850883484e-01 -1.129532679915428162e-01 0.000000000000000000e+00
-9.321183711290359497e-02 -1.333842128515243530e-01 0.000000000000000000e+00
-7.446917146444320679e-02 -1.548685729503631592e-01 0.000000000000000000e+00
-5.177925527095794678e-02 -1.772675514221191406e-01 0.000000000000000000e+00
-3.002995625138282776e-02 -2.029915601015090942e-01 0.000000000000000000e+00
-9.959917515516281128e-03 -2.253567427396774292e-01 0.000000000000000000e+00
7.631491404026746750e-03 -2.449461370706558228e-01 0.000000000000000000e+00
2.800863049924373627e-02 -2.676374316215515137e-01 0.000000000000000000e+00
4.837884753942489624e-02 -2.903206348419189453e-01 0.000000000000000000e+00
6.874854862689971924e-02 -3.130042254924774170e-01 0.000000000000000000e+00
8.909231424331665039e-02 -3.356583118438720703e-01 0.000000000000000000e+00
1.074506714940071106e-01 -3.561027646064758301e-01 0.000000000000000000e+00
1.276185065507888794e-01 -3.736259937286376953e-01 0.000000000000000000e+00
1.495148837566375732e-01 -4.013517200946807861e-01 0.000000000000000000e+00
1.665448248386383057e-01 -4.197942018508911133e-01 0.000000000000000000e+00
1.867662966251373291e-01 -4.418680965900421143e-01 0.000000000000000000e+00
-3.519992111250758171e-03 8.177040144801139832e-03 0.000000000000000000e+00
0.000000000000000000e+00 0.000000000000000000e+00 0.000000000000000000e+00
0.000000000000000000e+00 0.000000000000000000e+00 0.000000000000000000e+00
0.000000000000000000e+00 0.000000000000000000e+00 0.000000000000000000e+00
0.000000000000000000e+00 0.000000000000000000e+00 0.000000000000000000e+00
0.000000000000000000e+00 0.000000000000000000e+00 0.000000000000000000e+00
0.000000000000000000e+00 0.000000000000000000e+00 0.000000000000000000e+00
0.000000000000000000e+00 0.000000000000000000e+00 0.000000000000000000e+00
0.000000000000000000e+00 0.000000000000000000e+00 0.000000000000000000e+00
0.000000000000000000e+00 0.000000000000000000e+00 0.000000000000000000e+00
0.000000000000000000e+00 0.000000000000000000e+00 0.000000000000000000e+00
0.000000000000000000e+00 0.000000000000000000e+00 0.000000000000000000e+00
0.000000000000000000e+00 0.000000000000000000e+00 0.000000000000000000e+00
0.000000000000000000e+00 0.000000000000000000e+00 0.000000000000000000e+00
0.000000000000000000e+00 0.000000000000000000e+00 0.000000000000000000e+00
0.000000000000000000e+00 0.000000000000000000e+00 0.000000000000000000e+00
0.000000000000000000e+00 0.000000000000000000e+00 0.000000000000000000e+00
0.000000000000000000e+00 0.000000000000000000e+00 0.000000000000000000e+00
0.000000000000000000e+00 0.000000000000000000e+00 0.000000000000000000e+00
0.000000000000000000e+00 0.000000000000000000e+00 0.000000000000000000e+00
0.000000000000000000e+00 0.000000000000000000e+00 0.000000000000000000e+00
0.000000000000000000e+00 0.000000000000000000e+00 0.000000000000000000e+00
0.000000000000000000e+00 0.000000000000000000e+00 0.000000000000000000e+00
0.000000000000000000e+00 0.000000000000000000e+00 0.000000000000000000e+00
0.000000000000000000e+00 0.000000000000000000e+00 0.000000000000000000e+00
0.000000000000000000e+00 0.000000000000000000e+00 0.000000000000000000e+00
0.000000000000000000e+00 0.000000000000000000e+00 0.000000000000000000e+00
0.000000000000000000e+00 0.000000000000000000e+00 0.000000000000000000e+00
0.000000000000000000e+00 0.000000000000000000e+00 0.000000000000000000e+00
0.000000000000000000e+00 0.000000000000000000e+00 0.000000000000000000e+00
0.000000000000000000e+00 0.000000000000000000e+00 0.000000000000000000e+00
0.000000000000000000e+00 0.000000000000000000e+00 0.000000000000000000e+00
0.000000000000000000e+00 0.000000000000000000e+00 0.000000000000000000e+00
0.000000000000000000e+00 0.000000000000000000e+00 0.000000000000000000e+00
0.000000000000000000e+00 0.000000000000000000e+00 0.000000000000000000e+00
0.000000000000000000e+00 0.000000000000000000e+00 0.000000000000000000e+00
0.000000000000000000e+00 0.000000000000000000e+00 0.000000000000000000e+00
0.000000000000000000e+00 0.000000000000000000e+00 0.000000000000000000e+00
0.000000000000000000e+00 0.000000000000000000e+00 0.000000000000000000e+00
0.000000000000000000e+00 0.000000000000000000e+00 0.000000000000000000e+00
0.000000000000000000e+00 0.000000000000000000e+00 0.000000000000000000e+00
0.000000000000000000e+00 0.000000000000000000e+00 0.000000000000000000e+00
0.000000000000000000e+00 0.000000000000000000e+00 0.000000000000000000e+00
0.000000000000000000e+00 0.000000000000000000e+00 0.000000000000000000e+00
0.000000000000000000e+00 0.000000000000000000e+00 0.000000000000000000e+00
0.000000000000000000e+00 0.000000000000000000e+00 0.000000000000000000e+00
0.000000000000000000e+00 0.000000000000000000e+00 0.000000000000000000e+00
0.000000000000000000e+00 0.000000000000000000e+00 0.000000000000000000e+00
0.000000000000000000e+00 0.000000000000000000e+00 0.000000000000000000e+00
0.000000000000000000e+00 0.000000000000000000e+00 0.000000000000000000e+00
0.000000000000000000e+00 0.000000000000000000e+00 0.000000000000000000e+00
0.000000000000000000e+00 0.000000000000000000e+00 0.000000000000000000e+00
0.000000000000000000e+00 0.000000000000000000e+00 0.000000000000000000e+00
0.000000000000000000e+00 0.000000000000000000e+00 0.000000000000000000e+00
0.000000000000000000e+00 0.000000000000000000e+00 0.000000000000000000e+00
0.000000000000000000e+00 0.000000000000000000e+00 0.000000000000000000e+00
0.000000000000000000e+00 0.000000000000000000e+00 0.000000000000000000e+00
0.000000000000000000e+00 0.000000000000000000e+00 0.000000000000000000e+00
0.000000000000000000e+00 0.000000000000000000e+00 0.000000000000000000e+00
0.000000000000000000e+00 0.000000000000000000e+00 0.000000000000000000e+00
0.000000000000000000e+00 0.000000000000000000e+00 0.000000000000000000e+00
0.000000000000000000e+00 0.000000000000000000e+00 0.000000000000000000e+00
0.000000000000000000e+00 0.000000000000000000e+00 0.000000000000000000e+00
0.000000000000000000e+00 0.000000000000000000e+00 0.000000000000000000e+00
0.000000000000000000e+00 0.000000000000000000e+00 0.000000000000000000e+00
0.000000000000000000e+00 0.000000000000000000e+00 0.000000000000000000e+00
0.000000000000000000e+00 0.000000000000000000e+00 0.000000000000000000e+00
0.000000000000000000e+00 0.000000000000000000e+00 0.000000000000000000e+00
0.000000000000000000e+00 0.000000000000000000e+00 0.000000000000000000e+00
0.000000000000000000e+00 0.000000000000000000e+00 0.000000000000000000e+00
0.000000000000000000e+00 0.000000000000000000e+00 0.000000000000000000e+00
0.000000000000000000e+00 0.000000000000000000e+00 0.000000000000000000e+00
0.000000000000000000e+00 0.000000000000000000e+00 0.000000000000000000e+00
0.000000000000000000e+00 0.000000000000000000e+00 0.000000000000000000e+00
0.000000000000000000e+00 0.000000000000000000e+00 0.000000000000000000e+00
0.000000000000000000e+00 0.000000000000000000e+00 0.000000000000000000e+00
0.000000000000000000e+00 0.000000000000000000e+00 0.000000000000000000e+00
0.000000000000000000e+00 0.000000000000000000e+00 0.000000000000000000e+00
-1.578183658421039581e-02 -3.925982117652893066e-02 0.000000000000000000e+00
7.651353627443313599e-02 -4.719994366168975830e-01 0.000000000000000000e+00
1.232369422912597656e+00 -2.984310686588287354e-01 0.000000000000000000e+00
2.926463603973388672e+00 5.223413705825805664e-01 0.000000000000000000e+00
3.922279596328735352e+00 8.776144385337829590e-01 0.000000000000000000e+00
4.024601459503173828e+00 7.365883588790893555e-01 0.000000000000000000e+00
2.344519615173339844e+00 6.619809269905090332e-01 0.000000000000000000e+00
-1.775234937667846680e-02 4.078284502029418945e-01 0.000000000000000000e+00
-1.272528171539306641e+00 5.096260309219360352e-01 0.000000000000000000e+00
-1.594003319740295410e+00 5.989016890525817871e-01 0.000000000000000000e+00
-2.229528188705444336e+00 8.223252296447753906e-01 0.000000000000000000e+00
-3.287294149398803711e+00 9.996649026870727539e-01 0.000000000000000000e+00
-3.925264120101928711e+00 1.068310379981994629e+00 0.000000000000000000e+00
-4.128623485565185547e+00 1.026349425315856934e+00 0.000000000000000000e+00
-4.221548557281494141e+00 9.789036512374877930e-01 0.000000000000000000e+00
-4.090819835662841797e+00 1.172721385955810547e+00 0.000000000000000000e+00
-4.027520179748535156e+00 1.183798909187316895e+00 0.000000000000000000e+00
-2.773208379745483398e+00 9.111802577972412109e-01 0.000000000000000000e+00
7.749957442283630371e-01 2.212846577167510986e-01 0.000000000000000000e+00
3.280608654022216797e+00 3.665471971035003662e-01 0.000000000000000000e+00
4.673760414123535156e+00 6.722726821899414062e-01 0.000000000000000000e+00
4.339207649230957031e+00 1.717092245817184448e-01 0.000000000000000000e+00
3.992414712905883789e+00 2.708611786365509033e-01 0.000000000000000000e+00
1.934047937393188477e+00 2.485862821340560913e-01 0.000000000000000000e+00
4.253603816032409668e-01 3.009805381298065186e-01 0.000000000000000000e+00
-5.126766562461853027e-01 -1.032699868083000183e-01 0.000000000000000000e+00
-1.411284446716308594e+00 -2.886744439601898193e-01 0.000000000000000000e+00
-2.163126707077026367e+00 4.270733520388603210e-02 0.000000000000000000e+00
-2.835432052612304688e+00 -5.202449113130569458e-02 0.000000000000000000e+00
-3.412432670593261719e+00 -1.055904850363731384e-01 0.000000000000000000e+00
-3.615559339523315430e+00 -1.196974962949752808e-01 0.000000000000000000e+00
-3.771896839141845703e+00 -1.089065670967102051e-01 0.000000000000000000e+00
1.753759980201721191e-01 4.437302704900503159e-03 0.000000000000000000e+00
0.000000000000000000e+00 0.000000000000000000e+00 0.000000000000000000e+00
0.000000000000000000e+00 0.000000000000000000e+00 0.000000000000000000e+00
0.000000000000000000e+00 0.000000000000000000e+00 0.000000000000000000e+00
0.000000000000000000e+00 0.000000000000000000e+00 0.000000000000000000e+00
0.000000000000000000e+00 0.000000000000000000e+00 0.000000000000000000e+00
0.000000000000000000e+00 0.000000000000000000e+00 0.000000000000000000e+00
0.000000000000000000e+00 0.000000000000000000e+00 0.000000000000000000e+00
0.000000000000000000e+00 0.000000000000000000e+00 0.000000000000000000e+00
0.000000000000000000e+00 0.000000000000000000e+00 0.000000000000000000e+00
0.000000000000000000e+00 0.000000000000000000e+00 0.000000000000000000e+00
0.000000000000000000e+00 0.000000000000000000e+00 0.000000000000000000e+00
0.000000000000000000e+00 0.000000000000000000e+00 0.000000000000000000e+00
0.000000000000000000e+00 0.000000000000000000e+00 0.000000000000000000e+00
0.000000000000000000e+00 0.000000000000000000e+00 0.000000000000000000e+00
0.000000000000000000e+00 0.000000000000000000e+00 0.000000000000000000e+00
0.000000000000000000e+00 0.000000000000000000e+00 0.000000000000000000e+00
0.000000000000000000e+00 0.000000000000000000e+00 0.000000000000000000e+00
0.000000000000000000e+00 0.000000000000000000e+00 0.000000000000000000e+00
0.000000000000000000e+00 0.000000000000000000e+00 0.000000000000000000e+00
0.000000000000000000e+00 0.000000000000000000e+00 0.000000000000000000e+00
0.000000000000000000e+00 0.000000000000000000e+00 0.000000000000000000e+00
0.000000000000000000e+00 0.000000000000000000e+00 0.000000000000000000e+00
0.000000000000000000e+00 0.000000000000000000e+00 0.000000000000000000e+00
0.000000000000000000e+00 0.000000000000000000e+00 0.000000000000000000e+00
0.000000000000000000e+00 0.000000000000000000e+00 0.000000000000000000e+00
0.000000000000000000e+00 0.000000000000000000e+00 0.000000000000000000e+00
0.000000000000000000e+00 0.000000000000000000e+00 0.000000000000000000e+00
0.000000000000000000e+00 0.000000000000000000e+00 0.000000000000000000e+00
0.000000000000000000e+00 0.000000000000000000e+00 0.000000000000000000e+00
0.000000000000000000e+00 0.000000000000000000e+00 0.000000000000000000e+00
0.000000000000000000e+00 0.000000000000000000e+00 0.000000000000000000e+00
0.000000000000000000e+00 0.000000000000000000e+00 0.000000000000000000e+00
0.000000000000000000e+00 0.000000000000000000e+00 0.000000000000000000e+00
0.000000000000000000e+00 0.000000000000000000e+00 0.000000000000000000e+00
0.000000000000000000e+00 0.000000000000000000e+00 0.000000000000000000e+00
0.000000000000000000e+00 0.000000000000000000e+00 0.000000000000000000e+00
0.000000000000000000e+00 0.000000000000000000e+00 0.000000000000000000e+00
0.000000000000000000e+00 0.000000000000000000e+00 0.000000000000000000e+00
0.000000000000000000e+00 0.000000000000000000e+00 0.000000000000000000e+00
0.000000000000000000e+00 0.000000000000000000e+00 0.000000000000000000e+00
0.000000000000000000e+00 0.000000000000000000e+00 0.000000000000000000e+00
0.000000000000000000e+00 0.000000000000000000e+00 0.000000000000000000e+00
0.000000000000000000e+00 0.000000000000000000e+00 0.000000000000000000e+00
0.000000000000000000e+00 0.000000000000000000e+00 0.000000000000000000e+00
0.000000000000000000e+00 0.000000000000000000e+00 0.000000000000000000e+00
0.000000000000000000e+00 0.000000000000000000e+00 0.000000000000000000e+00
0.000000000000000000e+00 0.000000000000000000e+00 0.000000000000000000e+00
0.000000000000000000e+00 0.000000000000000000e+00 0.000000000000000000e+00
0.000000000000000000e+00 0.000000000000000000e+00 0.000000000000000000e+00
0.000000000000000000e+00 0.000000000000000000e+00 0.000000000000000000e+00
0.000000000000000000e+00 0.000000000000000000e+00 0.000000000000000000e+00
3.753621131181716919e-02 -2.732967026531696320e-02 0.000000000000000000e+00
6.568819880485534668e-01 -5.202454328536987305e-01 0.000000000000000000e+00
9.300106167793273926e-01 -4.864521026611328125e-01 0.000000000000000000e+00
1.261894822120666504e+00 -3.973882198333740234e-01 0.000000000000000000e+00
1.457285642623901367e+00 -2.688939571380615234e-01 0.000000000000000000e+00
1.691680431365966797e+00 -2.014933526515960693e-01 0.000000000000000000e+00
2.052549123764038086e+00 -9.321811795234680176e-02 0.000000000000000000e+00
2.430585861206054688e+00 1.164363920688629150e-01 0.000000000000000000e+00
2.658583402633666992e+00 2.049526423215866089e-01 0.000000000000000000e+00
2.754216194152832031e+00 3.921052813529968262e-01 0.000000000000000000e+00
2.856344938278198242e+00 4.094611406326293945e-01 0.000000000000000000e+00
3.312608242034912109e+00 6.673568487167358398e-01 0.000000000000000000e+00
3.411949396133422852e+00 7.059669494628906250e-01 0.000000000000000000e+00
3.741490840911865234e+00 7.404155731201171875e-01 0.000000000000000000e+00
4.024029254913330078e+00 8.052652478218078613e-01 0.000000000000000000e+00
4.121239185333251953e+00 7.097592949867248535e-01 0.000000000000000000e+00
4.195735931396484375e+00 6.228865385055541992e-01 0.000000000000000000e+00
4.128167629241943359e+00 6.791179776191711426e-01 0.000000000000000000e+00
4.085694313049316406e+00 6.761703491210937500e-01 0.000000000000000000e+00
4.101064205169677734e+00 7.116448879241943359e-01 0.000000000000000000e+00
4.073048114776611328e+00 6.851629018783569336e-01 0.000000000000000000e+00
4.135755062103271484e+00 6.201143264770507812e-01 0.000000000000000000e+00
4.143176555633544922e+00 6.397001743316650391e-01 0.000000000000000000e+00
4.111214637756347656e+00 6.304573416709899902e-01 0.000000000000000000e+00
4.130278110504150391e+00 6.129912137985229492e-01 0.000000000000000000e+00
4.141033172607421875e+00 6.095764636993408203e-01 0.000000000000000000e+00
4.127319335937500000e+00 5.751491189002990723e-01 0.000000000000000000e+00
4.127577781677246094e+00 5.589047670364379883e-01 0.000000000000000000e+00
4.127583026885986328e+00 5.431563854217529297e-01 0.000000000000000000e+00
4.127584934234619141e+00 5.248579978942871094e-01 0.000000000000000000e+00
4.127583980560302734e+00 5.089067816734313965e-01 0.000000000000000000e+00
4.125946998596191406e+00 4.923921227455139160e-01 0.000000000000000000e+00
4.122653484344482422e+00 4.783543348312377930e-01 0.000000000000000000e+00
4.111136913299560547e+00 4.651186168193817139e-01 0.000000000000000000e+00
4.119079589843750000e+00 4.539785385131835938e-01 0.000000000000000000e+00
4.116029739379882812e+00 4.376283884048461914e-01 0.000000000000000000e+00
4.095345973968505859e+00 4.260802567005157471e-01 0.000000000000000000e+00
4.090647220611572266e+00 4.135349094867706299e-01 0.000000000000000000e+00
4.084235668182373047e+00 3.997100591659545898e-01 0.000000000000000000e+00
4.067944049835205078e+00 3.936922252178192139e-01 0.000000000000000000e+00
4.081284999847412109e+00 4.080609977245330811e-01 0.000000000000000000e+00
4.073133468627929688e+00 3.877126872539520264e-01 0.000000000000000000e+00
4.059170246124267578e+00 3.685760200023651123e-01 0.000000000000000000e+00
4.054540634155273438e+00 3.589605987071990967e-01 0.000000000000000000e+00
4.057301998138427734e+00 3.494139611721038818e-01 0.000000000000000000e+00
4.050709724426269531e+00 3.418171703815460205e-01 0.000000000000000000e+00
4.041043758392333984e+00 3.372152745723724365e-01 0.000000000000000000e+00
4.031665325164794922e+00 3.307163715362548828e-01 0.000000000000000000e+00
4.025668621063232422e+00 3.331159949302673340e-01 0.000000000000000000e+00
3.971494197845458984e+00 3.927466571331024170e-01 0.000000000000000000e+00
3.975488662719726562e+00 3.926971852779388428e-01 0.000000000000000000e+00
3.946625232696533203e+00 4.208046495914459229e-01 0.000000000000000000e+00
-9.885068982839584351e-02 -1.367064006626605988e-02 0.000000000000000000e+00
8.783835917711257935e-03 0.000000000000000000e+00 0.000000000000000000e+00
0.000000000000000000e+00 0.000000000000000000e+00 0.000000000000000000e+00
0.000000000000000000e+00 0.000000000000000000e+00 0.000000000000000000e+00
0.000000000000000000e+00 0.000000000000000000e+00 0.000000000000000000e+00
0.000000000000000000e+00 0.000000000000000000e+00 0.000000000000000000e+00
0.000000000000000000e+00 0.000000000000000000e+00 0.000000000000000000e+00
0.000000000000000000e+00 0.000000000000000000e+00 0.000000000000000000e+00
0.000000000000000000e+00 0.000000000000000000e+00 0.000000000000000000e+00
0.000000000000000000e+00 0.000000000000000000e+00 0.000000000000000000e+00
0.000000000000000000e+00 0.000000000000000000e+00 0.000000000000000000e+00
0.000000000000000000e+00 0.000000000000000000e+00 0.000000000000000000e+00
0.000000000000000000e+00 0.000000000000000000e+00 0.000000000000000000e+00
0.000000000000000000e+00 0.000000000000000000e+00 0.000000000000000000e+00
0.000000000000000000e+00 0.000000000000000000e+00 0.000000000000000000e+00
0.000000000000000000e+00 0.000000000000000000e+00 0.000000000000000000e+00
0.000000000000000000e+00 0.000000000000000000e+00 0.000000000000000000e+00
0.000000000000000000e+00 0.000000000000000000e+00 0.000000000000000000e+00
0.000000000000000000e+00 0.000000000000000000e+00 0.000000000000000000e+00
0.000000000000000000e+00 0.000000000000000000e+00 0.000000000000000000e+00
0.000000000000000000e+00 0.000000000000000000e+00 0.000000000000000000e+00
0.000000000000000000e+00 0.000000000000000000e+00 0.000000000000000000e+00
0.000000000000000000e+00 0.000000000000000000e+00 0.000000000000000000e+00
0.000000000000000000e+00 0.000000000000000000e+00 0.000000000000000000e+00
0.000000000000000000e+00 0.000000000000000000e+00 0.000000000000000000e+00
0.000000000000000000e+00 0.000000000000000000e+00 0.000000000000000000e+00
0.000000000000000000e+00 0.000000000000000000e+00 0.000000000000000000e+00
0.000000000000000000e+00 0.000000000000000000e+00 0.000000000000000000e+00
0.000000000000000000e+00 0.000000000000000000e+00 0.000000000000000000e+00
0.000000000000000000e+00 0.000000000000000000e+00 0.000000000000000000e+00
0.000000000000000000e+00 0.000000000000000000e+00 0.000000000000000000e+00
0.000000000000000000e+00 0.000000000000000000e+00 0.000000000000000000e+00
0.000000000000000000e+00 0.000000000000000000e+00 0.000000000000000000e+00
0.000000000000000000e+00 0.000000000000000000e+00 0.000000000000000000e+00
0.000000000000000000e+00 0.000000000000000000e+00 0.000000000000000000e+00
0.000000000000000000e+00 0.000000000000000000e+00 0.000000000000000000e+00
0.000000000000000000e+00 0.000000000000000000e+00 0.000000000000000000e+00
0.000000000000000000e+00 0.000000000000000000e+00 0.000000000000000000e+00
0.000000000000000000e+00 0.000000000000000000e+00 0.000000000000000000e+00
0.000000000000000000e+00 0.000000000000000000e+00 0.000000000000000000e+00
0.000000000000000000e+00 0.000000000000000000e+00 0.000000000000000000e+00
0.000000000000000000e+00 0.000000000000000000e+00 0.000000000000000000e+00
0.000000000000000000e+00 0.000000000000000000e+00 0.000000000000000000e+00
0.000000000000000000e+00 0.000000000000000000e+00 0.000000000000000000e+00
0.000000000000000000e+00 0.000000000000000000e+00 0.000000000000000000e+00
0.000000000000000000e+00 0.000000000000000000e+00 0.000000000000000000e+00
0.000000000000000000e+00 0.000000000000000000e+00 0.000000000000000000e+00
0.000000000000000000e+00 0.000000000000000000e+00 0.000000000000000000e+00
0.000000000000000000e+00 0.000000000000000000e+00 0.000000000000000000e+00
0.000000000000000000e+00 0.000000000000000000e+00 0.000000000000000000e+00
0.000000000000000000e+00 0.000000000000000000e+00 0.000000000000000000e+00
0.000000000000000000e+00 0.000000000000000000e+00 0.000000000000000000e+00
0.000000000000000000e+00 0.000000000000000000e+00 0.000000000000000000e+00
0.000000000000000000e+00 0.000000000000000000e+00 0.000000000000000000e+00
0.000000000000000000e+00 0.000000000000000000e+00 0.000000000000000000e+00
0.000000000000000000e+00 0.000000000000000000e+00 0.000000000000000000e+00
0.000000000000000000e+00 0.000000000000000000e+00 0.000000000000000000e+00
0.000000000000000000e+00 0.000000000000000000e+00 0.000000000000000000e+00
0.000000000000000000e+00 0.000000000000000000e+00 0.000000000000000000e+00
0.000000000000000000e+00 0.000000000000000000e+00 0.000000000000000000e+00
0.000000000000000000e+00 0.000000000000000000e+00 0.000000000000000000e+00
0.000000000000000000e+00 0.000000000000000000e+00 0.000000000000000000e+00
0.000000000000000000e+00 0.000000000000000000e+00 0.000000000000000000e+00
0.000000000000000000e+00 0.000000000000000000e+00 0.000000000000000000e+00
0.000000000000000000e+00 0.000000000000000000e+00 0.000000000000000000e+00
0.000000000000000000e+00 0.000000000000000000e+00 0.000000000000000000e+00
0.000000000000000000e+00 0.000000000000000000e+00 0.000000000000000000e+00
0.000000000000000000e+00 0.000000000000000000e+00 0.000000000000000000e+00
0.000000000000000000e+00 0.000000000000000000e+00 0.000000000000000000e+00
0.000000000000000000e+00 0.000000000000000000e+00 0.000000000000000000e+00
0.000000000000000000e+00 0.000000000000000000e+00 0.000000000000000000e+00
0.000000000000000000e+00 0.000000000000000000e+00 0.000000000000000000e+00
0.000000000000000000e+00 0.000000000000000000e+00 0.000000000000000000e+00
0.000000000000000000e+00 0.000000000000000000e+00 0.000000000000000000e+00
0.000000000000000000e+00 0.000000000000000000e+00 0.000000000000000000e+00
0.000000000000000000e+00 0.000000000000000000e+00 0.000000000000000000e+00
0.000000000000000000e+00 0.000000000000000000e+00 0.000000000000000000e+00
0.000000000000000000e+00 0.000000000000000000e+00 0.000000000000000000e+00
0.000000000000000000e+00 0.000000000000000000e+00 0.000000000000000000e+00
0.000000000000000000e+00 0.000000000000000000e+00 0.000000000000000000e+00
0.000000000000000000e+00 0.000000000000000000e+00 0.000000000000000000e+00
0.000000000000000000e+00 0.000000000000000000e+00 0.000000000000000000e+00
0.000000000000000000e+00 0.000000000000000000e+00 0.000000000000000000e+00
0.000000000000000000e+00 0.000000000000000000e+00 0.000000000000000000e+00
0.000000000000000000e+00 0.000000000000000000e+00 0.000000000000000000e+00
0.000000000000000000e+00 0.000000000000000000e+00 0.000000000000000000e+00
0.000000000000000000e+00 0.000000000000000000e+00 0.000000000000000000e+00
0.000000000000000000e+00 0.000000000000000000e+00 0.000000000000000000e+00
0.000000000000000000e+00 0.000000000000000000e+00 0.000000000000000000e+00
0.000000000000000000e+00 0.000000000000000000e+00 0.000000000000000000e+00
0.000000000000000000e+00 0.000000000000000000e+00 0.000000000000000000e+00
0.000000000000000000e+00 0.000000000000000000e+00 0.000000000000000000e+00
0.000000000000000000e+00 0.000000000000000000e+00 0.000000000000000000e+00
0.000000000000000000e+00 0.000000000000000000e+00 0.000000000000000000e+00
0.000000000000000000e+00 0.000000000000000000e+00 0.000000000000000000e+00
0.000000000000000000e+00 0.000000000000000000e+00 0.000000000000000000e+00
0.000000000000000000e+00 0.000000000000000000e+00 0.000000000000000000e+00
0.000000000000000000e+00 0.000000000000000000e+00 0.000000000000000000e+00
0.000000000000000000e+00 0.000000000000000000e+00 0.000000000000000000e+00
0.000000000000000000e+00 0.000000000000000000e+00 0.000000000000000000e+00
0.000000000000000000e+00 0.000000000000000000e+00 0.000000000000000000e+00
0.000000000000000000e+00 0.000000000000000000e+00 0.000000000000000000e+00
0.000000000000000000e+00 0.000000000000000000e+00 0.000000000000000000e+00
0.000000000000000000e+00 0.000000000000000000e+00 0.000000000000000000e+00
0.000000000000000000e+00 0.000000000000000000e+00 0.000000000000000000e+00
0.000000000000000000e+00 0.000000000000000000e+00 0.000000000000000000e+00
0.000000000000000000e+00 0.000000000000000000e+00 0.000000000000000000e+00
0.000000000000000000e+00 0.000000000000000000e+00 0.000000000000000000e+00
0.000000000000000000e+00 0.000000000000000000e+00 0.000000000000000000e+00
0.000000000000000000e+00 0.000000000000000000e+00 0.000000000000000000e+00
0.000000000000000000e+00 0.000000000000000000e+00 0.000000000000000000e+00
0.000000000000000000e+00 0.000000000000000000e+00 0.000000000000000000e+00
0.000000000000000000e+00 0.000000000000000000e+00 0.000000000000000000e+00
0.000000000000000000e+00 0.000000000000000000e+00 0.000000000000000000e+00
0.000000000000000000e+00 0.000000000000000000e+00 0.000000000000000000e+00
0.000000000000000000e+00 0.000000000000000000e+00 0.000000000000000000e+00
0.000000000000000000e+00 0.000000000000000000e+00 0.000000000000000000e+00
0.000000000000000000e+00 0.000000000000000000e+00 0.000000000000000000e+00
0.000000000000000000e+00 0.000000000000000000e+00 0.000000000000000000e+00
0.000000000000000000e+00 0.000000000000000000e+00 0.000000000000000000e+00
0.000000000000000000e+00 0.000000000000000000e+00 0.000000000000000000e+00
0.000000000000000000e+00 0.000000000000000000e+00 0.000000000000000000e+00
0.000000000000000000e+00 0.000000000000000000e+00 0.000000000000000000e+00
0.000000000000000000e+00 0.000000000000000000e+00 0.000000000000000000e+00
0.000000000000000000e+00 0.000000000000000000e+00 0.000000000000000000e+00
0.000000000000000000e+00 0.000000000000000000e+00 0.000000000000000000e+00
0.000000000000000000e+00 0.000000000000000000e+00 0.000000000000000000e+00
0.000000000000000000e+00 0.000000000000000000e+00 0.000000000000000000e+00
0.000000000000000000e+00 0.000000000000000000e+00 0.000000000000000000e+00
0.000000000000000000e+00 0.000000000000000000e+00 0.000000000000000000e+00
0.000000000000000000e+00 0.000000000000000000e+00 0.000000000000000000e+00
0.000000000000000000e+00 0.000000000000000000e+00 0.000000000000000000e+00
0.000000000000000000e+00 0.000000000000000000e+00 0.000000000000000000e+00
0.000000000000000000e+00 0.000000000000000000e+00 0.000000000000000000e+00
0.000000000000000000e+00 0.000000000000000000e+00 0.000000000000000000e+00
0.000000000000000000e+00 0.000000000000000000e+00 0.000000000000000000e+00
0.000000000000000000e+00 0.000000000000000000e+00 0.000000000000000000e+00
0.000000000000000000e+00 0.000000000000000000e+00 0.000000000000000000e+00
0.000000000000000000e+00 0.000000000000000000e+00 0.000000000000000000e+00
0.000000000000000000e+00 0.000000000000000000e+00 0.000000000000000000e+00
0.000000000000000000e+00 0.000000000000000000e+00 0.000000000000000000e+00
0.000000000000000000e+00 0.000000000000000000e+00 0.000000000000000000e+00
0.000000000000000000e+00 0.000000000000000000e+00 0.000000000000000000e+00
0.000000000000000000e+00 0.000000000000000000e+00 0.000000000000000000e+00
0.000000000000000000e+00 0.000000000000000000e+00 0.000000000000000000e+00
0.000000000000000000e+00 0.000000000000000000e+00 0.000000000000000000e+00
0.000000000000000000e+00 0.000000000000000000e+00 0.000000000000000000e+00
0.000000000000000000e+00 0.000000000000000000e+00 0.000000000000000000e+00
0.000000000000000000e+00 0.000000000000000000e+00 0.000000000000000000e+00
0.000000000000000000e+00 0.000000000000000000e+00 0.000000000000000000e+00
0.000000000000000000e+00 0.000000000000000000e+00 0.000000000000000000e+00
0.000000000000000000e+00 0.000000000000000000e+00 0.000000000000000000e+00
0.000000000000000000e+00 0.000000000000000000e+00 0.000000000000000000e+00
0.000000000000000000e+00 0.000000000000000000e+00 0.000000000000000000e+00
0.000000000000000000e+00 0.000000000000000000e+00 0.000000000000000000e+00
0.000000000000000000e+00 0.000000000000000000e+00 0.000000000000000000e+00
0.000000000000000000e+00 0.000000000000000000e+00 0.000000000000000000e+00
0.000000000000000000e+00 0.000000000000000000e+00 0.000000000000000000e+00
0.000000000000000000e+00 0.000000000000000000e+00 0.000000000000000000e+00
0.000000000000000000e+00 0.000000000000000000e+00 0.000000000000000000e+00
0.000000000000000000e+00 0.000000000000000000e+00 0.000000000000000000e+00
0.000000000000000000e+00 0.000000000000000000e+00 0.000000000000000000e+00
0.000000000000000000e+00 0.000000000000000000e+00 0.000000000000000000e+00
0.000000000000000000e+00 0.000000000000000000e+00 0.000000000000000000e+00
0.000000000000000000e+00 0.000000000000000000e+00 0.000000000000000000e+00
0.000000000000000000e+00 0.000000000000000000e+00 0.000000000000000000e+00
0.000000000000000000e+00 0.000000000000000000e+00 0.000000000000000000e+00
0.000000000000000000e+00 0.000000000000000000e+00 0.000000000000000000e+00
0.000000000000000000e+00 0.000000000000000000e+00 0.000000000000000000e+00
0.000000000000000000e+00 0.000000000000000000e+00 0.000000000000000000e+00
0.000000000000000000e+00 0.000000000000000000e+00 0.000000000000000000e+00
0.000000000000000000e+00 0.000000000000000000e+00 0.000000000000000000e+00
0.000000000000000000e+00 0.000000000000000000e+00 0.000000000000000000e+00
0.000000000000000000e+00 0.000000000000000000e+00 0.000000000000000000e+00
0.000000000000000000e+00 0.000000000000000000e+00 0.000000000000000000e+00
0.000000000000000000e+00 0.000000000000000000e+00 0.000000000000000000e+00
0.000000000000000000e+00 0.000000000000000000e+00 0.000000000000000000e+00
0.000000000000000000e+00 0.000000000000000000e+00 0.000000000000000000e+00
0.000000000000000000e+00 0.000000000000000000e+00 0.000000000000000000e+00
0.000000000000000000e+00 0.000000000000000000e+00 0.000000000000000000e+00
0.000000000000000000e+00 0.000000000000000000e+00 0.000000000000000000e+00
0.000000000000000000e+00 0.000000000000000000e+00 0.000000000000000000e+00
0.000000000000000000e+00 0.000000000000000000e+00 0.000000000000000000e+00
0.000000000000000000e+00 0.000000000000000000e+00 0.000000000000000000e+00
0.000000000000000000e+00 0.000000000000000000e+00 0.000000000000000000e+00
0.000000000000000000e+00 0.000000000000000000e+00 0.000000000000000000e+00
0.000000000000000000e+00 0.000000000000000000e+00 0.000000000000000000e+00
0.000000000000000000e+00 0.000000000000000000e+00 0.000000000000000000e+00
0.000000000000000000e+00 0.000000000000000000e+00 0.000000000000000000e+00
0.000000000000000000e+00 0.000000000000000000e+00 0.000000000000000000e+00
0.000000000000000000e+00 0.000000000000000000e+00 0.000000000000000000e+00
0.000000000000000000e+00 0.000000000000000000e+00 0.000000000000000000e+00
0.000000000000000000e+00 0.000000000000000000e+00 0.000000000000000000e+00
0.000000000000000000e+00 0.000000000000000000e+00 0.000000000000000000e+00
0.000000000000000000e+00 0.000000000000000000e+00 0.000000000000000000e+00
0.000000000000000000e+00 0.000000000000000000e+00 0.000000000000000000e+00
0.000000000000000000e+00 0.000000000000000000e+00 0.000000000000000000e+00
0.000000000000000000e+00 0.000000000000000000e+00 0.000000000000000000e+00
0.000000000000000000e+00 0.000000000000000000e+00 0.000000000000000000e+00
0.000000000000000000e+00 0.000000000000000000e+00 0.000000000000000000e+00
0.000000000000000000e+00 0.000000000000000000e+00 0.000000000000000000e+00
0.000000000000000000e+00 0.000000000000000000e+00 0.000000000000000000e+00
0.000000000000000000e+00 0.000000000000000000e+00 0.000000000000000000e+00
0.000000000000000000e+00 0.000000000000000000e+00 0.000000000000000000e+00
0.000000000000000000e+00 0.000000000000000000e+00 0.000000000000000000e+00
0.000000000000000000e+00 0.000000000000000000e+00 0.000000000000000000e+00
0.000000000000000000e+00 0.000000000000000000e+00 0.000000000000000000e+00
0.000000000000000000e+00 0.000000000000000000e+00 0.000000000000000000e+00
0.000000000000000000e+00 0.000000000000000000e+00 0.000000000000000000e+00
0.000000000000000000e+00 0.000000000000000000e+00 0.000000000000000000e+00
0.000000000000000000e+00 0.000000000000000000e+00 0.000000000000000000e+00
0.000000000000000000e+00 0.000000000000000000e+00 0.000000000000000000e+00
0.000000000000000000e+00 0.000000000000000000e+00 0.000000000000000000e+00
0.000000000000000000e+00 0.000000000000000000e+00 0.000000000000000000e+00
0.000000000000000000e+00 0.000000000000000000e+00 0.000000000000000000e+00
0.000000000000000000e+00 0.000000000000000000e+00 0.000000000000000000e+00
0.000000000000000000e+00 0.000000000000000000e+00 0.000000000000000000e+00
0.000000000000000000e+00 0.000000000000000000e+00 0.000000000000000000e+00
0.000000000000000000e+00 0.000000000000000000e+00 0.000000000000000000e+00
0.000000000000000000e+00 0.000000000000000000e+00 0.000000000000000000e+00
0.000000000000000000e+00 0.000000000000000000e+00 0.000000000000000000e+00
0.000000000000000000e+00 0.000000000000000000e+00 0.000000000000000000e+00
0.000000000000000000e+00 0.000000000000000000e+00 0.000000000000000000e+00
0.000000000000000000e+00 0.000000000000000000e+00 0.000000000000000000e+00
0.000000000000000000e+00 0.000000000000000000e+00 0.000000000000000000e+00
0.000000000000000000e+00 0.000000000000000000e+00 0.000000000000000000e+00
0.000000000000000000e+00 0.000000000000000000e+00 0.000000000000000000e+00
0.000000000000000000e+00 0.000000000000000000e+00 0.000000000000000000e+00
0.000000000000000000e+00 0.000000000000000000e+00 0.000000000000000000e+00
0.000000000000000000e+00 0.000000000000000000e+00 0.000000000000000000e+00
0.000000000000000000e+00 0.000000000000000000e+00 0.000000000000000000e+00
0.000000000000000000e+00 0.000000000000000000e+00 0.000000000000000000e+00
0.000000000000000000e+00 0.000000000000000000e+00 0.000000000000000000e+00
0.000000000000000000e+00 0.000000000000000000e+00 0.000000000000000000e+00
0.000000000000000000e+00 0.000000000000000000e+00 0.000000000000000000e+00
0.000000000000000000e+00 0.000000000000000000e+00 0.000000000000000000e+00
0.000000000000000000e+00 0.000000000000000000e+00 0.000000000000000000e+00
0.000000000000000000e+00 0.000000000000000000e+00 0.000000000000000000e+00
0.000000000000000000e+00 0.000000000000000000e+00 0.000000000000000000e+00
0.000000000000000000e+00 0.000000000000000000e+00 0.000000000000000000e+00
0.000000000000000000e+00 0.000000000000000000e+00 0.000000000000000000e+00
0.000000000000000000e+00 0.000000000000000000e+00 0.000000000000000000e+00
0.000000000000000000e+00 0.000000000000000000e+00 0.000000000000000000e+00
0.000000000000000000e+00 0.000000000000000000e+00 0.000000000000000000e+00
0.000000000000000000e+00 0.000000000000000000e+00 0.000000000000000000e+00
0.000000000000000000e+00 0.000000000000000000e+00 0.000000000000000000e+00
0.000000000000000000e+00 0.000000000000000000e+00 0.000000000000000000e+00
0.000000000000000000e+00 0.000000000000000000e+00 0.000000000000000000e+00
0.000000000000000000e+00 0.000000000000000000e+00 0.000000000000000000e+00
0.000000000000000000e+00 0.000000000000000000e+00 0.000000000000000000e+00
0.000000000000000000e+00 0.000000000000000000e+00 0.000000000000000000e+00
0.000000000000000000e+00 0.000000000000000000e+00 0.000000000000000000e+00
0.000000000000000000e+00 0.000000000000000000e+00 0.000000000000000000e+00
0.000000000000000000e+00 0.000000000000000000e+00 0.000000000000000000e+00
0.000000000000000000e+00 0.000000000000000000e+00 0.000000000000000000e+00
0.000000000000000000e+00 0.000000000000000000e+00 0.000000000000000000e+00
0.000000000000000000e+00 0.000000000000000000e+00 0.000000000000000000e+00
0.000000000000000000e+00 0.000000000000000000e+00 0.000000000000000000e+00
0.000000000000000000e+00 0.000000000000000000e+00 0.000000000000000000e+00
0.000000000000000000e+00 0.000000000000000000e+00 0.000000000000000000e+00
0.000000000000000000e+00 0.000000000000000000e+00 0.000000000000000000e+00
0.000000000000000000e+00 0.000000000000000000e+00 0.000000000000000000e+00
0.000000000000000000e+00 0.000000000000000000e+00 0.000000000000000000e+00
0.000000000000000000e+00 0.000000000000000000e+00 0.000000000000000000e+00
0.000000000000000000e+00 0.000000000000000000e+00 0.000000000000000000e+00
0.000000000000000000e+00 0.000000000000000000e+00 0.000000000000000000e+00
0.000000000000000000e+00 0.000000000000000000e+00 0.000000000000000000e+00
0.000000000000000000e+00 0.000000000000000000e+00 0.000000000000000000e+00
0.000000000000000000e+00 0.000000000000000000e+00 0.000000000000000000e+00
0.000000000000000000e+00 0.000000000000000000e+00 0.000000000000000000e+00
0.000000000000000000e+00 0.000000000000000000e+00 0.000000000000000000e+00
0.000000000000000000e+00 0.000000000000000000e+00 0.000000000000000000e+00
0.000000000000000000e+00 0.000000000000000000e+00 0.000000000000000000e+00
0.000000000000000000e+00 0.000000000000000000e+00 0.000000000000000000e+00
0.000000000000000000e+00 0.000000000000000000e+00 0.000000000000000000e+00
0.000000000000000000e+00 0.000000000000000000e+00 0.000000000000000000e+00
0.000000000000000000e+00 0.000000000000000000e+00 0.000000000000000000e+00
0.000000000000000000e+00 0.000000000000000000e+00 0.000000000000000000e+00
0.000000000000000000e+00 0.000000000000000000e+00 0.000000000000000000e+00
0.000000000000000000e+00 0.000000000000000000e+00 0.000000000000000000e+00
0.000000000000000000e+00 0.000000000000000000e+00 0.000000000000000000e+00
0.000000000000000000e+00 0.000000000000000000e+00 0.000000000000000000e+00
0.000000000000000000e+00 0.000000000000000000e+00 0.000000000000000000e+00
0.000000000000000000e+00 0.000000000000000000e+00 0.000000000000000000e+00
0.000000000000000000e+00 0.000000000000000000e+00 0.000000000000000000e+00
0.000000000000000000e+00 0.000000000000000000e+00 0.000000000000000000e+00
0.000000000000000000e+00 0.000000000000000000e+00 0.000000000000000000e+00
0.000000000000000000e+00 0.000000000000000000e+00 0.000000000000000000e+00
0.000000000000000000e+00 0.000000000000000000e+00 0.000000000000000000e+00
0.000000000000000000e+00 0.000000000000000000e+00 0.000000000000000000e+00
0.000000000000000000e+00 0.000000000000000000e+00 0.000000000000000000e+00
0.000000000000000000e+00 0.000000000000000000e+00 0.000000000000000000e+00
0.000000000000000000e+00 0.000000000000000000e+00 0.000000000000000000e+00
0.000000000000000000e+00 0.000000000000000000e+00 0.000000000000000000e+00
0.000000000000000000e+00 0.000000000000000000e+00 0.000000000000000000e+00
0.000000000000000000e+00 0.000000000000000000e+00 0.000000000000000000e+00
0.000000000000000000e+00 0.000000000000000000e+00 0.000000000000000000e+00
0.000000000000000000e+00 0.000000000000000000e+00 0.000000000000000000e+00
0.000000000000000000e+00 0.000000000000000000e+00 0.000000000000000000e+00
0.000000000000000000e+00 0.000000000000000000e+00 0.000000000000000000e+00
0.000000000000000000e+00 0.000000000000000000e+00 0.000000000000000000e+00
0.000000000000000000e+00 0.000000000000000000e+00 0.000000000000000000e+00
0.000000000000000000e+00 0.000000000000000000e+00 0.000000000000000000e+00
0.000000000000000000e+00 0.000000000000000000e+00 0.000000000000000000e+00
0.000000000000000000e+00 0.000000000000000000e+00 0.000000000000000000e+00
0.000000000000000000e+00 0.000000000000000000e+00 0.000000000000000000e+00
0.000000000000000000e+00 0.000000000000000000e+00 0.000000000000000000e+00
0.000000000000000000e+00 0.000000000000000000e+00 0.000000000000000000e+00
0.000000000000000000e+00 0.000000000000000000e+00 0.000000000000000000e+00
0.000000000000000000e+00 0.000000000000000000e+00 0.000000000000000000e+00
0.000000000000000000e+00 0.000000000000000000e+00 0.000000000000000000e+00
0.000000000000000000e+00 0.000000000000000000e+00 0.000000000000000000e+00
0.000000000000000000e+00 0.000000000000000000e+00 0.000000000000000000e+00
3.633732199668884277e-01 -4.225183725357055664e-01 0.000000000000000000e+00
1.131903648376464844e+00 -3.854552209377288818e-01 0.000000000000000000e+00
1.598829030990600586e+00 -2.353881448507308960e-01 0.000000000000000000e+00
2.044694185256958008e+00 -1.962192207574844360e-01 0.000000000000000000e+00
2.445572853088378906e+00 -1.228697896003723145e-01 0.000000000000000000e+00
2.677443742752075195e+00 2.029780894517898560e-01 0.000000000000000000e+00
2.824695825576782227e+00 3.741973340511322021e-01 0.000000000000000000e+00
3.023931741714477539e+00 6.200696825981140137e-01 0.000000000000000000e+00
2.860270261764526367e+00 7.119197845458984375e-01 0.000000000000000000e+00
3.292445421218872070e+00 1.032608270645141602e+00 0.000000000000000000e+00
3.298823356628417969e+00 1.143717169761657715e+00 0.000000000000000000e+00
3.644205093383789062e+00 1.362804412841796875e+00 0.000000000000000000e+00
3.489164590835571289e+00 1.414429903030395508e+00 0.000000000000000000e+00
3.591830015182495117e+00 1.420622587203979492e+00 0.000000000000000000e+00
3.568173408508300781e+00 1.375099301338195801e+00 0.000000000000000000e+00
3.534386157989501953e+00 1.437119603157043457e+00 0.000000000000000000e+00
3.520059585571289062e+00 1.443051338195800781e+00 0.000000000000000000e+00
3.524356842041015625e+00 1.435349702835083008e+00 0.000000000000000000e+00
3.490607976913452148e+00 1.393672347068786621e+00 0.000000000000000000e+00
3.431771755218505859e+00 1.346317291259765625e+00 0.000000000000000000e+00
3.147805690765380859e+00 1.119940638542175293e+00 0.000000000000000000e+00
-1.017742976546287537e-01 -3.441873192787170410e-02 0.000000000000000000e+00
0.000000000000000000e+00 0.000000000000000000e+00 0.000000000000000000e+00
0.000000000000000000e+00 0.000000000000000000e+00 0.000000000000000000e+00
0.000000000000000000e+00 0.000000000000000000e+00 0.000000000000000000e+00
0.000000000000000000e+00 0.000000000000000000e+00 0.000000000000000000e+00
0.000000000000000000e+00 0.000000000000000000e+00 0.000000000000000000e+00
0.000000000000000000e+00 0.000000000000000000e+00 0.000000000000000000e+00
0.000000000000000000e+00 0.000000000000000000e+00 0.000000000000000000e+00
0.000000000000000000e+00 0.000000000000000000e+00 0.000000000000000000e+00
0.000000000000000000e+00 0.000000000000000000e+00 0.000000000000000000e+00
0.000000000000000000e+00 0.000000000000000000e+00 0.000000000000000000e+00
6.162033081054687500e-01 3.779677674174308777e-02 0.000000000000000000e+00
2.249072551727294922e+00 1.459050774574279785e-01 0.000000000000000000e+00
2.536903619766235352e+00 2.749040126800537109e-01 0.000000000000000000e+00
2.947809696197509766e+00 1.736067682504653931e-01 0.000000000000000000e+00
2.710139274597167969e+00 1.700596511363983154e-01 0.000000000000000000e+00
3.006505489349365234e+00 9.402313083410263062e-02 0.000000000000000000e+00
3.227831602096557617e+00 7.842541486024856567e-02 0.000000000000000000e+00
3.365509510040283203e+00 5.076580494642257690e-02 0.000000000000000000e+00
3.258845806121826172e+00 8.483965694904327393e-02 0.000000000000000000e+00
3.514215469360351562e+00 8.074192702770233154e-02 0.000000000000000000e+00
3.346250534057617188e+00 8.782088011503219604e-02 0.000000000000000000e+00
3.403136968612670898e+00 6.295920908451080322e-02 0.000000000000000000e+00
3.481573104858398438e+00 1.375938355922698975e-01 0.000000000000000000e+00
3.628701210021972656e+00 2.055678069591522217e-01 0.000000000000000000e+00
3.641254425048828125e+00 2.276217788457870483e-01 0.000000000000000000e+00
4.135463237762451172e+00 3.647355735301971436e-01 0.000000000000000000e+00
3.892987966537475586e+00 4.163833260536193848e-01 0.000000000000000000e+00
3.763968706130981445e+00 4.208094775676727295e-01 0.000000000000000000e+00
3.775608777999877930e+00 4.677613079547882080e-01 0.000000000000000000e+00
3.663956642150878906e+00 5.464171767234802246e-01 0.000000000000000000e+00
1.310760855674743652e+00 3.748472034931182861e-01 0.000000000000000000e+00
8.317096158862113953e-03 2.095555188134312630e-03 0.000000000000000000e+00
0.000000000000000000e+00 0.000000000000000000e+00 0.000000000000000000e+00
0.000000000000000000e+00 0.000000000000000000e+00 0.000000000000000000e+00
0.000000000000000000e+00 0.000000000000000000e+00 0.000000000000000000e+00
0.000000000000000000e+00 0.000000000000000000e+00 0.000000000000000000e+00
0.000000000000000000e+00 0.000000000000000000e+00 0.000000000000000000e+00
3.081484794616699219e+00 9.702247977256774902e-01 0.000000000000000000e+00
3.445983409881591797e+00 7.929632067680358887e-01 0.000000000000000000e+00
3.640122413635253906e+00 8.700688481330871582e-01 0.000000000000000000e+00
3.895094871520996094e+00 1.016693115234375000e+00 0.000000000000000000e+00
3.615286827087402344e+00 9.253582358360290527e-01 0.000000000000000000e+00
3.735308408737182617e+00 7.725808024406433105e-01 0.000000000000000000e+00
3.659845829010009766e+00 7.954024076461791992e-01 0.000000000000000000e+00
3.661246299743652344e+00 7.844346165657043457e-01 0.000000000000000000e+00
3.676437854766845703e+00 7.500714063644409180e-01 0.000000000000000000e+00
3.631090402603149414e+00 6.944089531898498535e-01 0.000000000000000000e+00
3.491490602493286133e+00 6.123353242874145508e-01 0.000000000000000000e+00
3.443337202072143555e+00 5.443754196166992188e-01 0.000000000000000000e+00
3.498585700988769531e+00 4.928054511547088623e-01 0.000000000000000000e+00
3.400594711303710938e+00 3.707606196403503418e-01 0.000000000000000000e+00
3.228738546371459961e+00 1.736794412136077881e-01 0.000000000000000000e+00
3.312216758728027344e+00 4.912191256880760193e-02 0.000000000000000000e+00
3.223347187042236328e+00 -1.018636077642440796e-01 0.000000000000000000e+00
3.243469238281250000e+00 -1.575901657342910767e-01 0.000000000000000000e+00
3.296713829040527344e+00 -2.053184658288955688e-01 0.000000000000000000e+00
3.636826753616333008e+00 -1.159111931920051575e-01 0.000000000000000000e+00
3.445547342300415039e+00 -2.828560769557952881e-01 0.000000000000000000e+00
3.900682926177978516e+00 -1.482755392789840698e-01 0.000000000000000000e+00
3.892901897430419922e+00 -1.193683892488479614e-01 0.000000000000000000e+00
3.762540340423583984e+00 -2.430346757173538208e-01 0.000000000000000000e+00
3.746447563171386719e+00 -2.597173452377319336e-01 0.000000000000000000e+00
3.750332117080688477e+00 -2.748258709907531738e-01 0.000000000000000000e+00
3.751054286956787109e+00 -2.915821671485900879e-01 0.000000000000000000e+00
3.748610973358154297e+00 -3.070410192012786865e-01 0.000000000000000000e+00
3.748760700225830078e+00 -3.223095238208770752e-01 0.000000000000000000e+00
3.748430252075195312e+00 -3.346555829048156738e-01 0.000000000000000000e+00
3.725597620010375977e+00 -3.135803937911987305e-01 0.000000000000000000e+00
3.435962200164794922e+00 -5.161330699920654297e-01 0.000000000000000000e+00
3.344217061996459961e+00 -5.291830897331237793e-01 0.000000000000000000e+00
3.467167139053344727e+00 -5.578396320343017578e-01 0.000000000000000000e+00
3.438000679016113281e+00 -5.384388566017150879e-01 0.000000000000000000e+00
3.375084161758422852e+00 -5.094853639602661133e-01 0.000000000000000000e+00
3.005912065505981445e+00 -5.386876463890075684e-01 0.000000000000000000e+00
2.663365125656127930e+00 -6.884317398071289062e-01 0.000000000000000000e+00
2.827318191528320312e+00 -7.246569395065307617e-01 0.000000000000000000e+00
2.864739418029785156e+00 -6.126942634582519531e-01 0.000000000000000000e+00
2.994850635528564453e+00 -3.759566843509674072e-01 0.000000000000000000e+00
3.198207855224609375e+00 -1.562958359718322754e-01 0.000000000000000000e+00
3.426729202270507812e+00 7.411438226699829102e-02 0.000000000000000000e+00
3.291199445724487305e+00 -1.631849445402622223e-02 0.000000000000000000e+00
3.283473491668701172e+00 8.744119852781295776e-02 0.000000000000000000e+00
3.456787824630737305e+00 1.703309565782546997e-01 0.000000000000000000e+00
3.606456756591796875e+00 2.682186067104339600e-01 0.000000000000000000e+00
3.774528026580810547e+00 4.442084133625030518e-01 0.000000000000000000e+00
4.223617076873779297e+00 6.224947571754455566e-01 0.000000000000000000e+00
3.887033700942993164e+00 6.033284664154052734e-01 0.000000000000000000e+00
3.879530668258666992e+00 7.456090450286865234e-01 0.000000000000000000e+00
3.878274917602539062e+00 8.437581658363342285e-01 0.000000000000000000e+00
3.885906934738159180e+00 8.944388031959533691e-01 0.000000000000000000e+00
3.886758327484130859e+00 9.842435717582702637e-01 0.000000000000000000e+00
3.886520147323608398e+00 1.074131608009338379e+00 0.000000000000000000e+00
3.871426582336425781e+00 1.135999679565429688e+00 0.000000000000000000e+00
3.881429910659790039e+00 1.215214133262634277e+00 0.000000000000000000e+00
3.886090278625488281e+00 1.193844795227050781e+00 0.000000000000000000e+00
3.860754728317260742e+00 1.187303662300109863e+00 0.000000000000000000e+00
3.830774068832397461e+00 1.162276744842529297e+00 0.000000000000000000e+00
3.855221271514892578e+00 1.188925266265869141e+00 0.000000000000000000e+00
3.829926490783691406e+00 1.161215662956237793e+00 0.000000000000000000e+00
1.684426307678222656e+00 5.242444276809692383e-01 0.000000000000000000e+00
7.974985986948013306e-03 2.495269756764173508e-03 0.000000000000000000e+00
0.000000000000000000e+00 0.000000000000000000e+00 0.000000000000000000e+00
0.000000000000000000e+00 0.000000000000000000e+00 0.000000000000000000e+00
0.000000000000000000e+00 0.000000000000000000e+00 0.000000000000000000e+00
0.000000000000000000e+00 0.000000000000000000e+00 0.000000000000000000e+00
0.000000000000000000e+00 0.000000000000000000e+00 0.000000000000000000e+00
0.000000000000000000e+00 0.000000000000000000e+00 0.000000000000000000e+00
0.000000000000000000e+00 0.000000000000000000e+00 0.000000000000000000e+00
0.000000000000000000e+00 0.000000000000000000e+00 0.000000000000000000e+00
0.000000000000000000e+00 0.000000000000000000e+00 0.000000000000000000e+00
0.000000000000000000e+00 0.000000000000000000e+00 0.000000000000000000e+00
0.000000000000000000e+00 0.000000000000000000e+00 0.000000000000000000e+00
0.000000000000000000e+00 0.000000000000000000e+00 0.000000000000000000e+00
0.000000000000000000e+00 0.000000000000000000e+00 0.000000000000000000e+00
0.000000000000000000e+00 0.000000000000000000e+00 0.000000000000000000e+00
0.000000000000000000e+00 0.000000000000000000e+00 0.000000000000000000e+00
0.000000000000000000e+00 0.000000000000000000e+00 0.000000000000000000e+00
0.000000000000000000e+00 0.000000000000000000e+00 0.000000000000000000e+00
0.000000000000000000e+00 0.000000000000000000e+00 0.000000000000000000e+00
0.000000000000000000e+00 0.000000000000000000e+00 0.000000000000000000e+00
0.000000000000000000e+00 0.000000000000000000e+00 0.000000000000000000e+00
0.000000000000000000e+00 0.000000000000000000e+00 0.000000000000000000e+00
0.000000000000000000e+00 0.000000000000000000e+00 0.000000000000000000e+00
0.000000000000000000e+00 0.000000000000000000e+00 0.000000000000000000e+00
0.000000000000000000e+00 0.000000000000000000e+00 0.000000000000000000e+00
0.000000000000000000e+00 0.000000000000000000e+00 0.000000000000000000e+00
0.000000000000000000e+00 0.000000000000000000e+00 0.000000000000000000e+00
0.000000000000000000e+00 0.000000000000000000e+00 0.000000000000000000e+00
0.000000000000000000e+00 0.000000000000000000e+00 0.000000000000000000e+00
0.000000000000000000e+00 0.000000000000000000e+00 0.000000000000000000e+00
0.000000000000000000e+00 0.000000000000000000e+00 0.000000000000000000e+00
0.000000000000000000e+00 0.000000000000000000e+00 0.000000000000000000e+00
0.000000000000000000e+00 0.000000000000000000e+00 0.000000000000000000e+00
0.000000000000000000e+00 0.000000000000000000e+00 0.000000000000000000e+00
0.000000000000000000e+00 0.000000000000000000e+00 0.000000000000000000e+00
0.000000000000000000e+00 0.000000000000000000e+00 0.000000000000000000e+00
0.000000000000000000e+00 0.000000000000000000e+00 0.000000000000000000e+00
0.000000000000000000e+00 0.000000000000000000e+00 0.000000000000000000e+00
0.000000000000000000e+00 0.000000000000000000e+00 0.000000000000000000e+00
0.000000000000000000e+00 0.000000000000000000e+00 0.000000000000000000e+00
0.000000000000000000e+00 0.000000000000000000e+00 0.000000000000000000e+00
0.000000000000000000e+00 0.000000000000000000e+00 0.000000000000000000e+00
0.000000000000000000e+00 0.000000000000000000e+00 0.000000000000000000e+00
0.000000000000000000e+00 0.000000000000000000e+00 0.000000000000000000e+00
0.000000000000000000e+00 0.000000000000000000e+00 0.000000000000000000e+00
0.000000000000000000e+00 0.000000000000000000e+00 0.000000000000000000e+00
0.000000000000000000e+00 0.000000000000000000e+00 0.000000000000000000e+00
0.000000000000000000e+00 0.000000000000000000e+00 0.000000000000000000e+00
0.000000000000000000e+00 0.000000000000000000e+00 0.000000000000000000e+00
0.000000000000000000e+00 0.000000000000000000e+00 0.000000000000000000e+00
0.000000000000000000e+00 0.000000000000000000e+00 0.000000000000000000e+00
0.000000000000000000e+00 0.000000000000000000e+00 0.000000000000000000e+00
0.000000000000000000e+00 0.000000000000000000e+00 0.000000000000000000e+00
0.000000000000000000e+00 0.000000000000000000e+00 0.000000000000000000e+00
0.000000000000000000e+00 0.000000000000000000e+00 0.000000000000000000e+00
0.000000000000000000e+00 0.000000000000000000e+00 0.000000000000000000e+00
0.000000000000000000e+00 0.000000000000000000e+00 0.000000000000000000e+00
0.000000000000000000e+00 0.000000000000000000e+00 0.000000000000000000e+00
0.000000000000000000e+00 0.000000000000000000e+00 0.000000000000000000e+00
0.000000000000000000e+00 0.000000000000000000e+00 0.000000000000000000e+00
0.000000000000000000e+00 0.000000000000000000e+00 0.000000000000000000e+00
0.000000000000000000e+00 0.000000000000000000e+00 0.000000000000000000e+00
0.000000000000000000e+00 0.000000000000000000e+00 0.000000000000000000e+00
0.000000000000000000e+00 0.000000000000000000e+00 0.000000000000000000e+00
0.000000000000000000e+00 0.000000000000000000e+00 0.000000000000000000e+00
0.000000000000000000e+00 0.000000000000000000e+00 0.000000000000000000e+00
0.000000000000000000e+00 0.000000000000000000e+00 0.000000000000000000e+00
0.000000000000000000e+00 0.000000000000000000e+00 0.000000000000000000e+00
0.000000000000000000e+00 0.000000000000000000e+00 0.000000000000000000e+00
0.000000000000000000e+00 0.000000000000000000e+00 0.000000000000000000e+00
0.000000000000000000e+00 0.000000000000000000e+00 0.000000000000000000e+00
0.000000000000000000e+00 0.000000000000000000e+00 0.000000000000000000e+00
0.000000000000000000e+00 0.000000000000000000e+00 0.000000000000000000e+00
0.000000000000000000e+00 0.000000000000000000e+00 0.000000000000000000e+00
0.000000000000000000e+00 0.000000000000000000e+00 0.000000000000000000e+00
0.000000000000000000e+00 0.000000000000000000e+00 0.000000000000000000e+00
0.000000000000000000e+00 0.000000000000000000e+00 0.000000000000000000e+00
0.000000000000000000e+00 0.000000000000000000e+00 0.000000000000000000e+00
0.000000000000000000e+00 0.000000000000000000e+00 0.000000000000000000e+00
0.000000000000000000e+00 0.000000000000000000e+00 0.000000000000000000e+00
0.000000000000000000e+00 0.000000000000000000e+00 0.000000000000000000e+00
0.000000000000000000e+00 0.000000000000000000e+00 0.000000000000000000e+00
0.000000000000000000e+00 0.000000000000000000e+00 0.000000000000000000e+00
0.000000000000000000e+00 0.000000000000000000e+00 0.000000000000000000e+00
0.000000000000000000e+00 0.000000000000000000e+00 0.000000000000000000e+00
0.000000000000000000e+00 0.000000000000000000e+00 0.000000000000000000e+00
0.000000000000000000e+00 0.000000000000000000e+00 0.000000000000000000e+00
0.000000000000000000e+00 0.000000000000000000e+00 0.000000000000000000e+00
0.000000000000000000e+00 0.000000000000000000e+00 0.000000000000000000e+00
0.000000000000000000e+00 0.000000000000000000e+00 0.000000000000000000e+00
0.000000000000000000e+00 0.000000000000000000e+00 0.000000000000000000e+00
0.000000000000000000e+00 0.000000000000000000e+00 0.000000000000000000e+00
0.000000000000000000e+00 0.000000000000000000e+00 0.000000000000000000e+00
0.000000000000000000e+00 0.000000000000000000e+00 0.000000000000000000e+00
0.000000000000000000e+00 0.000000000000000000e+00 0.000000000000000000e+00
0.000000000000000000e+00 0.000000000000000000e+00 0.000000000000000000e+00
0.000000000000000000e+00 0.000000000000000000e+00 0.000000000000000000e+00
0.000000000000000000e+00 0.000000000000000000e+00 0.000000000000000000e+00
0.000000000000000000e+00 0.000000000000000000e+00 0.000000000000000000e+00
0.000000000000000000e+00 0.000000000000000000e+00 0.000000000000000000e+00
0.000000000000000000e+00 0.000000000000000000e+00 0.000000000000000000e+00
0.000000000000000000e+00 0.000000000000000000e+00 0.000000000000000000e+00
0.000000000000000000e+00 0.000000000000000000e+00 0.000000000000000000e+00
0.000000000000000000e+00 0.000000000000000000e+00 0.000000000000000000e+00
0.000000000000000000e+00 0.000000000000000000e+00 0.000000000000000000e+00
0.000000000000000000e+00 0.000000000000000000e+00 0.000000000000000000e+00
0.000000000000000000e+00 0.000000000000000000e+00 0.000000000000000000e+00
0.000000000000000000e+00 0.000000000000000000e+00 0.000000000000000000e+00
