1.259214282035827637e-01
1.259214431047439575e-01
1.259213685989379883e-01
1.259213984012603760e-01
1.257079988718032837e-01
1.245172247290611267e-01
1.244364529848098755e-01
1.242849901318550110e-01
1.232899576425552368e-01
1.224682256579399109e-01
1.224513426423072815e-01
1.220081895589828491e-01
1.212908849120140076e-01
1.211608350276947021e-01
1.204359903931617737e-01
1.199444383382797241e-01
1.195113062858581543e-01
1.192116439342498779e-01
1.190276071429252625e-01
1.188204735517501831e-01
1.179890409111976624e-01
1.178791597485542297e-01
1.175670698285102844e-01
1.167723312973976135e-01
1.167882829904556274e-01
1.167437657713890076e-01
1.150893568992614746e-01
1.146236062049865723e-01
1.142629459500312805e-01
1.136169359087944031e-01
1.132200136780738831e-01
1.118803545832633972e-01
1.119935289025306702e-01
1.118422672152519226e-01
1.106665655970573425e-01
1.096199676394462585e-01
1.091701388359069824e-01
1.085777580738067627e-01
1.081627309322357178e-01
1.071778088808059692e-01
1.068807393312454224e-01
1.060148328542709351e-01
1.056577786803245544e-01
1.056069582700729370e-01
1.038323864340782166e-01
1.037112697958946228e-01
1.026124805212020874e-01
1.024378314614295959e-01
1.019616797566413879e-01
1.011490896344184875e-01
1.006576046347618103e-01
9.981025010347366333e-02
9.933464229106903076e-02
9.919866919517517090e-02
9.828485548496246338e-02
9.592876583337783813e-02
9.465136379003524780e-02
9.321855753660202026e-02
9.207363426685333252e-02
8.986356854438781738e-02
8.719614148139953613e-02
8.744071424007415771e-02
8.472248911857604980e-02
8.156731724739074707e-02
8.151388168334960938e-02
7.906713336706161499e-02
7.246272265911102295e-02
7.000784575939178467e-02
6.860894709825515747e-02
6.929413974285125732e-02
6.918932497501373291e-02
6.777285784482955933e-02
6.721808016300201416e-02
6.621661782264709473e-02
6.627528369426727295e-02
6.626882404088973999e-02
6.405089795589447021e-02
6.346648931503295898e-02
6.258481740951538086e-02
6.315341591835021973e-02
6.309080123901367188e-02
6.127712503075599670e-02
6.082492694258689880e-02
6.092875078320503235e-02
6.092125549912452698e-02
6.093492358922958374e-02
6.093689799308776855e-02
6.093845143914222717e-02
6.093822047114372253e-02
6.093938648700714111e-02
6.093963980674743652e-02
6.093948334455490112e-02
6.093943119049072266e-02
6.093990430235862732e-02
6.093979999423027039e-02
6.093992292881011963e-02
6.093987077474594116e-02
6.093988940119743347e-02
6.094009429216384888e-02
6.094008684158325195e-02
6.094028800725936890e-02
6.094028800725936890e-02
6.094022840261459351e-02
6.094028800725936890e-02
6.094035133719444275e-02
6.094030663371086121e-02
6.094036623835563660e-02
6.094032153487205505e-02
6.094034388661384583e-02
6.140572205185890198e-02
6.614372879266738892e-02
6.775501370429992676e-02
6.772878766059875488e-02
6.929051876068115234e-02
6.946617364883422852e-02
6.982310861349105835e-02
7.121547311544418335e-02
7.220479846000671387e-02
7.138859480619430542e-02
7.065279781818389893e-02
6.778525561094284058e-02
6.772762537002563477e-02
6.648077070713043213e-02
6.398989260196685791e-02
6.338751316070556641e-02
6.202075630426406860e-02
5.977761372923851013e-02
5.833778157830238342e-02
5.805516615509986877e-02
5.625112354755401611e-02
5.479742586612701416e-02
5.266345664858818054e-02
5.219095945358276367e-02
4.987003281712532043e-02
4.902240633964538574e-02
4.765361547470092773e-02
4.576756060123443604e-02
4.594575613737106323e-02
4.595280811190605164e-02
4.593368619680404663e-02
4.516323655843734741e-02
4.266510158777236938e-02
4.204799234867095947e-02
4.111253470182418823e-02
3.897290304303169250e-02
3.916929289698600769e-02
3.737983480095863342e-02
3.593572974205017090e-02
3.600808978080749512e-02
3.331494703888893127e-02
3.252999857068061829e-02
2.976638264954090118e-02
2.912218682467937469e-02
2.665673196315765381e-02
2.562897466123104095e-02
2.414634451270103455e-02
2.208117023110389709e-02
2.061996795237064362e-02
1.967164315283298492e-02
1.866462081670761108e-02
1.675154455006122589e-02
1.535358652472496033e-02
1.305429451167583466e-02
1.295430865138769150e-02
1.155169680714607239e-02
1.080298703163862228e-02
8.724595420062541962e-03
7.707654964178800583e-03
4.873892292380332947e-03
4.934752359986305237e-03
2.129003172740340233e-03
1.193323056213557720e-03
9.772260673344135284e-04
1.517021679319441319e-03
2.993250265717506409e-03
5.388284102082252502e-03
7.679774891585111618e-03
1.004761084914207458e-02
1.086435001343488693e-02
1.141222007572650909e-02
1.438507437705993652e-02
1.575088687241077423e-02
1.870070584118366241e-02
1.956913247704505920e-02
1.940977014601230621e-02
2.137994393706321716e-02
2.363211289048194885e-02
2.493381313979625702e-02
2.545056119561195374e-02
2.774657495319843292e-02
2.863124944269657135e-02
3.182676434516906738e-02
3.202718496322631836e-02
3.477960824966430664e-02
3.587190061807632446e-02
3.697078675031661987e-02
3.969090059399604797e-02
3.996670618653297424e-02
4.382408410310745239e-02
4.413945600390434265e-02
4.448088258504867554e-02
4.731646180152893066e-02
4.859855026006698608e-02
5.203374475240707397e-02
5.229375138878822327e-02
5.228163674473762512e-02
5.545033514499664307e-02
5.675754323601722717e-02
5.774192884564399719e-02
5.845186486840248108e-02
6.135268881916999817e-02
6.274409592151641846e-02
6.568729132413864136e-02
6.611624360084533691e-02
6.657803058624267578e-02
6.931108236312866211e-02
7.189905643463134766e-02
7.382993400096893311e-02
7.394931465387344360e-02
7.648271322250366211e-02
7.821192592382431030e-02
7.823089510202407837e-02
8.190235495567321777e-02
8.241584151983261108e-02
8.400347828865051270e-02
8.636337518692016602e-02
8.617351949214935303e-02
8.527968823909759521e-02
8.473420888185501099e-02
8.471118658781051636e-02
8.334980905055999756e-02
8.273899555206298828e-02
8.149226009845733643e-02
8.060692995786666870e-02
8.068339526653289795e-02
7.932955026626586914e-02
7.842652499675750732e-02
7.721072435379028320e-02
7.632946968078613281e-02
7.641986012458801270e-02
7.636363059282302856e-02
7.575808465480804443e-02
7.501481473445892334e-02
7.404697686433792114e-02
7.361572235822677612e-02
7.188130915164947510e-02
7.135409861803054810e-02
7.045175880193710327e-02
6.976190209388732910e-02
6.922577321529388428e-02
6.816022098064422607e-02
6.720331311225891113e-02
6.602992862462997437e-02
6.431150436401367188e-02
6.290318071842193604e-02
6.242376938462257385e-02
5.993033200502395630e-02
5.829092487692832947e-02
5.695911124348640442e-02
5.699885636568069458e-02
5.580498650670051575e-02
5.508761107921600342e-02
5.313116312026977539e-02
5.236670747399330139e-02
5.028633773326873779e-02
4.931348189711570740e-02
4.752098396420478821e-02
4.708568379282951355e-02
4.472682252526283264e-02
4.310788586735725403e-02
4.022737219929695129e-02
3.899712488055229187e-02
3.795158118009567261e-02
3.673699125647544861e-02
3.401894867420196533e-02
3.263438120484352112e-02
3.073661401867866516e-02
2.957927621901035309e-02
2.904705330729484558e-02
2.589104697108268738e-02
2.497807331383228302e-02
2.508774027228355408e-02
2.311742119491100311e-02
2.063423581421375275e-02
1.851205527782440186e-02
1.646014116704463959e-02
1.621956378221511841e-02
1.142200455069541931e-02
1.194735057651996613e-02
1.172374747693538666e-02
8.694388903677463531e-03
8.314731530845165253e-03
6.123077124357223511e-03
5.211174953728914261e-03
5.160532426089048386e-03
4.361605271697044373e-03
4.958269651979207993e-03
5.076558794826269150e-03
6.523380987346172333e-03
7.337179500609636307e-03
8.054273203015327454e-03
1.102672610431909561e-02
1.110632717609405518e-02
1.337338984012603760e-02
1.519989594817161560e-02
1.579090952873229980e-02
1.616385951638221741e-02
1.961455307900905609e-02
2.032783068716526031e-02
2.180097065865993500e-02
2.474182657897472382e-02
2.543418481945991516e-02
2.623495645821094513e-02
2.906667999923229218e-02
3.059237077832221985e-02
3.226934745907783508e-02
3.296402096748352051e-02
3.419353067874908447e-02
3.616754338145256042e-02
3.791414573788642883e-02
3.944145888090133667e-02
4.156427830457687378e-02
4.230031743645668030e-02
4.303273186087608337e-02
4.480247199535369873e-02
4.627849534153938293e-02
4.770233854651451111e-02
5.003169551491737366e-02
5.151097476482391357e-02
5.480246245861053467e-02
5.494083091616630554e-02
5.681979656219482422e-02
5.860088393092155457e-02
5.853316932916641235e-02
5.964658409357070923e-02
6.247724592685699463e-02
6.274357438087463379e-02
6.487975269556045532e-02
6.036411598324775696e-02
6.170210242271423340e-02
6.598239392042160034e-02
6.499217450618743896e-02
5.845665559172630310e-02
5.746321752667427063e-02
6.056833267211914062e-02
6.046909093856811523e-02
5.758675932884216309e-02
5.845139175653457642e-02
5.860704183578491211e-02
6.050760298967361450e-02
6.004431098699569702e-02
5.812779441475868225e-02
5.712549760937690735e-02
5.294713005423545837e-02
5.237885564565658569e-02
4.988956078886985779e-02
4.881831258535385132e-02
4.630398750305175781e-02
4.402241110801696777e-02
4.422656446695327759e-02
4.417258128523826599e-02
4.398694261908531189e-02
4.210834577679634094e-02
3.809599205851554871e-02
3.752854093909263611e-02
3.653463348746299744e-02
3.408454358577728271e-02
3.298323974013328552e-02
3.073650784790515900e-02
2.781041897833347321e-02
2.749862708151340485e-02
2.357117272913455963e-02
2.268343605101108551e-02
1.918346993625164032e-02
1.867143251001834869e-02
1.873559318482875824e-02
1.449233572930097580e-02
1.399794779717922211e-02
1.290401257574558258e-02
9.351480752229690552e-03
9.387551806867122650e-03
6.039458326995372772e-03
5.466650705784559250e-03
6.463419180363416672e-03
6.153140682727098465e-03
7.796012796461582184e-03
7.699491921812295914e-03
1.017288304865360260e-02
1.046349015086889267e-02
1.264707930386066437e-02
1.478874497115612030e-02
1.651664637029170990e-02
1.927187666296958923e-02
2.018832415342330933e-02
2.122778818011283875e-02
2.227536216378211975e-02
2.251754142343997955e-02
2.489722333848476410e-02
2.580134756863117218e-02
2.638215757906436920e-02
2.922480180859565735e-02
2.990067191421985626e-02
3.172573819756507874e-02
3.339308872818946838e-02
3.357239812612533569e-02
3.617285937070846558e-02
3.696153312921524048e-02
3.726768866181373596e-02
4.008457437157630920e-02
4.039933905005455017e-02
4.170655086636543274e-02
4.374196007847785950e-02
4.543051868677139282e-02
4.716126620769500732e-02
4.756264761090278625e-02
5.001465603709220886e-02
5.040075629949569702e-02
5.261596292257308960e-02
5.442434921860694885e-02
5.473890528082847595e-02
5.746781080961227417e-02
5.754151195287704468e-02
5.995159596204757690e-02
6.070147082209587097e-02
6.116701290011405945e-02
6.212574243545532227e-02
6.196426600217819214e-02
6.098429486155509949e-02
5.867897719144821167e-02
5.880630761384963989e-02
5.881943181157112122e-02
5.559388548135757446e-02
5.539581924676895142e-02
5.416417866945266724e-02
5.299271270632743835e-02
5.137972161173820496e-02
5.045230686664581299e-02
4.879917204380035400e-02
4.757973551750183105e-02
4.576679691672325134e-02
4.562377929687500000e-02
4.564484581351280212e-02
4.564638063311576843e-02
4.389832913875579834e-02
4.191503301262855530e-02
4.187167063355445862e-02
3.916164860129356384e-02
3.901243954896926880e-02
3.770764917135238647e-02
3.634319454431533813e-02
3.574386984109878540e-02
3.299606591463088989e-02
3.273129090666770935e-02
3.161052614450454712e-02
2.971060201525688171e-02
2.845541946589946747e-02
2.807612158358097076e-02
2.515152096748352051e-02
2.527441270649433136e-02
2.251131460070610046e-02
2.211333811283111572e-02
2.052582055330276489e-02
2.050596103072166443e-02
1.759970374405384064e-02
1.710033416748046875e-02
1.440604962408542633e-02
1.464584562927484512e-02
1.305129285901784897e-02
1.176299247890710831e-02
1.180794741958379745e-02
9.869849309325218201e-03
8.729984052479267120e-03
7.291924674063920975e-03
7.172382436692714691e-03
5.280635319650173187e-03
4.377576056867837906e-03
3.912509419023990631e-03
3.273307112976908684e-03
1.978913554921746254e-03
1.841276767663657665e-03
2.691276604309678078e-03
2.612222917377948761e-03
5.070180166512727737e-03
6.356348283588886261e-03
6.919832434505224228e-03
6.934822071343660355e-03
8.583444170653820038e-03
8.980286307632923126e-03
1.041332539170980453e-02
1.059122569859027863e-02
1.218445878475904465e-02
1.270950678735971451e-02
1.325884554535150528e-02
1.393279992043972015e-02
1.488019712269306183e-02
1.546218246221542358e-02
1.608787663280963898e-02
1.687342301011085510e-02
1.692405343055725098e-02
1.761006750166416168e-02
1.910888403654098511e-02
2.072738669812679291e-02
2.125976420938968658e-02
2.165753953158855438e-02
2.216693386435508728e-02
2.226484566926956177e-02
2.274054288864135742e-02
2.305268310010433197e-02
2.350916154682636261e-02
2.400426380336284637e-02
2.430868521332740784e-02
2.467077225446701050e-02
2.515246532857418060e-02
2.605429850518703461e-02
2.644032798707485199e-02
2.653638646006584167e-02
2.701942622661590576e-02
2.756508812308311462e-02
2.790771983563899994e-02
2.819107659161090851e-02
2.887710183858871460e-02
2.972887828946113586e-02
2.983943745493888855e-02
2.977993525564670563e-02
3.041346184909343719e-02
3.160879388451576233e-02
3.207043558359146118e-02
3.252788633108139038e-02
3.294351696968078613e-02
3.288064524531364441e-02
3.392235189676284790e-02
3.451863303780555725e-02
3.552599623799324036e-02
3.597878664731979370e-02
3.609078377485275269e-02
3.709068521857261658e-02
3.701840713620185852e-02
3.698782995343208313e-02
3.708208352327346802e-02
3.869664669036865234e-02
3.955642879009246826e-02
3.972605615854263306e-02
4.016701504588127136e-02
4.083669930696487427e-02
4.134608805179595947e-02
4.224699363112449646e-02
4.303239285945892334e-02
4.300080612301826477e-02
4.359710216522216797e-02
4.406489059329032898e-02
4.471489787101745605e-02
4.520997777581214905e-02
4.516698047518730164e-02
4.632762819528579712e-02
4.676554352045059204e-02
4.736385121941566467e-02
4.796753451228141785e-02
4.850759729743003845e-02
4.899398237466812134e-02
4.951460659503936768e-02
5.045231804251670837e-02
5.082837119698524475e-02
5.121686309576034546e-02
5.181427299976348877e-02
5.271298810839653015e-02
5.290133506059646606e-02
5.346927046775817871e-02
5.389443039894104004e-02
5.478115379810333252e-02
5.515505000948905945e-02
5.533811822533607483e-02
5.534969642758369446e-02
5.535290017724037170e-02
5.535642802715301514e-02
5.535833165049552917e-02
5.535884201526641846e-02
5.535962432622909546e-02
5.536006391048431396e-02
5.536033213138580322e-02
5.536066368222236633e-02
5.536071956157684326e-02
5.549545213580131531e-02
5.590502172708511353e-02
5.582473054528236389e-02
5.580529570579528809e-02
5.579723045229911804e-02
5.580068752169609070e-02
5.579976364970207214e-02
5.579899251461029053e-02
5.579861626029014587e-02
5.579794198274612427e-02
5.579785630106925964e-02
5.581923946738243103e-02
5.634595826268196106e-02
5.632553994655609131e-02
5.632776021957397461e-02
5.632855743169784546e-02
5.632932111620903015e-02
5.632906407117843628e-02
5.643571913242340088e-02
5.679660663008689880e-02
5.674819648265838623e-02
5.674934759736061096e-02
5.683693289756774902e-02
5.725990980863571167e-02
5.723576620221138000e-02
5.723876506090164185e-02
5.723892897367477417e-02
5.723843723535537720e-02
5.723837018013000488e-02
5.723803490400314331e-02
5.763158947229385376e-02
5.767787620425224304e-02
5.767235904932022095e-02
5.768072605133056641e-02
5.768071487545967102e-02
5.768044292926788330e-02
5.768029391765594482e-02
5.768042057752609253e-02
5.768021941184997559e-02
5.768024176359176636e-02
5.768014490604400635e-02
5.768012627959251404e-02
5.816864967346191406e-02
5.817741900682449341e-02
5.816311016678810120e-02
5.816597491502761841e-02
5.816666781902313232e-02
5.816630646586418152e-02
5.816630274057388306e-02
5.816608294844627380e-02
5.816603079438209534e-02
5.816588550806045532e-02
5.816559866070747375e-02
5.816554650664329529e-02
5.816545337438583374e-02
5.822826921939849854e-02
5.866403877735137939e-02
5.860846489667892456e-02
5.861261114478111267e-02
5.861204490065574646e-02
5.861258879303932190e-02
5.861262232065200806e-02
5.861257016658782959e-02
5.861271172761917114e-02
5.861258506774902344e-02
5.861267074942588806e-02
5.861269310116767883e-02
5.861261859536170959e-02
5.898928269743919373e-02
5.909432843327522278e-02
5.908235907554626465e-02
5.908154696226119995e-02
5.908099934458732605e-02
5.908019468188285828e-02
5.907941609621047974e-02
5.907909572124481201e-02
5.907842516899108887e-02
5.907803773880004883e-02
5.907798558473587036e-02
5.907804891467094421e-02
5.910658091306686401e-02
5.959137529134750366e-02
5.954744666814804077e-02
5.954645201563835144e-02
5.954801291227340698e-02
5.954898893833160400e-02
5.954859405755996704e-02
5.954887717962265015e-02
5.954895541071891785e-02
5.954891070723533630e-02
5.954908579587936401e-02
5.954894796013832092e-02
5.954887345433235168e-02
5.954897403717041016e-02
5.987529456615447998e-02
6.007387116551399231e-02
6.005122885107994080e-02
6.005160883069038391e-02
6.005152314901351929e-02
6.005059182643890381e-02
6.005067378282546997e-02
6.005018576979637146e-02
6.005029380321502686e-02
6.005005910992622375e-02
6.004968658089637756e-02
6.004974246025085449e-02
6.034348532557487488e-02
6.052912771701812744e-02
6.051824986934661865e-02
6.051282212138175964e-02
6.051081046462059021e-02
6.050809845328330994e-02
6.050740554928779602e-02
6.050789728760719299e-02
6.050762161612510681e-02
6.050795316696166992e-02
6.050800532102584839e-02
6.050792708992958069e-02
6.050807982683181763e-02
6.050799787044525146e-02
6.095957756042480469e-02
6.100283935666084290e-02
6.099806353449821472e-02
6.099433079361915588e-02
6.099231541156768799e-02
6.099032610654830933e-02
6.098716706037521362e-02
6.098609790205955505e-02
6.098483502864837646e-02
6.119454652070999146e-02
6.152820214629173279e-02
6.146986410021781921e-02
6.146418675780296326e-02
6.146033853292465210e-02
6.145597621798515320e-02
6.145586073398590088e-02
6.149058789014816284e-02
6.195041909813880920e-02
6.196307390928268433e-02
6.196389347314834595e-02
6.196414679288864136e-02
6.196398288011550903e-02
6.196375563740730286e-02
6.196333095431327820e-02
6.247492879629135132e-02
6.246386468410491943e-02
6.245664134621620178e-02
6.245459243655204773e-02
6.245440617203712463e-02
6.245348975062370300e-02
6.245318427681922913e-02
6.251395493745803833e-02
6.295133382081985474e-02
6.292737275362014771e-02
6.292925029993057251e-02
6.292990595102310181e-02
6.293109804391860962e-02
6.293123215436935425e-02
6.293114274740219116e-02
6.293168663978576660e-02
6.293152272701263428e-02
6.341672688722610474e-02
6.341003626585006714e-02
6.339601427316665649e-02
6.339206546545028687e-02
6.339249759912490845e-02
6.385487318038940430e-02
6.392430514097213745e-02
6.391350179910659790e-02
6.391180306673049927e-02
6.391296535730361938e-02
6.418453156948089600e-02
6.441075354814529419e-02
6.437502056360244751e-02
6.437308341264724731e-02
6.437262147665023804e-02
6.437158584594726562e-02
6.476930528879165649e-02
6.490783393383026123e-02
6.486199796199798584e-02
6.486917287111282349e-02
6.486863642930984497e-02
6.486809253692626953e-02
6.486795842647552490e-02
6.486747413873672485e-02
6.486728042364120483e-02
6.486718356609344482e-02
6.530193984508514404e-02
6.536293029785156250e-02
6.537017971277236938e-02
6.537482142448425293e-02
6.537909060716629028e-02
6.537768989801406860e-02
6.550540030002593994e-02
6.587870419025421143e-02
6.581266969442367554e-02
6.578833609819412231e-02
6.578318029642105103e-02
6.578218191862106323e-02
6.578019261360168457e-02
6.577898561954498291e-02
6.601407378911972046e-02
6.639491766691207886e-02
6.634016335010528564e-02
6.634651869535446167e-02
6.634576618671417236e-02
6.634511053562164307e-02
6.634479761123657227e-02
6.634419411420822144e-02
6.634396314620971680e-02
6.640414893627166748e-02
6.687782704830169678e-02
6.682929396629333496e-02
6.683019548654556274e-02
6.683022528886795044e-02
6.682937592267990112e-02
6.682905554771423340e-02
6.682866066694259644e-02
6.706107407808303833e-02
6.733410805463790894e-02
6.730818003416061401e-02
6.731717288494110107e-02
6.731820851564407349e-02
6.731870770454406738e-02
6.731949746608734131e-02
6.731956452131271362e-02
6.731990724802017212e-02
6.731990724802017212e-02
6.732011586427688599e-02
6.737177819013595581e-02
6.779753416776657104e-02
6.782342493534088135e-02
6.783699244260787964e-02
6.783768534660339355e-02
6.783895194530487061e-02
6.793528050184249878e-02
6.837344169616699219e-02
6.832403689622879028e-02
6.832037866115570068e-02
6.831764429807662964e-02
6.831996887922286987e-02
6.831932812929153442e-02
6.831906735897064209e-02
6.831906735897064209e-02
6.831885129213333130e-02
6.887209415435791016e-02
6.884734332561492920e-02
6.884394586086273193e-02
6.920902431011199951e-02
6.932561099529266357e-02
6.929894536733627319e-02
6.930162757635116577e-02
6.930279731750488281e-02
6.930223852396011353e-02
6.930241733789443970e-02
6.930247694253921509e-02
6.930228322744369507e-02
6.930230557918548584e-02
6.934189051389694214e-02
6.980449706315994263e-02
6.985258311033248901e-02
6.985245645046234131e-02
6.985571235418319702e-02
6.985623389482498169e-02
6.985598057508468628e-02
6.985575705766677856e-02
6.985605508089065552e-02
7.019568234682083130e-02
7.037347555160522461e-02
7.032161951065063477e-02
7.032578438520431519e-02
7.032589614391326904e-02
7.032525539398193359e-02
7.032546401023864746e-02
7.032573223114013672e-02
7.032556086778640747e-02
7.076323032379150391e-02
7.083615660667419434e-02
7.083468139171600342e-02
7.083206623792648315e-02
7.083186507225036621e-02
7.083162665367126465e-02
7.083097100257873535e-02
7.083104550838470459e-02
7.083087414503097534e-02
7.083079963922500610e-02
7.136018574237823486e-02
7.136918604373931885e-02
7.136911153793334961e-02
7.136930525302886963e-02
7.137033343315124512e-02
7.145415991544723511e-02
7.186859846115112305e-02
7.183714956045150757e-02
7.183668017387390137e-02
7.183773070573806763e-02
7.186533510684967041e-02
7.237893342971801758e-02
7.238908857107162476e-02
7.239622622728347778e-02
7.239158451557159424e-02
7.239114493131637573e-02
7.239086180925369263e-02
7.274319231510162354e-02
7.286723703145980835e-02
7.284194976091384888e-02
7.284275442361831665e-02
7.284134626388549805e-02
7.284016907215118408e-02
7.378881424665451050e-02
7.401555776596069336e-02
7.483241707086563110e-02
7.531384378671646118e-02
7.548983395099639893e-02
7.639931142330169678e-02
7.685665041208267212e-02
7.696276903152465820e-02
7.796529680490493774e-02
7.854235917329788208e-02
7.842979580163955688e-02
7.940996438264846802e-02
7.949046045541763306e-02
7.958540320396423340e-02
8.108726143836975098e-02
8.105593174695968628e-02
8.184512704610824585e-02
8.211752027273178101e-02
8.251100778579711914e-02
8.324170857667922974e-02
8.363585174083709717e-02
8.424562960863113403e-02
8.463608473539352417e-02
8.524527400732040405e-02
8.632031828165054321e-02
8.627310395240783691e-02
8.678700029850006104e-02
8.746063709259033203e-02
8.788682520389556885e-02
8.881877362728118896e-02
8.910056203603744507e-02
8.999681472778320312e-02
9.044381976127624512e-02
9.116442501544952393e-02
9.162463247776031494e-02
9.182252734899520874e-02
9.211261570453643799e-02
9.307751804590225220e-02
9.337750822305679321e-02
9.430336952209472656e-02
9.465517848730087280e-02
9.500744938850402832e-02
9.590693563222885132e-02
9.648697078227996826e-02
9.699533879756927490e-02
9.708629548549652100e-02
9.761221706867218018e-02
9.854236990213394165e-02
9.887870401144027710e-02
9.910517185926437378e-02
9.909024089574813843e-02
9.914952516555786133e-02
1.002339720726013184e-01
1.003129407763481140e-01
1.007966548204421997e-01
1.013016551733016968e-01
1.018207445740699768e-01
1.022287830710411072e-01
1.029324308037757874e-01
1.030527725815773010e-01
1.040795668959617615e-01
1.049331426620483398e-01
1.052811220288276672e-01
1.062735840678215027e-01
1.062294840812683105e-01
1.064087450504302979e-01
1.074214205145835876e-01
1.083723530173301697e-01
1.087165847420692444e-01
1.090520843863487244e-01
1.090261638164520264e-01
1.093701124191284180e-01
1.104749590158462524e-01
1.113548576831817627e-01
1.123389229178428650e-01
1.123877093195915222e-01
1.129034459590911865e-01
1.132072135806083679e-01
1.135062649846076965e-01
1.149682030081748962e-01
1.154920831322669983e-01
1.159231662750244141e-01
1.163699254393577576e-01
1.163896545767784119e-01
1.180318370461463928e-01
1.180405169725418091e-01
1.189865097403526306e-01
1.192163303494453430e-01
1.196551918983459473e-01
1.203841641545295715e-01
1.208808645606040955e-01
1.218097358942031860e-01
1.225208044052124023e-01
1.226223334670066833e-01
1.231754422187805176e-01
1.236038953065872192e-01
1.242549940943717957e-01
1.247681900858879089e-01
1.253681331872940063e-01
1.257110238075256348e-01
1.265208423137664795e-01
1.265788674354553223e-01
1.282202303409576416e-01
1.285213083028793335e-01
1.290253400802612305e-01
1.298293620347976685e-01
1.299996227025985718e-01
1.309113353490829468e-01
1.311575323343276978e-01
1.315671354532241821e-01
1.325368732213973999e-01
1.328519582748413086e-01
1.328554451465606689e-01
1.345758885145187378e-01
1.347122192382812500e-01
1.353214234113693237e-01
1.357052326202392578e-01
1.364446282386779785e-01
1.372292190790176392e-01
1.374056488275527954e-01
1.378111541271209717e-01
1.381490528583526611e-01
1.390438377857208252e-01
1.402250081300735474e-01
1.403724700212478638e-01
1.408554166555404663e-01
1.417022794485092163e-01
1.422343701124191284e-01
1.427441090345382690e-01
1.438789218664169312e-01
1.442309021949768066e-01
1.448247432708740234e-01
1.449423581361770630e-01
1.449327915906906128e-01
1.461280882358551025e-01
1.469691544771194458e-01
1.475243717432022095e-01
1.477624624967575073e-01
1.477731019258499146e-01
1.489322483539581299e-01
1.496244966983795166e-01
1.499247103929519653e-01
1.506338119506835938e-01
1.509525626897811890e-01
1.522278487682342529e-01
1.523173153400421143e-01
1.531569361686706543e-01
1.535442024469375610e-01
1.539674550294876099e-01
1.539851874113082886e-01
1.539858877658843994e-01
1.541114896535873413e-01
1.555410176515579224e-01
1.557262688875198364e-01
1.564823538064956665e-01
1.568425148725509644e-01
1.568100154399871826e-01
1.568038612604141235e-01
1.577616333961486816e-01
1.586390137672424316e-01
1.600004732608795166e-01
1.604637503623962402e-01
1.612823158502578735e-01
1.613526493310928345e-01
1.617030799388885498e-01
1.624872684478759766e-01
1.631357073783874512e-01
1.641091555356979370e-01
1.646046042442321777e-01
1.649222075939178467e-01
1.652776896953582764e-01
1.653040349483489990e-01
1.664835363626480103e-01
1.669912487268447876e-01
1.674076318740844727e-01
1.680250614881515503e-01
1.685998141765594482e-01
1.691816598176956177e-01
1.696382313966751099e-01
1.702807992696762085e-01
1.709532290697097778e-01
1.713862419128417969e-01
1.717005372047424316e-01
1.725221723318099976e-01
1.730609089136123657e-01
1.734722405672073364e-01
1.743718981742858887e-01
1.747909933328628540e-01
1.751575469970703125e-01
1.757899224758148193e-01
1.757687330245971680e-01
1.762809604406356812e-01
1.763767302036285400e-01
1.780496239662170410e-01
1.784309893846511841e-01
1.793224811553955078e-01
1.797413825988769531e-01
1.801701188087463379e-01
1.803787350654602051e-01
1.812697649002075195e-01
1.817879378795623779e-01
1.821009367704391479e-01
1.829080581665039062e-01
1.830474138259887695e-01
1.839586198329925537e-01
1.843664944171905518e-01
1.847206652164459229e-01
1.855086386203765869e-01
1.859204918146133423e-01
1.864503175020217896e-01
1.869721710681915283e-01
1.877904981374740601e-01
1.881579309701919556e-01
1.884593665599822998e-01
1.884676069021224976e-01
1.900084912776947021e-01
1.900614798069000244e-01
1.906801909208297729e-01
1.910973191261291504e-01
1.915465891361236572e-01
1.923124790191650391e-01
1.925311982631683350e-01
1.925082951784133911e-01
1.934943646192550659e-01
1.940921992063522339e-01
1.944581866264343262e-01
1.948502957820892334e-01
1.954044550657272339e-01
1.959628015756607056e-01
1.963329762220382690e-01
1.964254975318908691e-01
1.972999721765518188e-01
1.976797431707382202e-01
1.982942968606948853e-01
1.982618421316146851e-01
1.987018883228302002e-01
1.997208297252655029e-01
2.001362591981887817e-01
2.007958590984344482e-01
2.012302577495574951e-01
2.015821635723114014e-01
2.023386359214782715e-01
2.028145641088485718e-01
2.030954062938690186e-01
2.035471796989440918e-01
2.043128162622451782e-01
2.044939994812011719e-01
2.044513374567031860e-01
2.044613361358642578e-01
2.044664025306701660e-01
2.044667750597000122e-01
2.051248699426651001e-01
2.054505944252014160e-01
2.056431025266647339e-01
2.064821869134902954e-01
2.067955434322357178e-01
2.073606550693511963e-01
2.077680677175521851e-01
2.082920670509338379e-01
2.084318995475769043e-01
2.086624652147293091e-01
2.090020626783370972e-01
2.091348916292190552e-01
2.093312889337539673e-01
2.096351236104965210e-01
2.096549272537231445e-01
2.097040414810180664e-01
2.101949751377105713e-01
2.102958410978317261e-01
2.105710506439208984e-01
2.107278406620025635e-01
2.109266817569732666e-01
2.110861241817474365e-01
2.111303359270095825e-01
2.114669233560562134e-01
2.118877917528152466e-01
2.120283097028732300e-01
2.122718840837478638e-01
2.123666107654571533e-01
2.127304226160049438e-01
2.128257304430007935e-01
2.129330933094024658e-01
2.131822705268859863e-01
2.133576124906539917e-01
2.138419598340988159e-01
2.139961719512939453e-01
2.140925079584121704e-01
2.144781500101089478e-01
2.146662920713424683e-01
2.146956175565719604e-01
2.151159644126892090e-01
2.151707261800765991e-01
2.151919007301330566e-01
2.156966179609298706e-01
2.158113718032836914e-01
2.159719616174697876e-01
2.163026183843612671e-01
2.165107578039169312e-01
2.166455984115600586e-01
2.168916165828704834e-01
2.171192467212677002e-01
2.174140214920043945e-01
2.176230251789093018e-01
2.177471965551376343e-01
2.179740369319915771e-01
2.182069867849349976e-01
2.181990295648574829e-01
2.182646989822387695e-01
2.181760966777801514e-01
2.179922908544540405e-01
2.178534865379333496e-01
2.178399711847305298e-01
2.176147252321243286e-01
2.176396250724792480e-01
2.172914296388626099e-01
2.172634899616241455e-01
2.171665579080581665e-01
2.171051204204559326e-01
2.169305682182312012e-01
2.167760282754898071e-01
2.167389690876007080e-01
2.165157794952392578e-01
2.165177762508392334e-01
2.164086103439331055e-01
2.162441760301589966e-01
2.162294983863830566e-01
2.162614166736602783e-01
2.158856540918350220e-01
2.157854735851287842e-01
2.157548666000366211e-01
2.155243009328842163e-01
2.155208438634872437e-01
2.152905017137527466e-01
2.152686715126037598e-01
2.151457071304321289e-01
2.149630039930343628e-01
2.150044441223144531e-01
2.146133035421371460e-01
2.147337794303894043e-01
2.146469205617904663e-01
2.145094871520996094e-01
2.144168764352798462e-01
2.144110947847366333e-01
2.141054272651672363e-01
2.141898423433303833e-01
2.139906436204910278e-01
2.139180153608322144e-01
2.137885242700576782e-01
2.136089056730270386e-01
2.136264443397521973e-01
2.136309295892715454e-01
2.136198133230209351e-01
2.133705168962478638e-01
2.133761197328567505e-01
2.132746279239654541e-01
2.130777686834335327e-01
2.131433635950088501e-01
2.130504101514816284e-01
2.129549235105514526e-01
2.128695994615554810e-01
2.127064317464828491e-01
2.126531749963760376e-01
2.124523371458053589e-01
2.124501615762710571e-01
2.122123539447784424e-01
2.122033536434173584e-01
2.119670808315277100e-01
2.119681984186172485e-01
2.118080407381057739e-01
2.118216007947921753e-01
2.117193490266799927e-01
2.113770097494125366e-01
2.114413678646087646e-01
2.113091647624969482e-01
2.111565321683883667e-01
2.111765444278717041e-01
2.109210044145584106e-01
2.109131515026092529e-01
2.109154611825942993e-01
2.105677574872970581e-01
2.106370478868484497e-01
2.104798853397369385e-01
2.104225158691406250e-01
2.104530483484268188e-01
2.100923955440521240e-01
2.101303488016128540e-01
2.100365608930587769e-01
2.099451124668121338e-01
2.098919749259948730e-01
2.097122669219970703e-01
2.097132503986358643e-01
2.097172737121582031e-01
2.094051241874694824e-01
2.094489634037017822e-01
2.092980295419692993e-01
2.091680765151977539e-01
2.091860324144363403e-01
2.090165168046951294e-01
2.090162932872772217e-01
2.090018391609191895e-01
2.088256180286407471e-01
2.087813764810562134e-01
2.087720185518264771e-01
2.086270153522491455e-01
2.085563689470291138e-01
2.085356712341308594e-01
2.083621025085449219e-01
2.082980275154113770e-01
2.082049548625946045e-01
2.081368863582611084e-01
2.081382423639297485e-01
2.079793065786361694e-01
2.079603075981140137e-01
2.078289091587066650e-01
2.078355401754379272e-01
2.076594680547714233e-01
2.076376229524612427e-01
2.075623422861099243e-01
2.075310945510864258e-01
2.074418962001800537e-01
2.074703574180603027e-01
2.072590440511703491e-01
2.072980254888534546e-01
2.072164267301559448e-01
