1.259191632270812988e-01
1.259192824363708496e-01
1.259191632270812988e-01
1.258365362882614136e-01
1.248934417963027954e-01
1.242958009243011475e-01
1.238034367561340332e-01
1.237795576453208923e-01
1.236162930727005005e-01
1.228755265474319458e-01
1.229339763522148132e-01
1.216894909739494324e-01
1.217604056000709534e-01
1.217508763074874878e-01
1.216673702001571655e-01
1.200780123472213745e-01
1.197454109787940979e-01
1.193452402949333191e-01
1.190991476178169250e-01
1.184330508112907410e-01
1.180158257484436035e-01
1.176526397466659546e-01
1.172093003988265991e-01
1.171218305826187134e-01
1.163672804832458496e-01
1.160449385643005371e-01
1.149422749876976013e-01
1.144480928778648376e-01
1.139288544654846191e-01
1.132998690009117126e-01
1.132252588868141174e-01
1.117669120430946350e-01
1.112712100148200989e-01
1.107225045561790466e-01
1.099106222391128540e-01
1.093340218067169189e-01
1.085639670491218567e-01
1.081876456737518311e-01
1.075653061270713806e-01
1.072630137205123901e-01
1.062186062335968018e-01
1.056736633181571960e-01
1.056046038866043091e-01
1.044571772217750549e-01
1.038561388850212097e-01
1.031153202056884766e-01
1.025615856051445007e-01
1.024660840630531311e-01
1.014257967472076416e-01
1.014696881175041199e-01
1.004645302891731262e-01
1.000991985201835632e-01
9.906112402677536011e-02
9.849587082862854004e-02
9.799315035343170166e-02
9.795459359884262085e-02
9.739430248737335205e-02
9.626818448305130005e-02
9.587093442678451538e-02
9.537210315465927124e-02
9.459993243217468262e-02
9.435737878084182739e-02
9.381677210330963135e-02
9.289308637380599976e-02
9.279195219278335571e-02
9.167274832725524902e-02
9.131707996129989624e-02
9.096193313598632812e-02
9.029129892587661743e-02
8.948397636413574219e-02
8.888138085603713989e-02
8.850327134132385254e-02
8.788874000310897827e-02
8.739407360553741455e-02
8.673913776874542236e-02
8.574298024177551270e-02
8.553991466760635376e-02
8.542189002037048340e-02
8.433309942483901978e-02
8.336737006902694702e-02
8.302702009677886963e-02
8.242610841989517212e-02
8.207414299249649048e-02
8.108313381671905518e-02
8.056759089231491089e-02
7.999403774738311768e-02
7.975450158119201660e-02
7.878622412681579590e-02
7.869776338338851929e-02
7.789408415555953979e-02
7.719268649816513062e-02
7.647284865379333496e-02
7.631823420524597168e-02
7.530780881643295288e-02
7.478980720043182373e-02
7.419815659523010254e-02
7.413025200366973877e-02
7.309214770793914795e-02
7.287307828664779663e-02
7.222556322813034058e-02
7.184687256813049316e-02
7.081297785043716431e-02
7.031644135713577271e-02
6.994096934795379639e-02
6.959127634763717651e-02
6.859841197729110718e-02
6.783629953861236572e-02
6.750334799289703369e-02
6.743921339511871338e-02
6.638243794441223145e-02
6.596054881811141968e-02
6.587272882461547852e-02
6.566244363784790039e-02
6.413517147302627563e-02
6.403017789125442505e-02
6.305198371410369873e-02
6.269626319408416748e-02
6.207274273037910461e-02
6.152283772826194763e-02
6.097887828946113586e-02
6.058915704488754272e-02
6.006425619125366211e-02
5.950454622507095337e-02
5.899571627378463745e-02
5.836707353591918945e-02
5.781704932451248169e-02
5.737354978919029236e-02
5.717285349965095520e-02
5.640863627195358276e-02
5.561646074056625366e-02
5.527913942933082581e-02
5.511265248060226440e-02
5.450119078159332275e-02
5.372937396168708801e-02
5.330983176827430725e-02
5.281005427241325378e-02
5.272153764963150024e-02
5.190072581171989441e-02
5.128917843103408813e-02
5.085047706961631775e-02
5.058855563402175903e-02
5.035100504755973816e-02
4.941815882921218872e-02
4.903761669993400574e-02
4.851891100406646729e-02
4.855586215853691101e-02
4.762162640690803528e-02
4.724710807204246521e-02
4.673263058066368103e-02
4.643674567341804504e-02
4.630589485168457031e-02
4.596084356307983398e-02
4.586924985051155090e-02
4.199120774865150452e-02
3.908425942063331604e-02
3.503369167447090149e-02
3.510779142379760742e-02
3.018835000693798065e-02
2.979332022368907928e-02
2.587851881980895996e-02
2.453166432678699493e-02
2.305445820093154907e-02
1.982833072543144226e-02
2.015379071235656738e-02
1.653094217181205750e-02
1.630892977118492126e-02
1.464015990495681763e-02
1.271887309849262238e-02
1.221771072596311569e-02
1.126679498702287674e-02
1.131060253828763962e-02
1.149484422057867050e-02
1.139880158007144928e-02
1.204503793269395828e-02
1.300797704607248306e-02
1.372176129370927811e-02
1.581526733934879303e-02
1.594928093254566193e-02
1.651631481945514679e-02
1.534554455429315567e-02
1.004917733371257782e-02
3.179349238052964211e-03
4.418476950377225876e-03
6.479913834482431412e-03
1.774366199970245361e-02
2.707173116505146027e-02
2.945334650576114655e-02
3.466264903545379639e-02
3.923545405268669128e-02
3.922348469495773315e-02
3.944427147507667542e-02
3.958560153841972351e-02
3.996894508600234985e-02
4.019850492477416992e-02
4.040762782096862793e-02
4.050960764288902283e-02
4.087112098932266235e-02
4.090943932533264160e-02
4.140400514006614685e-02
4.142806306481361389e-02
4.192489385604858398e-02
4.231690615415573120e-02
4.247305542230606079e-02
4.277310520410537720e-02
4.273848235607147217e-02
4.298708960413932800e-02
4.370550438761711121e-02
4.393247514963150024e-02
4.423507302999496460e-02
4.434757679700851440e-02
4.500767216086387634e-02
4.535653069615364075e-02
4.544926807284355164e-02
4.590938612818717957e-02
4.605191946029663086e-02
4.701021313667297363e-02
4.717769101262092590e-02
4.728144034743309021e-02
4.760831594467163086e-02
4.853913187980651855e-02
4.878346994519233704e-02
4.900718107819557190e-02
4.955124109983444214e-02
4.987444356083869934e-02
5.056494101881980896e-02
5.085036158561706543e-02
5.113723129034042358e-02
5.160811170935630798e-02
5.184398964047431946e-02
5.267454683780670166e-02
5.315022170543670654e-02
5.311644077301025391e-02
4.972303286194801331e-02
4.779176414012908936e-02
4.518493264913558960e-02
4.096237197518348694e-02
4.058796912431716919e-02
3.693555295467376709e-02
3.324053063988685608e-02
3.287814930081367493e-02
2.773932181298732758e-02
2.459780499339103699e-02
2.410146035254001617e-02
2.410363405942916870e-02
1.955484785139560699e-02
1.804208941757678986e-02
1.798145286738872528e-02
1.450712140649557114e-02
1.283500622957944870e-02
1.131443213671445847e-02
7.488713599741458893e-03
6.780527066439390182e-03
4.444778896868228912e-03
2.966114087030291557e-03
3.669617231935262680e-03
7.119522895663976669e-03
7.486305665224790573e-03
1.188126299530267715e-02
1.228901278227567673e-02
1.315709296613931656e-02
1.587163470685482025e-02
1.936480402946472168e-02
2.079963684082031250e-02
2.411704137921333313e-02
2.433858066797256470e-02
2.584958821535110474e-02
2.621973119676113129e-02
2.994184009730815887e-02
3.013504296541213989e-02
3.460728004574775696e-02
3.466410934925079346e-02
3.860788047313690186e-02
3.986737504601478577e-02
4.002305120229721069e-02
4.426683858036994934e-02
4.697400331497192383e-02
4.768602550029754639e-02
5.156078562140464783e-02
5.184868723154067993e-02
5.520467087626457214e-02
5.795178189873695374e-02
5.787227302789688110e-02
5.788566172122955322e-02
6.224946305155754089e-02
6.556323170661926270e-02
6.896738708019256592e-02
6.921443343162536621e-02
7.421801984310150146e-02
7.550436258316040039e-02
7.668712735176086426e-02
7.925349473953247070e-02
8.313112705945968628e-02
8.346720784902572632e-02
8.908323198556900024e-02
8.983736485242843628e-02
9.234324097633361816e-02
9.655261784791946411e-02
9.694013744592666626e-02
9.731796383857727051e-02
9.649226814508438110e-02
9.608676284551620483e-02
9.391412138938903809e-02
9.398710727691650391e-02
9.216162562370300293e-02
9.029940515756607056e-02
9.030468016862869263e-02
8.897497504949569702e-02
8.680532127618789673e-02
8.578911423683166504e-02
8.416533470153808594e-02
8.386104553937911987e-02
8.378215879201889038e-02
8.072101324796676636e-02
7.868253439664840698e-02
7.854563742876052856e-02
7.815769314765930176e-02
7.538934051990509033e-02
7.474298775196075439e-02
7.515247166156768799e-02
7.149312645196914673e-02
7.036765664815902710e-02
6.854238361120223999e-02
6.387656182050704956e-02
5.981050804257392883e-02
5.715547129511833191e-02
5.514616146683692932e-02
4.982370510697364807e-02
4.861860722303390503e-02
4.812513291835784912e-02
4.591330140829086304e-02
4.545554891228675842e-02
4.346656426787376404e-02
4.215712845325469971e-02
4.171426966786384583e-02
3.749534115195274353e-02
3.355149924755096436e-02
2.997086942195892334e-02
2.978606335818767548e-02
2.557926625013351440e-02
2.067780494689941406e-02
1.654844544827938080e-02
1.625717617571353912e-02
1.153382658958435059e-02
9.093650616705417633e-03
8.998497389256954193e-03
4.533627536147832870e-03
3.759449580684304237e-03
8.736391318961977959e-04
1.421382301487028599e-03
1.399146975018084049e-03
4.577062558382749557e-03
5.964601878076791763e-03
8.533770218491554260e-03
1.083353348076343536e-02
1.150474604219198227e-02
1.518044155091047287e-02
1.713540405035018921e-02
1.867078058421611786e-02
2.228312753140926361e-02
2.303811721503734589e-02
2.604681253433227539e-02
2.935440652072429657e-02
2.907956950366497040e-02
3.309303149580955505e-02
3.440191969275474548e-02
3.678722307085990906e-02
3.820487484335899353e-02
4.002003371715545654e-02
4.294306039810180664e-02
4.413541033864021301e-02
4.522308707237243652e-02
4.823596403002738953e-02
5.024317279458045959e-02
5.308079719543457031e-02
5.593763291835784912e-02
5.544929578900337219e-02
5.683895200490951538e-02
5.923100560903549194e-02
6.231026351451873779e-02
6.577678769826889038e-02
6.571589410305023193e-02
6.563813239336013794e-02
6.277985125780105591e-02
6.143972650170326233e-02
5.828036740422248840e-02
5.608732253313064575e-02
5.578901991248130798e-02
5.213039740920066833e-02
5.123866721987724304e-02
5.062287300825119019e-02
4.831683263182640076e-02
4.529210180044174194e-02
4.534899815917015076e-02
4.159597679972648621e-02
3.984310477972030640e-02
3.810651227831840515e-02
3.537695854902267456e-02
3.520672768354415894e-02
3.101251460611820221e-02
2.861604653298854828e-02
2.588298171758651733e-02
2.545063011348247528e-02
2.318120189011096954e-02
2.069636061787605286e-02
2.065632492303848267e-02
1.782971434295177460e-02
1.766887493431568146e-02
1.494243741035461426e-02
1.366813201457262039e-02
1.477390062063932419e-02
1.512807141989469528e-02
1.382013317197561264e-02
1.388823334127664566e-02
1.355021726340055466e-02
1.339126843959093094e-02
1.310578733682632446e-02
1.398845482617616653e-02
1.175678335130214691e-02
1.132291648536920547e-02
1.187888253480195999e-02
9.925078600645065308e-03
9.060104377567768097e-03
1.184964459389448166e-02
9.646630845963954926e-03
1.077733281999826431e-02
1.354207005351781845e-02
1.094495132565498352e-02
1.164791826158761978e-02
1.467351615428924561e-02
1.093413401395082474e-02
1.198986452072858810e-02
1.706294715404510498e-02
1.802810840308666229e-02
2.146665938198566437e-02
2.822448872029781342e-02
3.286008164286613464e-02
3.383338451385498047e-02
4.218930006027221680e-02
4.750173538923263550e-02
5.075248330831527710e-02
5.857691541314125061e-02
6.281243264675140381e-02
5.716926604509353638e-02
4.936897754669189453e-02
4.512272775173187256e-02
3.975261375308036804e-02
3.149117529392242432e-02
2.586592920124530792e-02
2.308996953070163727e-02
2.251776866614818573e-02
1.922701485455036163e-02
9.548609144985675812e-03
4.217324778437614441e-03
2.909846138209104538e-03
6.662074476480484009e-03
1.447963155806064606e-02
1.900631189346313477e-02
1.982283405959606171e-02
2.017163857817649841e-02
2.032124623656272888e-02
2.084348537027835846e-02
2.117175050079822540e-02
2.185301296412944794e-02
2.192016132175922394e-02
2.254845388233661652e-02
2.280102297663688660e-02
2.302714623510837555e-02
2.365406043827533722e-02
2.391037903726100922e-02
2.432671934366226196e-02
2.485085465013980865e-02
2.511998079717159271e-02
2.580794133245944977e-02
2.608984895050525665e-02
2.653137780725955963e-02
2.706411853432655334e-02
2.757164463400840759e-02
2.804592065513134003e-02
2.842946536839008331e-02
2.889857441186904907e-02
2.937761507928371429e-02
2.978664077818393707e-02
2.984709292650222778e-02
3.034336306154727936e-02
3.130479902029037476e-02
3.188168630003929138e-02
3.260908648371696472e-02
3.289914876222610474e-02
3.284669667482376099e-02
3.434969857335090637e-02
3.472134098410606384e-02
3.510468080639839172e-02
3.552298247814178467e-02
3.550108894705772400e-02
3.578924015164375305e-02
3.716551512479782104e-02
3.754220157861709595e-02
3.842163458466529846e-02
3.907199203968048096e-02
3.921547159552574158e-02
3.975641727447509766e-02
4.066552221775054932e-02
4.108846932649612427e-02
4.134253412485122681e-02
4.202280566096305847e-02
4.243333265185356140e-02
4.243602603673934937e-02
4.249570146203041077e-02
4.419126734137535095e-02
4.495769366621971130e-02
4.546395689249038696e-02
4.571158811450004578e-02
4.629862681031227112e-02
4.659513011574745178e-02
4.699575901031494141e-02
4.795360937714576721e-02
4.844783619046211243e-02
4.865803942084312439e-02
5.016002058982849121e-02
5.008432269096374512e-02
5.068987235426902771e-02
5.113584175705909729e-02
5.122840031981468201e-02
5.292864143848419189e-02
5.290238931775093079e-02
5.347049236297607422e-02
5.386282876133918762e-02
5.415915325284004211e-02
5.499027296900749207e-02
5.533186346292495728e-02
5.571205914020538330e-02
5.633200332522392273e-02
5.659604817628860474e-02
5.774879455566406250e-02
5.761350318789482117e-02
5.776203423738479614e-02
5.913309380412101746e-02
5.910759791731834412e-02
5.974176898598670959e-02
6.006986647844314575e-02
6.059352308511734009e-02
6.088330596685409546e-02
6.120429188013076782e-02
6.171549111604690552e-02
6.253951787948608398e-02
6.309725344181060791e-02
6.346618384122848511e-02
6.387346982955932617e-02
6.392003595829010010e-02
6.416675448417663574e-02
6.460491567850112915e-02
6.540752202272415161e-02
6.585161387920379639e-02
6.592226028442382812e-02
6.638549268245697021e-02
6.742855906486511230e-02
6.738951802253723145e-02
6.829071789979934692e-02
6.879241764545440674e-02
6.904323399066925049e-02
6.986426562070846558e-02
6.981154531240463257e-02
7.051999121904373169e-02
7.084714621305465698e-02
7.083055377006530762e-02
7.193247228860855103e-02
7.233443111181259155e-02
7.290306687355041504e-02
7.299231737852096558e-02
7.340483367443084717e-02
7.337526977062225342e-02
7.340076565742492676e-02
7.339878380298614502e-02
7.385708391666412354e-02
7.387106120586395264e-02
7.462552934885025024e-02
7.489293068647384644e-02
7.503261417150497437e-02
7.595578581094741821e-02
7.586719840764999390e-02
7.631774991750717163e-02
7.645244151353836060e-02
7.641860842704772949e-02
7.643858343362808228e-02
7.739024609327316284e-02
7.768168300390243530e-02
7.792793959379196167e-02
7.792272418737411499e-02
7.841702550649642944e-02
7.849146425724029541e-02
7.862537354230880737e-02
7.897631078958511353e-02
7.896090298891067505e-02
7.937713712453842163e-02
7.983399182558059692e-02
8.003211766481399536e-02
8.007784187793731689e-02
8.060836791992187500e-02
8.056037127971649170e-02
8.061540126800537109e-02
8.107835799455642700e-02
8.159829676151275635e-02
8.160044252872467041e-02
8.190433681011199951e-02
8.214129507541656494e-02
8.210036903619766235e-02
8.288141340017318726e-02
8.315582573413848877e-02
8.315441757440567017e-02
8.370310813188552856e-02
8.417440950870513916e-02
8.417864888906478882e-02
8.436970412731170654e-02
8.472535759210586548e-02
8.471395820379257202e-02
8.472023159265518188e-02
8.472869545221328735e-02
8.517532795667648315e-02
8.522301167249679565e-02
8.574739843606948853e-02
8.576570451259613037e-02
8.575767278671264648e-02
8.620391041040420532e-02
8.627986907958984375e-02
8.671166747808456421e-02
8.685085177421569824e-02
8.728758245706558228e-02
8.780336380004882812e-02
8.787616342306137085e-02
8.786948025226593018e-02
8.840774744749069214e-02
8.841369301080703735e-02
8.892451971769332886e-02
8.889814466238021851e-02
8.945572376251220703e-02
8.985858410596847534e-02
8.998294174671173096e-02
8.994769304990768433e-02
9.049094468355178833e-02
9.049756079912185669e-02
9.097558259963989258e-02
9.149554371833801270e-02
9.159316867589950562e-02
9.206954389810562134e-02
9.210142493247985840e-02
9.260897338390350342e-02
9.313035011291503906e-02
9.318133443593978882e-02
9.320149570703506470e-02
9.378132969141006470e-02
9.382829815149307251e-02
9.428908675909042358e-02
9.423080831766128540e-02
9.463084489107131958e-02
9.534025192260742188e-02
9.534411877393722534e-02
9.581199288368225098e-02
9.607481956481933594e-02
9.666567295789718628e-02
9.695493429899215698e-02
9.695671498775482178e-02
9.796788543462753296e-02
9.808757156133651733e-02
9.809911996126174927e-02
9.904798120260238647e-02
9.914429485797882080e-02
9.957300126552581787e-02
9.965113550424575806e-02
9.962803870439529419e-02
1.001333668828010559e-01
1.002326756715774536e-01
1.004638522863388062e-01
1.008466854691505432e-01
1.013111993670463562e-01
1.017813608050346375e-01
1.018620803952217102e-01
1.019349619746208191e-01
1.023935377597808838e-01
1.029789596796035767e-01
1.029432788491249084e-01
1.034437790513038635e-01
1.035239100456237793e-01
1.040083393454551697e-01
1.040142476558685303e-01
1.040804758667945862e-01
1.052375435829162598e-01
1.051529943943023682e-01
1.056483834981918335e-01
1.057055816054344177e-01
1.056952625513076782e-01
1.061000898480415344e-01
1.062934622168540955e-01
1.067580506205558777e-01
1.071153432130813599e-01
1.074098721146583557e-01
1.078740432858467102e-01
1.078937649726867676e-01
1.084051728248596191e-01
1.090459376573562622e-01
1.090373843908309937e-01
1.092697009444236755e-01
1.101195439696311951e-01
1.101925894618034363e-01
1.106928735971450806e-01
1.107203066349029541e-01
1.107157543301582336e-01
1.107214093208312988e-01
1.114199310541152954e-01
1.118379980325698853e-01
1.123919039964675903e-01
1.123774871230125427e-01
1.128586009144783020e-01
1.129677221179008484e-01
1.130148097872734070e-01
1.135313659906387329e-01
1.134915202856063843e-01
1.136788651347160339e-01
1.140625327825546265e-01
1.144060045480728149e-01
1.149085834622383118e-01
1.151925846934318542e-01
1.151760369539260864e-01
1.154570803046226501e-01
1.163870915770530701e-01
1.167557239532470703e-01
1.174629852175712585e-01
1.176411285996437073e-01
1.180035173892974854e-01
1.180007830262184143e-01
1.185028627514839172e-01
1.185789480805397034e-01
1.191092506051063538e-01
1.192425191402435303e-01
1.197264045476913452e-01
1.201942339539527893e-01
1.208263859152793884e-01
1.208444088697433472e-01
1.208789423108100891e-01
1.214311346411705017e-01
1.218726485967636108e-01
1.219592094421386719e-01
1.220606938004493713e-01
1.227110549807548523e-01
1.231242045760154724e-01
1.231459453701972961e-01
1.237771958112716675e-01
1.242636740207672119e-01
1.248052790760993958e-01
1.247922703623771667e-01
1.247722059488296509e-01
1.253367811441421509e-01
1.253828257322311401e-01
1.255123913288116455e-01
1.259711384773254395e-01
1.259490996599197388e-01
1.261621713638305664e-01
1.265577524900436401e-01
1.270163357257843018e-01
1.275068074464797974e-01
1.276789009571075439e-01
1.279869675636291504e-01
1.282449066638946533e-01
1.281922310590744019e-01
1.286258846521377563e-01
1.292189210653305054e-01
1.293855756521224976e-01
1.294596344232559204e-01
1.299704462289810181e-01
1.304961740970611572e-01
1.309797912836074829e-01
1.311362087726593018e-01
1.315708160400390625e-01
1.320974230766296387e-01
1.325528472661972046e-01
1.328318864107131958e-01
1.330599784851074219e-01
1.333968490362167358e-01
1.339540630578994751e-01
1.339757442474365234e-01
1.345386058092117310e-01
1.345396488904953003e-01
1.345997601747512817e-01
1.351057589054107666e-01
1.352797448635101318e-01
1.356898546218872070e-01
1.356800347566604614e-01
1.356824785470962524e-01
1.368985176086425781e-01
1.368670463562011719e-01
1.368844658136367798e-01
1.374219208955764771e-01
1.374114155769348145e-01
1.379936337471008301e-01
1.382010877132415771e-01
1.385786831378936768e-01
1.391190290451049805e-01
1.391700953245162964e-01
1.391250789165496826e-01
1.396772265434265137e-01
1.397527158260345459e-01
1.397335678339004517e-01
1.397322863340377808e-01
1.402722001075744629e-01
1.407919228076934814e-01
1.410328894853591919e-01
1.415346562862396240e-01
1.421058773994445801e-01
1.425800323486328125e-01
1.426423341035842896e-01
1.426254361867904663e-01
1.431511491537094116e-01
1.432298272848129272e-01
1.432030946016311646e-01
1.437699943780899048e-01
1.438028216361999512e-01
1.437799334526062012e-01
1.437901854515075684e-01
1.440837681293487549e-01
1.447895467281341553e-01
1.449399292469024658e-01
1.449999809265136719e-01
1.455016881227493286e-01
1.456515938043594360e-01
1.466967612504959106e-01
1.466074883937835693e-01
1.468765586614608765e-01
1.478108912706375122e-01
1.482968032360076904e-01
1.484685689210891724e-01
1.494969576597213745e-01
1.494322419166564941e-01
1.508052349090576172e-01
1.512220948934555054e-01
1.516603082418441772e-01
1.524001955986022949e-01
1.529061049222946167e-01
1.538967639207839966e-01
1.540457457304000854e-01
1.545260250568389893e-01
1.554679274559020996e-01
1.562163382768630981e-01
1.568439155817031860e-01
1.570720225572586060e-01
1.573674678802490234e-01
1.582796275615692139e-01
1.587350517511367798e-01
1.591416150331497192e-01
1.601350009441375732e-01
1.602112054824829102e-01
1.608159691095352173e-01
1.614653766155242920e-01
1.624943315982818604e-01
1.630632430315017700e-01
1.635523438453674316e-01
1.641012430191040039e-01
1.646765917539596558e-01
1.655669510364532471e-01
1.658463329076766968e-01
1.661050617694854736e-01
1.670607775449752808e-01
1.674731969833374023e-01
1.675872206687927246e-01
1.686538755893707275e-01
1.693544536828994751e-01
1.699848175048828125e-01
1.702296286821365356e-01
1.707403361797332764e-01
1.713846027851104736e-01
1.718648523092269897e-01
1.720189452171325684e-01
1.724486798048019409e-01
1.733402609825134277e-01
1.740243881940841675e-01
1.747208982706069946e-01
1.752207875251770020e-01
1.762477904558181763e-01
1.763379126787185669e-01
1.766411960124969482e-01
1.773927062749862671e-01
1.775335818529129028e-01
1.780175119638442993e-01
1.789780855178833008e-01
1.791969537734985352e-01
1.797284930944442749e-01
1.804609894752502441e-01
1.807440370321273804e-01
1.816984564065933228e-01
1.818508356809616089e-01
1.826178282499313354e-01
1.834420859813690186e-01
1.833523660898208618e-01
1.841557174921035767e-01
1.844466328620910645e-01
1.848052591085433960e-01
1.857929825782775879e-01
1.860721111297607422e-01
1.865452527999877930e-01
1.873344480991363525e-01
1.878934949636459351e-01
1.884287595748901367e-01
1.884796917438507080e-01
1.889166533946990967e-01
1.896495223045349121e-01
1.904633939266204834e-01
1.910226643085479736e-01
1.910356581211090088e-01
1.920125186443328857e-01
1.923886984586715698e-01
1.926446110010147095e-01
1.932547688484191895e-01
1.935091018676757812e-01
1.939479112625122070e-01
1.938955187797546387e-01
1.942650228738784790e-01
1.946489810943603516e-01
1.950045675039291382e-01
1.958261877298355103e-01
1.961318999528884888e-01
1.963226348161697388e-01
1.971731781959533691e-01
1.974137574434280396e-01
1.981589496135711670e-01
1.986221671104431152e-01
1.988604515790939331e-01
1.997133344411849976e-01
1.997196078300476074e-01
1.996866762638092041e-01
2.004414796829223633e-01
2.010670751333236694e-01
2.016388475894927979e-01
2.025752216577529907e-01
2.025834172964096069e-01
2.027237564325332642e-01
2.035073041915893555e-01
2.042918503284454346e-01
2.048609703779220581e-01
2.049419879913330078e-01
2.054106444120407104e-01
2.054135203361511230e-01
2.054064720869064331e-01
2.057069092988967896e-01
2.064555138349533081e-01
2.064045518636703491e-01
2.068457156419754028e-01
2.078619152307510376e-01
2.082704901695251465e-01
2.084294557571411133e-01
2.084411233663558960e-01
2.086730301380157471e-01
2.090250849723815918e-01
2.092347890138626099e-01
2.093352377414703369e-01
2.097106724977493286e-01
2.099365890026092529e-01
2.100885659456253052e-01
2.101021558046340942e-01
2.106411606073379517e-01
2.107267677783966064e-01
2.108830064535140991e-01
2.111131697893142700e-01
2.111296653747558594e-01
2.115550190210342407e-01
2.118169218301773071e-01
2.118579298257827759e-01
2.120404690504074097e-01
2.123578190803527832e-01
2.125120311975479126e-01
2.128317952156066895e-01
2.129527330398559570e-01
2.130541503429412842e-01
2.133786082267761230e-01
2.135439962148666382e-01
2.136675715446472168e-01
2.138554453849792480e-01
2.143550366163253784e-01
2.145265042781829834e-01
2.146034538745880127e-01
2.147312909364700317e-01
2.152013331651687622e-01
2.152812182903289795e-01
2.155523300170898438e-01
2.155841588973999023e-01
2.161393463611602783e-01
2.162387222051620483e-01
2.162031680345535278e-01
2.162048816680908203e-01
2.166413515806198120e-01
2.167610079050064087e-01
2.172771096229553223e-01
2.173867374658584595e-01
2.176386862993240356e-01
2.179648727178573608e-01
2.180772125720977783e-01
2.182475179433822632e-01
2.182249575853347778e-01
2.182279676198959351e-01
2.182167917490005493e-01
2.182177305221557617e-01
2.179932147264480591e-01
2.180567234754562378e-01
2.180158644914627075e-01
2.177319526672363281e-01
2.176102399826049805e-01
2.174151688814163208e-01
2.174437791109085083e-01
2.172848582267761230e-01
2.171579301357269287e-01
2.170692235231399536e-01
2.168439775705337524e-01
2.168618440628051758e-01
2.166700363159179688e-01
2.165876477956771851e-01
2.165059894323348999e-01
2.165136784315109253e-01
2.163812220096588135e-01
2.164367437362670898e-01
2.162545919418334961e-01
2.162189632654190063e-01
2.160614132881164551e-01
2.158811688423156738e-01
2.158917486667633057e-01
2.156918644905090332e-01
2.156946212053298950e-01
2.155462205410003662e-01
2.153520286083221436e-01
2.153329700231552124e-01
2.151408344507217407e-01
2.149254232645034790e-01
2.149687558412551880e-01
2.149616032838821411e-01
2.146950811147689819e-01
2.147499769926071167e-01
2.146029323339462280e-01
2.144202888011932373e-01
2.143159657716751099e-01
2.141660302877426147e-01
2.141861617565155029e-01
2.140167504549026489e-01
2.139169126749038696e-01
2.137251347303390503e-01
2.136951237916946411e-01
2.135434597730636597e-01
2.133391201496124268e-01
2.133772373199462891e-01
2.131970077753067017e-01
2.130672037601470947e-01
2.130582779645919800e-01
2.128997594118118286e-01
2.128246724605560303e-01
2.126047313213348389e-01
2.125642448663711548e-01
2.125034183263778687e-01
2.125288546085357666e-01
2.122075706720352173e-01
2.122877389192581177e-01
2.120164632797241211e-01
2.119263410568237305e-01
2.119808048009872437e-01
2.117786407470703125e-01
2.117421627044677734e-01
2.115951925516128540e-01
2.115754336118698120e-01
2.114407718181610107e-01
2.114065587520599365e-01
2.111358046531677246e-01
2.112108469009399414e-01
2.108179330825805664e-01
2.109427154064178467e-01
2.107637971639633179e-01
2.107099741697311401e-01
2.106017619371414185e-01
2.104278653860092163e-01
2.104734033346176147e-01
2.103024870157241821e-01
2.102243453264236450e-01
2.101903259754180908e-01
2.101312875747680664e-01
2.099602669477462769e-01
2.098364681005477905e-01
2.097020745277404785e-01
2.097368687391281128e-01
2.097052633762359619e-01
2.094879001379013062e-01
2.094208896160125732e-01
2.093319743871688843e-01
2.092169076204299927e-01
2.091591954231262207e-01
2.090081572532653809e-01
2.090458273887634277e-01
2.088910341262817383e-01
2.088576555252075195e-01
2.087270915508270264e-01
2.087284028530120850e-01
2.086388021707534790e-01
2.084584981203079224e-01
2.083704620599746704e-01
2.083453387022018433e-01
2.082208096981048584e-01
2.082473337650299072e-01
2.080609649419784546e-01
2.079861909151077271e-01
2.080239504575729370e-01
2.078854590654373169e-01
2.078473120927810669e-01
2.077949047088623047e-01
2.077446430921554565e-01
2.077231556177139282e-01
2.076430767774581909e-01
2.075115293264389038e-01
2.074626088142395020e-01
2.073704451322555542e-01
2.073654383420944214e-01
2.072634398937225342e-01
2.072745710611343384e-01
2.073097527027130127e-01
2.071325033903121948e-01
