1.146622523665428162e-01
1.146622523665428162e-01
1.146621927618980408e-01
1.146621927618980408e-01
1.146551966667175293e-01
1.145527586340904236e-01
1.146260574460029602e-01
1.145644783973693848e-01
1.145907118916511536e-01
1.144982948899269104e-01
1.144803240895271301e-01
1.142149642109870911e-01
1.140379384160041809e-01
1.136841997504234314e-01
1.134016290307044983e-01
1.120281517505645752e-01
1.110739111900329590e-01
1.106188595294952393e-01
1.103817597031593323e-01
1.104066520929336548e-01
1.096669286489486694e-01
1.097164005041122437e-01
1.090646311640739441e-01
1.070630922913551331e-01
1.071755737066268921e-01
1.071294322609901428e-01
1.047288551926612854e-01
1.046774461865425110e-01
1.046708300709724426e-01
1.046896651387214661e-01
1.047491133213043213e-01
1.031988188624382019e-01
1.021699234843254089e-01
1.003719344735145569e-01
9.958040714263916016e-02
9.953155368566513062e-02
9.735346585512161255e-02
9.682764858007431030e-02
9.656459093093872070e-02
9.457679092884063721e-02
9.418766200542449951e-02
9.262742102146148682e-02
9.198185056447982788e-02
9.056737273931503296e-02
9.044160693883895874e-02
8.979932963848114014e-02
8.866139501333236694e-02
8.845040947198867798e-02
8.756283670663833618e-02
8.715003728866577148e-02
8.665671944618225098e-02
8.587151020765304565e-02
8.505244553089141846e-02
8.477634191513061523e-02
8.449477702379226685e-02
8.413759618997573853e-02
8.378933370113372803e-02
8.338437974452972412e-02
8.317869156599044800e-02
8.246634155511856079e-02
8.224935084581375122e-02
8.183323591947555542e-02
8.108019828796386719e-02
8.097723126411437988e-02
8.061504364013671875e-02
7.990543544292449951e-02
7.971782982349395752e-02
7.917832583189010620e-02
7.917424291372299194e-02
7.880906015634536743e-02
7.853519916534423828e-02
7.776912301778793335e-02
7.696367055177688599e-02
7.684845477342605591e-02
7.637061178684234619e-02
7.547028362751007080e-02
7.537550479173660278e-02
7.524988055229187012e-02
7.423112541437149048e-02
7.352266460657119751e-02
7.291058450937271118e-02
7.255449146032333374e-02
7.262556999921798706e-02
7.235009223222732544e-02
7.189550250768661499e-02
7.012074440717697144e-02
7.006803900003433228e-02
6.922499090433120728e-02
6.782054901123046875e-02
6.775841861963272095e-02
6.675057858228683472e-02
6.581161916255950928e-02
6.555746495723724365e-02
6.506913155317306519e-02
6.459281593561172485e-02
6.336106359958648682e-02
6.314916908740997314e-02
6.283714622259140015e-02
6.221299618482589722e-02
6.105102971196174622e-02
6.055391579866409302e-02
6.000741571187973022e-02
6.000289693474769592e-02
5.952665209770202637e-02
5.878670513629913330e-02
5.834100767970085144e-02
5.740883573889732361e-02
5.729741975665092468e-02
5.685738846659660339e-02
5.464396253228187561e-02
5.385379493236541748e-02
5.060357227921485901e-02
4.904990643262863159e-02
4.875482246279716492e-02
4.260928183794021606e-02
3.819939494132995605e-02
3.559093177318572998e-02
3.323828801512718201e-02
3.332483768463134766e-02
3.333127126097679138e-02
3.332351520657539368e-02
3.333518654108047485e-02
3.333090990781784058e-02
3.333112969994544983e-02
3.333154693245887756e-02
3.333111852407455444e-02
3.333155065774917603e-02
3.333117812871932983e-02
3.333148360252380371e-02
3.333126008510589600e-02
3.333136439323425293e-02
3.333125263452529907e-02
3.333147987723350525e-02
3.333141654729843140e-02
3.333131968975067139e-02
3.333138674497604370e-02
3.578726947307586670e-02
4.033938050270080566e-02
3.902379423379898071e-02
3.866107389330863953e-02
3.784264996647834778e-02
3.337220475077629089e-02
3.341844305396080017e-02
3.343743458390235901e-02
3.342954441905021667e-02
3.343123942613601685e-02
3.342127054929733276e-02
3.343053534626960754e-02
3.343194723129272461e-02
3.343257680535316467e-02
3.343307599425315857e-02
3.343301266431808472e-02
3.343323990702629089e-02
3.343344479799270630e-02
3.343356400728225708e-02
3.343358263373374939e-02
3.343377262353897095e-02
3.343379870057106018e-02
3.320121392607688904e-02
3.278845176100730896e-02
3.340164944529533386e-02
3.586379066109657288e-02
3.186383843421936035e-02
2.777946181595325470e-02
3.114036284387111664e-02
3.244506940245628357e-02
3.325476124882698059e-02
3.275940939784049988e-02
3.377211093902587891e-02
3.424159437417984009e-02
3.392940014600753784e-02
3.177599608898162842e-02
3.178761899471282959e-02
3.176569193601608276e-02
2.939008548855781555e-02
2.954438701272010803e-02
2.860448136925697327e-02
2.705654501914978027e-02
2.707877568900585175e-02
2.701827697455883026e-02
2.399736456573009491e-02
2.406859025359153748e-02
2.404903993010520935e-02
2.398198656737804413e-02
2.255817130208015442e-02
1.736342534422874451e-02
1.441085152328014374e-02
1.012247893959283829e-02
7.656592410057783127e-03
7.561419624835252762e-03
1.991410506889224052e-03
9.860215941444039345e-04
1.279078889638185501e-03
4.592215176671743393e-03
8.615710772573947906e-03
9.682795964181423187e-03
1.181279402226209641e-02
1.474798843264579773e-02
1.505700219422578812e-02
1.588777080178260803e-02
1.658944785594940186e-02
1.754931919276714325e-02
1.807497441768646240e-02
1.921722665429115295e-02
1.904057152569293976e-02
2.001869864761829376e-02
2.058705501258373260e-02
2.050197869539260864e-02
2.155982144176959991e-02
2.206601947546005249e-02
2.188262902200222015e-02
2.326673455536365509e-02
2.337849698960781097e-02
2.508231252431869507e-02
2.550331130623817444e-02
2.616919577121734619e-02
2.766662836074829102e-02
2.784712798893451691e-02
2.877518348395824432e-02
2.976704761385917664e-02
3.025550767779350281e-02
3.082060813903808594e-02
3.307217359542846680e-02
3.433647751808166504e-02
3.597139939665794373e-02
3.694510087370872498e-02
3.982744365930557251e-02
4.106971994042396545e-02
4.199218377470970154e-02
4.422616958618164062e-02
4.430717974901199341e-02
4.585959762334823608e-02
4.666305333375930786e-02
4.810947179794311523e-02
5.034266412258148193e-02
5.270430073142051697e-02
5.325547978281974792e-02
5.541563779115676880e-02
5.712996050715446472e-02
5.953454226255416870e-02
5.945277214050292969e-02
6.049020960927009583e-02
6.242343038320541382e-02
6.341151148080825806e-02
6.526355445384979248e-02
6.762737035751342773e-02
6.817220896482467651e-02
6.995273381471633911e-02
7.230699062347412109e-02
7.381618767976760864e-02
7.601374387741088867e-02
7.629224658012390137e-02
7.978168129920959473e-02
8.026584982872009277e-02
8.105647563934326172e-02
8.315414190292358398e-02
8.291666209697723389e-02
8.254604041576385498e-02
8.159245550632476807e-02
8.130431175231933594e-02
8.079573512077331543e-02
8.029776811599731445e-02
7.977465540170669556e-02
7.918723672628402710e-02
7.889536023139953613e-02
7.826452702283859253e-02
7.782822102308273315e-02
7.782185822725296021e-02
7.742408663034439087e-02
7.721634954214096069e-02
7.696247100830078125e-02
7.705595344305038452e-02
7.697977125644683838e-02
7.708178460597991943e-02
7.702469080686569214e-02
7.729025185108184814e-02
7.728297263383865356e-02
7.701473683118820190e-02
7.672301679849624634e-02
7.646705955266952515e-02
7.622099667787551880e-02
7.554870098829269409e-02
7.511978596448898315e-02
7.494823634624481201e-02
7.500273734331130981e-02
7.450149208307266235e-02
7.361721247434616089e-02
7.300843298435211182e-02
7.225359976291656494e-02
7.137546688318252563e-02
7.026738673448562622e-02
7.021295279264450073e-02
6.746969372034072876e-02
6.685645133256912231e-02
6.703411787748336792e-02
6.503751128911972046e-02
6.362000852823257446e-02
6.298028677701950073e-02
6.035580113530158997e-02
5.912042781710624695e-02
5.756193771958351135e-02
5.575532466173171997e-02
5.430073663592338562e-02
5.379836633801460266e-02
5.301943421363830566e-02
5.057937279343605042e-02
5.023663118481636047e-02
4.788335785269737244e-02
4.682162404060363770e-02
4.659805446863174438e-02
4.234151914715766907e-02
4.223131388425827026e-02
4.188710078597068787e-02
3.898904472589492798e-02
3.849423676729202271e-02
3.793856874108314514e-02
3.525916486978530884e-02
3.474093973636627197e-02
3.114403598010540009e-02
3.075669147074222565e-02
2.787496708333492279e-02
2.748420648276805878e-02
2.578646875917911530e-02
2.429851889610290527e-02
2.364017441868782043e-02
2.299155294895172119e-02
2.042935416102409363e-02
1.889711990952491760e-02
1.664014719426631927e-02
1.624706760048866272e-02
1.637011766433715820e-02
1.442336011677980423e-02
1.261193864047527313e-02
1.184855401515960693e-02
6.917621474713087082e-03
6.492602638900279999e-03
4.453079774975776672e-03
3.183676162734627724e-03
2.661893842741847038e-03
5.377425812184810638e-03
6.383162923157215118e-03
9.040664881467819214e-03
8.026514202356338501e-03
8.578164502978324890e-03
1.082303840667009354e-02
1.161880977451801300e-02
1.327566336840391159e-02
1.467484049499034882e-02
1.473851036280393600e-02
1.663397438824176788e-02
1.766646467149257660e-02
1.886114291846752167e-02
2.061032131314277649e-02
2.102479152381420135e-02
2.240607701241970062e-02
2.430907450616359711e-02
2.451368421316146851e-02
2.736234478652477264e-02
2.842930890619754791e-02
3.019328787922859192e-02
3.095768578350543976e-02
3.202057257294654846e-02
3.434469178318977356e-02
3.513446450233459473e-02
3.544487059116363525e-02
3.876117244362831116e-02
3.929642960429191589e-02
4.028239473700523376e-02
4.263567924499511719e-02
4.406427219510078430e-02
4.594065994024276733e-02
4.719115793704986572e-02
4.955817386507987976e-02
5.109880119562149048e-02
5.148463696241378784e-02
5.244850367307662964e-02
5.429143458604812622e-02
5.613385885953903198e-02
5.850109830498695374e-02
5.884068831801414490e-02
5.858389660716056824e-02
5.930662527680397034e-02
5.985989421606063843e-02
6.333373486995697021e-02
6.532780826091766357e-02
6.595943868160247803e-02
6.760024279356002808e-02
6.725709885358810425e-02
6.523401290178298950e-02
6.415756791830062866e-02
6.432603299617767334e-02
6.383697688579559326e-02
6.197384744882583618e-02
6.177082657814025879e-02
5.962747335433959961e-02
5.938357859849929810e-02
5.568833276629447937e-02
5.326906219124794006e-02
5.567875877022743225e-02
5.388006567955017090e-02
5.225300043821334839e-02
5.212318524718284607e-02
5.201472714543342590e-02
5.116411298513412476e-02
5.072084069252014160e-02
4.889309033751487732e-02
4.822926595807075500e-02
4.771121963858604431e-02
4.644701257348060608e-02
4.644066095352172852e-02
4.516289755702018738e-02
4.459386318922042847e-02
4.428866133093833923e-02
4.235810041427612305e-02
4.152966663241386414e-02
4.044278338551521301e-02
4.034123569726943970e-02
3.797164931893348694e-02
3.707134723663330078e-02
3.551118820905685425e-02
3.356211259961128235e-02
3.267274424433708191e-02
3.076898120343685150e-02
3.083545155823230743e-02
2.966759726405143738e-02
2.792108431458473206e-02
2.740098908543586731e-02
2.716234326362609863e-02
2.463960088789463043e-02
2.392753399908542633e-02
2.182927541434764862e-02
2.185295522212982178e-02
2.018645964562892914e-02
1.900491304695606232e-02
1.890765130519866943e-02
1.575694233179092407e-02
1.556833554059267044e-02
1.344794686883687973e-02
1.222461834549903870e-02
1.230491418391466141e-02
9.177018888294696808e-03
8.497828617691993713e-03
8.283215574920177460e-03
5.143951158970594406e-03
4.284318070858716965e-03
3.659629030153155327e-03
2.218967303633689880e-03
2.317653037607669830e-03
3.281091572716832161e-03
4.878520034253597260e-03
4.815229214727878571e-03
8.154269307851791382e-03
8.503871038556098938e-03
8.509588427841663361e-03
1.138660870492458344e-02
1.187719032168388367e-02
1.351811736822128296e-02
1.922151818871498108e-02
1.940271817147731781e-02
2.466796897351741791e-02
2.573448792099952698e-02
2.752693928778171539e-02
3.088269568979740143e-02
3.231131285429000854e-02
3.407313674688339233e-02
3.801079839468002319e-02
3.794178739190101624e-02
4.205444827675819397e-02
4.520686343312263489e-02
4.525774344801902771e-02
4.520435631275177002e-02
4.520583525300025940e-02
4.519109427928924561e-02
4.519082978367805481e-02
4.519086331129074097e-02
4.519082233309745789e-02
4.519168660044670105e-02
4.519111290574073792e-02
4.519158601760864258e-02
4.519118741154670715e-02
4.519120603799819946e-02
4.519101977348327637e-02
4.519101977348327637e-02
4.519109427928924561e-02
4.519097506999969482e-02
4.519097879528999329e-02
4.592622071504592896e-02
4.813808202743530273e-02
4.828212037682533264e-02
4.870579391717910767e-02
4.862591624259948730e-02
4.779223352670669556e-02
4.784478619694709778e-02
4.815763980150222778e-02
4.827541485428810120e-02
4.877264425158500671e-02
4.878132417798042297e-02
4.969062283635139465e-02
4.992248862981796265e-02
5.019014701247215271e-02
5.157592520117759705e-02
5.237816274166107178e-02
5.290818214416503906e-02
5.433937162160873413e-02
5.432076379656791687e-02
5.444972589612007141e-02
5.574944615364074707e-02
5.591487139463424683e-02
5.794932320713996887e-02
5.800033360719680786e-02
5.832644179463386536e-02
5.806150659918785095e-02
5.777483433485031128e-02
5.706898868083953857e-02
5.693249776959419250e-02
5.692775920033454895e-02
5.626045167446136475e-02
5.636223405599594116e-02
5.557489767670631409e-02
5.579290911555290222e-02
5.590484663844108582e-02
5.565274506807327271e-02
5.587843805551528931e-02
5.592984333634376526e-02
5.617984384298324585e-02
5.622349306941032410e-02
5.628021806478500366e-02
5.644142627716064453e-02
5.686477199196815491e-02
5.751905962824821472e-02
5.760761722922325134e-02
5.795170739293098450e-02
5.864634737372398376e-02
5.902468413114547729e-02
5.973542481660842896e-02
6.045880168676376343e-02
6.071461364626884460e-02
6.252724677324295044e-02
6.237496808171272278e-02
6.209243088960647583e-02
6.347235292196273804e-02
6.347844749689102173e-02
6.315310299396514893e-02
6.173209473490715027e-02
6.164003908634185791e-02
6.065702438354492188e-02
5.978062748908996582e-02
5.936469510197639465e-02
5.803737789392471313e-02
5.781204625964164734e-02
5.640276148915290833e-02
5.633645504713058472e-02
5.526391789317131042e-02
5.461802333593368530e-02
5.463558062911033630e-02
5.460012331604957581e-02
5.362384766340255737e-02
5.292941629886627197e-02
5.152190849184989929e-02
5.135763809084892273e-02
5.117598548531532288e-02
4.957719519734382629e-02
4.970182850956916809e-02
4.830354824662208557e-02
4.773854836821556091e-02
4.653402790427207947e-02
4.581416025757789612e-02
4.564064741134643555e-02
4.426042735576629639e-02
4.338914528489112854e-02
4.271864145994186401e-02
4.189490899443626404e-02
4.197821021080017090e-02
4.200528189539909363e-02
4.161097481846809387e-02
4.058315977454185486e-02
3.965970501303672791e-02
3.862198814749717712e-02
3.815466538071632385e-02
3.741233795881271362e-02
3.677935525774955750e-02
3.645355626940727234e-02
3.563793376088142395e-02
3.563408181071281433e-02
3.322057798504829407e-02
3.327396884560585022e-02
3.268180415034294128e-02
3.054410219192504883e-02
3.061039745807647705e-02
2.924817614257335663e-02
2.797262556850910187e-02
2.743641287088394165e-02
2.531098946928977966e-02
2.527768537402153015e-02
2.451118454337120056e-02
2.258239686489105225e-02
2.223722264170646667e-02
1.977591216564178467e-02
1.970333792269229889e-02
1.804175786674022675e-02
1.719352975487709045e-02
1.722824200987815857e-02
1.508961338549852371e-02
1.462501473724842072e-02
1.395871769636869431e-02
1.222446933388710022e-02
1.239571068435907364e-02
1.223695185035467148e-02
1.020365767180919647e-02
1.016276609152555466e-02
7.711377460509538651e-03
7.406489457935094833e-03
5.343982018530368805e-03
5.628816317766904831e-03
4.843416623771190643e-03
4.303705878555774689e-03
4.128309432417154312e-03
3.801799379289150238e-03
3.841116791591048241e-03
4.524758551269769669e-03
4.948824178427457809e-03
6.014404818415641785e-03
6.170913577079772949e-03
6.639288272708654404e-03
7.352638058364391327e-03
7.843536324799060822e-03
8.549210615456104279e-03
9.251659736037254333e-03
1.056827884167432785e-02
1.053525693714618683e-02
1.070289779454469681e-02
1.185125950723886490e-02
1.197471562772989273e-02
1.286561135202646255e-02
1.362863369286060333e-02
1.375006046146154404e-02
1.489529293030500412e-02
1.553330756723880768e-02
1.712134853005409241e-02
1.778698712587356567e-02
1.770646311342716217e-02
1.769240573048591614e-02
1.958568580448627472e-02
1.982901431620121002e-02
2.163907326757907867e-02
2.190306596457958221e-02
2.410156093537807465e-02
2.413307316601276398e-02
2.412051893770694733e-02
2.498248219490051270e-02
2.651626616716384888e-02
2.764818072319030762e-02
2.845979668200016022e-02
2.891897037625312805e-02
2.977679669857025146e-02
3.131866082549095154e-02
3.149762749671936035e-02
3.246738016605377197e-02
3.426736220717430115e-02
3.553969785571098328e-02
3.583672642707824707e-02
3.671705722808837891e-02
3.864593431353569031e-02
3.867506235837936401e-02
3.936238586902618408e-02
4.075961560010910034e-02
4.120833799242973328e-02
4.214863106608390808e-02
4.230011254549026489e-02
4.305627569556236267e-02
4.411086067557334900e-02
4.452931880950927734e-02
4.504340514540672302e-02
4.581261798739433289e-02
4.576454684138298035e-02
4.601349681615829468e-02
4.719794541597366333e-02
4.753928631544113159e-02
4.772555083036422729e-02
4.915618151426315308e-02
4.926586523652076721e-02
5.072983726859092712e-02
5.095398053526878357e-02
5.104507505893707275e-02
5.254432186484336853e-02
5.259380489587783813e-02
5.258892104029655457e-02
5.321648344397544861e-02
5.495879426598548889e-02
5.485415458679199219e-02
5.582216754555702209e-02
5.704256892204284668e-02
5.851105600595474243e-02
5.847880989313125610e-02
6.047622486948966980e-02
6.051017343997955322e-02
6.169807538390159607e-02
6.276700645685195923e-02
6.264912337064743042e-02
6.416334956884384155e-02
6.506855040788650513e-02
6.515960395336151123e-02
6.712204217910766602e-02
6.744502484798431396e-02
6.818328052759170532e-02
6.959559768438339233e-02
7.046355307102203369e-02
7.174213230609893799e-02
7.168357819318771362e-02
7.263011485338211060e-02
7.383985072374343872e-02
7.383007556200027466e-02
7.416157424449920654e-02
7.648421823978424072e-02
7.672026008367538452e-02
7.865975052118301392e-02
7.929562777280807495e-02
8.122770488262176514e-02
8.155281841754913330e-02
8.156558871269226074e-02
8.260501176118850708e-02
8.372037857770919800e-02
8.524785190820693970e-02
8.599734306335449219e-02
8.632798492908477783e-02
8.791121095418930054e-02
8.864674717187881470e-02
8.942279219627380371e-02
9.081351011991500854e-02
9.088087826967239380e-02
9.172206372022628784e-02
9.293870627880096436e-02
9.338162094354629517e-02
9.393633902072906494e-02
9.479258209466934204e-02
9.561052918434143066e-02
9.632559865713119507e-02
9.770546108484268188e-02
9.867315739393234253e-02
1.000787317752838135e-01
1.005295142531394958e-01
1.012720838189125061e-01
1.023229584097862244e-01
1.037247776985168457e-01
1.042310521006584167e-01
1.046869382262229919e-01
1.056150570511817932e-01
1.070217639207839966e-01
1.069728806614875793e-01
1.071843728423118591e-01
1.093243062496185303e-01
1.103567108511924744e-01
1.111599579453468323e-01
1.117926016449928284e-01
1.127581521868705750e-01
1.141434162855148315e-01
1.153941601514816284e-01
1.167395785450935364e-01
1.167533472180366516e-01
1.187561005353927612e-01
1.196030825376510620e-01
1.214350461959838867e-01
1.220642849802970886e-01
1.224638968706130981e-01
1.231124177575111389e-01
1.250056773424148560e-01
1.261662244796752930e-01
1.274688839912414551e-01
1.273140907287597656e-01
1.275169402360916138e-01
1.296752691268920898e-01
1.301455944776535034e-01
1.306758821010589600e-01
1.321965456008911133e-01
1.328600794076919556e-01
1.343600451946258545e-01
1.353326290845870972e-01
1.370574086904525757e-01
1.377423554658889771e-01
1.375763267278671265e-01
1.386096328496932983e-01
1.399659216403961182e-01
1.399700194597244263e-01
1.399759799242019653e-01
1.401458084583282471e-01
1.426396518945693970e-01
1.443683058023452759e-01
1.448066979646682739e-01
1.470634192228317261e-01
1.471898704767227173e-01
1.471639126539230347e-01
1.494321376085281372e-01
1.502461731433868408e-01
1.520282924175262451e-01
1.529859900474548340e-01
1.532107144594192505e-01
1.546602845191955566e-01
1.558266580104827881e-01
1.564206033945083618e-01
1.580641716718673706e-01
1.588380038738250732e-01
1.602763086557388306e-01
1.605591773986816406e-01
1.604617685079574585e-01
1.609486490488052368e-01
1.612405776977539062e-01
1.632742732763290405e-01
1.634427309036254883e-01
1.633648872375488281e-01
1.650745719671249390e-01
1.657181680202484131e-01
1.659692078828811646e-01
1.680162996053695679e-01
1.682947576045989990e-01
1.700049787759780884e-01
1.706396341323852539e-01
1.705769896507263184e-01
1.729523539543151855e-01
1.728147715330123901e-01
1.735981702804565430e-01
1.754104495048522949e-01
1.787195205688476562e-01
1.828909814357757568e-01
1.816597431898117065e-01
1.777541190385818481e-01
1.803567409515380859e-01
1.805598139762878418e-01
1.829454749822616577e-01
1.828870475292205811e-01
1.829400807619094849e-01
1.852292120456695557e-01
1.855348199605941772e-01
1.876574158668518066e-01
1.880363523960113525e-01
1.903027147054672241e-01
1.906061768531799316e-01
1.906341314315795898e-01
1.926438957452774048e-01
1.935254186391830444e-01
1.937806457281112671e-01
1.959377080202102661e-01
1.961528807878494263e-01
1.978413462638854980e-01
1.983683258295059204e-01
1.988792717456817627e-01
2.017453312873840332e-01
2.028792500495910645e-01
2.013754695653915405e-01
2.027785480022430420e-01
2.046880424022674561e-01
2.053676992654800415e-01
2.063948065042495728e-01
2.064055800437927246e-01
2.079998552799224854e-01
2.082616984844207764e-01
2.094986587762832642e-01
2.097437828779220581e-01
2.098879218101501465e-01
2.106041908264160156e-01
2.106664031744003296e-01
2.113070040941238403e-01
2.112655043601989746e-01
2.108470797538757324e-01
2.107529193162918091e-01
2.102273106575012207e-01
2.100048065185546875e-01
2.098933756351470947e-01
2.094569206237792969e-01
2.091155946254730225e-01
2.090703397989273071e-01
2.087863087654113770e-01
2.083096951246261597e-01
2.081920504570007324e-01
2.080876082181930542e-01
2.078724205493927002e-01
2.079528421163558960e-01
2.079183906316757202e-01
2.077549546957015991e-01
2.077769190073013306e-01
2.076558768749237061e-01
2.077252566814422607e-01
2.076986432075500488e-01
2.076786011457443237e-01
2.076723575592041016e-01
2.076424211263656616e-01
2.076529115438461304e-01
2.078378200531005859e-01
2.078745663166046143e-01
2.079793810844421387e-01
2.081619352102279663e-01
2.084954977035522461e-01
2.084901034832000732e-01
2.089322954416275024e-01
2.090069204568862915e-01
2.092653810977935791e-01
2.093447893857955933e-01
2.094727754592895508e-01
2.094894200563430786e-01
2.094894200563430786e-01
2.098146677017211914e-01
2.103162258863449097e-01
2.103310823440551758e-01
2.104581594467163086e-01
2.107817381620407104e-01
2.108437716960906982e-01
2.111306339502334595e-01
2.112596184015274048e-01
2.113945335149765015e-01
2.116830796003341675e-01
2.117265015840530396e-01
2.118822634220123291e-01
2.120631784200668335e-01
2.122130244970321655e-01
2.124386727809906006e-01
2.126009166240692139e-01
2.127626985311508179e-01
2.127959132194519043e-01
2.131052166223526001e-01
2.132344096899032593e-01
2.135293036699295044e-01
2.136580944061279297e-01
2.136462777853012085e-01
2.137462943792343140e-01
2.133292853832244873e-01
2.133333384990692139e-01
2.131718695163726807e-01
2.129938304424285889e-01
2.128412723541259766e-01
2.126205116510391235e-01
2.125062346458435059e-01
2.123599052429199219e-01
2.120217829942703247e-01
2.119032740592956543e-01
2.119225412607192993e-01
2.115644365549087524e-01
2.116479128599166870e-01
2.113778740167617798e-01
2.112825214862823486e-01
2.111838161945343018e-01
2.109968960285186768e-01
2.107139527797698975e-01
2.106824666261672974e-01
2.105309665203094482e-01
2.104551196098327637e-01
2.103552520275115967e-01
2.101901769638061523e-01
2.100970745086669922e-01
2.099024951457977295e-01
2.098793536424636841e-01
2.095570117235183716e-01
2.095118910074234009e-01
2.093953788280487061e-01
2.092904150485992432e-01
2.092505395412445068e-01
2.090361863374710083e-01
2.090781629085540771e-01
2.087947428226470947e-01
2.088129073381423950e-01
2.087333053350448608e-01
2.086071372032165527e-01
2.083662301301956177e-01
2.084280401468276978e-01
2.082254439592361450e-01
2.082180827856063843e-01
2.080225497484207153e-01
2.080700397491455078e-01
2.079246193170547485e-01
2.077631950378417969e-01
2.077738344669342041e-01
2.076881676912307739e-01
2.075242549180984497e-01
2.073357105255126953e-01
2.073619216680526733e-01
2.071958333253860474e-01
2.072096318006515503e-01
2.070755511522293091e-01
2.070727050304412842e-01
2.069788277149200439e-01
2.069223523139953613e-01
2.067669928073883057e-01
2.068449854850769043e-01
2.068253904581069946e-01
2.068265229463577271e-01
2.068281471729278564e-01
2.064692378044128418e-01
2.066145688295364380e-01
2.065990865230560303e-01
2.065113186836242676e-01
2.063426226377487183e-01
2.063883394002914429e-01
2.062622010707855225e-01
2.062182724475860596e-01
2.061615288257598877e-01
2.062093615531921387e-01
2.060897946357727051e-01
2.059671431779861450e-01
2.059276998043060303e-01
2.059144079685211182e-01
2.058858126401901245e-01
2.058133482933044434e-01
2.057830542325973511e-01
2.058168500661849976e-01
2.055523693561553955e-01
2.056930661201477051e-01
2.055811882019042969e-01
2.056158632040023804e-01
2.055278122425079346e-01
2.055910676717758179e-01
2.055066525936126709e-01
2.054616659879684448e-01
2.054765224456787109e-01
2.054220438003540039e-01
2.053544372320175171e-01
2.054267674684524536e-01
2.053011953830718994e-01
2.053444981575012207e-01
2.052816599607467651e-01
2.052844166755676270e-01
2.053423821926116943e-01
2.053134739398956299e-01
2.051483690738677979e-01
2.052396684885025024e-01
2.052462399005889893e-01
2.052845954895019531e-01
2.051937729120254517e-01
2.052632123231887817e-01
2.051655799150466919e-01
2.052377611398696899e-01
2.052392959594726562e-01
2.052816301584243774e-01
2.052249610424041748e-01
2.052928209304809570e-01
2.052774727344512939e-01
2.052808851003646851e-01
2.052989453077316284e-01
2.053669989109039307e-01
2.053738981485366821e-01
2.053690701723098755e-01
2.054226994514465332e-01
2.054152041673660278e-01
