1.260013580322265625e-01
1.260013133287429810e-01
1.260013282299041748e-01
1.260012239217758179e-01
1.260013282299041748e-01
1.260012835264205933e-01
1.260015219449996948e-01
1.249428838491439819e-01
1.238472387194633484e-01
1.229452490806579590e-01
1.226565465331077576e-01
1.222015395760536194e-01
1.215740293264389038e-01
1.212188974022865295e-01
1.205972805619239807e-01
1.204585805535316467e-01
1.201127767562866211e-01
1.200498118996620178e-01
1.196449995040893555e-01
1.189902648329734802e-01
1.187183186411857605e-01
1.183240041136741638e-01
1.177257299423217773e-01
1.173309460282325745e-01
1.168696954846382141e-01
1.166864037513732910e-01
1.159285679459571838e-01
1.156644225120544434e-01
1.151470243930816650e-01
1.144790351390838623e-01
1.138125583529472351e-01
1.129664331674575806e-01
1.125946417450904846e-01
1.119079515337944031e-01
1.113366186618804932e-01
1.102019622921943665e-01
1.100353077054023743e-01
1.091949269175529480e-01
1.087307557463645935e-01
1.075412258505821228e-01
1.076168045401573181e-01
1.074044704437255859e-01
1.063730791211128235e-01
1.057943999767303467e-01
1.051340475678443909e-01
1.047792285680770874e-01
1.043486520648002625e-01
1.038008928298950195e-01
1.028360128402709961e-01
1.020295396447181702e-01
1.012276485562324524e-01
1.008172631263732910e-01
1.002463996410369873e-01
9.978315979242324829e-02
9.930297732353210449e-02
9.854616969823837280e-02
9.768121689558029175e-02
9.728429466485977173e-02
9.648866951465606689e-02
9.613054990768432617e-02
9.532891958951950073e-02
9.479245543479919434e-02
9.465645998716354370e-02
9.417830407619476318e-02
9.321644157171249390e-02
9.270150959491729736e-02
9.203679114580154419e-02
9.131535887718200684e-02
9.116648137569427490e-02
9.084886312484741211e-02
8.977385610342025757e-02
8.896556496620178223e-02
8.876343816518783569e-02
8.799161761999130249e-02
8.750405162572860718e-02
8.662623167037963867e-02
8.644183725118637085e-02
8.642227947711944580e-02
8.528686314821243286e-02
8.463489264249801636e-02
8.399986475706100464e-02
8.328296989202499390e-02
8.292198926210403442e-02
8.296000957489013672e-02
8.277282118797302246e-02
8.229900896549224854e-02
8.235828578472137451e-02
8.209174126386642456e-02
8.172193169593811035e-02
8.178333938121795654e-02
8.177643269300460815e-02
8.177561312913894653e-02
8.177489042282104492e-02
8.177492022514343262e-02
8.177532255649566650e-02
8.177523314952850342e-02
8.127731829881668091e-02
8.118354529142379761e-02
8.119502663612365723e-02
8.119391649961471558e-02
8.076002448797225952e-02
8.054635673761367798e-02
8.062560856342315674e-02
8.062861859798431396e-02
8.062979578971862793e-02
8.062990009784698486e-02
8.053616434335708618e-02
8.004391193389892578e-02
8.005194365978240967e-02
8.006052672863006592e-02
8.004526793956756592e-02
8.004341274499893188e-02
8.004396408796310425e-02
8.004371821880340576e-02
7.990407198667526245e-02
7.920839637517929077e-02
7.828982174396514893e-02
7.774152606725692749e-02
7.702615112066268921e-02
7.683058828115463257e-02
7.655752450227737427e-02
7.551598548889160156e-02
7.521644234657287598e-02
7.469530403614044189e-02
7.408582419157028198e-02
7.306163758039474487e-02
7.255375385284423828e-02
7.235413789749145508e-02
7.195502519607543945e-02
7.110793143510818481e-02
7.067708671092987061e-02
7.023099064826965332e-02
6.928604096174240112e-02
6.880084425210952759e-02
6.858731806278228760e-02
6.825370341539382935e-02
6.737173348665237427e-02
6.700776517391204834e-02
6.640494614839553833e-02
6.381212919950485229e-02
6.266363710165023804e-02
6.207291781902313232e-02
6.030128896236419678e-02
5.777415633201599121e-02
5.808123946189880371e-02
5.803778395056724548e-02
5.687479302287101746e-02
5.278735235333442688e-02
5.255050957202911377e-02
4.941206797957420349e-02
4.673641175031661987e-02
4.489856958389282227e-02
4.279636591672897339e-02
4.121799021959304810e-02
3.928543254733085632e-02
3.838026151061058044e-02
3.473449125885963440e-02
3.244534134864807129e-02
3.042376972734928131e-02
2.690529637038707733e-02
2.678575739264488220e-02
2.354571409523487091e-02
2.128155529499053955e-02
1.793336495757102966e-02
1.559147424995899200e-02
1.571836136281490326e-02
1.351410057395696640e-02
1.021099649369716644e-02
1.005979161709547043e-02
5.905543919652700424e-03
5.483288783580064774e-03
3.528480883687734604e-03
2.673086710274219513e-03
2.860261593014001846e-03
3.560027107596397400e-03
6.589204538613557816e-03
7.238035090267658234e-03
1.138636097311973572e-02
1.218703854829072952e-02
1.432260684669017792e-02
1.786757260560989380e-02
1.823559217154979706e-02
2.044323831796646118e-02
2.383504435420036316e-02
2.369907870888710022e-02
2.844776585698127747e-02
2.886709757149219513e-02
2.926870994269847870e-02
2.934009023010730743e-02
3.403491526842117310e-02
3.453364223241806030e-02
3.501083329319953918e-02
3.858022019267082214e-02
4.049440845847129822e-02
4.195312038064002991e-02
4.618212953209877014e-02
4.621544480323791504e-02
4.830004274845123291e-02
5.211194604635238647e-02
5.521359667181968689e-02
5.708964914083480835e-02
5.832492560148239136e-02
6.018786877393722534e-02
6.351000815629959106e-02
6.474756449460983276e-02
6.533604860305786133e-02
6.982637941837310791e-02
7.062900811433792114e-02
7.054527103900909424e-02
7.493548840284347534e-02
7.640721648931503296e-02
7.786496728658676147e-02
8.169670403003692627e-02
8.258524537086486816e-02
8.318011462688446045e-02
8.085773140192031860e-02
8.047448843717575073e-02
7.985723018646240234e-02
7.697374373674392700e-02
7.617784291505813599e-02
7.532235980033874512e-02
7.360289245843887329e-02
7.181325554847717285e-02
7.156243175268173218e-02
6.840418279170989990e-02
6.762988865375518799e-02
6.650604307651519775e-02
6.523182243108749390e-02
6.400523334741592407e-02
6.258180737495422363e-02
6.167296692728996277e-02
6.017782911658287048e-02
5.772104114294052124e-02
5.660295113921165466e-02
5.520908161997795105e-02
5.309532210230827332e-02
5.162209272384643555e-02
5.099141597747802734e-02
4.872868210077285767e-02
4.693778231739997864e-02
4.724796488881111145e-02
4.480538889765739441e-02
4.325249418616294861e-02
4.324821755290031433e-02
4.316698759794235229e-02
4.314999282360076904e-02
4.136130586266517639e-02
3.905430436134338379e-02
3.757408633828163147e-02
3.452417254447937012e-02
3.460858389735221863e-02
3.178353607654571533e-02
2.903821319341659546e-02
2.863004989922046661e-02
2.626042813062667847e-02
2.294444851577281952e-02
2.300778776407241821e-02
2.213392592966556549e-02
1.806794293224811554e-02
1.804271899163722992e-02
1.547536253929138184e-02
1.279681548476219177e-02
1.308832317590713501e-02
9.485502727329730988e-03
8.017152547836303711e-03
6.989947054535150528e-03
3.294815309345722198e-03
2.882120897993445396e-03
1.817357377149164677e-03
5.047389306128025055e-03
5.679564550518989563e-03
7.540646009147167206e-03
1.130685117095708847e-02
1.183478347957134247e-02
1.629356853663921356e-02
1.839283481240272522e-02
1.951485872268676758e-02
2.145133540034294128e-02
2.543819695711135864e-02
2.659796550869941711e-02
2.824859507381916046e-02
3.090093284845352173e-02
3.407950326800346375e-02
3.566958755254745483e-02
4.033413156867027283e-02
4.067632183432579041e-02
4.391402006149291992e-02
4.786384478211402893e-02
4.814201593399047852e-02
5.149924010038375854e-02
5.422673746943473816e-02
5.534791946411132812e-02
6.023098155856132507e-02
6.099761649966239929e-02
6.274051964282989502e-02
6.451271474361419678e-02
6.502648442983627319e-02
6.368687748908996582e-02
6.086549162864685059e-02
6.111736595630645752e-02
6.000607833266258240e-02
5.812041461467742920e-02
5.564858019351959229e-02
5.437021702527999878e-02
5.168392509222030640e-02
4.689597710967063904e-02
4.559374228119850159e-02
4.163292795419692993e-02
3.857946023344993591e-02
3.867756202816963196e-02
3.427373617887496948e-02
3.169250488281250000e-02
2.929158508777618408e-02
2.717346511781215668e-02
2.584931999444961548e-02
2.188175730407238007e-02
1.892653480172157288e-02
1.752384193241596222e-02
1.202026940882205963e-02
9.668308310210704803e-03
8.570275269448757172e-03
6.729923654347658157e-03
2.674318151548504829e-03
2.494782442227005959e-03
2.825980074703693390e-03
4.347664304077625275e-03
5.551490001380443573e-03
7.158789783716201782e-03
8.798817172646522522e-03
1.067463681101799011e-02
1.124339736998081207e-02
1.267434284090995789e-02
1.403153967112302780e-02
1.406877487897872925e-02
1.780898682773113251e-02
1.826439984142780304e-02
2.158023044466972351e-02
2.426777221262454987e-02
2.998599037528038025e-02
3.051601350307464600e-02
2.891668118536472321e-02
3.202594071626663208e-02
3.421971201896667480e-02
3.595046326518058777e-02
3.800064325332641602e-02
3.792671114206314087e-02
4.124887287616729736e-02
4.368357360363006592e-02
4.357227310538291931e-02
4.593768343329429626e-02
4.881670325994491577e-02
5.005660653114318848e-02
5.068143084645271301e-02
5.416746810078620911e-02
5.486886203289031982e-02
5.822513997554779053e-02
6.008419767022132874e-02
6.050624325871467590e-02
6.118912622332572937e-02
6.013081595301628113e-02
5.738856643438339233e-02
5.626646801829338074e-02
5.429479852318763733e-02
5.100532621145248413e-02
5.085453018546104431e-02
4.749196767807006836e-02
4.675589129328727722e-02
4.346819594502449036e-02
4.242216050624847412e-02
4.212114587426185608e-02
3.911967948079109192e-02
3.737958520650863647e-02
3.603059425950050354e-02
3.289461135864257812e-02
3.286552429199218750e-02
3.150813654065132141e-02
2.813164889812469482e-02
2.798780240118503571e-02
2.522005140781402588e-02
2.372767403721809387e-02
2.191681228578090668e-02
1.716246455907821655e-02
1.710498705506324768e-02
1.494186278432607651e-02
1.306190341711044312e-02
1.356565020978450775e-02
1.052608713507652283e-02
1.057391427457332611e-02
1.150781381875276566e-02
1.135870255529880524e-02
7.484752684831619263e-03
5.700115114450454712e-03
7.925016805529594421e-03
3.764247056096792221e-03
4.840008448809385300e-03
6.803295109421014786e-03
4.749633371829986572e-03
5.890640430152416229e-03
6.958853453397750854e-03
4.362258128821849823e-03
1.056637521833181381e-02
1.894047111272811890e-02
2.000918239355087280e-02
2.167181670665740967e-02
2.546486817300319672e-02
3.577642887830734253e-02
4.130813106894493103e-02
4.150513187050819397e-02
4.533013701438903809e-02
4.701115563511848450e-02
4.597933590412139893e-02
4.588519781827926636e-02
4.504975304007530212e-02
4.418879747390747070e-02
4.367986693978309631e-02
4.322481527924537659e-02
4.287864640355110168e-02
4.209955781698226929e-02
4.151583835482597351e-02
4.084596037864685059e-02
4.011578857898712158e-02
3.968444466590881348e-02
3.882373869419097900e-02
3.826495260000228882e-02
3.781160712242126465e-02
3.783398866653442383e-02
3.680915012955665588e-02
3.613653406500816345e-02
3.575456514954566956e-02
3.532559424638748169e-02
3.432496637105941772e-02
3.385660424828529358e-02
3.317778557538986206e-02
3.254723921418190002e-02
3.215367347002029419e-02
3.209850937128067017e-02
3.113463707268238068e-02
3.042731620371341705e-02
2.973726205527782440e-02
2.883789315819740295e-02
2.873682044446468353e-02
2.809030190110206604e-02
2.763340435922145844e-02
2.763390168547630310e-02
2.765209972858428955e-02
2.750015445053577423e-02
2.703096903860569000e-02
2.606755122542381287e-02
2.576115727424621582e-02
2.496691979467868805e-02
2.461734600365161896e-02
2.448180317878723145e-02
2.371471934020519257e-02
2.337974682450294495e-02
2.310558408498764038e-02
2.252902090549468994e-02
2.237755432724952698e-02
2.181810513138771057e-02
2.150436677038669586e-02
2.126243151724338531e-02
2.063267305493354797e-02
2.035934478044509888e-02
2.001171931624412537e-02
1.970222033560276031e-02
1.956435479223728180e-02
1.938473805785179138e-02
1.907299458980560303e-02
1.888746581971645355e-02
1.869489997625350952e-02
1.869774982333183289e-02
1.846233569085597992e-02
1.814752630889415741e-02
1.802275329828262329e-02
1.782570593059062958e-02
1.778435334563255310e-02
1.775647513568401337e-02
1.764271408319473267e-02
1.762456633150577545e-02
1.761780306696891785e-02
1.761203072965145111e-02
1.757968962192535400e-02
1.770292222499847412e-02
1.785313524305820465e-02
1.802469417452812195e-02
1.796376891434192657e-02
1.806877925992012024e-02
1.826316490769386292e-02
1.847329735755920410e-02
1.866343803703784943e-02
1.886912621557712555e-02
1.908034272491931915e-02
1.958934403955936432e-02
1.986301690340042114e-02
1.987023837864398956e-02
2.055079489946365356e-02
2.061904035508632660e-02
2.089862897992134094e-02
2.118232659995555878e-02
2.178224548697471619e-02
2.201888896524906158e-02
2.253907918930053711e-02
2.264587953686714172e-02
2.307666465640068054e-02
2.343452349305152893e-02
2.368309907615184784e-02
2.422045916318893433e-02
2.466180361807346344e-02
2.492072433233261108e-02
2.586286887526512146e-02
2.619586512446403503e-02
2.696479111909866333e-02
2.732421085238456726e-02
2.758400514721870422e-02
2.793884277343750000e-02
2.838364243507385254e-02
2.893789857625961304e-02
2.915273606777191162e-02
3.029782883822917938e-02
3.039623796939849854e-02
3.134241327643394470e-02
3.168353810906410217e-02
3.184973448514938354e-02
3.245778009295463562e-02
3.242548927664756775e-02
3.401499986648559570e-02
3.431575000286102295e-02
3.497955203056335449e-02
3.499232977628707886e-02
3.552458807826042175e-02
3.636752814054489136e-02
3.657337278127670288e-02
3.707401454448699951e-02
3.745883330702781677e-02
3.841049596667289734e-02
3.869296610355377197e-02
3.914686664938926697e-02
3.978775441646575928e-02
4.020722582936286926e-02
4.111928120255470276e-02
4.139821603894233704e-02
4.251488670706748962e-02
4.294507205486297607e-02
4.309064522385597229e-02
4.409658163785934448e-02
4.406079649925231934e-02
4.405467584729194641e-02
4.446292296051979065e-02
4.473178088665008545e-02
4.642391577363014221e-02
4.686924442648887634e-02
4.786632582545280457e-02
4.828231781721115112e-02
4.856394231319427490e-02
4.959946870803833008e-02
4.968769848346710205e-02
5.026499927043914795e-02
5.085050314664840698e-02
5.123789235949516296e-02
5.208622664213180542e-02
5.242008715867996216e-02
5.288876965641975403e-02
5.373532697558403015e-02
5.420780554413795471e-02
5.478794500231742859e-02
5.495038628578186035e-02
5.578777194023132324e-02
5.589553713798522949e-02
5.647972226142883301e-02
5.680268257856369019e-02
5.724118649959564209e-02
5.783697590231895447e-02
5.829582735896110535e-02
5.884948000311851501e-02
5.911929905414581299e-02
5.971989408135414124e-02
6.064620986580848694e-02
6.068767607212066650e-02
6.099202483892440796e-02
6.164287775754928589e-02
6.205049902200698853e-02
6.242511421442031860e-02
6.327699869871139526e-02
6.347835063934326172e-02
6.396614760160446167e-02
6.479329615831375122e-02
6.508720666170120239e-02
6.535844504833221436e-02
6.590059399604797363e-02
6.631187349557876587e-02
6.644795835018157959e-02
6.735645234584808350e-02
6.740523129701614380e-02
6.854396313428878784e-02
6.887535005807876587e-02
6.931124627590179443e-02
7.016111910343170166e-02
7.087619602680206299e-02
7.084054499864578247e-02
7.139882445335388184e-02
7.175011932849884033e-02
7.181522250175476074e-02
7.183055579662322998e-02
7.183597981929779053e-02
7.183530181646347046e-02
7.183890044689178467e-02
7.233595848083496094e-02
7.239802926778793335e-02
7.236589491367340088e-02
7.275222986936569214e-02
7.287651300430297852e-02
7.287409156560897827e-02
7.287291437387466431e-02
7.287243008613586426e-02
7.317635416984558105e-02
7.335186749696731567e-02
7.334987819194793701e-02
7.335304468870162964e-02
7.335276156663894653e-02
7.335388660430908203e-02
7.335411757230758667e-02
7.369107007980346680e-02
7.391761988401412964e-02
7.388124614953994751e-02
7.388362288475036621e-02
7.388295233249664307e-02
7.390487194061279297e-02
7.434770464897155762e-02
7.436348497867584229e-02
7.436712086200714111e-02
7.436711341142654419e-02
7.446053624153137207e-02
7.492135465145111084e-02
7.490187883377075195e-02
7.489886134862899780e-02
7.489828020334243774e-02
7.534946501255035400e-02
7.536871731281280518e-02
7.536301016807556152e-02
7.566249370574951172e-02
7.595034688711166382e-02
7.646596431732177734e-02
7.642365992069244385e-02
7.640939950942993164e-02
7.663564383983612061e-02
7.691667973995208740e-02
7.690719515085220337e-02
7.690083980560302734e-02
7.690051943063735962e-02
7.732934504747390747e-02
7.746905088424682617e-02
7.773420214653015137e-02
7.796169817447662354e-02
7.804639637470245361e-02
7.845799624919891357e-02
7.846683263778686523e-02
7.862914353609085083e-02
7.902321219444274902e-02
7.898056507110595703e-02
7.897420972585678101e-02
7.944134622812271118e-02
7.953782379627227783e-02
7.952048629522323608e-02
7.951347529888153076e-02
8.024909347295761108e-02
8.064611256122589111e-02
8.158019185066223145e-02
8.162756264209747314e-02
8.217491209506988525e-02
8.271624892950057983e-02
8.345328271389007568e-02
8.369108289480209351e-02
8.406814932823181152e-02
8.474661409854888916e-02
8.467439562082290649e-02
8.512114733457565308e-02
8.564345538616180420e-02
8.635222166776657104e-02
8.707948774099349976e-02
8.770348131656646729e-02
8.838506042957305908e-02
8.897455781698226929e-02
8.916044235229492188e-02
8.995141834020614624e-02
9.075842797756195068e-02
9.110062569379806519e-02
9.151079505681991577e-02
9.201222658157348633e-02
9.272561967372894287e-02
9.324036538600921631e-02
9.340058267116546631e-02
9.434297680854797363e-02
9.466365724802017212e-02
9.580628573894500732e-02
9.615192562341690063e-02
9.672760218381881714e-02
9.697809815406799316e-02
9.748923778533935547e-02
9.805799275636672974e-02
9.865757077932357788e-02
9.905242174863815308e-02
9.982334077358245850e-02
1.002287119626998901e-01
1.005180701613426208e-01
1.011937633156776428e-01
1.014731675386428833e-01
1.024717688560485840e-01
1.029961705207824707e-01
1.035112962126731873e-01
1.040150746703147888e-01
1.047087758779525757e-01
1.050789356231689453e-01
1.051207035779953003e-01
1.061248853802680969e-01
1.066569164395332336e-01
1.071362644433975220e-01
1.073868423700332642e-01
1.079742982983589172e-01
1.089961826801300049e-01
1.099077388644218445e-01
1.102181077003479004e-01
1.101897060871124268e-01
1.113171428442001343e-01
1.115801483392715454e-01
1.121297702193260193e-01
1.130072697997093201e-01
1.129771098494529724e-01
1.140174791216850281e-01
1.143752485513687134e-01
1.152218431234359741e-01
1.155908629298210144e-01
1.160648763179779053e-01
1.164921298623085022e-01
1.170656755566596985e-01
1.179405748844146729e-01
1.187501326203346252e-01
1.192292049527168274e-01
1.196619942784309387e-01
1.202137693762779236e-01
1.208614185452461243e-01
1.210112348198890686e-01
1.218594983220100403e-01
1.225402653217315674e-01
1.231307387351989746e-01
1.232079118490219116e-01
1.236552298069000244e-01
1.238264143466949463e-01
1.242417916655540466e-01
1.251095682382583618e-01
1.254226565361022949e-01
1.269101202487945557e-01
1.275040507316589355e-01
1.282186657190322876e-01
1.288472414016723633e-01
1.290664672851562500e-01
1.296828836202621460e-01
1.305484920740127563e-01
1.311623007059097290e-01
1.321257203817367554e-01
1.322465837001800537e-01
1.323310881853103638e-01
1.334346979856491089e-01
1.335833668708801270e-01
1.345567107200622559e-01
1.349036544561386108e-01
1.353586316108703613e-01
1.363069266080856323e-01
1.362782120704650879e-01
1.374280899763107300e-01
1.381572484970092773e-01
1.391556859016418457e-01
1.391815841197967529e-01
1.397042721509933472e-01
1.405618339776992798e-01
1.409275531768798828e-01
1.408573240041732788e-01
1.412733495235443115e-01
1.421264111995697021e-01
1.431374996900558472e-01
1.432344764471054077e-01
1.437646448612213135e-01
1.438987106084823608e-01
1.449817866086959839e-01
1.460293084383010864e-01
1.466927677392959595e-01
1.471875905990600586e-01
1.481776982545852661e-01
1.484427899122238159e-01
1.493818461894989014e-01
1.495148390531539917e-01
1.502729803323745728e-01
1.506744921207427979e-01
1.511735767126083374e-01
1.516983211040496826e-01
1.522436141967773438e-01
1.525073200464248657e-01
1.536752879619598389e-01
1.541642844676971436e-01
1.545670330524444580e-01
1.553202718496322632e-01
1.558557599782943726e-01
1.562163978815078735e-01
1.566845178604125977e-01
1.572968959808349609e-01
1.574265509843826294e-01
1.579082459211349487e-01
1.590373963117599487e-01
1.594685912132263184e-01
1.602024286985397339e-01
1.607208698987960815e-01
1.612609624862670898e-01
1.616860479116439819e-01
1.626506894826889038e-01
1.630476713180541992e-01
1.641535907983779907e-01
1.641353815793991089e-01
1.644051820039749146e-01
1.649617403745651245e-01
1.656815111637115479e-01
1.663110554218292236e-01
1.667091995477676392e-01
1.675258874893188477e-01
1.679740101099014282e-01
1.684571057558059692e-01
1.691043674945831299e-01
1.696829199790954590e-01
1.697139441967010498e-01
1.708213686943054199e-01
1.714382469654083252e-01
1.719485074281692505e-01
1.720264256000518799e-01
1.730874478816986084e-01
1.740433573722839355e-01
1.741511076688766479e-01
1.751001030206680298e-01
1.752460598945617676e-01
1.755950003862380981e-01
1.761289834976196289e-01
1.768693327903747559e-01
1.775880455970764160e-01
1.779096573591232300e-01
1.785576194524765015e-01
1.788100302219390869e-01
1.796411573886871338e-01
1.800334453582763672e-01
1.801349669694900513e-01
1.806281507015228271e-01
1.810246855020523071e-01
1.818386018276214600e-01
1.822912245988845825e-01
1.828383356332778931e-01
1.835288405418395996e-01
1.840002834796905518e-01
1.843421906232833862e-01
1.848699301481246948e-01
1.852485686540603638e-01
1.865355074405670166e-01
1.872258335351943970e-01
1.875824779272079468e-01
1.880358457565307617e-01
1.885408759117126465e-01
1.889508068561553955e-01
1.896135061979293823e-01
1.900601536035537720e-01
1.904080212116241455e-01
1.908657848834991455e-01
1.913921684026718140e-01
1.915335506200790405e-01
1.924691647291183472e-01
1.927751302719116211e-01
1.934756636619567871e-01
1.940448582172393799e-01
1.948872804641723633e-01
1.948796361684799194e-01
1.949244588613510132e-01
1.958506703376770020e-01
1.965411603450775146e-01
1.968156993389129639e-01
1.974102109670639038e-01
1.979847997426986694e-01
1.982243359088897705e-01
1.987184882164001465e-01
1.993418484926223755e-01
1.997324973344802856e-01
2.000443339347839355e-01
2.006919682025909424e-01
2.014369815587997437e-01
2.016154676675796509e-01
2.018551677465438843e-01
2.020618021488189697e-01
2.025573402643203735e-01
2.032784670591354370e-01
2.038134187459945679e-01
2.042714059352874756e-01
2.045349329710006714e-01
2.054411172866821289e-01
2.058462947607040405e-01
2.063348740339279175e-01
2.063549757003784180e-01
2.064912468194961548e-01
2.068130075931549072e-01
2.079671025276184082e-01
2.083549201488494873e-01
2.083483338356018066e-01
2.088558524847030640e-01
2.089730650186538696e-01
2.093032151460647583e-01
2.094666957855224609e-01
2.094478458166122437e-01
2.099069654941558838e-01
2.101907134056091309e-01
2.102986872196197510e-01
2.103823125362396240e-01
2.106263935565948486e-01
2.106844186782836914e-01
2.108068764209747314e-01
2.109284996986389160e-01
2.115933746099472046e-01
2.116974145174026489e-01
2.119296491146087646e-01
2.122566252946853638e-01
2.123769223690032959e-01
2.125030755996704102e-01
2.126810401678085327e-01
2.130351662635803223e-01
2.131859213113784790e-01
2.133753895759582520e-01
2.134979218244552612e-01
2.138704508543014526e-01
2.140283137559890747e-01
2.141386866569519043e-01
2.145161032676696777e-01
2.144685536623001099e-01
2.146559059619903564e-01
2.151280641555786133e-01
2.153038084506988525e-01
2.156845927238464355e-01
2.158067673444747925e-01
2.158910930156707764e-01
2.159581780433654785e-01
2.162079215049743652e-01
2.166189700365066528e-01
2.167479544878005981e-01
2.168767154216766357e-01
2.169828563928604126e-01
2.172299921512603760e-01
2.174789458513259888e-01
2.176299095153808594e-01
2.177648246288299561e-01
2.179070115089416504e-01
2.183037996292114258e-01
2.183663696050643921e-01
2.181655764579772949e-01
2.181103825569152832e-01
2.179579734802246094e-01
2.179887443780899048e-01
2.175640016794204712e-01
2.176487892866134644e-01
2.174692004919052124e-01
2.173657864332199097e-01
2.170933187007904053e-01
2.171823233366012573e-01
2.169959843158721924e-01
2.168830782175064087e-01
2.167605012655258179e-01
2.167063951492309570e-01
2.165919393301010132e-01
2.164895683526992798e-01
2.163832485675811768e-01
2.162935286760330200e-01
2.161569148302078247e-01
2.160733193159103394e-01
2.160195261240005493e-01
2.158686369657516479e-01
2.155685275793075562e-01
2.156644463539123535e-01
2.154092192649841309e-01
2.153991013765335083e-01
2.153826802968978882e-01
2.150783240795135498e-01
2.150720208883285522e-01
2.148244976997375488e-01
2.148217558860778809e-01
2.147257328033447266e-01
2.145992517471313477e-01
2.146077901124954224e-01
2.144787907600402832e-01
2.143106907606124878e-01
2.141167521476745605e-01
2.141375392675399780e-01
2.140766978263854980e-01
2.138290107250213623e-01
2.138091325759887695e-01
2.135981917381286621e-01
2.136651128530502319e-01
2.134678065776824951e-01
2.132318466901779175e-01
2.132196873426437378e-01
2.130773514509201050e-01
2.130227684974670410e-01
2.128424644470214844e-01
2.128488868474960327e-01
2.128440588712692261e-01
2.124855667352676392e-01
2.124904990196228027e-01
2.124256640672683716e-01
2.123591899871826172e-01
2.121693342924118042e-01
2.120929360389709473e-01
2.121903449296951294e-01
2.119760811328887939e-01
2.116604596376419067e-01
2.116612195968627930e-01
2.116158753633499146e-01
2.114590406417846680e-01
2.113131880760192871e-01
2.113146930932998657e-01
2.111033648252487183e-01
2.111740857362747192e-01
2.108520418405532837e-01
2.108365297317504883e-01
2.107673883438110352e-01
2.106630057096481323e-01
2.105703055858612061e-01
2.104953527450561523e-01
2.104348838329315186e-01
2.102627456188201904e-01
2.101067155599594116e-01
2.102081328630447388e-01
2.100911438465118408e-01
2.099048048257827759e-01
2.098406255245208740e-01
2.097332626581192017e-01
2.096379250288009644e-01
2.095265835523605347e-01
2.095182389020919800e-01
2.093754410743713379e-01
2.093587219715118408e-01
2.092949002981185913e-01
2.091363519430160522e-01
2.091307044029235840e-01
2.090059965848922729e-01
2.088327109813690186e-01
2.088017016649246216e-01
2.087800502777099609e-01
2.087680101394653320e-01
2.086300998926162720e-01
2.086408883333206177e-01
2.085980325937271118e-01
2.084636688232421875e-01
2.084119915962219238e-01
2.081386148929595947e-01
2.079989761114120483e-01
2.080954164266586304e-01
2.079715132713317871e-01
2.078497409820556641e-01
2.078050225973129272e-01
2.078130096197128296e-01
2.076807618141174316e-01
2.075967788696289062e-01
2.076732069253921509e-01
2.074902355670928955e-01
2.074055969715118408e-01
2.074157744646072388e-01
2.073472887277603149e-01
2.072429805994033813e-01
2.071700692176818848e-01
