3.855951428413391113e-01 -4.129043519496917725e-01 6.538423150777816772e-02
3.855966627597808838e-01 -4.129041433334350586e-01 6.538423150777816772e-02
3.856070339679718018e-01 -4.129026830196380615e-01 6.538423150777816772e-02
3.856343626976013184e-01 -4.128988385200500488e-01 6.538423150777816772e-02
3.856859803199768066e-01 -4.128915667533874512e-01 6.538423150777816772e-02
3.857684731483459473e-01 -4.128799736499786377e-01 6.538423150777816772e-02
3.858876228332519531e-01 -4.128632247447967529e-01 6.538423150777816772e-02
3.860485255718231201e-01 -4.128405749797821045e-01 6.538423150777816772e-02
3.862555027008056641e-01 -4.128114581108093262e-01 6.538423150777816772e-02
3.865121901035308838e-01 -4.127753376960754395e-01 6.538423150777816772e-02
3.868215084075927734e-01 -4.127317965030670166e-01 6.538423150777816772e-02
3.871857225894927979e-01 -4.126805365085601807e-01 6.538423150777816772e-02
3.876063227653503418e-01 -4.126212894916534424e-01 6.538423150777816772e-02
3.880842924118041992e-01 -4.125539660453796387e-01 6.538423150777816772e-02
3.886198401451110840e-01 -4.124785363674163818e-01 6.538423150777816772e-02
3.892126083374023438e-01 -4.123950004577636719e-01 6.538423150777816772e-02
3.898616135120391846e-01 -4.123035371303558350e-01 6.538423150777816772e-02
3.905652463436126709e-01 -4.122043251991271973e-01 6.538423150777816772e-02
3.913213014602661133e-01 -4.120976924896240234e-01 6.538423150777816772e-02
3.921270072460174561e-01 -4.119839966297149658e-01 6.538423150777816772e-02
3.929790854454040527e-01 -4.118637442588806152e-01 6.538423150777816772e-02
3.938735723495483398e-01 -4.117374420166015625e-01 6.538423150777816772e-02
3.948061168193817139e-01 -4.116057157516479492e-01 6.538423150777816772e-02
3.957717418670654297e-01 -4.114692211151123047e-01 6.538423150777816772e-02
3.967649638652801514e-01 -4.113287627696990967e-01 6.538423150777816772e-02
3.977798819541931152e-01 -4.111851453781127930e-01 6.538423150777816772e-02
3.988100588321685791e-01 -4.110392630100250244e-01 6.538423150777816772e-02
3.998485505580902100e-01 -4.108920991420745850e-01 6.538423150777816772e-02
4.008880257606506348e-01 -4.107446670532226562e-01 6.538423150777816772e-02
4.019206762313842773e-01 -4.105980396270751953e-01 6.538423150777816772e-02
4.029383063316345215e-01 -4.104533493518829346e-01 6.538423150777816772e-02
4.039323329925537109e-01 -4.103118479251861572e-01 6.538423150777816772e-02
4.048974215984344482e-01 -4.101742208003997803e-01 6.538423150777816772e-02
4.058322608470916748e-01 -4.100407361984252930e-01 6.538423150777816772e-02
4.067359566688537598e-01 -4.099115431308746338e-01 6.538423150777816772e-02
4.076078236103057861e-01 -4.097867012023925781e-01 6.538423150777816772e-02
4.084474742412567139e-01 -4.096663296222686768e-01 6.538423150777816772e-02
4.092545509338378906e-01 -4.095505177974700928e-01 6.538423150777816772e-02
4.100290536880493164e-01 -4.094392955303192139e-01 6.538423150777816772e-02
4.107711017131805420e-01 -4.093326032161712646e-01 6.538423150777816772e-02
4.114809930324554443e-01 -4.092305004596710205e-01 6.538423150777816772e-02
4.121592342853546143e-01 -4.091329276561737061e-01 6.538423150777816772e-02
4.128065109252929688e-01 -4.090397655963897705e-01 6.538423150777816772e-02
4.134236872196197510e-01 -4.089509844779968262e-01 6.538423150777816772e-02
4.140118360519409180e-01 -4.088664054870605469e-01 6.538423150777816772e-02
4.145721197128295898e-01 -4.087859094142913818e-01 6.538423150777816772e-02
4.151059687137603760e-01 -4.087093472480773926e-01 6.538423150777816772e-02
4.156148731708526611e-01 -4.086364805698394775e-01 6.538423150777816772e-02
4.161005616188049316e-01 -4.085671305656433105e-01 6.538423150777816772e-02
4.165649116039276123e-01 -4.085010588169097900e-01 6.538423150777816772e-02
4.170099198818206787e-01 -4.084379971027374268e-01 6.538423150777816772e-02
4.174377620220184326e-01 -4.083777070045471191e-01 6.538423150777816772e-02
4.178507328033447266e-01 -4.083198308944702148e-01 6.538423150777816772e-02
4.182513058185577393e-01 -4.082640707492828369e-01 6.538423150777816772e-02
4.186420738697052002e-01 -4.082100987434387207e-01 6.538423150777816772e-02
4.190257191658020020e-01 -4.081575572490692139e-01 6.538423150777816772e-02
4.194051325321197510e-01 -4.081060588359832764e-01 6.538423150777816772e-02
4.197833240032196045e-01 -4.080552160739898682e-01 6.538423150777816772e-02
4.201633632183074951e-01 -4.080046415328979492e-01 6.538423150777816772e-02
4.205484986305236816e-01 -4.079538583755493164e-01 6.538423150777816772e-02
4.209420680999755859e-01 -4.079024791717529297e-01 6.538423150777816772e-02
4.213475286960601807e-01 -4.078500270843505859e-01 6.538423150777816772e-02
4.217680096626281738e-01 -4.077960252761840820e-01 6.538423150777816772e-02
4.222042858600616455e-01 -4.077403843402862549e-01 6.538423150777816772e-02
4.226562380790710449e-01 -4.076829552650451660e-01 6.538423150777816772e-02
4.231236279010772705e-01 -4.076237082481384277e-01 6.538423150777816772e-02
4.236062169075012207e-01 -4.075625836849212646e-01 6.538423150777816772e-02
4.241037070751190186e-01 -4.074994921684265137e-01 6.538423150777816772e-02
4.246157407760620117e-01 -4.074344336986541748e-01 6.538423150777816772e-02
4.251419305801391602e-01 -4.073673784732818604e-01 6.538423150777816772e-02
4.256817996501922607e-01 -4.072982370853424072e-01 6.538423150777816772e-02
4.262348413467407227e-01 -4.072270095348358154e-01 6.538423150777816772e-02
4.268004894256591797e-01 -4.071536958217620850e-01 6.538423150777816772e-02
4.273781180381774902e-01 -4.070782959461212158e-01 6.538423150777816772e-02
4.279671013355255127e-01 -4.070007801055908203e-01 6.538423150777816772e-02
4.285667240619659424e-01 -4.069211483001708984e-01 6.538423150777816772e-02
4.291762411594390869e-01 -4.068394303321838379e-01 6.538423150777816772e-02
4.297948777675628662e-01 -4.067556560039520264e-01 6.538423150777816772e-02
4.304217398166656494e-01 -4.066697955131530762e-01 6.538423150777816772e-02
4.310560226440429688e-01 -4.065819084644317627e-01 6.538423150777816772e-02
4.316967427730560303e-01 -4.064920246601104736e-01 6.538423150777816772e-02
4.323430061340332031e-01 -4.064002037048339844e-01 6.538423150777816772e-02
4.329937398433685303e-01 -4.063064455986022949e-01 6.538423150777816772e-02
4.336479306221008301e-01 -4.062108397483825684e-01 6.538423150777816772e-02
4.343045353889465332e-01 -4.061134457588195801e-01 6.538423150777816772e-02
4.349623918533325195e-01 -4.060142934322357178e-01 6.538423150777816772e-02
4.356203675270080566e-01 -4.059134721755981445e-01 6.538423150777816772e-02
4.362773001194000244e-01 -4.058110117912292480e-01 6.538423150777816772e-02
4.369319379329681396e-01 -4.057070612907409668e-01 6.538423150777816772e-02
4.375830590724945068e-01 -4.056016206741333008e-01 6.538423150777816772e-02
4.382293522357940674e-01 -4.054948389530181885e-01 6.538423150777816772e-02
4.388695359230041504e-01 -4.053867757320404053e-01 6.538423150777816772e-02
4.395022392272949219e-01 -4.052775204181671143e-01 6.538423150777816772e-02
4.401268064975738525e-01 -4.051672518253326416e-01 6.538423150777816772e-02
4.407435655593872070e-01 -4.050562679767608643e-01 6.538423150777816772e-02
4.413529634475708008e-01 -4.049448370933532715e-01 6.538423150777816772e-02
4.419555068016052246e-01 -4.048332571983337402e-01 6.538423150777816772e-02
4.425516128540039062e-01 -4.047217965126037598e-01 6.538423150777816772e-02
4.431418180465698242e-01 -4.046108126640319824e-01 6.538423150777816772e-02
4.437266290187835693e-01 -4.045005142688751221e-01 6.538423150777816772e-02
4.443065524101257324e-01 -4.043911993503570557e-01 6.538423150777816772e-02
4.448821544647216797e-01 -4.042831659317016602e-01 6.538423150777816772e-02
4.454539716243743896e-01 -4.041767120361328125e-01 6.538423150777816772e-02
4.460225403308868408e-01 -4.040720462799072266e-01 6.538423150777816772e-02
4.465884864330291748e-01 -4.039695262908935547e-01 6.538423150777816772e-02
4.471523463726043701e-01 -4.038693606853485107e-01 6.538423150777816772e-02
4.477147459983825684e-01 -4.037718474864959717e-01 6.538423150777816772e-02
4.482763409614562988e-01 -4.036772549152374268e-01 6.538423150777816772e-02
4.488376677036285400e-01 -4.035858213901519775e-01 6.538423150777816772e-02
4.493994414806365967e-01 -4.034978747367858887e-01 6.538423150777816772e-02
4.499622881412506104e-01 -4.034136533737182617e-01 6.538423150777816772e-02
4.505268633365631104e-01 -4.033333957195281982e-01 6.538423150777816772e-02
4.510938227176666260e-01 -4.032573699951171875e-01 6.538423150777816772e-02
4.516638517379760742e-01 -4.031858444213867188e-01 6.538423150777816772e-02
4.522376656532287598e-01 -4.031191170215606689e-01 6.538423150777816772e-02
4.528159499168395996e-01 -4.030573666095733643e-01 6.538423150777816772e-02
4.529183208942413330e-01 -4.032384753227233887e-01 6.538423150777816772e-02
4.535031616687774658e-01 -4.042925536632537842e-01 6.538423150777816772e-02
4.547119736671447754e-01 -4.065389931201934814e-01 6.538423150777816772e-02
4.563573300838470459e-01 -4.097632765769958496e-01 6.538423150777816772e-02
4.579772055149078369e-01 -4.132999479770660400e-01 6.538423150777816772e-02
4.592125713825225830e-01 -4.164320528507232666e-01 6.538423150777816772e-02
4.601176977157592773e-01 -4.188195765018463135e-01 6.538423150777816772e-02
4.608682990074157715e-01 -4.202992022037506104e-01 6.538423150777816772e-02
4.617235064506530762e-01 -4.208427369594573975e-01 6.538423150777816772e-02
4.629763662815093994e-01 -4.205468893051147461e-01 6.538423150777816772e-02
4.646665453910827637e-01 -4.196562170982360840e-01 6.538423150777816772e-02
4.666777253150939941e-01 -4.184314906597137451e-01 6.538423150777816772e-02
4.688683748245239258e-01 -4.170941710472106934e-01 6.538423150777816772e-02
4.710760712623596191e-01 -4.158315062522888184e-01 6.538423150777816772e-02
4.731699228286743164e-01 -4.147388637065887451e-01 6.538423150777816772e-02
4.751353859901428223e-01 -4.137444496154785156e-01 6.538423150777816772e-02
4.769825637340545654e-01 -4.127621650695800781e-01 6.538423150777816772e-02
4.787277877330780029e-01 -4.117159247398376465e-01 6.538423150777816772e-02
4.803922176361083984e-01 -4.105399549007415771e-01 6.538423150777816772e-02
4.819930195808410645e-01 -4.092080891132354736e-01 6.538423150777816772e-02
4.820306599140167236e-01 -4.091967642307281494e-01 6.538423150777816772e-02
4.822690188884735107e-01 -4.091247320175170898e-01 6.538423150777816772e-02
4.828419983386993408e-01 -4.089509248733520508e-01 6.538423150777816772e-02
4.838148057460784912e-01 -4.086541533470153809e-01 6.538423150777816772e-02
4.851890504360198975e-01 -4.082319736480712891e-01 6.538423150777816772e-02
4.869073629379272461e-01 -4.076990783214569092e-01 6.538423150777816772e-02
4.888582825660705566e-01 -4.070859849452972412e-01 6.538423150777816772e-02
4.908811450004577637e-01 -4.064375460147857666e-01 6.538423150777816772e-02
4.927814900875091553e-01 -4.058091640472412109e-01 6.538423150777816772e-02
4.944599568843841553e-01 -4.052354097366333008e-01 6.538423150777816772e-02
4.959057569503784180e-01 -4.047296643257141113e-01 6.538423150777816772e-02
4.971280694007873535e-01 -4.042994081974029541e-01 6.538423150777816772e-02
4.981536567211151123e-01 -4.039470255374908447e-01 6.538423150777816772e-02
4.990254640579223633e-01 -4.036702513694763184e-01 6.538423150777816772e-02
4.990654885768890381e-01 -4.036722779273986816e-01 6.538423150777816772e-02
4.993188977241516113e-01 -4.036853611469268799e-01 6.538423150777816772e-02
4.999276101589202881e-01 -4.037179648876190186e-01 6.538423150777816772e-02
5.009604692459106445e-01 -4.037757515907287598e-01 6.538423150777816772e-02
5.024182796478271484e-01 -4.038618803024291992e-01 6.538423150777816772e-02
5.042390823364257812e-01 -4.039770662784576416e-01 6.538423150777816772e-02
5.063033699989318848e-01 -4.041199982166290283e-01 6.538423150777816772e-02
5.084393620491027832e-01 -4.042873382568359375e-01 6.538423150777816772e-02
5.104423761367797852e-01 -4.044733345508575439e-01 6.538423150777816772e-02
5.122141838073730469e-01 -4.046649932861328125e-01 6.538423150777816772e-02
5.137408375740051270e-01 -4.048463106155395508e-01 6.538423150777816772e-02
5.150291919708251953e-01 -4.050019979476928711e-01 6.538423150777816772e-02
5.161047577857971191e-01 -4.051175713539123535e-01 6.538423150777816772e-02
5.170101523399353027e-01 -4.051790535449981689e-01 6.538423150777816772e-02
5.178036689758300781e-01 -4.051730930805206299e-01 6.538423150777816772e-02
5.185582637786865234e-01 -4.050869345664978027e-01 6.538423150777816772e-02
5.193581581115722656e-01 -4.049086272716522217e-01 6.538423150777816772e-02
5.202533006668090820e-01 -4.046367108821868896e-01 6.538423150777816772e-02
5.212435722351074219e-01 -4.042810201644897461e-01 6.538423150777816772e-02
5.223209857940673828e-01 -4.038517475128173828e-01 6.538423150777816772e-02
5.234724879264831543e-01 -4.033589065074920654e-01 6.538423150777816772e-02
5.246803164482116699e-01 -4.028123915195465088e-01 6.538423150777816772e-02
5.259224176406860352e-01 -4.022218883037567139e-01 6.538423150777816772e-02
5.271727442741394043e-01 -4.015969336032867432e-01 6.538423150777816772e-02
5.284017324447631836e-01 -4.009469449520111084e-01 6.538423150777816772e-02
5.295876860618591309e-01 -4.002847373485565186e-01 6.538423150777816772e-02
5.307334065437316895e-01 -3.996313512325286865e-01 6.538423150777816772e-02
5.318464040756225586e-01 -3.990088999271392822e-01 6.538423150777816772e-02
5.329356193542480469e-01 -3.984397053718566895e-01 6.538423150777816772e-02
5.340113043785095215e-01 -3.979459702968597412e-01 6.538423150777816772e-02
5.350847244262695312e-01 -3.975500464439392090e-01 6.538423150777816772e-02
5.361680984497070312e-01 -3.972743153572082520e-01 6.538423150777816772e-02
5.372747182846069336e-01 -3.971411287784576416e-01 6.538423150777816772e-02
5.384156107902526855e-01 -3.971651196479797363e-01 6.538423150777816772e-02
5.395872592926025391e-01 -3.973203003406524658e-01 6.538423150777816772e-02
5.407809615135192871e-01 -3.975677490234375000e-01 6.538423150777816772e-02
5.419880151748657227e-01 -3.978685438632965088e-01 6.538423150777816772e-02
5.431993603706359863e-01 -3.981836736202239990e-01 6.538423150777816772e-02
5.444059967994689941e-01 -3.984747529029846191e-01 6.538423150777816772e-02
5.456036329269409180e-01 -3.987250328063964844e-01 6.538423150777816772e-02
5.467939376831054688e-01 -3.989458978176116943e-01 6.538423150777816772e-02
5.479790568351745605e-01 -3.991504907608032227e-01 6.538423150777816772e-02
5.491611361503601074e-01 -3.993520736694335938e-01 6.538423150777816772e-02
5.503425598144531250e-01 -3.995638191699981689e-01 6.538423150777816772e-02
5.515252947807312012e-01 -3.997958302497863770e-01 6.538423150777816772e-02
5.527101159095764160e-01 -4.000403881072998047e-01 6.538423150777816772e-02
5.538972616195678711e-01 -4.002836644649505615e-01 6.538423150777816772e-02
5.550870299339294434e-01 -4.005118012428283691e-01 6.538423150777816772e-02
5.562796592712402344e-01 -4.007109403610229492e-01 6.538423150777816772e-02
5.574754476547241211e-01 -4.008673727512359619e-01 6.538423150777816772e-02
5.586743950843811035e-01 -4.009749889373779297e-01 6.538423150777816772e-02
5.598765015602111816e-01 -4.010382890701293945e-01 6.538423150777816772e-02
5.610817074775695801e-01 -4.010625183582305908e-01 6.538423150777816772e-02
5.622900724411010742e-01 -4.010529816150665283e-01 6.538423150777816772e-02
5.635014176368713379e-01 -4.010148644447326660e-01 6.538423150777816772e-02
5.647158026695251465e-01 -4.009535014629364014e-01 6.538423150777816772e-02
5.659331679344177246e-01 -4.008741080760955811e-01 6.538423150777816772e-02
5.671535134315490723e-01 -4.007819592952728271e-01 6.538423150777816772e-02
5.683763027191162109e-01 -4.006836414337158203e-01 6.538423150777816772e-02
5.695996880531311035e-01 -4.005894958972930908e-01 6.538423150777816772e-02
5.708214640617370605e-01 -4.005106389522552490e-01 6.538423150777816772e-02
5.720394849777221680e-01 -4.004581570625305176e-01 6.538423150777816772e-02
5.732516050338745117e-01 -4.004431068897247314e-01 6.538423150777816772e-02
5.744555592536926270e-01 -4.004765748977661133e-01 6.538423150777816772e-02
5.756492614746093750e-01 -4.005696773529052734e-01 6.538423150777816772e-02
5.768305063247680664e-01 -4.007334709167480469e-01 6.538423150777816772e-02
5.779974460601806641e-01 -4.009768068790435791e-01 6.538423150777816772e-02
5.791510343551635742e-01 -4.012938439846038818e-01 6.538423150777816772e-02
5.802931189537048340e-01 -4.016725420951843262e-01 6.538423150777816772e-02
5.814256072044372559e-01 -4.021008908748626709e-01 6.538423150777816772e-02
5.825504064559936523e-01 -4.025669097900390625e-01 6.538423150777816772e-02
5.836694240570068359e-01 -4.030586183071136475e-01 6.538423150777816772e-02
5.847846269607543945e-01 -4.035640060901641846e-01 6.538423150777816772e-02
5.858979225158691406e-01 -4.040710330009460449e-01 6.538423150777816772e-02
5.870110988616943359e-01 -4.045680463314056396e-01 6.538423150777816772e-02
5.881258845329284668e-01 -4.050492346286773682e-01 6.538423150777816772e-02
5.892435312271118164e-01 -4.055137634277343750e-01 6.538423150777816772e-02
5.903654098510742188e-01 -4.059609472751617432e-01 6.538423150777816772e-02
5.914927721023559570e-01 -4.063901305198669434e-01 6.538423150777816772e-02
5.926269292831420898e-01 -4.068006277084350586e-01 6.538423150777816772e-02
5.937692523002624512e-01 -4.071917533874511719e-01 6.538423150777816772e-02
5.949211120605468750e-01 -4.075628519058227539e-01 6.538423150777816772e-02
5.960836410522460938e-01 -4.079132378101348877e-01 6.538423150777816772e-02
5.972562432289123535e-01 -4.082427322864532471e-01 6.538423150777816772e-02
5.984344482421875000e-01 -4.085519015789031982e-01 6.538423150777816772e-02
5.996136665344238281e-01 -4.088414311408996582e-01 6.538423150777816772e-02
6.007891297340393066e-01 -4.091119766235351562e-01 6.538423150777816772e-02
6.019561886787414551e-01 -4.093642532825469971e-01 6.538423150777816772e-02
6.031113266944885254e-01 -4.096003770828247070e-01 6.538423150777816772e-02
6.042606234550476074e-01 -4.098343253135681152e-01 6.538423150777816772e-02
6.054148077964782715e-01 -4.100857079029083252e-01 6.538423150777816772e-02
6.065845489501953125e-01 -4.103742837905883789e-01 6.538423150777816772e-02
6.077806353569030762e-01 -4.107196629047393799e-01 6.538423150777816772e-02
6.090136170387268066e-01 -4.111412763595581055e-01 6.538423150777816772e-02
6.102783679962158203e-01 -4.116265475749969482e-01 6.538423150777816772e-02
6.115399003028869629e-01 -4.121027886867523193e-01 6.538423150777816772e-02
6.127599477767944336e-01 -4.124905765056610107e-01 6.538423150777816772e-02
6.139004230499267578e-01 -4.127104878425598145e-01 6.538423150777816772e-02
6.149230003356933594e-01 -4.126831293106079102e-01 6.538423150777816772e-02
6.157940030097961426e-01 -4.123383164405822754e-01 6.538423150777816772e-02
6.165199279785156250e-01 -4.116873145103454590e-01 6.538423150777816772e-02
6.171278357505798340e-01 -4.107834994792938232e-01 6.538423150777816772e-02
6.176452636718750000e-01 -4.096807539463043213e-01 6.538423150777816772e-02
6.180995702743530273e-01 -4.084328114986419678e-01 6.538423150777816772e-02
6.185181140899658203e-01 -4.070935547351837158e-01 6.538423150777816772e-02
6.189282536506652832e-01 -4.057167768478393555e-01 6.538423150777816772e-02
6.193574666976928711e-01 -4.043562710285186768e-01 6.538423150777816772e-02
6.198323369026184082e-01 -4.030646085739135742e-01 6.538423150777816772e-02
6.203589439392089844e-01 -4.018612205982208252e-01 6.538423150777816772e-02
6.209217309951782227e-01 -4.007302820682525635e-01 6.538423150777816772e-02
6.215039491653442383e-01 -3.996543586254119873e-01 6.538423150777816772e-02
6.220888495445251465e-01 -3.986158668994903564e-01 6.538423150777816772e-02
6.226598024368286133e-01 -3.975973725318908691e-01 6.538423150777816772e-02
6.232000589370727539e-01 -3.965812921524047852e-01 6.538423150777816772e-02
6.236928701400756836e-01 -3.955501616001129150e-01 6.538423150777816772e-02
6.241216659545898438e-01 -3.944865167140960693e-01 6.538423150777816772e-02
6.244783401489257812e-01 -3.933799564838409424e-01 6.538423150777816772e-02
6.247739791870117188e-01 -3.922357559204101562e-01 6.538423150777816772e-02
6.250221133232116699e-01 -3.910612165927886963e-01 6.538423150777816772e-02
6.252363324165344238e-01 -3.898636698722839355e-01 6.538423150777816772e-02
6.254302263259887695e-01 -3.886504769325256348e-01 6.538423150777816772e-02
6.256173253059387207e-01 -3.874289691448211670e-01 6.538423150777816772e-02
6.258112192153930664e-01 -3.862064778804779053e-01 6.538423150777816772e-02
6.260254383087158203e-01 -3.849903047084808350e-01 6.538423150777816772e-02
6.262701749801635742e-01 -3.837864100933074951e-01 6.538423150777816772e-02
6.265388727188110352e-01 -3.825939297676086426e-01 6.538423150777816772e-02
6.268197298049926758e-01 -3.814099431037902832e-01 6.538423150777816772e-02
6.271011233329772949e-01 -3.802314698696136475e-01 6.538423150777816772e-02
6.273713111877441406e-01 -3.790556192398071289e-01 6.538423150777816772e-02
6.276186108589172363e-01 -3.778794109821319580e-01 6.538423150777816772e-02
6.278313994407653809e-01 -3.766999542713165283e-01 6.538423150777816772e-02
6.279978752136230469e-01 -3.755142390727996826e-01 6.538423150777816772e-02
6.281075477600097656e-01 -3.743196427822113037e-01 6.538423150777816772e-02
6.281645298004150391e-01 -3.731165230274200439e-01 6.538423150777816772e-02
6.281821727752685547e-01 -3.719072341918945312e-01 6.538423150777816772e-02
6.281740069389343262e-01 -3.706941604614257812e-01 6.538423150777816772e-02
6.281536817550659180e-01 -3.694796860218048096e-01 6.538423150777816772e-02
6.281346082687377930e-01 -3.682662546634674072e-01 6.538423150777816772e-02
6.281271576881408691e-01 -3.670553565025329590e-01 6.538423150777816772e-02
6.281320452690124512e-01 -3.658464252948760986e-01 6.538423150777816772e-02
6.281487345695495605e-01 -3.646385967731475830e-01 6.538423150777816772e-02
6.281766891479492188e-01 -3.634308874607086182e-01 6.538423150777816772e-02
6.282154321670532227e-01 -3.622224628925323486e-01 6.538423150777816772e-02
6.282641887664794922e-01 -3.610123991966247559e-01 6.538423150777816772e-02
6.283152699470520020e-01 -3.598012030124664307e-01 6.538423150777816772e-02
6.283577680587768555e-01 -3.585900664329528809e-01 6.538423150777816772e-02
6.283801198005676270e-01 -3.573802709579467773e-01 6.538423150777816772e-02
6.283710002899169922e-01 -3.561730384826660156e-01 6.538423150777816772e-02
6.283188462257385254e-01 -3.549696803092956543e-01 6.538423150777816772e-02
6.282164454460144043e-01 -3.537710309028625488e-01 6.538423150777816772e-02
6.280675530433654785e-01 -3.525766432285308838e-01 6.538423150777816772e-02
6.278780102729797363e-01 -3.513859212398529053e-01 6.538423150777816772e-02
6.276536583900451660e-01 -3.501982092857360840e-01 6.538423150777816772e-02
6.274003386497497559e-01 -3.490129113197326660e-01 6.538423150777816772e-02
6.271237730979919434e-01 -3.478293716907501221e-01 6.538423150777816772e-02
6.268298625946044922e-01 -3.466469645500183105e-01 6.538423150777816772e-02
6.265243887901306152e-01 -3.454650640487670898e-01 6.538423150777816772e-02
6.262135505676269531e-01 -3.442830741405487061e-01 6.538423150777816772e-02
6.259058117866516113e-01 -3.431004881858825684e-01 6.538423150777816772e-02
6.256105303764343262e-01 -3.419167697429656982e-01 6.538423150777816772e-02
6.253369450569152832e-01 -3.407315313816070557e-01 6.538423150777816772e-02
6.250944733619689941e-01 -3.395442366600036621e-01 6.538423150777816772e-02
6.248924136161804199e-01 -3.383544087409973145e-01 6.538423150777816772e-02
6.247401237487792969e-01 -3.371616005897521973e-01 6.538423150777816772e-02
6.246469020843505859e-01 -3.359653353691101074e-01 6.538423150777816772e-02
6.246215701103210449e-01 -3.347651958465576172e-01 6.538423895835876465e-02
6.246578693389892578e-01 -3.335614800453186035e-01 6.538423895835876465e-02
6.247389316558837891e-01 -3.323551416397094727e-01 6.538423895835876465e-02
6.248472929000854492e-01 -3.311471641063690186e-01 6.538423895835876465e-02
6.249654889106750488e-01 -3.299385011196136475e-01 6.538423895835876465e-02
6.250758171081542969e-01 -3.287302255630493164e-01 6.538424640893936157e-02
6.251665353775024414e-01 -3.275228738784790039e-01 6.538424640893936157e-02
6.252423524856567383e-01 -3.263163268566131592e-01 6.538424640893936157e-02
6.253120899200439453e-01 -3.251103162765502930e-01 6.538424640893936157e-02
6.253842711448669434e-01 -3.239044547080993652e-01 6.538424640893936157e-02
6.254675984382629395e-01 -3.226984441280364990e-01 6.538424640893936157e-02
6.255697607994079590e-01 -3.214918673038482666e-01 6.538421660661697388e-02
6.256859898567199707e-01 -3.202849924564361572e-01 6.538421660661697388e-02
6.257994174957275391e-01 -3.190780282020568848e-01 6.538421660661697388e-02
6.258928775787353516e-01 -3.178713321685791016e-01 6.538421660661697388e-02
6.259492635726928711e-01 -3.166652917861938477e-01 6.538421660661697388e-02
6.259520649909973145e-01 -3.154599070549011230e-01 6.538417190313339233e-02
6.258894801139831543e-01 -3.142561018466949463e-01 6.538417190313339233e-02
6.257748007774353027e-01 -3.130533993244171143e-01 6.538417190313339233e-02
6.256259083747863770e-01 -3.118516504764556885e-01 6.538417190313339233e-02
6.254607439041137695e-01 -3.106506466865539551e-01 6.538417190313339233e-02
6.252973079681396484e-01 -3.094502389430999756e-01 6.538417190313339233e-02
6.251524686813354492e-01 -3.082503676414489746e-01 6.538417190313339233e-02
6.250288486480712891e-01 -3.070503473281860352e-01 6.538417190313339233e-02
6.249140501022338867e-01 -3.058498203754425049e-01 6.538417190313339233e-02
6.247952580451965332e-01 -3.046483397483825684e-01 6.538416445255279541e-02
6.246598958969116211e-01 -3.034453690052032471e-01 6.538416445255279541e-02
6.244950294494628906e-01 -3.022406399250030518e-01 6.538429856300354004e-02
6.242959499359130859e-01 -3.010337054729461670e-01 6.538429856300354004e-02
6.240881085395812988e-01 -2.998265027999877930e-01 6.538429856300354004e-02
6.239044666290283203e-01 -2.986212074756622314e-01 6.538429856300354004e-02
6.237779855728149414e-01 -2.974200248718261719e-01 6.538429856300354004e-02
6.237416863441467285e-01 -2.962251305580139160e-01 6.538429856300354004e-02
6.238267421722412109e-01 -2.950388491153717041e-01 6.538418680429458618e-02
6.240340471267700195e-01 -2.938607633113861084e-01 6.538418680429458618e-02
6.243309378623962402e-01 -2.926890850067138672e-01 6.538418680429458618e-02
6.246837973594665527e-01 -2.915216684341430664e-01 6.538418680429458618e-02
6.250589489936828613e-01 -2.903563976287841797e-01 6.538418680429458618e-02
6.254227161407470703e-01 -2.891910970211029053e-01 6.538418680429458618e-02
6.257494688034057617e-01 -2.880235016345977783e-01 6.538417190313339233e-02
6.260461211204528809e-01 -2.868544757366180420e-01 6.538417190313339233e-02
6.263288259506225586e-01 -2.856837511062622070e-01 6.538417190313339233e-02
6.266137957572937012e-01 -2.845115661621093750e-01 6.538417190313339233e-02
6.269169449806213379e-01 -2.833381593227386475e-01 6.538417190313339233e-02
6.272536516189575195e-01 -2.821644544601440430e-01 6.538423895835876465e-02
6.276177763938903809e-01 -2.809898555278778076e-01 6.538423895835876465e-02
6.279799342155456543e-01 -2.798160910606384277e-01 6.538423895835876465e-02
6.283095479011535645e-01 -2.786443233489990234e-01 6.538423895835876465e-02
6.285759806632995605e-01 -2.774757742881774902e-01 6.538423895835876465e-02
6.287486553192138672e-01 -2.763115167617797852e-01 6.538423895835876465e-02
6.288051009178161621e-01 -2.751511931419372559e-01 6.538424640893936157e-02
6.287599205970764160e-01 -2.739916145801544189e-01 6.538424640893936157e-02
6.286388039588928223e-01 -2.728264927864074707e-01 6.538424640893936157e-02
6.284674406051635742e-01 -2.716501951217651367e-01 6.538424640893936157e-02
6.282713413238525391e-01 -2.704570293426513672e-01 6.538424640893936157e-02
6.280761957168579102e-01 -2.692413628101348877e-01 6.538424640893936157e-02
6.279076337814331055e-01 -2.679974734783172607e-01 6.538424640893936157e-02
6.277911663055419922e-01 -2.667196989059448242e-01 6.538424640893936157e-02
6.277489662170410156e-01 -2.654040157794952393e-01 6.538423895835876465e-02
6.277676224708557129e-01 -2.640636563301086426e-01 6.538423895835876465e-02
6.278104782104492188e-01 -2.627228200435638428e-01 6.538423895835876465e-02
6.278408169746398926e-01 -2.614058256149291992e-01 6.538423895835876465e-02
6.278219223022460938e-01 -2.601370215415954590e-01 6.538423895835876465e-02
6.277170181274414062e-01 -2.589407265186309814e-01 6.538423895835876465e-02
6.274893879890441895e-01 -2.578412592411041260e-01 6.538423895835876465e-02
6.271023154258728027e-01 -2.568629682064056396e-01 6.538423895835876465e-02
6.265197992324829102e-01 -2.560295760631561279e-01 6.538424640893936157e-02
6.257348060607910156e-01 -2.553456127643585205e-01 6.538424640893936157e-02
6.247768998146057129e-01 -2.547907531261444092e-01 6.538424640893936157e-02
6.236780285835266113e-01 -2.543432116508483887e-01 6.538424640893936157e-02
6.224701404571533203e-01 -2.539811432361602783e-01 6.538424640893936157e-02
6.211851239204406738e-01 -2.536827325820922852e-01 6.538424640893936157e-02
6.198549866676330566e-01 -2.534261643886566162e-01 6.538424640893936157e-02
6.185115575790405273e-01 -2.531895935535430908e-01 6.538424640893936157e-02
6.171869635581970215e-01 -2.529511749744415283e-01 6.538423895835876465e-02
6.159047484397888184e-01 -2.526928484439849854e-01 6.538423895835876465e-02
6.146669387817382812e-01 -2.524060904979705811e-01 6.538423895835876465e-02
6.134719252586364746e-01 -2.520840167999267578e-01 6.538423895835876465e-02
6.123180985450744629e-01 -2.517198026180267334e-01 6.538423895835876465e-02
6.112038493156433105e-01 -2.513065338134765625e-01 6.538423895835876465e-02
6.101275682449340820e-01 -2.508374154567718506e-01 6.538423895835876465e-02
6.090876460075378418e-01 -2.503055334091186523e-01 6.538423895835876465e-02
6.080825328826904297e-01 -2.497040182352066040e-01 6.538423895835876465e-02
6.071103215217590332e-01 -2.490288913249969482e-01 6.538425385951995850e-02
6.061650514602661133e-01 -2.482907176017761230e-01 6.538425385951995850e-02
6.052404046058654785e-01 -2.475066035985946655e-01 6.538425385951995850e-02
6.043298840522766113e-01 -2.466933876276016235e-01 6.538425385951995850e-02
6.034268140792846680e-01 -2.458679229021072388e-01 6.538425385951995850e-02
6.025239825248718262e-01 -2.450460642576217651e-01 6.538426876068115234e-02
6.016176939010620117e-01 -2.442397922277450562e-01 6.538427621126174927e-02
6.007040143013000488e-01 -2.434490025043487549e-01 6.538427621126174927e-02
5.997800827026367188e-01 -2.426736652851104736e-01 6.538427621126174927e-02
5.988429188728332520e-01 -2.419137656688690186e-01 6.538427621126174927e-02
5.978896021842956543e-01 -2.411692738533020020e-01 6.538427621126174927e-02
5.969192981719970703e-01 -2.404381781816482544e-01 6.538420170545578003e-02
5.959447622299194336e-01 -2.397087514400482178e-01 6.538420170545578003e-02
5.949844121932983398e-01 -2.389638870954513550e-01 6.538420170545578003e-02
5.940566658973693848e-01 -2.381867915391921997e-01 6.538420170545578003e-02
5.931798815727233887e-01 -2.373607158660888672e-01 6.538420170545578003e-02
5.923727154731750488e-01 -2.364705950021743774e-01 6.538420915603637695e-02
5.916380882263183594e-01 -2.355111837387084961e-01 6.538421660661697388e-02
5.909577012062072754e-01 -2.345042973756790161e-01 6.538421660661697388e-02
5.903106927871704102e-01 -2.334723025560379028e-01 6.538421660661697388e-02
5.896762013435363770e-01 -2.324375212192535400e-01 6.538421660661697388e-02
5.890334248542785645e-01 -2.314223200082778931e-01 6.538421660661697388e-02
5.883675813674926758e-01 -2.304445803165435791e-01 6.538444757461547852e-02
5.876781344413757324e-01 -2.294903546571731567e-01 6.538444757461547852e-02
5.877360105514526367e-01 -2.294382601976394653e-01 6.538444757461547852e-02
5.880838632583618164e-01 -2.291250526905059814e-01 6.538444757461547852e-02
5.888611674308776855e-01 -2.284246236085891724e-01 6.538444757461547852e-02
5.900580286979675293e-01 -2.273447960615158081e-01 6.538444757461547852e-02
5.915318131446838379e-01 -2.260125726461410522e-01 6.538444757461547852e-02
5.930243730545043945e-01 -2.246585339307785034e-01 6.538444757461547852e-02
5.943009853363037109e-01 -2.234941422939300537e-01 6.538444757461547852e-02
5.953243970870971680e-01 -2.225576788187026978e-01 6.538444757461547852e-02
5.961191058158874512e-01 -2.218319624662399292e-01 6.538444757461547852e-02
5.967488288879394531e-01 -2.212649732828140259e-01 6.538444757461547852e-02
5.973117351531982422e-01 -2.207736968994140625e-01 6.538444757461547852e-02
5.979313850402832031e-01 -2.202515155076980591e-01 6.538444757461547852e-02
5.986697077751159668e-01 -2.196348905563354492e-01 6.538444757461547852e-02
5.995140075683593750e-01 -2.189165204763412476e-01 6.538444757461547852e-02
6.004376411437988281e-01 -2.181011736392974854e-01 6.538444757461547852e-02
6.014034748077392578e-01 -2.172030955553054810e-01 6.538444757461547852e-02
6.023649573326110840e-01 -2.162449955940246582e-01 6.538444757461547852e-02
6.032721400260925293e-01 -2.152554541826248169e-01 6.538444757461547852e-02
6.041038036346435547e-01 -2.142558395862579346e-01 6.538444757461547852e-02
6.048563122749328613e-01 -2.132594287395477295e-01 6.538444757461547852e-02
6.055315732955932617e-01 -2.122744023799896240e-01 6.538444757461547852e-02
6.061367988586425781e-01 -2.113043367862701416e-01 6.538444757461547852e-02
6.066839694976806641e-01 -2.103484272956848145e-01 6.538444757461547852e-02
6.071895360946655273e-01 -2.094018459320068359e-01 6.538444757461547852e-02
6.076741218566894531e-01 -2.084561735391616821e-01 6.538444757461547852e-02
6.081619262695312500e-01 -2.074996680021286011e-01 6.538444757461547852e-02
6.086731553077697754e-01 -2.065241485834121704e-01 6.538444757461547852e-02
6.092155575752258301e-01 -2.055332064628601074e-01 6.538444757461547852e-02
6.097936034202575684e-01 -2.045330107212066650e-01 6.538444757461547852e-02
6.104105710983276367e-01 -2.035310417413711548e-01 6.538444757461547852e-02
6.110683679580688477e-01 -2.025359272956848145e-01 6.538444757461547852e-02
6.117677688598632812e-01 -2.015573382377624512e-01 6.538444757461547852e-02
6.125083565711975098e-01 -2.006059587001800537e-01 6.538444757461547852e-02
6.132889389991760254e-01 -1.996933370828628540e-01 6.538444757461547852e-02
6.141068935394287109e-01 -1.988306492567062378e-01 6.538444757461547852e-02
6.149566769599914551e-01 -1.980166584253311157e-01 6.538444757461547852e-02
6.158307790756225586e-01 -1.972417980432510376e-01 6.538444757461547852e-02
6.167219877243041992e-01 -1.964961886405944824e-01 6.538444757461547852e-02
6.176232695579528809e-01 -1.957697719335556030e-01 6.538444757461547852e-02
6.185278296470642090e-01 -1.950523704290390015e-01 6.538444757461547852e-02
6.194294095039367676e-01 -1.943339556455612183e-01 6.538444757461547852e-02
6.203244328498840332e-01 -1.936058104038238525e-01 6.538444757461547852e-02
6.212102174758911133e-01 -1.928596496582031250e-01 6.538444757461547852e-02
6.220837831497192383e-01 -1.920872628688812256e-01 6.538444757461547852e-02
6.229423284530639648e-01 -1.912804394960403442e-01 6.538444757461547852e-02
6.237828731536865234e-01 -1.904311329126358032e-01 6.538444757461547852e-02
6.246088743209838867e-01 -1.895467042922973633e-01 6.538444757461547852e-02
6.254370808601379395e-01 -1.886663138866424561e-01 6.538444757461547852e-02
6.262859702110290527e-01 -1.878330409526824951e-01 6.538444757461547852e-02
6.271737813949584961e-01 -1.870899349451065063e-01 6.538444757461547852e-02
6.281189918518066406e-01 -1.864800453186035156e-01 6.538444757461547852e-02
6.291393041610717773e-01 -1.860445439815521240e-01 6.538444757461547852e-02
6.302342414855957031e-01 -1.857828646898269653e-01 6.538444757461547852e-02
6.313857436180114746e-01 -1.856533139944076538e-01 6.538444757461547852e-02
6.325750946998596191e-01 -1.856124848127365112e-01 6.538444757461547852e-02
6.337834000587463379e-01 -1.856169998645782471e-01 6.538444757461547852e-02
6.349918842315673828e-01 -1.856234371662139893e-01 6.538444757461547852e-02
6.361836194992065430e-01 -1.855926811695098877e-01 6.538444757461547852e-02
6.373566389083862305e-01 -1.855189800262451172e-01 6.538444757461547852e-02
6.385158300399780273e-01 -1.854120939970016479e-01 6.538444757461547852e-02
6.396662592887878418e-01 -1.852819472551345825e-01 6.538444757461547852e-02
6.408128142356872559e-01 -1.851384192705154419e-01 6.538444757461547852e-02
6.419606208801269531e-01 -1.849914044141769409e-01 6.538444757461547852e-02
6.431134343147277832e-01 -1.848495751619338989e-01 6.538444757461547852e-02
6.442708373069763184e-01 -1.847175955772399902e-01 6.538444757461547852e-02
6.454316973686218262e-01 -1.845993101596832275e-01 6.538444757461547852e-02
6.465948820114135742e-01 -1.844985187053680420e-01 6.538444757461547852e-02
6.477591395378112793e-01 -1.844190955162048340e-01 6.538444757461547852e-02
6.489234566688537598e-01 -1.843647807836532593e-01 6.538444757461547852e-02
6.500870585441589355e-01 -1.843359917402267456e-01 6.538444757461547852e-02
6.512504220008850098e-01 -1.843280643224716187e-01 6.538444757461547852e-02
6.524137854576110840e-01 -1.843358725309371948e-01 6.538444757461547852e-02
6.535775661468505859e-01 -1.843543201684951782e-01 6.538444757461547852e-02
6.547420620918273926e-01 -1.843782812356948853e-01 6.538444757461547852e-02
6.559077501296997070e-01 -1.844026595354080200e-01 6.538444757461547852e-02
6.570749282836914062e-01 -1.844223290681838989e-01 6.538444757461547852e-02
6.582439541816711426e-01 -1.844322085380554199e-01 6.538444757461547852e-02
6.594150662422180176e-01 -1.844279915094375610e-01 6.538444757461547852e-02
6.605874896049499512e-01 -1.844123452901840210e-01 6.538444757461547852e-02
6.617600917816162109e-01 -1.843914240598678589e-01 6.538444757461547852e-02
6.629315614700317383e-01 -1.843713968992233276e-01 6.538444757461547852e-02
6.641005873680114746e-01 -1.843584477901458740e-01 6.538444757461547852e-02
6.652659773826599121e-01 -1.843587607145309448e-01 6.538444757461547852e-02
6.664265394210815430e-01 -1.843785047531127930e-01 6.538444757461547852e-02
6.675809025764465332e-01 -1.844238787889480591e-01 6.538444757461547852e-02
6.687278747558593750e-01 -1.845010221004486084e-01 6.538444757461547852e-02
6.698672175407409668e-01 -1.846146881580352783e-01 6.538444757461547852e-02
6.710008382797241211e-01 -1.847661435604095459e-01 6.538444757461547852e-02
6.721310615539550781e-01 -1.849561780691146851e-01 6.538444757461547852e-02
6.732602119445800781e-01 -1.851855516433715820e-01 6.538444757461547852e-02
6.743906140327453613e-01 -1.854550540447235107e-01 6.538444757461547852e-02
6.755245923995971680e-01 -1.857654601335525513e-01 6.538444757461547852e-02
6.766644120216369629e-01 -1.861175596714019775e-01 6.538444757461547852e-02
6.778123974800109863e-01 -1.865121126174926758e-01 6.538444757461547852e-02
6.789706349372863770e-01 -1.869488209486007690e-01 6.538444757461547852e-02
6.801367998123168945e-01 -1.874111145734786987e-01 6.538444757461547852e-02
6.813054084777832031e-01 -1.878696531057357788e-01 6.538444757461547852e-02
6.824706196784973145e-01 -1.882947683334350586e-01 6.538444757461547852e-02
6.836269497871398926e-01 -1.886567771434783936e-01 6.538444757461547852e-02
6.847685575485229492e-01 -1.889260262250900269e-01 6.538444757461547852e-02
6.858898401260375977e-01 -1.890728175640106201e-01 6.538444757461547852e-02
6.869850754737854004e-01 -1.890675127506256104e-01 6.538444757461547852e-02
6.880486607551574707e-01 -1.888804286718368530e-01 6.538444757461547852e-02
6.890768408775329590e-01 -1.884948611259460449e-01 6.538444757461547852e-02
6.900738477706909180e-01 -1.879440993070602417e-01 6.538444757461547852e-02
6.910457015037536621e-01 -1.872734874486923218e-01 6.538444757461547852e-02
6.919984817504882812e-01 -1.865283548831939697e-01 6.538444757461547852e-02
6.929382085800170898e-01 -1.857540607452392578e-01 6.538444757461547852e-02
6.938709020614624023e-01 -1.849957108497619629e-01 6.538444757461547852e-02
6.948036551475524902e-01 -1.842811554670333862e-01 6.538444757461547852e-02
6.957451701164245605e-01 -1.836080253124237061e-01 6.538444757461547852e-02
6.967043280601501465e-01 -1.829709857702255249e-01 6.538444757461547852e-02
6.976900696754455566e-01 -1.823646873235702515e-01 6.538444757461547852e-02
6.987112164497375488e-01 -1.817837804555892944e-01 6.538444757461547852e-02
6.997752189636230469e-01 -1.812223792076110840e-01 6.538444757461547852e-02
7.008630037307739258e-01 -1.806648224592208862e-01 6.538444757461547852e-02
7.019336819648742676e-01 -1.800874322652816772e-01 6.538444757461547852e-02
7.029455304145812988e-01 -1.794662326574325562e-01 6.538444757461547852e-02
7.038570046424865723e-01 -1.787772774696350098e-01 6.538444757461547852e-02
7.046265006065368652e-01 -1.779965907335281372e-01 6.538444757461547852e-02
7.052192687988281250e-01 -1.771044135093688965e-01 6.538444757461547852e-02
7.056451439857482910e-01 -1.761076152324676514e-01 6.538444757461547852e-02
7.059313058853149414e-01 -1.750234663486480713e-01 6.538444757461547852e-02
7.061050534248352051e-01 -1.738692969083786011e-01 6.538444757461547852e-02
7.061935663223266602e-01 -1.726624071598052979e-01 6.538444757461547852e-02
7.062240242958068848e-01 -1.714200973510742188e-01 6.538444757461547852e-02
7.062237262725830078e-01 -1.701597124338150024e-01 6.538444757461547852e-02
7.062199115753173828e-01 -1.688985526561737061e-01 6.538444757461547852e-02
7.062397003173828125e-01 -1.676538586616516113e-01 6.538444757461547852e-02
7.063003182411193848e-01 -1.664362400770187378e-01 6.538444757461547852e-02
7.064003944396972656e-01 -1.652438938617706299e-01 6.538444757461547852e-02
7.065366506576538086e-01 -1.640737056732177734e-01 6.538444757461547852e-02
7.067058086395263672e-01 -1.629225164651870728e-01 6.538444757461547852e-02
7.069044709205627441e-01 -1.617871820926666260e-01 6.538444757461547852e-02
7.071293592453002930e-01 -1.606645733118057251e-01 6.538444757461547852e-02
7.073771357536315918e-01 -1.595515459775924683e-01 6.538444757461547852e-02
7.076444625854492188e-01 -1.584449559450149536e-01 6.538444757461547852e-02
7.079284191131591797e-01 -1.573418080806732178e-01 6.538444757461547852e-02
7.082299590110778809e-01 -1.562407016754150391e-01 6.538444757461547852e-02
7.085523605346679688e-01 -1.551412045955657959e-01 6.538444757461547852e-02
7.088991403579711914e-01 -1.540428996086120605e-01 6.538444757461547852e-02
7.092735767364501953e-01 -1.529453843832015991e-01 6.538444757461547852e-02
7.096791267395019531e-01 -1.518482267856597900e-01 6.538444757461547852e-02
7.101191878318786621e-01 -1.507510393857955933e-01 6.538444757461547852e-02
7.105971574783325195e-01 -1.496533900499343872e-01 6.538444757461547852e-02
7.111163735389709473e-01 -1.485548764467239380e-01 6.538444757461547852e-02
7.116734385490417480e-01 -1.474552601575851440e-01 6.538444757461547852e-02
7.122444510459899902e-01 -1.463549137115478516e-01 6.538444757461547852e-02
7.128018140792846680e-01 -1.452542692422866821e-01 6.538444757461547852e-02
7.133179306983947754e-01 -1.441538035869598389e-01 6.538444757461547852e-02
7.137652039527893066e-01 -1.430539488792419434e-01 6.538444757461547852e-02
7.141159772872924805e-01 -1.419551819562911987e-01 6.538444757461547852e-02
7.143427133560180664e-01 -1.408579498529434204e-01 6.538444757461547852e-02
7.144177556037902832e-01 -1.397626996040344238e-01 6.538444757461547852e-02
7.143152356147766113e-01 -1.386698931455612183e-01 6.538444757461547852e-02
7.140429019927978516e-01 -1.375796943902969360e-01 6.538444757461547852e-02
7.136413455009460449e-01 -1.364919990301132202e-01 6.538444757461547852e-02
7.131522893905639648e-01 -1.354067623615264893e-01 6.538444757461547852e-02
7.126174569129943848e-01 -1.343238800764083862e-01 6.538444757461547852e-02
7.120784521102905273e-01 -1.332432478666305542e-01 6.538444757461547852e-02
7.115728855133056641e-01 -1.321646124124526978e-01 6.538444757461547852e-02
7.111082673072814941e-01 -1.310862600803375244e-01 6.538444757461547852e-02
7.106778025627136230e-01 -1.300058364868164062e-01 6.538444757461547852e-02
7.102748751640319824e-01 -1.289210021495819092e-01 6.538444757461547852e-02
7.098928689956665039e-01 -1.278293877840042114e-01 6.538444757461547852e-02
7.095249891281127930e-01 -1.267286837100982666e-01 6.538444012403488159e-02
7.091631293296813965e-01 -1.256189197301864624e-01 6.538444012403488159e-02
7.087930440902709961e-01 -1.245080530643463135e-01 6.538444012403488159e-02
7.083996534347534180e-01 -1.234056055545806885e-01 6.538444012403488159e-02
7.079677581787109375e-01 -1.223210692405700684e-01 6.538444012403488159e-02
7.074822187423706055e-01 -1.212639585137367249e-01 6.538444012403488159e-02
7.069280743598937988e-01 -1.202435418963432312e-01 6.538444757461547852e-02
7.063041925430297852e-01 -1.192617416381835938e-01 6.538444757461547852e-02
7.056293487548828125e-01 -1.183090955018997192e-01 6.538444757461547852e-02
7.049239873886108398e-01 -1.173753216862678528e-01 6.538444757461547852e-02
7.042085528373718262e-01 -1.164501458406448364e-01 6.538444757461547852e-02
7.035034298896789551e-01 -1.155232787132263184e-01 6.538444757461547852e-02
7.028275132179260254e-01 -1.145851314067840576e-01 6.538444012403488159e-02
7.021769285202026367e-01 -1.136353239417076111e-01 6.538444012403488159e-02
7.015324831008911133e-01 -1.126799508929252625e-01 6.538444012403488159e-02
7.008743882179260254e-01 -1.117252409458160400e-01 6.538444012403488159e-02
7.001830339431762695e-01 -1.107774153351783752e-01 6.538444012403488159e-02
6.994386315345764160e-01 -1.098427250981330872e-01 6.538444012403488159e-02
6.986318230628967285e-01 -1.089247018098831177e-01 6.538444757461547852e-02
6.978031992912292480e-01 -1.080133095383644104e-01 6.538444757461547852e-02
6.970117092132568359e-01 -1.070938333868980408e-01 6.538444757461547852e-02
6.963157653808593750e-01 -1.061516329646110535e-01 6.538444757461547852e-02
6.957737207412719727e-01 -1.051720455288887024e-01 6.538444757461547852e-02
6.954433917999267578e-01 -1.041405498981475830e-01 6.538444757461547852e-02
6.953514218330383301e-01 -1.030503734946250916e-01 6.538444757461547852e-02
6.954478621482849121e-01 -1.019135266542434692e-01 6.538444757461547852e-02
6.956728100776672363e-01 -1.007445007562637329e-01 6.538444757461547852e-02
6.959662437438964844e-01 -9.955780208110809326e-02 6.538444757461547852e-02
6.962682008743286133e-01 -9.836792200803756714e-02 6.538444757461547852e-02
6.965197324752807617e-01 -9.718914330005645752e-02 6.538446247577667236e-02
6.967034339904785156e-01 -9.602624922990798950e-02 6.538446247577667236e-02
6.968440413475036621e-01 -9.487436711788177490e-02 6.538446247577667236e-02
6.969690322875976562e-01 -9.372802078723907471e-02 6.538446247577667236e-02
6.971058845520019531e-01 -9.258173406124114990e-02 6.538446247577667236e-02
6.972820162773132324e-01 -9.143003821372985840e-02 6.538446247577667236e-02
6.975199580192565918e-01 -9.026824682950973511e-02 6.538448482751846313e-02
6.977938413619995117e-01 -8.909982442855834961e-02 6.538448482751846313e-02
6.980543732643127441e-01 -8.793204277753829956e-02 6.538448482751846313e-02
6.982517242431640625e-01 -8.677231520414352417e-02 6.538448482751846313e-02
6.983360052108764648e-01 -8.562803268432617188e-02 6.538448482751846313e-02
6.982581019401550293e-01 -8.450672775506973267e-02 6.538447737693786621e-02
6.979849934577941895e-01 -8.341316878795623779e-02 6.538447737693786621e-02
6.975530385971069336e-01 -8.234363049268722534e-02 6.538447737693786621e-02
6.970138549804687500e-01 -8.129219710826873779e-02 6.538447737693786621e-02
6.964188218116760254e-01 -8.025295287370681763e-02 6.538447737693786621e-02
6.958194375038146973e-01 -7.921998202800750732e-02 6.538447737693786621e-02
6.952661871910095215e-01 -7.818721234798431396e-02 6.538443267345428467e-02
6.947808861732482910e-01 -7.715047895908355713e-02 6.538443267345428467e-02
6.943321824073791504e-01 -7.610742747783660889e-02 6.538443267345428467e-02
6.938846111297607422e-01 -7.505607604980468750e-02 6.538443267345428467e-02
6.934025287628173828e-01 -7.399445772171020508e-02 6.538443267345428467e-02
6.928502917289733887e-01 -7.292060554027557373e-02 6.538443267345428467e-02
6.921962499618530273e-01 -7.183320075273513794e-02 6.538446992635726929e-02
6.914762854576110840e-01 -7.073883712291717529e-02 6.538446992635726929e-02
6.907794475555419922e-01 -6.965126097202301025e-02 6.538446992635726929e-02
6.901965737342834473e-01 -6.858424842357635498e-02 6.538446992635726929e-02
6.898185014724731445e-01 -6.755159795284271240e-02 6.538446992635726929e-02
6.897361278533935547e-01 -6.656710803508758545e-02 6.538446992635726929e-02
6.900213956832885742e-01 -6.564136594533920288e-02 6.538449227809906006e-02
6.906280517578125000e-01 -6.476673483848571777e-02 6.538449227809906006e-02
6.914663314819335938e-01 -6.392809003591537476e-02 6.538449972867965698e-02
6.924459338188171387e-01 -6.311041861772537231e-02 6.538449972867965698e-02
6.934767961502075195e-01 -6.229871511459350586e-02 6.538449972867965698e-02
6.944696903228759766e-01 -6.147804111242294312e-02 6.538444757461547852e-02
6.953625082969665527e-01 -6.063891947269439697e-02 6.538444757461547852e-02
6.961752772331237793e-01 -5.978697538375854492e-02 6.538444757461547852e-02
6.969401240348815918e-01 -5.893023312091827393e-02 6.538444757461547852e-02
6.976892948150634766e-01 -5.807672813534736633e-02 6.538444757461547852e-02
6.984548568725585938e-01 -5.723448097705841064e-02 6.538444757461547852e-02
6.992654800415039062e-01 -5.641118064522743225e-02 6.538446247577667236e-02
7.001278400421142578e-01 -5.560393258929252625e-02 6.538446992635726929e-02
7.010030150413513184e-01 -5.479642003774642944e-02 6.538446992635726929e-02
7.018525600433349609e-01 -5.397152528166770935e-02 6.538446992635726929e-02
7.026379704475402832e-01 -5.311213806271553040e-02 6.538446992635726929e-02
7.033208012580871582e-01 -5.220114439725875854e-02 6.538446992635726929e-02
7.038675546646118164e-01 -5.122309550642967224e-02 6.538446247577667236e-02
7.042759060859680176e-01 -5.017867311835289001e-02 6.538446247577667236e-02
7.045696973800659180e-01 -4.907866567373275757e-02 6.538446247577667236e-02
7.047716975212097168e-01 -4.793389886617660522e-02 6.538446247577667236e-02
7.049044370651245117e-01 -4.675519466400146484e-02 6.538446247577667236e-02
7.049905061721801758e-01 -4.555337876081466675e-02 6.538446247577667236e-02
7.050526142120361328e-01 -4.433927312493324280e-02 6.538446247577667236e-02
7.051133513450622559e-01 -4.312369972467422485e-02 6.538446247577667236e-02
7.051951289176940918e-01 -4.191745817661285400e-02 6.538444757461547852e-02
7.053143382072448730e-01 -4.072839021682739258e-02 6.538444757461547852e-02
7.054678797721862793e-01 -3.955557197332382202e-02 6.538445502519607544e-02
7.056495547294616699e-01 -3.839657828211784363e-02 6.538445502519607544e-02
7.058530449867248535e-01 -3.724897652864456177e-02 6.538445502519607544e-02
7.060720920562744141e-01 -3.611033037304878235e-02 6.538445502519607544e-02
7.063004374504089355e-01 -3.497821092605590820e-02 6.538445502519607544e-02
7.065317630767822266e-01 -3.385018557310104370e-02 6.538445502519607544e-02
7.067599296569824219e-01 -3.272382169961929321e-02 6.538445502519607544e-02
7.069790959358215332e-01 -3.159675374627113342e-02 6.538446247577667236e-02
7.071889638900756836e-01 -3.046756051480770111e-02 6.538446247577667236e-02
7.073954939842224121e-01 -2.933579124510288239e-02 6.538446247577667236e-02
7.076045274734497070e-01 -2.820101380348205566e-02 6.538446247577667236e-02
7.078220248222351074e-01 -2.706279233098030090e-02 6.538446247577667236e-02
7.080538868904113770e-01 -2.592069655656814575e-02 6.538446247577667236e-02
7.083060145378112793e-01 -2.477429248392581940e-02 6.538446247577667236e-02
7.085843682289123535e-01 -2.362314797937870026e-02 6.538446247577667236e-02
7.088947892189025879e-01 -2.246682718396186829e-02 6.538446247577667236e-02
7.092397212982177734e-01 -2.130545303225517273e-02 6.538444757461547852e-02
7.096028923988342285e-01 -2.014177478849887848e-02 6.538444757461547852e-02
7.099636793136596680e-01 -1.897929236292839050e-02 6.538444757461547852e-02
7.103012800216674805e-01 -1.782150566577911377e-02 6.538444757461547852e-02
7.105947136878967285e-01 -1.667192205786705017e-02 6.538444757461547852e-02
7.108232378959655762e-01 -1.553404144942760468e-02 6.538444757461547852e-02
7.109658718109130859e-01 -1.441136840730905533e-02 6.538444757461547852e-02
7.110017538070678711e-01 -1.330740563571453094e-02 6.538444757461547852e-02
7.109104394912719727e-01 -1.222555246204137802e-02 6.538444757461547852e-02
7.106898427009582520e-01 -1.116387266665697098e-02 6.538444757461547852e-02
7.103642225265502930e-01 -1.011289190500974655e-02 6.538444757461547852e-02
7.099598050117492676e-01 -9.062554687261581421e-03 6.538444757461547852e-02
7.095027565956115723e-01 -8.002806454896926880e-03 6.538444757461547852e-02
7.090193629264831543e-01 -6.923588924109935760e-03 6.538444757461547852e-02
7.085358500480651855e-01 -5.814847536385059357e-03 6.538444757461547852e-02
7.080783247947692871e-01 -4.666525870561599731e-03 6.538444757461547852e-02
7.076731324195861816e-01 -3.468567738309502602e-03 6.538444757461547852e-02
7.073411941528320312e-01 -2.214373555034399033e-03 6.538443267345428467e-02
7.070682644844055176e-01 -9.244068642146885395e-04 6.538443267345428467e-02
7.068213820457458496e-01 3.682196547742933035e-04 6.538443267345428467e-02
7.065677642822265625e-01 1.630308688618242741e-03 6.538443267345428467e-02
7.062749266624450684e-01 2.828662982210516930e-03 6.538443267345428467e-02
7.059101462364196777e-01 3.930085338652133942e-03 6.538443267345428467e-02
7.054408192634582520e-01 4.901378415524959564e-03 6.538443267345428467e-02
7.048343420028686523e-01 5.709344521164894104e-03 6.538443267345428467e-02
7.040585875511169434e-01 6.320879328995943069e-03 6.538448482751846313e-02
7.031018137931823730e-01 6.725652143359184265e-03 6.538448482751846313e-02
7.020018100738525391e-01 6.963810883462429047e-03 6.538449227809906006e-02
7.008023858070373535e-01 7.082328666001558304e-03 6.538449227809906006e-02
6.995472908020019531e-01 7.128179538995027542e-03 6.538449227809906006e-02
6.982804536819458008e-01 7.148337084800004959e-03 6.538449227809906006e-02
6.970404386520385742e-01 7.188894320279359818e-03 6.538456678390502930e-02
6.958514451980590820e-01 7.273579947650432587e-03 6.538456678390502930e-02
6.946970224380493164e-01 7.402547635138034821e-03 6.538456678390502930e-02
6.935635209083557129e-01 7.574823219329118729e-03 6.538456678390502930e-02
6.924372315406799316e-01 7.789433002471923828e-03 6.538457423448562622e-02
6.913045644760131836e-01 8.045404218137264252e-03 6.538457423448562622e-02
6.901563405990600586e-01 8.338692598044872284e-03 6.538409739732742310e-02
6.889902949333190918e-01 8.639386855065822601e-03 6.538409739732742310e-02
6.878198981285095215e-01 8.904494345188140869e-03 6.538408994674682617e-02
6.866561174392700195e-01 9.090934880077838898e-03 6.538408994674682617e-02
6.855097413063049316e-01 9.155629202723503113e-03 6.538408994674682617e-02
6.843917965888977051e-01 9.055479429662227631e-03 6.538413465023040771e-02
6.833093166351318359e-01 8.763859048485755920e-03 6.538413465023040771e-02
6.822568774223327637e-01 8.312934078276157379e-03 6.538413465023040771e-02
6.812261343002319336e-01 7.748069707304239273e-03 6.538412719964981079e-02
6.802086830139160156e-01 7.114632986485958099e-03 6.538412719964981079e-02
6.791961193084716797e-01 6.457990035414695740e-03 6.538411974906921387e-02
6.781865954399108887e-01 5.823277868330478668e-03 6.538432836532592773e-02
6.771623492240905762e-01 5.235454067587852478e-03 6.538432836532592773e-02
6.761305928230285645e-01 4.687111824750900269e-03 6.538432836532592773e-02
6.750925779342651367e-01 4.167792387306690216e-03 6.538432836532592773e-02
6.740496158599853516e-01 3.667037468403577805e-03 6.538432836532592773e-02
6.730029582977294922e-01 3.174389246851205826e-03 6.538432091474533081e-02
6.719491481781005859e-01 2.679628087207674980e-03 6.538500636816024780e-02
6.709002256393432617e-01 2.176246372982859612e-03 6.538501381874084473e-02
6.698546409606933594e-01 1.660630689002573490e-03 6.538501381874084473e-02
6.688156127929687500e-01 1.129247015342116356e-03 6.538502126932144165e-02
6.677863001823425293e-01 5.785616231150925159e-04 6.538502126932144165e-02
6.667700409889221191e-01 5.040726136940065771e-06 6.538502871990203857e-02
6.657759547233581543e-01 -5.937253590673208237e-04 6.538469344377517700e-02
6.647883653640747070e-01 -1.213334035128355026e-03 6.538469344377517700e-02
6.638098955154418945e-01 -1.846980303525924683e-03 6.538469344377517700e-02
6.628365516662597656e-01 -2.487834542989730835e-03 6.538469344377517700e-02
6.618642807006835938e-01 -3.129067597910761833e-03 6.538469344377517700e-02
6.608858108520507812e-01 -3.763807006180286407e-03 6.538429111242294312e-02
6.599053144454956055e-01 -4.388561472296714783e-03 6.538429111242294312e-02
6.589214801788330078e-01 -5.007987841963768005e-03 6.538429111242294312e-02
6.579369902610778809e-01 -5.628103855997323990e-03 6.538429111242294312e-02
6.569544672966003418e-01 -6.254929583519697189e-03 6.538429111242294312e-02
6.559765934944152832e-01 -6.894483696669340134e-03 6.538429111242294312e-02
6.549995541572570801e-01 -7.552552036941051483e-03 6.538488715887069702e-02
6.540345549583435059e-01 -8.224615827202796936e-03 6.538488715887069702e-02
6.530689001083374023e-01 -8.894221857190132141e-03 6.538488715887069702e-02
6.520960927009582520e-01 -9.544126689434051514e-03 6.538489460945129395e-02
6.511095166206359863e-01 -1.015708222985267639e-02 6.538489460945129395e-02
6.501024961471557617e-01 -1.071584504097700119e-02 6.538490206003189087e-02
6.490709781646728516e-01 -1.120511628687381744e-02 6.538452208042144775e-02
6.480115652084350586e-01 -1.162964757531881332e-02 6.538452208042144775e-02
6.469300985336303711e-01 -1.200563088059425354e-02 6.538452208042144775e-02
6.458305716514587402e-01 -1.234943047165870667e-02 6.538452208042144775e-02
6.447169184684753418e-01 -1.267741061747074127e-02 6.538452953100204468e-02
6.435931921005249023e-01 -1.300593558698892593e-02 6.538452953100204468e-02
6.424633860588073730e-01 -1.335136964917182922e-02 6.538452953100204468e-02
6.413314938545227051e-01 -1.373007800430059433e-02 6.538452953100204468e-02
6.402009129524230957e-01 -1.415842212736606598e-02 6.538443267345428467e-02
6.390758752822875977e-01 -1.464217621833086014e-02 6.538443267345428467e-02
6.379565596580505371e-01 -1.515799667686223984e-02 6.538443267345428467e-02
6.368430852890014648e-01 -1.567753404378890991e-02 6.538443267345428467e-02
6.357356905937194824e-01 -1.617243885993957520e-02 6.538443267345428467e-02
6.346346139907836914e-01 -1.661436073482036591e-02 6.538443267345428467e-02
6.335400938987731934e-01 -1.697495393455028534e-02 6.538443267345428467e-02
6.324523091316223145e-01 -1.722586527466773987e-02 6.538443267345428467e-02
6.313714981079101562e-01 -1.733874902129173279e-02 6.538443267345428467e-02
6.302979588508605957e-01 -1.728667691349983215e-02 6.538452953100204468e-02
6.292313337326049805e-01 -1.706966385245323181e-02 6.538452953100204468e-02
6.281712055206298828e-01 -1.671183668076992035e-02 6.538452953100204468e-02
6.271170973777770996e-01 -1.623817160725593567e-02 6.538452953100204468e-02
6.260684728622436523e-01 -1.567364484071731567e-02 6.538452953100204468e-02
6.250249147415161133e-01 -1.504322793334722519e-02 6.538452953100204468e-02
6.239858865737915039e-01 -1.437189988791942596e-02 6.538452953100204468e-02
6.229508519172668457e-01 -1.368463505059480667e-02 6.538453698158264160e-02
6.219193935394287109e-01 -1.300640776753425598e-02 6.538453698158264160e-02
6.208916902542114258e-01 -1.235856488347053528e-02 6.538455933332443237e-02
6.198634505271911621e-01 -1.174622587859630585e-02 6.538455933332443237e-02
6.188331246376037598e-01 -1.116987876594066620e-02 6.538455933332443237e-02
6.177980899810791016e-01 -1.063002645969390869e-02 6.538455933332443237e-02
6.167557835578918457e-01 -1.012717373669147491e-02 6.538455933332443237e-02
6.157035231590270996e-01 -9.661823511123657227e-03 6.538455933332443237e-02
6.146388053894042969e-01 -9.234481491148471832e-03 6.538455933332443237e-02
6.135589480400085449e-01 -8.845650590956211090e-03 6.538455933332443237e-02
6.124408841133117676e-01 -8.495653979480266571e-03 6.538417190313339233e-02
6.113259792327880859e-01 -8.181105367839336395e-03 6.538417190313339233e-02
6.101980805397033691e-01 -7.892861962318420410e-03 6.538417190313339233e-02
6.090617179870605469e-01 -7.621475961059331894e-03 6.538416445255279541e-02
6.079216003417968750e-01 -7.357496302574872971e-03 6.538416445255279541e-02
6.067822575569152832e-01 -7.091472856700420380e-03 6.538416445255279541e-02
6.056670546531677246e-01 -6.814867258071899414e-03 6.538626551628112793e-02
6.045380234718322754e-01 -6.527388934046030045e-03 6.538627296686172485e-02
6.034114956855773926e-01 -6.235123146325349808e-03 6.538628041744232178e-02
6.022847294807434082e-01 -5.944075994193553925e-03 6.538628786802291870e-02
6.011550426483154297e-01 -5.660254973918199539e-03 6.538629531860351562e-02
6.000197529792785645e-01 -5.389667581766843796e-03 6.538630276918411255e-02
5.988678932189941406e-01 -5.135263316333293915e-03 6.538337469100952148e-02
5.977227091789245605e-01 -4.887109622359275818e-03 6.538336724042892456e-02
5.965811014175415039e-01 -4.630376584827899933e-03 6.538335978984832764e-02
5.954491496086120605e-01 -4.350484348833560944e-03 6.538335233926773071e-02
5.943330526351928711e-01 -4.032853525131940842e-03 6.538334488868713379e-02
5.932510495185852051e-01 -3.663106588646769524e-03 6.538423895835876465e-02
5.921823382377624512e-01 -3.233030205592513084e-03 6.538423150777816772e-02
5.911355614662170410e-01 -2.749211387708783150e-03 6.538423150777816772e-02
5.901065468788146973e-01 -2.219927730038762093e-03 6.538423150777816772e-02
5.890910029411315918e-01 -1.653457060456275940e-03 6.538423150777816772e-02
5.880848169326782227e-01 -1.058076741173863411e-03 6.538423150777816772e-02
5.870838165283203125e-01 -4.420643381308764219e-04 6.538422405719757080e-02
5.860838294029235840e-01 1.863024663180112839e-04 6.538422405719757080e-02
5.850806236267089844e-01 8.187460480257868767e-04 6.538422405719757080e-02
5.840679407119750977e-01 1.447172951884567738e-03 6.538444757461547852e-02
5.830500721931457520e-01 2.066392684355378151e-03 6.538444757461547852e-02
5.820266604423522949e-01 2.673128619790077209e-03 6.538444757461547852e-02
5.809996724128723145e-01 3.264174330979585648e-03 6.538444757461547852e-02
5.799712538719177246e-01 3.836323972791433334e-03 6.538444012403488159e-02
5.789433717727661133e-01 4.386371001601219177e-03 6.538444012403488159e-02
5.779181122779846191e-01 4.911109805107116699e-03 6.538444012403488159e-02
5.768975615501403809e-01 5.407334305346012115e-03 6.538444012403488159e-02
5.758844614028930664e-01 5.871904548257589340e-03 6.538429111242294312e-02
5.748776197433471680e-01 6.304925773292779922e-03 6.538429111242294312e-02
5.738718509674072266e-01 6.718603428453207016e-03 6.538429111242294312e-02
5.728600025177001953e-01 7.127647288143634796e-03 6.538429111242294312e-02
5.718348622322082520e-01 7.546766195446252823e-03 6.538429111242294312e-02
5.707892179489135742e-01 7.990670390427112579e-03 6.538429111242294312e-02
5.697159171104431152e-01 8.474067784845829010e-03 6.538429111242294312e-02
5.686078071594238281e-01 9.011670015752315521e-03 6.538429111242294312e-02
5.674575567245483398e-01 9.618185460567474365e-03 6.538429111242294312e-02
5.662569999694824219e-01 1.030720025300979614e-02 6.538446992635726929e-02
5.650199055671691895e-01 1.106314081698656082e-02 6.538446992635726929e-02
5.637736320495605469e-01 1.183834578841924667e-02 6.538446992635726929e-02
5.625480413436889648e-01 1.258357614278793335e-02 6.538446992635726929e-02
5.613731145858764648e-01 1.324959378689527512e-02 6.538446992635726929e-02
5.602787733078002930e-01 1.378715876489877701e-02 6.538446992635726929e-02
5.592949390411376953e-01 1.414703391492366791e-02 6.538446992635726929e-02
5.584514737129211426e-01 1.427997928112745285e-02 6.538446992635726929e-02
5.577783584594726562e-01 1.413675863295793533e-02 6.538446992635726929e-02
5.573020577430725098e-01 1.367938518524169922e-02 6.538438051939010620e-02
5.570010542869567871e-01 1.293351966887712479e-02 6.538438051939010620e-02
5.568502545356750488e-01 1.194737106561660767e-02 6.538438051939010620e-02
5.568211078643798828e-01 1.076914835721254349e-02 6.538438051939010620e-02
5.568853020668029785e-01 9.447055868804454803e-03 6.538438051939010620e-02
5.570142865180969238e-01 8.029298856854438782e-03 6.538438051939010620e-02
5.571796894073486328e-01 6.564084440469741821e-03 6.538438051939010620e-02
5.573530793190002441e-01 5.099615082144737244e-03 6.538438051939010620e-02
5.575056076049804688e-01 3.683817107230424881e-03 6.538460403680801392e-02
5.576198697090148926e-01 2.344479784369468689e-03 6.538460403680801392e-02
5.576934814453125000e-01 1.075317384675145149e-03 6.538460403680801392e-02
5.577262639999389648e-01 -1.332164829364046454e-04 6.538461148738861084e-02
5.577178597450256348e-01 -1.290666288696229458e-03 6.538461148738861084e-02
5.576680898666381836e-01 -2.406575018540024757e-03 6.538461148738861084e-02
5.575766563415527344e-01 -3.490482922643423080e-03 6.538461148738861084e-02
5.574432611465454102e-01 -4.551928956061601639e-03 6.538461148738861084e-02
5.572676658630371094e-01 -5.600449163466691971e-03 6.538461148738861084e-02
5.570533275604248047e-01 -6.645559798926115036e-03 6.538456678390502930e-02
5.568025708198547363e-01 -7.695703767240047455e-03 6.538456678390502930e-02
5.565310716629028320e-01 -8.759063668549060822e-03 6.538456678390502930e-02
5.562514662742614746e-01 -9.843749925494194031e-03 6.538456678390502930e-02
5.559765696525573730e-01 -1.095788180828094482e-02 6.538457423448562622e-02
5.557191371917724609e-01 -1.210958417505025864e-02 6.538457423448562622e-02
5.554919838905334473e-01 -1.330699026584625244e-02 6.538457423448562622e-02
5.553078651428222656e-01 -1.455824170261621475e-02 6.538457423448562622e-02
5.551786422729492188e-01 -1.587153598666191101e-02 6.538406014442443848e-02
5.551078319549560547e-01 -1.724313758313655853e-02 6.538405269384384155e-02
5.550654530525207520e-01 -1.863819546997547150e-02 6.538405269384384155e-02
5.550175309181213379e-01 -2.001659944653511047e-02 6.538405269384384155e-02
5.549299716949462891e-01 -2.133822441101074219e-02 6.538404524326324463e-02
5.547687411308288574e-01 -2.256291545927524567e-02 6.538404524326324463e-02
5.544995665550231934e-01 -2.365048788487911224e-02 6.538403779268264771e-02
5.540880560874938965e-01 -2.456073090434074402e-02 6.538403779268264771e-02
5.534997582435607910e-01 -2.525339648127555847e-02 6.538403779268264771e-02
5.526869297027587891e-01 -2.569042704999446869e-02 6.538346409797668457e-02
5.516915321350097656e-01 -2.588613517582416534e-02 6.538346409797668457e-02
5.505459308624267578e-01 -2.589697577059268951e-02 6.538345664739608765e-02
5.492995977401733398e-01 -2.578149735927581787e-02 6.538344919681549072e-02
5.480020642280578613e-01 -2.559830620884895325e-02 6.538344174623489380e-02
5.467031002044677734e-01 -2.540607191622257233e-02 6.538343429565429688e-02
5.454381108283996582e-01 -2.525871433317661285e-02 6.538913398981094360e-02
5.442312359809875488e-01 -2.516669407486915588e-02 6.538916379213333130e-02
5.430637001991271973e-01 -2.512755990028381348e-02 6.538919359445571899e-02
5.419251918792724609e-01 -2.513744682073593140e-02 6.538922339677810669e-02
5.408044457435607910e-01 -2.519227191805839539e-02 6.538925319910049438e-02
5.396368503570556641e-01 -2.528838068246841431e-02 6.538982689380645752e-02
5.385159254074096680e-01 -2.541097067296504974e-02 6.538984924554824829e-02
5.373806953430175781e-01 -2.552204579114913940e-02 6.538987159729003906e-02
5.362249612808227539e-01 -2.557902224361896515e-02 6.538989394903182983e-02
5.350450277328491211e-01 -2.554005943238735199e-02 6.538990885019302368e-02
5.338397622108459473e-01 -2.536416985094547272e-02 6.538993120193481445e-02
5.327119231224060059e-01 -2.501098439097404480e-02 6.538364291191101074e-02
5.314887762069702148e-01 -2.448397502303123474e-02 6.538362801074981689e-02
5.303229093551635742e-01 -2.383374609053134918e-02 6.538362056016921997e-02
5.292602777481079102e-01 -2.311296202242374420e-02 6.538361310958862305e-02
5.283364653587341309e-01 -2.237098105251789093e-02 6.538359820842742920e-02
5.275753140449523926e-01 -2.165346033871173859e-02 6.538359075784683228e-02
5.269878506660461426e-01 -2.100194431841373444e-02 6.538357585668563843e-02
5.265020132064819336e-01 -2.043900638818740845e-02 6.538473814725875854e-02
5.260582566261291504e-01 -1.991831697523593903e-02 6.538473814725875854e-02
5.254545211791992188e-01 -1.937941275537014008e-02 6.538473814725875854e-02
5.245705842971801758e-01 -1.877413131296634674e-02 6.538473814725875854e-02
5.233282446861267090e-01 -1.806766539812088013e-02 6.538473814725875854e-02
5.216962099075317383e-01 -1.724003255367279053e-02 6.538473814725875854e-02
5.197268724441528320e-01 -1.629018038511276245e-02 6.538531929254531860e-02
5.176215171813964844e-01 -1.529331412166357040e-02 6.538531929254531860e-02
5.157985091209411621e-01 -1.437594927847385406e-02 6.538532674312591553e-02
5.145307183265686035e-01 -1.362668443471193314e-02 6.538532674312591553e-02
5.139422416687011719e-01 -1.308682188391685486e-02 6.538533419370651245e-02
5.139902234077453613e-01 -1.274482347071170807e-02 6.538533419370651245e-02
5.149821639060974121e-01 -1.234237663447856903e-02 6.538422405719757080e-02
5.155157446861267090e-01 -1.215477939695119858e-02 6.538422405719757080e-02
5.160463452339172363e-01 -1.196814514696598053e-02 6.538423150777816772e-02
5.165742635726928711e-01 -1.178245712071657181e-02 6.538423150777816772e-02
5.170998573303222656e-01 -1.159755047410726547e-02 6.538423150777816772e-02
5.176236033439636230e-01 -1.141323521733283997e-02 6.538423150777816772e-02
5.181460976600646973e-01 -1.122932415455579758e-02 6.538423150777816772e-02
5.186678767204284668e-01 -1.104563381522893906e-02 6.538423150777816772e-02
5.191894173622131348e-01 -1.086198631674051285e-02 6.538423150777816772e-02
5.197111964225769043e-01 -1.067820470780134201e-02 6.538423150777816772e-02
5.202338099479675293e-01 -1.049411948770284653e-02 6.538423150777816772e-02
5.207576155662536621e-01 -1.030956115573644638e-02 6.538423150777816772e-02
5.212831497192382812e-01 -1.012436859309673309e-02 6.538423150777816772e-02
5.218108892440795898e-01 -9.938383474946022034e-03 6.538423150777816772e-02
5.223411917686462402e-01 -9.751450270414352417e-03 6.538423150777816772e-02
5.228745937347412109e-01 -9.563420899212360382e-03 6.538423150777816772e-02
5.234113931655883789e-01 -9.374151006340980530e-03 6.538423150777816772e-02
5.239520668983459473e-01 -9.183499962091445923e-03 6.538423150777816772e-02
5.244970321655273438e-01 -8.991332724690437317e-03 6.538423150777816772e-02
5.250465869903564453e-01 -8.797521702945232391e-03 6.538423150777816772e-02
5.256011486053466797e-01 -8.601940236985683441e-03 6.538423150777816772e-02
5.261610150337219238e-01 -8.404470048844814301e-03 6.538423150777816772e-02
5.267265439033508301e-01 -8.204997517168521881e-03 6.538423150777816772e-02
5.272980332374572754e-01 -8.003414608538150787e-03 6.538423150777816772e-02
5.278757810592651367e-01 -7.799617946147918701e-03 6.538423150777816772e-02
5.284600853919982910e-01 -7.593512535095214844e-03 6.538423150777816772e-02
5.290511846542358398e-01 -7.385006174445152283e-03 6.538423150777816772e-02
5.296493172645568848e-01 -7.174014579504728317e-03 6.538423150777816772e-02
5.302547812461853027e-01 -6.960459519177675247e-03 6.538423150777816772e-02
5.308676958084106445e-01 -6.744268350303173065e-03 6.538423150777816772e-02
5.314882993698120117e-01 -6.525375414639711380e-03 6.538423150777816772e-02
5.321167707443237305e-01 -6.303720641881227493e-03 6.538423150777816772e-02
5.327532291412353516e-01 -6.079251877963542938e-03 6.538423150777816772e-02
5.333978533744812012e-01 -5.851951427757740021e-03 6.538423150777816772e-02
5.340492725372314453e-01 -5.622233729809522629e-03 6.538423150777816772e-02
5.347055196762084961e-01 -5.390835925936698914e-03 6.538423150777816772e-02
5.353645086288452148e-01 -5.158482119441032410e-03 6.538423150777816772e-02
5.360242724418640137e-01 -4.925871733576059341e-03 6.538423150777816772e-02
5.366828441619873047e-01 -4.693683236837387085e-03 6.538423150777816772e-02
5.373384356498718262e-01 -4.462568555027246475e-03 6.538423150777816772e-02
5.379891395568847656e-01 -4.233156796544790268e-03 6.538423150777816772e-02
5.386334061622619629e-01 -4.006050992757081985e-03 6.538423150777816772e-02
5.392694473266601562e-01 -3.781828563660383224e-03 6.538423150777816772e-02
5.398958325386047363e-01 -3.561040619388222694e-03 6.538423150777816772e-02
5.405109524726867676e-01 -3.344211494550108910e-03 6.538423150777816772e-02
5.411134362220764160e-01 -3.131837816908955574e-03 6.538423150777816772e-02
5.417019724845886230e-01 -2.924388274550437927e-03 6.538423150777816772e-02
5.422753691673278809e-01 -2.722302451729774475e-03 6.538423150777816772e-02
5.428323149681091309e-01 -2.525991527363657951e-03 6.538423150777816772e-02
5.433718562126159668e-01 -2.335835946723818779e-03 6.538423150777816772e-02
5.438929200172424316e-01 -2.152186119928956032e-03 6.538423150777816772e-02
5.443946123123168945e-01 -1.975361490622162819e-03 6.538423150777816772e-02
5.448761582374572754e-01 -1.805650186724960804e-03 6.538423150777816772e-02
5.453367829322814941e-01 -1.643307739868760109e-03 6.538423150777816772e-02
5.457758903503417969e-01 -1.488556852564215660e-03 6.538423150777816772e-02
5.461929440498352051e-01 -1.341587514616549015e-03 6.538423150777816772e-02
5.465874671936035156e-01 -1.202555140480399132e-03 6.538423150777816772e-02
5.469591021537780762e-01 -1.071581267751753330e-03 6.538423150777816772e-02
5.473076701164245605e-01 -9.487519273534417152e-04 6.538423150777816772e-02
5.476329326629638672e-01 -8.341176435351371765e-04 6.538423150777816772e-02
5.479349493980407715e-01 -7.276929100044071674e-04 6.538423150777816772e-02
5.482137203216552734e-01 -6.294550839811563492e-04 6.538423150777816772e-02
5.484694242477416992e-01 -5.393444444052875042e-04 6.538423150777816772e-02
5.487023591995239258e-01 -4.572631441988050938e-04 6.538423150777816772e-02
5.489128828048706055e-01 -3.830748028121888638e-04 6.538423150777816772e-02
5.491015315055847168e-01 -3.166039532516151667e-04 6.538423150777816772e-02
5.492688417434692383e-01 -2.576354600023478270e-04 6.538423150777816772e-02
5.494156479835510254e-01 -2.059138350887224078e-04 6.538423150777816772e-02
5.495427250862121582e-01 -1.611427433090284467e-04 6.538423150777816772e-02
5.496510267257690430e-01 -1.229844201589003205e-04 6.538423150777816772e-02
5.497416257858276367e-01 -9.105909703066572547e-05 6.538423150777816772e-02
5.498157143592834473e-01 -6.494435365311801434e-05 6.538423150777816772e-02
5.498746633529663086e-01 -4.417460513650439680e-05 6.538423150777816772e-02
5.499199032783508301e-01 -2.824051443894859403e-05 6.538423150777816772e-02
5.499529242515563965e-01 -1.658836845308542252e-05 6.538423150777816772e-02
5.499755740165710449e-01 -8.619535947218537331e-06 6.538423150777816772e-02
5.499895811080932617e-01 -3.689901859615929425e-06 6.538423150777816772e-02
5.499968528747558594e-01 -1.109227014239877462e-06 6.538423150777816772e-02
5.499996542930603027e-01 -1.406388037139549851e-07 6.538423150777816772e-02
