3.855951428413391113e-01 -4.129043519496917725e-01 6.538423150777816772e-02
3.855966627597808838e-01 -4.129041433334350586e-01 6.538423150777816772e-02
3.856070339679718018e-01 -4.129026830196380615e-01 6.538423150777816772e-02
3.856343626976013184e-01 -4.128988385200500488e-01 6.538423150777816772e-02
3.856859803199768066e-01 -4.128915667533874512e-01 6.538423150777816772e-02
3.857684731483459473e-01 -4.128799736499786377e-01 6.538423150777816772e-02
3.858876228332519531e-01 -4.128632247447967529e-01 6.538423150777816772e-02
3.860485255718231201e-01 -4.128405749797821045e-01 6.538423150777816772e-02
3.862555027008056641e-01 -4.128114581108093262e-01 6.538423150777816772e-02
3.865121901035308838e-01 -4.127753376960754395e-01 6.538423150777816772e-02
3.868215084075927734e-01 -4.127317965030670166e-01 6.538423150777816772e-02
3.871857225894927979e-01 -4.126805365085601807e-01 6.538423150777816772e-02
3.876063227653503418e-01 -4.126212894916534424e-01 6.538423150777816772e-02
3.880842924118041992e-01 -4.125539660453796387e-01 6.538423150777816772e-02
3.886198401451110840e-01 -4.124785363674163818e-01 6.538423150777816772e-02
3.892126083374023438e-01 -4.123950004577636719e-01 6.538423150777816772e-02
3.898616135120391846e-01 -4.123035371303558350e-01 6.538423150777816772e-02
3.905652463436126709e-01 -4.122043251991271973e-01 6.538423150777816772e-02
3.913213014602661133e-01 -4.120976924896240234e-01 6.538423150777816772e-02
3.921270072460174561e-01 -4.119839966297149658e-01 6.538423150777816772e-02
3.929790854454040527e-01 -4.118637442588806152e-01 6.538423150777816772e-02
3.938735723495483398e-01 -4.117374420166015625e-01 6.538423150777816772e-02
3.948061168193817139e-01 -4.116057157516479492e-01 6.538423150777816772e-02
3.957717418670654297e-01 -4.114692211151123047e-01 6.538423150777816772e-02
3.967649638652801514e-01 -4.113287627696990967e-01 6.538423150777816772e-02
3.977798819541931152e-01 -4.111851453781127930e-01 6.538423150777816772e-02
3.988100588321685791e-01 -4.110392630100250244e-01 6.538423150777816772e-02
3.998485505580902100e-01 -4.108920991420745850e-01 6.538423150777816772e-02
4.008880257606506348e-01 -4.107446670532226562e-01 6.538423150777816772e-02
4.019206762313842773e-01 -4.105980396270751953e-01 6.538423150777816772e-02
4.029383063316345215e-01 -4.104533493518829346e-01 6.538423150777816772e-02
4.039323329925537109e-01 -4.103118479251861572e-01 6.538423150777816772e-02
4.048974215984344482e-01 -4.101742208003997803e-01 6.538423150777816772e-02
4.058322608470916748e-01 -4.100407361984252930e-01 6.538423150777816772e-02
4.067359566688537598e-01 -4.099115431308746338e-01 6.538423150777816772e-02
4.076078236103057861e-01 -4.097867012023925781e-01 6.538423150777816772e-02
4.084474742412567139e-01 -4.096663296222686768e-01 6.538423150777816772e-02
4.092545509338378906e-01 -4.095505177974700928e-01 6.538423150777816772e-02
4.100290536880493164e-01 -4.094392955303192139e-01 6.538423150777816772e-02
4.107711017131805420e-01 -4.093326032161712646e-01 6.538423150777816772e-02
4.114809930324554443e-01 -4.092305004596710205e-01 6.538423150777816772e-02
4.121592342853546143e-01 -4.091329276561737061e-01 6.538423150777816772e-02
4.128065109252929688e-01 -4.090397655963897705e-01 6.538423150777816772e-02
4.134236872196197510e-01 -4.089509844779968262e-01 6.538423150777816772e-02
4.140118360519409180e-01 -4.088664054870605469e-01 6.538423150777816772e-02
4.145721197128295898e-01 -4.087859094142913818e-01 6.538423150777816772e-02
4.151059687137603760e-01 -4.087093472480773926e-01 6.538423150777816772e-02
4.156148731708526611e-01 -4.086364805698394775e-01 6.538423150777816772e-02
4.161005616188049316e-01 -4.085671305656433105e-01 6.538423150777816772e-02
4.165649116039276123e-01 -4.085010588169097900e-01 6.538423150777816772e-02
4.170099198818206787e-01 -4.084379971027374268e-01 6.538423150777816772e-02
4.174377620220184326e-01 -4.083777070045471191e-01 6.538423150777816772e-02
4.178507328033447266e-01 -4.083198308944702148e-01 6.538423150777816772e-02
4.182513058185577393e-01 -4.082640707492828369e-01 6.538423150777816772e-02
4.186420738697052002e-01 -4.082100987434387207e-01 6.538423150777816772e-02
4.190257191658020020e-01 -4.081575572490692139e-01 6.538423150777816772e-02
4.194051325321197510e-01 -4.081060588359832764e-01 6.538423150777816772e-02
4.197833240032196045e-01 -4.080552160739898682e-01 6.538423150777816772e-02
4.201633632183074951e-01 -4.080046415328979492e-01 6.538423150777816772e-02
4.205484986305236816e-01 -4.079538583755493164e-01 6.538423150777816772e-02
4.209420680999755859e-01 -4.079024791717529297e-01 6.538423150777816772e-02
4.213475286960601807e-01 -4.078500270843505859e-01 6.538423150777816772e-02
4.217680096626281738e-01 -4.077960252761840820e-01 6.538423150777816772e-02
4.222042858600616455e-01 -4.077403843402862549e-01 6.538423150777816772e-02
4.226562380790710449e-01 -4.076829552650451660e-01 6.538423150777816772e-02
4.231236279010772705e-01 -4.076237082481384277e-01 6.538423150777816772e-02
4.236062169075012207e-01 -4.075625836849212646e-01 6.538423150777816772e-02
4.241037070751190186e-01 -4.074994921684265137e-01 6.538423150777816772e-02
4.246157407760620117e-01 -4.074344336986541748e-01 6.538423150777816772e-02
4.251419305801391602e-01 -4.073673784732818604e-01 6.538423150777816772e-02
4.256817996501922607e-01 -4.072982370853424072e-01 6.538423150777816772e-02
4.262348413467407227e-01 -4.072270095348358154e-01 6.538423150777816772e-02
4.268004894256591797e-01 -4.071536958217620850e-01 6.538423150777816772e-02
4.273781180381774902e-01 -4.070782959461212158e-01 6.538423150777816772e-02
4.279671013355255127e-01 -4.070007801055908203e-01 6.538423150777816772e-02
4.285667240619659424e-01 -4.069211483001708984e-01 6.538423150777816772e-02
4.291762411594390869e-01 -4.068394303321838379e-01 6.538423150777816772e-02
4.297948777675628662e-01 -4.067556560039520264e-01 6.538423150777816772e-02
4.304217398166656494e-01 -4.066697955131530762e-01 6.538423150777816772e-02
4.310560226440429688e-01 -4.065819084644317627e-01 6.538423150777816772e-02
4.316967427730560303e-01 -4.064920246601104736e-01 6.538423150777816772e-02
4.323430061340332031e-01 -4.064002037048339844e-01 6.538423150777816772e-02
4.329937398433685303e-01 -4.063064455986022949e-01 6.538423150777816772e-02
4.336479306221008301e-01 -4.062108397483825684e-01 6.538423150777816772e-02
4.343045353889465332e-01 -4.061134457588195801e-01 6.538423150777816772e-02
4.349623918533325195e-01 -4.060142934322357178e-01 6.538423150777816772e-02
4.356203675270080566e-01 -4.059134721755981445e-01 6.538423150777816772e-02
4.362773001194000244e-01 -4.058110117912292480e-01 6.538423150777816772e-02
4.369319379329681396e-01 -4.057070612907409668e-01 6.538423150777816772e-02
4.375830590724945068e-01 -4.056016206741333008e-01 6.538423150777816772e-02
4.382293522357940674e-01 -4.054948389530181885e-01 6.538423150777816772e-02
4.388695359230041504e-01 -4.053867757320404053e-01 6.538423150777816772e-02
4.395022392272949219e-01 -4.052775204181671143e-01 6.538423150777816772e-02
4.401268064975738525e-01 -4.051672518253326416e-01 6.538423150777816772e-02
4.407435655593872070e-01 -4.050562679767608643e-01 6.538423150777816772e-02
4.413529634475708008e-01 -4.049448370933532715e-01 6.538423150777816772e-02
4.419555068016052246e-01 -4.048332571983337402e-01 6.538423150777816772e-02
4.425516128540039062e-01 -4.047217965126037598e-01 6.538423150777816772e-02
4.431418180465698242e-01 -4.046108126640319824e-01 6.538423150777816772e-02
4.437266290187835693e-01 -4.045005142688751221e-01 6.538423150777816772e-02
4.443065524101257324e-01 -4.043911993503570557e-01 6.538423150777816772e-02
4.448821544647216797e-01 -4.042831659317016602e-01 6.538423150777816772e-02
4.454539716243743896e-01 -4.041767120361328125e-01 6.538423150777816772e-02
4.460225403308868408e-01 -4.040720462799072266e-01 6.538423150777816772e-02
4.465884864330291748e-01 -4.039695262908935547e-01 6.538423150777816772e-02
4.471523463726043701e-01 -4.038693606853485107e-01 6.538423150777816772e-02
4.477147459983825684e-01 -4.037718474864959717e-01 6.538423150777816772e-02
4.482763409614562988e-01 -4.036772549152374268e-01 6.538423150777816772e-02
4.488376677036285400e-01 -4.035858213901519775e-01 6.538423150777816772e-02
4.493994414806365967e-01 -4.034978747367858887e-01 6.538423150777816772e-02
4.499622881412506104e-01 -4.034136533737182617e-01 6.538423150777816772e-02
4.505268633365631104e-01 -4.033333957195281982e-01 6.538423150777816772e-02
4.510938227176666260e-01 -4.032573699951171875e-01 6.538423150777816772e-02
4.511102437973022461e-01 -4.032577872276306152e-01 6.538423150777816772e-02
4.512158632278442383e-01 -4.032604098320007324e-01 6.538423150777816772e-02
4.514750242233276367e-01 -4.032666087150573730e-01 6.538423150777816772e-02
4.519262909889221191e-01 -4.032768607139587402e-01 6.538423150777816772e-02
4.525840282440185547e-01 -4.032908380031585693e-01 6.538423150777816772e-02
4.534397721290588379e-01 -4.033075273036956787e-01 6.538423150777816772e-02
4.544638991355895996e-01 -4.033250808715820312e-01 6.538423150777816772e-02
4.556070268154144287e-01 -4.033410251140594482e-01 6.538423150777816772e-02
4.568015635013580322e-01 -4.033523201942443848e-01 6.538423150777816772e-02
4.579632878303527832e-01 -4.033553600311279297e-01 6.538423150777816772e-02
4.590197205543518066e-01 -4.033481776714324951e-01 6.538423150777816772e-02
4.599567055702209473e-01 -4.033338427543640137e-01 6.538423150777816772e-02
4.607754945755004883e-01 -4.033164083957672119e-01 6.538423150777816772e-02
4.614841639995574951e-01 -4.033001363277435303e-01 6.538423150777816772e-02
4.620971977710723877e-01 -4.032894670963287354e-01 6.538423150777816772e-02
4.626350998878479004e-01 -4.032891392707824707e-01 6.538423150777816772e-02
4.631240367889404297e-01 -4.033039808273315430e-01 6.538423150777816772e-02
4.635952711105346680e-01 -4.033390283584594727e-01 6.538423150777816772e-02
4.640850126743316650e-01 -4.033994972705841064e-01 6.538423150777816772e-02
4.646333456039428711e-01 -4.034906029701232910e-01 6.538423150777816772e-02
4.652603268623352051e-01 -4.036093652248382568e-01 6.538423150777816772e-02
4.659523069858551025e-01 -4.037410318851470947e-01 6.538423150777816772e-02
4.666911959648132324e-01 -4.038697779178619385e-01 6.538423150777816772e-02
4.674570858478546143e-01 -4.039798080921173096e-01 6.538423150777816772e-02
4.682283699512481689e-01 -4.040552377700805664e-01 6.538423150777816772e-02
4.689818024635314941e-01 -4.040801227092742920e-01 6.538423150777816772e-02
4.696927368640899658e-01 -4.040384590625762939e-01 6.538423150777816772e-02
4.703350961208343506e-01 -4.039142131805419922e-01 6.538423150777816772e-02
4.708814918994903564e-01 -4.036912918090820312e-01 6.538423150777816772e-02
4.713046848773956299e-01 -4.033544361591339111e-01 6.538423150777816772e-02
4.715995788574218750e-01 -4.029044806957244873e-01 6.538423150777816772e-02
4.717817604541778564e-01 -4.023565948009490967e-01 6.538423150777816772e-02
4.718681573867797852e-01 -4.017265737056732178e-01 6.538423150777816772e-02
4.718760848045349121e-01 -4.010301530361175537e-01 6.538423150777816772e-02
4.718233346939086914e-01 -4.002831280231475830e-01 6.538423150777816772e-02
4.717281162738800049e-01 -3.995012640953063965e-01 6.538423150777816772e-02
4.716090857982635498e-01 -3.987003862857818604e-01 6.538423150777816772e-02
4.714851975440979004e-01 -3.978962898254394531e-01 6.538423150777816772e-02
4.713757336139678955e-01 -3.971048295497894287e-01 6.538423150777816772e-02
4.712987542152404785e-01 -3.963405787944793701e-01 6.538423150777816772e-02
4.712577164173126221e-01 -3.956060409545898438e-01 6.538423150777816772e-02
4.712477028369903564e-01 -3.948970139026641846e-01 6.538423150777816772e-02
4.712636768817901611e-01 -3.942092657089233398e-01 6.538423150777816772e-02
4.713003933429718018e-01 -3.935385346412658691e-01 6.538423150777816772e-02
4.713524878025054932e-01 -3.928805887699127197e-01 6.538423150777816772e-02
4.714145660400390625e-01 -3.922311663627624512e-01 6.538423150777816772e-02
4.714810550212860107e-01 -3.915859460830688477e-01 6.538423150777816772e-02
4.715463221073150635e-01 -3.909407258033752441e-01 6.538423150777816772e-02
4.716046154499053955e-01 -3.902912139892578125e-01 6.538423150777816772e-02
4.716511368751525879e-01 -3.896337747573852539e-01 6.538423150777816772e-02
4.716865420341491699e-01 -3.889684677124023438e-01 6.538423150777816772e-02
4.717132747173309326e-01 -3.882965147495269775e-01 6.538423150777816772e-02
4.717338681221008301e-01 -3.876191079616546631e-01 6.538423150777816772e-02
4.717508256435394287e-01 -3.869374990463256836e-01 6.538423150777816772e-02
4.717667400836944580e-01 -3.862528502941131592e-01 6.538423150777816772e-02
4.717841744422912598e-01 -3.855664432048797607e-01 6.538423150777816772e-02
4.718058109283447266e-01 -3.848794996738433838e-01 6.538423150777816772e-02
4.718343019485473633e-01 -3.841932117938995361e-01 6.538423150777816772e-02
4.718722701072692871e-01 -3.835088014602661133e-01 6.538423150777816772e-02
4.719215035438537598e-01 -3.828271925449371338e-01 6.538423150777816772e-02
4.719809293746948242e-01 -3.821481466293334961e-01 6.538423150777816772e-02
4.720489084720611572e-01 -3.814713060855865479e-01 6.538423150777816772e-02
4.721237719058990479e-01 -3.807962834835052490e-01 6.538423150777816772e-02
4.722038805484771729e-01 -3.801226615905761719e-01 6.538423150777816772e-02
4.722875356674194336e-01 -3.794500231742858887e-01 6.538423150777816772e-02
4.723730385303497314e-01 -3.787780404090881348e-01 6.538423150777816772e-02
4.724587500095367432e-01 -3.781062960624694824e-01 6.538423150777816772e-02
4.725429713726043701e-01 -3.774343430995941162e-01 6.538423150777816772e-02
4.726239442825317383e-01 -3.767618536949157715e-01 6.538423150777816772e-02
4.727009534835815430e-01 -3.760885894298553467e-01 6.538423150777816772e-02
4.727747738361358643e-01 -3.754146397113800049e-01 6.538423150777816772e-02
4.728464782238006592e-01 -3.747400939464569092e-01 6.538423150777816772e-02
4.729171097278594971e-01 -3.740651309490203857e-01 6.538423150777816772e-02
4.729876518249511719e-01 -3.733898401260375977e-01 6.538423150777816772e-02
4.730592072010040283e-01 -3.727143704891204834e-01 6.538423150777816772e-02
4.731327891349792480e-01 -3.720388114452362061e-01 6.538423150777816772e-02
4.732094109058380127e-01 -3.713633418083190918e-01 6.538423150777816772e-02
4.732901751995086670e-01 -3.706880807876586914e-01 6.538423150777816772e-02
4.733760356903076172e-01 -3.700131177902221680e-01 6.538423150777816772e-02
4.734664559364318848e-01 -3.693384826183319092e-01 6.538423150777816772e-02
4.735590219497680664e-01 -3.686640560626983643e-01 6.538423150777816772e-02
4.736513197422027588e-01 -3.679897785186767578e-01 6.538423150777816772e-02
4.737408757209777832e-01 -3.673155009746551514e-01 6.538423150777816772e-02
4.738252162933349609e-01 -3.666411042213439941e-01 6.538423150777816772e-02
4.739018678665161133e-01 -3.659664988517761230e-01 6.538423150777816772e-02
4.739683568477630615e-01 -3.652915954589843750e-01 6.538423150777816772e-02
4.740222692489624023e-01 -3.646162152290344238e-01 6.538423150777816772e-02
4.740610718727111816e-01 -3.639403283596038818e-01 6.538423150777816772e-02
4.740825593471527100e-01 -3.632637560367584229e-01 6.538423150777816772e-02
4.740871787071228027e-01 -3.625865578651428223e-01 6.538423150777816772e-02
4.740773439407348633e-01 -3.619088232517242432e-01 6.538423150777816772e-02
4.740555584430694580e-01 -3.612306416034698486e-01 6.538423150777816772e-02
4.740242660045623779e-01 -3.605520725250244141e-01 6.538423150777816772e-02
4.739859700202941895e-01 -3.598732352256774902e-01 6.538423150777816772e-02
4.739431142807006836e-01 -3.591942489147186279e-01 6.538423150777816772e-02
4.738982021808624268e-01 -3.585151433944702148e-01 6.538423150777816772e-02
4.738536775112152100e-01 -3.578360676765441895e-01 6.538423150777816772e-02
4.738120138645172119e-01 -3.571571111679077148e-01 6.538423150777816772e-02
4.737753868103027344e-01 -3.564783036708831787e-01 6.538423150777816772e-02
4.737437069416046143e-01 -3.557997047901153564e-01 6.538423150777816772e-02
4.737158715724945068e-01 -3.551212549209594727e-01 6.538423150777816772e-02
4.736908078193664551e-01 -3.544428944587707520e-01 6.538423150777816772e-02
4.736674726009368896e-01 -3.537646234035491943e-01 6.538423150777816772e-02
4.736447334289550781e-01 -3.530863523483276367e-01 6.538423150777816772e-02
4.736215472221374512e-01 -3.524081110954284668e-01 6.538423150777816772e-02
4.735967814922332764e-01 -3.517298102378845215e-01 6.538423150777816772e-02
4.735694229602813721e-01 -3.510514497756958008e-01 6.538423150777816772e-02
4.735383391380310059e-01 -3.503729403018951416e-01 6.538423150777816772e-02
4.735029637813568115e-01 -3.496943414211273193e-01 6.538423150777816772e-02
4.734646081924438477e-01 -3.490155935287475586e-01 6.538423150777816772e-02
4.734251201152801514e-01 -3.483368456363677979e-01 6.538423150777816772e-02
4.733863770961761475e-01 -3.476580977439880371e-01 6.538423150777816772e-02
4.733502268791198730e-01 -3.469794094562530518e-01 6.538423150777816772e-02
4.733185172080993652e-01 -3.463008701801300049e-01 6.538423150777816772e-02
4.732931256294250488e-01 -3.456225097179412842e-01 6.538423150777816772e-02
4.732758402824401855e-01 -3.449443876743316650e-01 6.538423150777816772e-02
4.732685685157775879e-01 -3.442665338516235352e-01 6.538423150777816772e-02
4.732731282711029053e-01 -3.435890674591064453e-01 6.538423150777816772e-02
4.732905924320220947e-01 -3.429119884967803955e-01 6.538423150777816772e-02
4.733200073242187500e-01 -3.422352373600006104e-01 6.538423150777816772e-02
4.733602106571197510e-01 -3.415588140487670898e-01 6.538423150777816772e-02
4.734099805355072021e-01 -3.408826291561126709e-01 6.538423150777816772e-02
4.734681248664855957e-01 -3.402066826820373535e-01 6.538423150777816772e-02
4.735334515571594238e-01 -3.395309150218963623e-01 6.538423150777816772e-02
4.736047387123107910e-01 -3.388552963733673096e-01 6.538423150777816772e-02
4.736807644367218018e-01 -3.381797671318054199e-01 6.538423150777816772e-02
4.737603962421417236e-01 -3.375042974948883057e-01 6.538423150777816772e-02
4.738423526287078857e-01 -3.368288278579711914e-01 6.538423150777816772e-02
4.739255011081695557e-01 -3.361533284187316895e-01 6.538423150777816772e-02
4.740086197853088379e-01 -3.354777693748474121e-01 6.538423150777816772e-02
4.740904569625854492e-01 -3.348020911216735840e-01 6.538423150777816772e-02
4.741698801517486572e-01 -3.341262340545654297e-01 6.538423150777816772e-02
4.742456972599029541e-01 -3.334501981735229492e-01 6.538423150777816772e-02
4.743174612522125244e-01 -3.327739536762237549e-01 6.538423150777816772e-02
4.743857383728027344e-01 -3.320975899696350098e-01 6.538423150777816772e-02
4.744510650634765625e-01 -3.314210772514343262e-01 6.538423150777816772e-02
4.745139777660369873e-01 -3.307445347309112549e-01 6.538423150777816772e-02
4.745750427246093750e-01 -3.300679624080657959e-01 6.538423150777816772e-02
4.746348261833190918e-01 -3.293914496898651123e-01 6.538423150777816772e-02
4.746938645839691162e-01 -3.287150263786315918e-01 6.538423150777816772e-02
4.747527241706848145e-01 -3.280387222766876221e-01 6.538423150777816772e-02
4.748119711875915527e-01 -3.273626267910003662e-01 6.538423150777816772e-02
4.748721718788146973e-01 -3.266867697238922119e-01 6.538423150777816772e-02
4.749338328838348389e-01 -3.260111808776855469e-01 6.538423150777816772e-02
4.749975502490997314e-01 -3.253359496593475342e-01 6.538423150777816772e-02
4.750638604164123535e-01 -3.246610760688781738e-01 6.538423150777816772e-02
4.751333296298980713e-01 -3.239866793155670166e-01 6.538423150777816772e-02
4.752064943313598633e-01 -3.233127295970916748e-01 6.538423150777816772e-02
4.752835035324096680e-01 -3.226392269134521484e-01 6.538423150777816772e-02
4.753643274307250977e-01 -3.219662010669708252e-01 6.538423150777816772e-02
4.754489362239837646e-01 -3.212935626506805420e-01 6.538423150777816772e-02
4.755373299121856689e-01 -3.206213116645812988e-01 6.538423150777816772e-02
4.756294786930084229e-01 -3.199494183063507080e-01 6.538423150777816772e-02
4.757253229618072510e-01 -3.192778229713439941e-01 6.538423150777816772e-02
4.758248925209045410e-01 -3.186064958572387695e-01 6.538423150777816772e-02
4.759280979633331299e-01 -3.179354369640350342e-01 6.538423150777816772e-02
4.760349690914154053e-01 -3.172645866870880127e-01 6.538423150777816772e-02
4.761454164981842041e-01 -3.165939152240753174e-01 6.538423150777816772e-02
4.762594699859619141e-01 -3.159233927726745605e-01 6.538423150777816772e-02
4.763770699501037598e-01 -3.152529895305633545e-01 6.538423150777816772e-02
4.764982163906097412e-01 -3.145826756954193115e-01 6.538423150777816772e-02
4.766228497028350830e-01 -3.139124512672424316e-01 6.538423150777816772e-02
4.767507612705230713e-01 -3.132421970367431641e-01 6.538423150777816772e-02
4.768806993961334229e-01 -3.125719428062438965e-01 6.538423150777816772e-02
4.770112633705139160e-01 -3.119016587734222412e-01 6.538423150777816772e-02
4.771409928798675537e-01 -3.112312257289886475e-01 6.538423150777816772e-02
4.772684574127197266e-01 -3.105606734752655029e-01 6.538423150777816772e-02
4.773921966552734375e-01 -3.098899424076080322e-01 6.538423150777816772e-02
4.775107502937316895e-01 -3.092190027236938477e-01 6.538423150777816772e-02
4.776227176189422607e-01 -3.085477650165557861e-01 6.538423150777816772e-02
4.777266681194305420e-01 -3.078762292861938477e-01 6.538423150777816772e-02
4.778210818767547607e-01 -3.072043359279632568e-01 6.538423150777816772e-02
4.779045879840850830e-01 -3.065320849418640137e-01 6.538423150777816772e-02
4.779757261276245117e-01 -3.058593571186065674e-01 6.538423150777816772e-02
4.780330359935760498e-01 -3.051861822605133057e-01 6.538423150777816772e-02
4.780750870704650879e-01 -3.045125007629394531e-01 6.538423150777816772e-02
4.781004190444946289e-01 -3.038382232189178467e-01 6.538423150777816772e-02
4.781086444854736328e-01 -3.031634092330932617e-01 6.538423150777816772e-02
4.781012535095214844e-01 -3.024880588054656982e-01 6.538423150777816772e-02
4.780799448490142822e-01 -3.018122017383575439e-01 6.538423150777816772e-02
4.780464768409729004e-01 -3.011358678340911865e-01 6.538423150777816772e-02
4.780025184154510498e-01 -3.004591464996337891e-01 6.538423150777816772e-02
4.779497981071472168e-01 -2.997820377349853516e-01 6.538423150777816772e-02
4.778900742530822754e-01 -2.991045713424682617e-01 6.538423150777816772e-02
4.778250157833099365e-01 -2.984268367290496826e-01 6.538423150777816772e-02
4.777563512325286865e-01 -2.977488338947296143e-01 6.538423150777816772e-02
4.776858091354370117e-01 -2.970706224441528320e-01 6.538423150777816772e-02
4.776150882244110107e-01 -2.963922321796417236e-01 6.538423150777816772e-02
4.775459468364715576e-01 -2.957137227058410645e-01 6.538423150777816772e-02
4.774800539016723633e-01 -2.950350940227508545e-01 6.538423150777816772e-02
4.774191379547119141e-01 -2.943564057350158691e-01 6.538423150777816772e-02
4.773648679256439209e-01 -2.936777174472808838e-01 6.538423150777816772e-02
4.773173630237579346e-01 -2.929990589618682861e-01 6.538423150777816772e-02
4.772752821445465088e-01 -2.923204302787780762e-01 6.538423150777816772e-02
4.772373437881469727e-01 -2.916419208049774170e-01 6.538423150777816772e-02
4.772021770477294922e-01 -2.909635603427886963e-01 6.538423150777816772e-02
4.771684408187866211e-01 -2.902853786945343018e-01 6.538423150777816772e-02
4.771347939968109131e-01 -2.896074056625366211e-01 6.538423150777816772e-02
4.770998954772949219e-01 -2.889297008514404297e-01 6.538423150777816772e-02
4.770623743534088135e-01 -2.882522642612457275e-01 6.538423150777816772e-02
4.770209193229675293e-01 -2.875751852989196777e-01 6.538423150777816772e-02
4.769741892814636230e-01 -2.868984639644622803e-01 6.538423150777816772e-02
4.769207835197448730e-01 -2.862221896648406982e-01 6.538423150777816772e-02
4.768594503402709961e-01 -2.855463325977325439e-01 6.538423150777816772e-02
4.767887592315673828e-01 -2.848709523677825928e-01 6.538423150777816772e-02
4.767073988914489746e-01 -2.841961383819580078e-01 6.538423150777816772e-02
4.766143560409545898e-01 -2.835218608379364014e-01 6.538423150777816772e-02
4.765108525753021240e-01 -2.828482687473297119e-01 6.538423150777816772e-02
4.763991832733154297e-01 -2.821755111217498779e-01 6.538423150777816772e-02
4.762816727161407471e-01 -2.815037071704864502e-01 6.538423150777816772e-02
4.761605560779571533e-01 -2.808329761028289795e-01 6.538423150777816772e-02
4.760381281375885010e-01 -2.801634669303894043e-01 6.538423150777816772e-02
4.759167134761810303e-01 -2.794953286647796631e-01 6.538423150777816772e-02
4.757985770702362061e-01 -2.788286507129669189e-01 6.538423150777816772e-02
4.756860136985778809e-01 -2.781635820865631104e-01 6.538423150777816772e-02
4.755812883377075195e-01 -2.775003015995025635e-01 6.538423150777816772e-02
4.754858016967773438e-01 -2.768387198448181152e-01 6.538423150777816772e-02
4.753965735435485840e-01 -2.761780321598052979e-01 6.538423150777816772e-02
4.753097593784332275e-01 -2.755171954631805420e-01 6.538423150777816772e-02
4.752213954925537109e-01 -2.748551964759826660e-01 6.538423150777816772e-02
4.751275181770324707e-01 -2.741910517215728760e-01 6.538423150777816772e-02
4.750242531299591064e-01 -2.735236883163452148e-01 6.538423150777816772e-02
4.749076068401336670e-01 -2.728521227836608887e-01 6.538423150777816772e-02
4.747736752033233643e-01 -2.721753120422363281e-01 6.538423150777816772e-02
4.746184945106506348e-01 -2.714922428131103516e-01 6.538423150777816772e-02
4.744380414485931396e-01 -2.708019018173217773e-01 6.538423150777816772e-02
4.742330908775329590e-01 -2.701045274734497070e-01 6.538423150777816772e-02
4.740152955055236816e-01 -2.694036066532135010e-01 6.538423150777816772e-02
4.737980961799621582e-01 -2.687030732631683350e-01 6.538423150777816772e-02
4.735949933528900146e-01 -2.680068910121917725e-01 6.538423150777816772e-02
4.734194278717041016e-01 -2.673190236091613770e-01 6.538423150777816772e-02
4.732848703861236572e-01 -2.666434347629547119e-01 6.538423150777816772e-02
4.732048213481903076e-01 -2.659840583801269531e-01 6.538423150777816772e-02
4.731927216053009033e-01 -2.653448283672332764e-01 6.538423150777816772e-02
4.732620120048522949e-01 -2.647297382354736328e-01 6.538423150777816772e-02
4.734261333942413330e-01 -2.641426622867584229e-01 6.538423895835876465e-02
4.736877381801605225e-01 -2.635844647884368896e-01 6.538423895835876465e-02
4.740341603755950928e-01 -2.630515098571777344e-01 6.538423895835876465e-02
4.744512736797332764e-01 -2.625396847724914551e-01 6.538423895835876465e-02
4.749249219894409180e-01 -2.620449364185333252e-01 6.538423895835876465e-02
4.754410386085510254e-01 -2.615632116794586182e-01 6.538423895835876465e-02
4.759854674339294434e-01 -2.610903680324554443e-01 6.538423895835876465e-02
4.765441417694091797e-01 -2.606224119663238525e-01 6.538423895835876465e-02
4.771028757095336914e-01 -2.601552605628967285e-01 6.538423895835876465e-02
4.776476025581359863e-01 -2.596848011016845703e-01 6.538423895835876465e-02
4.781647622585296631e-01 -2.592070996761322021e-01 6.538423895835876465e-02
4.786511063575744629e-01 -2.587210834026336670e-01 6.538423895835876465e-02
4.791135489940643311e-01 -2.582282125949859619e-01 6.538423895835876465e-02
4.795592427253723145e-01 -2.577300965785980225e-01 6.538423895835876465e-02
4.799954295158386230e-01 -2.572283744812011719e-01 6.538423895835876465e-02
4.804292619228363037e-01 -2.567246258258819580e-01 6.538423895835876465e-02
4.808679521083831787e-01 -2.562204897403717041e-01 6.538423895835876465e-02
4.813187122344970703e-01 -2.557175457477569580e-01 6.538423895835876465e-02
4.817887246608734131e-01 -2.552174031734466553e-01 6.538423895835876465e-02
4.822851717472076416e-01 -2.547217011451721191e-01 6.538423895835876465e-02
4.828139245510101318e-01 -2.542318701744079590e-01 6.538423895835876465e-02
4.833680987358093262e-01 -2.537467777729034424e-01 6.538423895835876465e-02
4.839331209659576416e-01 -2.532641887664794922e-01 6.538423895835876465e-02
4.844942390918731689e-01 -2.527816891670227051e-01 6.538423895835876465e-02
4.850368201732635498e-01 -2.522969245910644531e-01 6.538423895835876465e-02
4.855461716651916504e-01 -2.518075406551361084e-01 6.538423895835876465e-02
4.860076904296875000e-01 -2.513111531734466553e-01 6.538423895835876465e-02
4.864066243171691895e-01 -2.508054077625274658e-01 6.538423895835876465e-02
4.867283701896667480e-01 -2.502879202365875244e-01 6.538423895835876465e-02
4.869582355022430420e-01 -2.497563213109970093e-01 6.538423895835876465e-02
4.870842993259429932e-01 -2.492086291313171387e-01 6.538423150777816772e-02
4.871102869510650635e-01 -2.486455887556076050e-01 6.538423150777816772e-02
4.870453774929046631e-01 -2.480686306953430176e-01 6.538423150777816772e-02
4.868988096714019775e-01 -2.474792599678039551e-01 6.538423150777816772e-02
4.866797924041748047e-01 -2.468789964914321899e-01 6.538423150777816772e-02
4.863975048065185547e-01 -2.462693154811859131e-01 6.538423150777816772e-02
4.860611855983734131e-01 -2.456517517566680908e-01 6.538423150777816772e-02
4.856800436973571777e-01 -2.450277954339981079e-01 6.538423150777816772e-02
4.852632582187652588e-01 -2.443989515304565430e-01 6.538423150777816772e-02
4.848200380802154541e-01 -2.437667250633239746e-01 6.538423150777816772e-02
4.843596518039703369e-01 -2.431326210498809814e-01 6.538423150777816772e-02
4.838912487030029297e-01 -2.424981445074081421e-01 6.538423150777816772e-02
4.834240674972534180e-01 -2.418648004531860352e-01 6.538423150777816772e-02
4.829673171043395996e-01 -2.412340790033340454e-01 6.538423150777816772e-02
4.825301766395568848e-01 -2.406074851751327515e-01 6.538423150777816772e-02
4.821190536022186279e-01 -2.399859726428985596e-01 6.538423150777816772e-02
4.817330539226531982e-01 -2.393690645694732666e-01 6.538423150777816772e-02
4.813702404499053955e-01 -2.387560456991195679e-01 6.538423150777816772e-02
4.810286760330200195e-01 -2.381462305784225464e-01 6.538423150777816772e-02
4.807063937187194824e-01 -2.375389188528060913e-01 6.538423150777816772e-02
4.804014265537261963e-01 -2.369334101676940918e-01 6.538423150777816772e-02
4.801118373870849609e-01 -2.363290041685104370e-01 6.538423150777816772e-02
4.798356592655181885e-01 -2.357250154018402100e-01 6.538423150777816772e-02
4.795709550380706787e-01 -2.351207286119461060e-01 6.538423150777816772e-02
4.793157279491424561e-01 -2.345154732465744019e-01 6.538423150777816772e-02
4.790680706501007080e-01 -2.339085340499877930e-01 6.538423150777816772e-02
4.788259863853454590e-01 -2.332992106676101685e-01 6.538423150777816772e-02
4.785875380039215088e-01 -2.326868325471878052e-01 6.538423150777816772e-02
4.783507883548736572e-01 -2.320706695318222046e-01 6.538423150777816772e-02
4.781137704849243164e-01 -2.314500808715820312e-01 6.538422405719757080e-02
4.778755307197570801e-01 -2.308249324560165405e-01 6.538422405719757080e-02
4.776362180709838867e-01 -2.301957756280899048e-01 6.538422405719757080e-02
4.773961007595062256e-01 -2.295632511377334595e-01 6.538422405719757080e-02
4.771553874015808105e-01 -2.289279103279113770e-01 6.538422405719757080e-02
4.769143462181091309e-01 -2.282904088497161865e-01 6.538422405719757080e-02
4.766732156276702881e-01 -2.276512980461120605e-01 6.538422405719757080e-02
4.764322340488433838e-01 -2.270112186670303345e-01 6.538422405719757080e-02
4.761916399002075195e-01 -2.263707518577575684e-01 6.538422405719757080e-02
4.759516716003417969e-01 -2.257305085659027100e-01 6.538422405719757080e-02
4.757125377655029297e-01 -2.250910550355911255e-01 6.538426131010055542e-02
4.754741787910461426e-01 -2.244525998830795288e-01 6.538426131010055542e-02
4.752362072467803955e-01 -2.238151431083679199e-01 6.538426131010055542e-02
4.749982953071594238e-01 -2.231786102056503296e-01 6.538426131010055542e-02
4.747601151466369629e-01 -2.225429713726043701e-01 6.538426131010055542e-02
4.745212793350219727e-01 -2.219081819057464600e-01 6.538426131010055542e-02
4.742814600467681885e-01 -2.212742269039154053e-01 6.538426131010055542e-02
4.740402996540069580e-01 -2.206410616636276245e-01 6.538426131010055542e-02
4.737974107265472412e-01 -2.200086563825607300e-01 6.538426131010055542e-02
4.735524952411651611e-01 -2.193769812583923340e-01 6.538426131010055542e-02
4.733050465583801270e-01 -2.187459170818328857e-01 6.538426131010055542e-02
4.730562865734100342e-01 -2.181152701377868652e-01 6.538426131010055542e-02
4.728071093559265137e-01 -2.174845337867736816e-01 6.538426131010055542e-02
4.725586771965026855e-01 -2.168532460927963257e-01 6.538426131010055542e-02
4.723121523857116699e-01 -2.162209451198577881e-01 6.538426131010055542e-02
4.720687568187713623e-01 -2.155871540307998657e-01 6.538426131010055542e-02
4.718295931816101074e-01 -2.149513661861419678e-01 6.538426131010055542e-02
4.715958535671234131e-01 -2.143131196498870850e-01 6.538426131010055542e-02
4.713687598705291748e-01 -2.136719077825546265e-01 6.538426131010055542e-02
4.711494147777557373e-01 -2.130271941423416138e-01 6.538426131010055542e-02
4.709386527538299561e-01 -2.123787254095077515e-01 6.538424640893936157e-02
4.707356691360473633e-01 -2.117270380258560181e-01 6.538424640893936157e-02
4.705391228199005127e-01 -2.110731005668640137e-01 6.538424640893936157e-02
4.703477025032043457e-01 -2.104178518056869507e-01 6.538424640893936157e-02
4.701600968837738037e-01 -2.097622752189636230e-01 6.538424640893936157e-02
4.699749350547790527e-01 -2.091073691844940186e-01 6.538424640893936157e-02
4.697908759117126465e-01 -2.084541916847229004e-01 6.538424640893936157e-02
4.696065783500671387e-01 -2.078038305044174194e-01 6.538424640893936157e-02
4.694206714630126953e-01 -2.071573883295059204e-01 6.538424640893936157e-02
4.692321717739105225e-01 -2.065160572528839111e-01 6.538421660661697388e-02
4.690394997596740723e-01 -2.058801203966140747e-01 6.538421660661697388e-02
4.688439667224884033e-01 -2.052475064992904663e-01 6.538421660661697388e-02
4.686466753482818604e-01 -2.046157270669937134e-01 6.538421660661697388e-02
4.684488475322723389e-01 -2.039821445941925049e-01 6.538421660661697388e-02
4.682516753673553467e-01 -2.033440321683883667e-01 6.538421660661697388e-02
4.680564701557159424e-01 -2.026985138654708862e-01 6.538421660661697388e-02
4.678644835948944092e-01 -2.020425796508789062e-01 6.538421660661697388e-02
4.676771163940429688e-01 -2.013731151819229126e-01 6.538421660661697388e-02
4.674956798553466797e-01 -2.006867825984954834e-01 6.538421660661697388e-02
4.673218131065368652e-01 -1.999803781509399414e-01 6.538422405719757080e-02
4.671547710895538330e-01 -1.992550045251846313e-01 6.538422405719757080e-02
4.669914543628692627e-01 -1.985200941562652588e-01 6.538422405719757080e-02
4.668281674385070801e-01 -1.977859437465667725e-01 6.538422405719757080e-02
4.666611552238464355e-01 -1.970632523298263550e-01 6.538422405719757080e-02
4.664864540100097656e-01 -1.963631808757781982e-01 6.538422405719757080e-02
4.663000404834747314e-01 -1.956973373889923096e-01 6.538422405719757080e-02
4.660976529121398926e-01 -1.950778663158416748e-01 6.538422405719757080e-02
4.658749699592590332e-01 -1.945174336433410645e-01 6.538422405719757080e-02
4.656273722648620605e-01 -1.940293312072753906e-01 6.538422405719757080e-02
4.653499126434326172e-01 -1.936272680759429932e-01 6.538423895835876465e-02
4.650388360023498535e-01 -1.933252811431884766e-01 6.538423895835876465e-02
4.646905362606048584e-01 -1.931354254484176636e-01 6.538423895835876465e-02
4.643022418022155762e-01 -1.930678635835647583e-01 6.538424640893936157e-02
4.638719260692596436e-01 -1.931305825710296631e-01 6.538424640893936157e-02
4.633981883525848389e-01 -1.933292597532272339e-01 6.538424640893936157e-02
4.628804326057434082e-01 -1.936670839786529541e-01 6.538424640893936157e-02
4.623188376426696777e-01 -1.941445767879486084e-01 6.538424640893936157e-02
4.617144465446472168e-01 -1.947594881057739258e-01 6.538424640893936157e-02
4.610691964626312256e-01 -1.955065727233886719e-01 6.538424640893936157e-02
4.603860080242156982e-01 -1.963774859905242920e-01 6.538424640893936157e-02
4.596687257289886475e-01 -1.973605602979660034e-01 6.538424640893936157e-02
4.589222967624664307e-01 -1.984407156705856323e-01 6.538424640893936157e-02
4.581528604030609131e-01 -1.995991170406341553e-01 6.538422405719757080e-02
4.573714137077331543e-01 -2.007998377084732056e-01 6.538422405719757080e-02
4.565961658954620361e-01 -2.019829154014587402e-01 6.538422405719757080e-02
4.558438360691070557e-01 -2.030929923057556152e-01 6.538422405719757080e-02
4.551286101341247559e-01 -2.040831446647644043e-01 6.538422405719757080e-02
4.544619321823120117e-01 -2.049154490232467651e-01 6.538422405719757080e-02
4.538523256778717041e-01 -2.055615931749343872e-01 6.538422405719757080e-02
4.533052146434783936e-01 -2.060033977031707764e-01 6.538422405719757080e-02
4.528228044509887695e-01 -2.062334120273590088e-01 6.538422405719757080e-02
4.524038732051849365e-01 -2.062555104494094849e-01 6.538422405719757080e-02
4.520435035228729248e-01 -2.060854434967041016e-01 6.538422405719757080e-02
4.517331421375274658e-01 -2.057514488697052002e-01 6.538422405719757080e-02
4.514601230621337891e-01 -2.052947729825973511e-01 6.538422405719757080e-02
4.509580731391906738e-01 -2.042338997125625610e-01 6.538423150777816772e-02
4.507063925266265869e-01 -2.036980688571929932e-01 6.538423150777816772e-02
4.504525065422058105e-01 -2.031628042459487915e-01 6.538423150777816772e-02
4.501962363719940186e-01 -2.026281803846359253e-01 6.538423150777816772e-02
4.499373733997344971e-01 -2.020942419767379761e-01 6.538423150777816772e-02
4.496757686138153076e-01 -2.015610337257385254e-01 6.538423150777816772e-02
4.494112432003021240e-01 -2.010286152362823486e-01 6.538423150777816772e-02
4.491436183452606201e-01 -2.004970461130142212e-01 6.538423150777816772e-02
4.488727450370788574e-01 -1.999663710594177246e-01 6.538423150777816772e-02
4.485984444618225098e-01 -1.994366347789764404e-01 6.538423150777816772e-02
4.483209848403930664e-01 -1.989077776670455933e-01 6.538423150777816772e-02
4.480408132076263428e-01 -1.983796656131744385e-01 6.538423150777816772e-02
4.477584064006805420e-01 -1.978521943092346191e-01 6.538423150777816772e-02
4.474741518497467041e-01 -1.973252445459365845e-01 6.538423150777816772e-02
4.471884965896606445e-01 -1.967986971139907837e-01 6.538423150777816772e-02
4.469019472599029541e-01 -1.962724179029464722e-01 6.538423150777816772e-02
4.466148614883422852e-01 -1.957463175058364868e-01 6.538423150777816772e-02
4.463277757167816162e-01 -1.952202767133712769e-01 6.538423150777816772e-02
4.460410475730895996e-01 -1.946941465139389038e-01 6.538423150777816772e-02
4.457551836967468262e-01 -1.941678375005722046e-01 6.538423150777816772e-02
4.454706013202667236e-01 -1.936412155628204346e-01 6.538423150777816772e-02
4.451877474784851074e-01 -1.931141763925552368e-01 6.538423150777816772e-02
4.449070692062377930e-01 -1.925866007804870605e-01 6.538423150777816772e-02
4.446290135383605957e-01 -1.920583546161651611e-01 6.538423150777816772e-02
4.443539977073669434e-01 -1.915293335914611816e-01 6.538423150777816772e-02
4.440824985504150391e-01 -1.909994184970855713e-01 6.538423150777816772e-02
4.438149631023406982e-01 -1.904684901237487793e-01 6.538423150777816772e-02
4.435518085956573486e-01 -1.899364441633224487e-01 6.538423150777816772e-02
4.432935118675231934e-01 -1.894031316041946411e-01 6.538423150777816772e-02
4.430404901504516602e-01 -1.888684481382369995e-01 6.538423150777816772e-02
4.427931904792785645e-01 -1.883322894573211670e-01 6.538423150777816772e-02
4.425520896911621094e-01 -1.877945214509963989e-01 6.538423150777816772e-02
4.423175752162933350e-01 -1.872550398111343384e-01 6.538423150777816772e-02
4.420901238918304443e-01 -1.867137104272842407e-01 6.538423150777816772e-02
4.418701827526092529e-01 -1.861704289913177490e-01 6.538423150777816772e-02
4.416581988334655762e-01 -1.856250762939453125e-01 6.538423150777816772e-02
4.414545893669128418e-01 -1.850775331258773804e-01 6.538423150777816772e-02
4.412598311901092529e-01 -1.845276653766632080e-01 6.538423150777816772e-02
4.410743713378906250e-01 -1.839753836393356323e-01 6.538423150777816772e-02
4.408985972404479980e-01 -1.834205389022827148e-01 6.538423150777816772e-02
4.407330155372619629e-01 -1.828630417585372925e-01 6.538423150777816772e-02
4.405780434608459473e-01 -1.823027580976486206e-01 6.538423150777816772e-02
4.404341578483581543e-01 -1.817395836114883423e-01 6.538423150777816772e-02
4.403015971183776855e-01 -1.811734139919281006e-01 6.538423150777816772e-02
4.401800930500030518e-01 -1.806043535470962524e-01 6.538423150777816772e-02
4.400691390037536621e-01 -1.800325214862823486e-01 6.538423150777816772e-02
4.399682581424713135e-01 -1.794580519199371338e-01 6.538423150777816772e-02
4.398769140243530273e-01 -1.788810789585113525e-01 6.538423150777816772e-02
4.397946596145629883e-01 -1.783017218112945557e-01 6.538423150777816772e-02
4.397209584712982178e-01 -1.777200996875762939e-01 6.538423150777816772e-02
4.396553337574005127e-01 -1.771363765001296997e-01 6.538423150777816772e-02
4.395973086357116699e-01 -1.765506565570831299e-01 6.538423150777816772e-02
4.395463764667510986e-01 -1.759630739688873291e-01 6.538423150777816772e-02
4.395020604133605957e-01 -1.753737479448318481e-01 6.538423150777816772e-02
4.394638240337371826e-01 -1.747828274965286255e-01 6.538423150777816772e-02
4.394312202930450439e-01 -1.741904318332672119e-01 6.538423150777816772e-02
4.394037425518035889e-01 -1.735966950654983521e-01 6.538423150777816772e-02
4.393808543682098389e-01 -1.730017513036727905e-01 6.538423150777816772e-02
4.393621087074279785e-01 -1.724057048559188843e-01 6.538423150777816772e-02
4.393470287322998047e-01 -1.718087196350097656e-01 6.538423150777816772e-02
4.393350780010223389e-01 -1.712108850479125977e-01 6.538423150777816772e-02
4.393257498741149902e-01 -1.706123799085617065e-01 6.538423150777816772e-02
4.393185973167419434e-01 -1.700132936239242554e-01 6.538423150777816772e-02
4.393131136894226074e-01 -1.694137603044509888e-01 6.538423150777816772e-02
4.393087923526763916e-01 -1.688139289617538452e-01 6.538423150777816772e-02
4.393051564693450928e-01 -1.682139188051223755e-01 6.538423150777816772e-02
4.393016993999481201e-01 -1.676138490438461304e-01 6.538423150777816772e-02
4.392979145050048828e-01 -1.670138686895370483e-01 6.538423150777816772e-02
4.392933249473571777e-01 -1.664140969514846802e-01 6.538423150777816772e-02
4.392874538898468018e-01 -1.658146679401397705e-01 6.538423150777816772e-02
4.392797648906707764e-01 -1.652157008647918701e-01 6.538423150777816772e-02
4.392698109149932861e-01 -1.646173298358917236e-01 6.538423150777816772e-02
4.392570853233337402e-01 -1.640196740627288818e-01 6.538423150777816772e-02
4.392413198947906494e-01 -1.634228080511093140e-01 6.538423150777816772e-02
4.392226636409759521e-01 -1.628267168998718262e-01 6.538423150777816772e-02
4.392012357711791992e-01 -1.622313559055328369e-01 6.538423150777816772e-02
4.391771554946899414e-01 -1.616366654634475708e-01 6.538423150777816772e-02
4.391505718231201172e-01 -1.610426455736160278e-01 6.538423150777816772e-02
4.391216337680816650e-01 -1.604492515325546265e-01 6.538423150777816772e-02
4.390904307365417480e-01 -1.598564535379409790e-01 6.538423150777816772e-02
4.390571117401123047e-01 -1.592641919851303101e-01 6.538423150777816772e-02
4.390218257904052734e-01 -1.586724668741226196e-01 6.538423150777816772e-02
4.389846622943878174e-01 -1.580812186002731323e-01 6.538423150777816772e-02
4.389458298683166504e-01 -1.574904173612594604e-01 6.538423150777816772e-02
4.389053881168365479e-01 -1.569000333547592163e-01 6.538423150777816772e-02
4.388635158538818359e-01 -1.563100367784500122e-01 6.538423150777816772e-02
4.388203322887420654e-01 -1.557203978300094604e-01 6.538423150777816772e-02
4.387759566307067871e-01 -1.551310569047927856e-01 6.538423150777816772e-02
4.387305676937103271e-01 -1.545419991016387939e-01 6.538423150777816772e-02
4.386842250823974609e-01 -1.539531946182250977e-01 6.538423150777816772e-02
4.386371076107025146e-01 -1.533645987510681152e-01 6.538423150777816772e-02
4.385893344879150391e-01 -1.527761816978454590e-01 6.538423150777816772e-02
4.385410547256469727e-01 -1.521878987550735474e-01 6.538423150777816772e-02
4.384923875331878662e-01 -1.515997201204299927e-01 6.538423150777816772e-02
4.384434819221496582e-01 -1.510116308927536011e-01 6.538423150777816772e-02
4.383944571018218994e-01 -1.504235714673995972e-01 6.538423150777816772e-02
4.383454322814941406e-01 -1.498355120420455933e-01 6.538423150777816772e-02
4.382965564727783203e-01 -1.492474377155303955e-01 6.538423150777816772e-02
4.382479786872863770e-01 -1.486592888832092285e-01 6.538423150777816772e-02
4.381997883319854736e-01 -1.480710357427597046e-01 6.538423150777816772e-02
4.381521642208099365e-01 -1.474826633930206299e-01 6.538423150777816772e-02
4.381051957607269287e-01 -1.468941122293472290e-01 6.538423150777816772e-02
4.380590319633483887e-01 -1.463053822517395020e-01 6.538423150777816772e-02
4.380136728286743164e-01 -1.457164436578750610e-01 6.538423150777816772e-02
4.379691183567047119e-01 -1.451272964477539062e-01 6.538423150777816772e-02
4.379252791404724121e-01 -1.445379704236984253e-01 6.538423150777816772e-02
4.378821253776550293e-01 -1.439484655857086182e-01 6.538423150777816772e-02
4.378396570682525635e-01 -1.433587968349456787e-01 6.538423150777816772e-02
4.377977848052978516e-01 -1.427689641714096069e-01 6.538423150777816772e-02
4.377565085887908936e-01 -1.421789675951004028e-01 6.538423150777816772e-02
4.377157986164093018e-01 -1.415888220071792603e-01 6.538423150777816772e-02
4.376755654811859131e-01 -1.409985572099685669e-01 6.538423150777816772e-02
4.376358389854431152e-01 -1.404081434011459351e-01 6.538423150777816772e-02
4.375965297222137451e-01 -1.398176103830337524e-01 6.538423150777816772e-02
4.375576078891754150e-01 -1.392269730567932129e-01 6.538423150777816772e-02
4.375190734863281250e-01 -1.386362165212631226e-01 6.538423150777816772e-02
4.374808371067047119e-01 -1.380453556776046753e-01 6.538423150777816772e-02
4.374428987503051758e-01 -1.374544203281402588e-01 6.538423150777816772e-02
4.374052286148071289e-01 -1.368633955717086792e-01 6.538423150777816772e-02
4.373677372932434082e-01 -1.362722963094711304e-01 6.538423150777816772e-02
4.373304247856140137e-01 -1.356811225414276123e-01 6.538423150777816772e-02
4.372932612895965576e-01 -1.350898891687393188e-01 6.538423150777816772e-02
4.372561872005462646e-01 -1.344986110925674438e-01 6.538423150777816772e-02
4.372191727161407471e-01 -1.339072883129119873e-01 6.538423150777816772e-02
4.371821880340576172e-01 -1.333159357309341431e-01 6.538423150777816772e-02
4.371451735496520996e-01 -1.327245533466339111e-01 6.538423150777816772e-02
4.371081292629241943e-01 -1.321331411600112915e-01 6.538423150777816772e-02
4.370709955692291260e-01 -1.315417289733886719e-01 6.538423150777816772e-02
4.370337128639221191e-01 -1.309503167867660522e-01 6.538423150777816772e-02
4.369962811470031738e-01 -1.303589046001434326e-01 6.538423150777816772e-02
4.369586408138275146e-01 -1.297674924135208130e-01 6.538423150777816772e-02
4.369207918643951416e-01 -1.291761249303817749e-01 6.538423150777816772e-02
4.368826448917388916e-01 -1.285847723484039307e-01 6.538423150777816772e-02
4.368442595005035400e-01 -1.279934495687484741e-01 6.538423150777816772e-02
4.368056654930114746e-01 -1.274021565914154053e-01 6.538423150777816772e-02
4.367668330669403076e-01 -1.268108934164047241e-01 6.538423150777816772e-02
4.367277920246124268e-01 -1.262196749448776245e-01 6.538423150777816772e-02
4.366886019706726074e-01 -1.256284862756729126e-01 6.538423150777816772e-02
4.366492033004760742e-01 -1.250373572111129761e-01 6.538423150777816772e-02
4.366096854209899902e-01 -1.244462579488754272e-01 6.538423150777816772e-02
4.365700483322143555e-01 -1.238552108407020569e-01 6.538423150777816772e-02
4.365302920341491699e-01 -1.232642158865928650e-01 6.538423150777816772e-02
4.364904463291168213e-01 -1.226732730865478516e-01 6.538423150777816772e-02
4.364505112171173096e-01 -1.220823824405670166e-01 6.538423150777816772e-02
4.364105165004730225e-01 -1.214915513992309570e-01 6.538423150777816772e-02
4.363704919815063477e-01 -1.209007799625396729e-01 6.538423150777816772e-02
4.363304376602172852e-01 -1.203100755810737610e-01 6.538423150777816772e-02
4.362903535366058350e-01 -1.197194308042526245e-01 6.538423150777816772e-02
4.362502992153167725e-01 -1.191288530826568604e-01 6.538423150777816772e-02
4.362102746963500977e-01 -1.185383498668670654e-01 6.538423150777816772e-02
4.361702799797058105e-01 -1.179479211568832397e-01 6.538423150777816772e-02
4.361303448677062988e-01 -1.173575595021247864e-01 6.538423150777816772e-02
4.360904693603515625e-01 -1.167672872543334961e-01 6.538423150777816772e-02
4.360507130622863770e-01 -1.161770820617675781e-01 6.538423150777816772e-02
4.360110461711883545e-01 -1.155869662761688232e-01 6.538423150777816772e-02
4.359715282917022705e-01 -1.149969398975372314e-01 6.538423150777816772e-02
4.359321296215057373e-01 -1.144069954752922058e-01 6.538423150777816772e-02
4.358929097652435303e-01 -1.138171479105949402e-01 6.538423150777816772e-02
4.358538687229156494e-01 -1.132273823022842407e-01 6.538423150777816772e-02
4.358150362968444824e-01 -1.126377210021018982e-01 6.538423150777816772e-02
4.357764124870300293e-01 -1.120481565594673157e-01 6.538423150777816772e-02
4.357379972934722900e-01 -1.114586815237998962e-01 6.538422405719757080e-02
4.356998205184936523e-01 -1.108693033456802368e-01 6.538422405719757080e-02
4.356618225574493408e-01 -1.102799996733665466e-01 6.538422405719757080e-02
4.356239736080169678e-01 -1.096907556056976318e-01 6.538422405719757080e-02
4.355862438678741455e-01 -1.091015413403511047e-01 6.538422405719757080e-02
4.355486333370208740e-01 -1.085123494267463684e-01 6.538422405719757080e-02
4.355110824108123779e-01 -1.079231575131416321e-01 6.538422405719757080e-02
4.354735612869262695e-01 -1.073339432477951050e-01 6.538422405719757080e-02
4.354360401630401611e-01 -1.067446991801261902e-01 6.538422405719757080e-02
4.353984594345092773e-01 -1.061553955078125000e-01 6.538422405719757080e-02
4.353608489036560059e-01 -1.055660247802734375e-01 6.538422405719757080e-02
4.353231489658355713e-01 -1.049765646457672119e-01 6.538422405719757080e-02
4.352853298187255859e-01 -1.043869927525520325e-01 6.538422405719757080e-02
4.352473318576812744e-01 -1.037972941994667053e-01 6.538422405719757080e-02
4.352091848850250244e-01 -1.032074540853500366e-01 6.538422405719757080e-02
4.351707994937896729e-01 -1.026174500584602356e-01 6.538422405719757080e-02
4.351321756839752197e-01 -1.020272672176361084e-01 6.538422405719757080e-02
4.350932538509368896e-01 -1.014368832111358643e-01 6.538422405719757080e-02
4.350540339946746826e-01 -1.008462831377983093e-01 6.538422405719757080e-02
4.350144863128662109e-01 -1.002554520964622498e-01 6.538422405719757080e-02
4.349745810031890869e-01 -9.966436773538589478e-02 6.538422405719757080e-02
4.349342584609985352e-01 -9.907300770282745361e-02 6.538422405719757080e-02
4.348934888839721680e-01 -9.848136454820632935e-02 6.538422405719757080e-02
4.348522722721099854e-01 -9.788940846920013428e-02 6.538422405719757080e-02
4.348105490207672119e-01 -9.729713201522827148e-02 6.538422405719757080e-02
4.347683191299438477e-01 -9.670451283454895020e-02 6.538422405719757080e-02
4.347255229949951172e-01 -9.611152857542037964e-02 6.538422405719757080e-02
4.346821606159210205e-01 -9.551816433668136597e-02 6.538422405719757080e-02
4.346381425857543945e-01 -9.492441266775131226e-02 6.538422405719757080e-02
4.345934987068176270e-01 -9.433023631572723389e-02 6.538423150777816772e-02
4.345481991767883301e-01 -9.373564273118972778e-02 6.538423150777816772e-02
4.345023334026336670e-01 -9.314069151878356934e-02 6.538423150777816772e-02
4.344559907913208008e-01 -9.254544228315353394e-02 6.538423150777816772e-02
4.344092905521392822e-01 -9.194997698068618774e-02 6.538423150777816772e-02
4.343623518943786621e-01 -9.135435521602630615e-02 6.538423150777816772e-02
4.343152642250061035e-01 -9.075865149497985840e-02 6.538423150777816772e-02
4.342681467533111572e-01 -9.016293287277221680e-02 6.538423150777816772e-02
4.342210888862609863e-01 -8.956726640462875366e-02 6.538423150777816772e-02
4.341742098331451416e-01 -8.897173404693603516e-02 6.538423150777816772e-02
4.341276288032531738e-01 -8.837639540433883667e-02 6.538423150777816772e-02
4.340814054012298584e-01 -8.778131753206253052e-02 6.538423150777816772e-02
4.340357184410095215e-01 -8.718658238649368286e-02 6.538423150777816772e-02
4.339905977249145508e-01 -8.659224212169647217e-02 6.538423150777816772e-02
4.339462220668792725e-01 -8.599838614463806152e-02 6.538423150777816772e-02
4.339026212692260742e-01 -8.540507405996322632e-02 6.538423150777816772e-02
4.338599741458892822e-01 -8.481237292289733887e-02 6.538423150777816772e-02
4.338183701038360596e-01 -8.422035723924636841e-02 6.538423150777816772e-02
4.337778687477111816e-01 -8.362909406423568726e-02 6.538423150777816772e-02
4.337386488914489746e-01 -8.303865045309066772e-02 6.538423150777816772e-02
4.337007403373718262e-01 -8.244910836219787598e-02 6.538423150777816772e-02
4.336643218994140625e-01 -8.186052739620208740e-02 6.538423150777816772e-02
4.336294531822204590e-01 -8.127297461032867432e-02 6.538423150777816772e-02
4.335962831974029541e-01 -8.068652451038360596e-02 6.538423150777816772e-02
4.335648417472839355e-01 -8.010125160217285156e-02 6.538423150777816772e-02
4.335353374481201172e-01 -7.951721549034118652e-02 6.538423150777816772e-02
4.335078001022338867e-01 -7.893449813127517700e-02 6.538423150777816772e-02
4.334823489189147949e-01 -7.835315167903900146e-02 6.538423150777816772e-02
4.334591329097747803e-01 -7.777326554059982300e-02 6.538423150777816772e-02
4.334382116794586182e-01 -7.719489932060241699e-02 6.538423150777816772e-02
4.334196448326110840e-01 -7.661811262369155884e-02 6.538423150777816772e-02
4.334034323692321777e-01 -7.604283839464187622e-02 6.538423150777816772e-02
4.333891272544860840e-01 -7.546882331371307373e-02 6.538423150777816772e-02
4.333763718605041504e-01 -7.489580661058425903e-02 6.538423150777816772e-02
4.333646893501281738e-01 -7.432352751493453979e-02 6.538423150777816772e-02
4.333537817001342773e-01 -7.375172525644302368e-02 6.538423150777816772e-02
4.333431720733642578e-01 -7.318013161420822144e-02 6.538423150777816772e-02
4.333325028419494629e-01 -7.260849326848983765e-02 6.538423150777816772e-02
4.333213865756988525e-01 -7.203654944896697998e-02 6.538423150777816772e-02
4.333093762397766113e-01 -7.146403938531875610e-02 6.538423150777816772e-02
4.332961440086364746e-01 -7.089069485664367676e-02 6.538423150777816772e-02
4.332812428474426270e-01 -7.031626254320144653e-02 6.538423150777816772e-02
4.332643151283264160e-01 -6.974048167467117310e-02 6.538423150777816772e-02
4.332449138164520264e-01 -6.916309148073196411e-02 6.538423150777816772e-02
4.332227110862731934e-01 -6.858382374048233032e-02 6.538423150777816772e-02
4.331972599029541016e-01 -6.800242513418197632e-02 6.538423150777816772e-02
4.331681728363037109e-01 -6.741862744092941284e-02 6.538423150777816772e-02
4.331350326538085938e-01 -6.683217734098434448e-02 6.538423150777816772e-02
4.330975115299224854e-01 -6.624281406402587891e-02 6.538423150777816772e-02
4.330551326274871826e-01 -6.565026938915252686e-02 6.538423150777816772e-02
4.330075681209564209e-01 -6.505428999662399292e-02 6.538423150777816772e-02
4.329543709754943848e-01 -6.445460766553878784e-02 6.538423150777816772e-02
4.328951835632324219e-01 -6.385096907615661621e-02 6.538423150777816772e-02
4.328295886516571045e-01 -6.324310600757598877e-02 6.538423150777816772e-02
4.327571988105773926e-01 -6.263075768947601318e-02 6.538423150777816772e-02
4.326775968074798584e-01 -6.201367452740669250e-02 6.538423150777816772e-02
4.325903952121734619e-01 -6.139158457517623901e-02 6.538423150777816772e-02
4.324952363967895508e-01 -6.076423078775405884e-02 6.538423150777816772e-02
4.323916733264923096e-01 -6.013135239481925964e-02 6.538423150777816772e-02
4.322793185710906982e-01 -5.949268490076065063e-02 6.538423150777816772e-02
4.321580231189727783e-01 -5.884809419512748718e-02 6.538423150777816772e-02
4.320286810398101807e-01 -5.819822847843170166e-02 6.538423150777816772e-02
4.318928122520446777e-01 -5.754406377673149109e-02 6.538423150777816772e-02
4.317519068717956543e-01 -5.688657239079475403e-02 6.538423150777816772e-02
4.316074252128601074e-01 -5.622673034667968750e-02 6.538423150777816772e-02
4.314608573913574219e-01 -5.556550994515419006e-02 6.538423150777816772e-02
4.313136637210845947e-01 -5.490388721227645874e-02 6.538423150777816772e-02
4.311673343181610107e-01 -5.424283072352409363e-02 6.538423150777816772e-02
4.310233592987060547e-01 -5.358332023024559021e-02 6.538423150777816772e-02
4.308831989765167236e-01 -5.292632803320884705e-02 6.538423150777816772e-02
4.307483434677124023e-01 -5.227282643318176270e-02 6.538423150777816772e-02
4.306202530860900879e-01 -5.162379145622253418e-02 6.538423150777816772e-02
4.305004179477691650e-01 -5.098019167780876160e-02 6.538423150777816772e-02
4.303902983665466309e-01 -5.034301057457923889e-02 6.538423150777816772e-02
4.302914142608642578e-01 -4.971321299672126770e-02 6.538423150777816772e-02
4.302051961421966553e-01 -4.909177497029304504e-02 6.538423150777816772e-02
4.301331341266632080e-01 -4.847967624664306641e-02 6.538423150777816772e-02
4.300767481327056885e-01 -4.787788540124893188e-02 6.538423150777816772e-02
4.300374388694763184e-01 -4.728737473487854004e-02 6.538423150777816772e-02
4.300167560577392578e-01 -4.670912399888038635e-02 6.538423150777816772e-02
4.300161302089691162e-01 -4.614410176873207092e-02 6.538423150777816772e-02
4.300370812416076660e-01 -4.559328407049179077e-02 6.538423150777816772e-02
4.300810396671295166e-01 -4.505764693021774292e-02 6.538423150777816772e-02
4.301494956016540527e-01 -4.453815892338752747e-02 6.538423150777816772e-02
4.302439689636230469e-01 -4.403579980134963989e-02 6.538423150777816772e-02
4.303658902645111084e-01 -4.355154186487197876e-02 6.538423150777816772e-02
4.305167496204376221e-01 -4.308635741472244263e-02 6.538423150777816772e-02
4.306980073451995850e-01 -4.264121875166893005e-02 6.538423150777816772e-02
4.309111833572387695e-01 -4.221710562705993652e-02 6.538423150777816772e-02
4.311577677726745605e-01 -4.181497916579246521e-02 6.538423150777816772e-02
4.314382076263427734e-01 -4.143521189689636230e-02 6.538423150777816772e-02
4.317513704299926758e-01 -4.107699170708656311e-02 6.538423150777816772e-02
4.320957660675048828e-01 -4.073937237262725830e-02 6.538423150777816772e-02
4.324699938297271729e-01 -4.042140766978263855e-02 6.538423150777816772e-02
4.328725934028625488e-01 -4.012215137481689453e-02 6.538423150777816772e-02
4.333021044731140137e-01 -3.984065726399421692e-02 6.538423150777816772e-02
4.337571561336517334e-01 -3.957597538828849792e-02 6.538423150777816772e-02
4.342362582683563232e-01 -3.932716324925422668e-02 6.538423150777816772e-02
4.347379803657531738e-01 -3.909327462315559387e-02 6.538423150777816772e-02
4.352608919143676758e-01 -3.887336328625679016e-02 6.538423150777816772e-02
4.358035624027252197e-01 -3.866648301482200623e-02 6.538423150777816772e-02
4.363645613193511963e-01 -3.847168385982513428e-02 6.538423150777816772e-02
4.369424283504486084e-01 -3.828802332282066345e-02 6.538423150777816772e-02
4.375357329845428467e-01 -3.811455518007278442e-02 6.538423150777816772e-02
4.381430447101593018e-01 -3.795033320784568787e-02 6.538423150777816772e-02
4.387629330158233643e-01 -3.779440745711326599e-02 6.538423150777816772e-02
4.393939375877380371e-01 -3.764583542943000793e-02 6.538423150777816772e-02
4.400346279144287109e-01 -3.750366717576980591e-02 6.538423150777816772e-02
4.406836032867431641e-01 -3.736696019768714905e-02 6.538423150777816772e-02
4.413393735885620117e-01 -3.723476827144622803e-02 6.538423150777816772e-02
4.420005381107330322e-01 -3.710614144802093506e-02 6.538423150777816772e-02
4.426656365394592285e-01 -3.698013350367546082e-02 6.538423150777816772e-02
4.433332383632659912e-01 -3.685580193996429443e-02 6.538423150777816772e-02
4.440019130706787109e-01 -3.673219680786132812e-02 6.538423150777816772e-02
4.446702301502227783e-01 -3.660837560892105103e-02 6.538423150777816772e-02
4.453367590904235840e-01 -3.648338466882705688e-02 6.538423150777816772e-02
4.460000097751617432e-01 -3.635628521442413330e-02 6.538423150777816772e-02
4.466586112976074219e-01 -3.622613102197647095e-02 6.538423150777816772e-02
4.473111033439636230e-01 -3.609196841716766357e-02 6.538423150777816772e-02
4.479560256004333496e-01 -3.595285490155220032e-02 6.538423150777816772e-02
4.485921859741210938e-01 -3.580795601010322571e-02 6.538422405719757080e-02
4.492193460464477539e-01 -3.565717488527297974e-02 6.538422405719757080e-02
4.498379230499267578e-01 -3.550076857209205627e-02 6.538422405719757080e-02
4.504483342170715332e-01 -3.533899039030075073e-02 6.538422405719757080e-02
4.510509669780731201e-01 -3.517208620905876160e-02 6.538422405719757080e-02
4.516462087631225586e-01 -3.500031679868698120e-02 6.538422405719757080e-02
4.522344172000885010e-01 -3.482392802834510803e-02 6.538422405719757080e-02
4.528160393238067627e-01 -3.464317321777343750e-02 6.538422405719757080e-02
4.533914327621459961e-01 -3.445830568671226501e-02 6.538422405719757080e-02
4.539609849452972412e-01 -3.426957502961158752e-02 6.538422405719757080e-02
4.545251131057739258e-01 -3.407723456621170044e-02 6.538422405719757080e-02
4.550841748714447021e-01 -3.388153761625289917e-02 6.538422405719757080e-02
4.556385576725006104e-01 -3.368273377418518066e-02 6.538422405719757080e-02
4.561886489391326904e-01 -3.348108008503913879e-02 6.538422405719757080e-02
4.567348659038543701e-01 -3.327682241797447205e-02 6.538422405719757080e-02
4.572775959968566895e-01 -3.307021781802177429e-02 6.538422405719757080e-02
4.578171968460083008e-01 -3.286151587963104248e-02 6.538422405719757080e-02
4.583540856838226318e-01 -3.265097364783287048e-02 6.538422405719757080e-02
4.588886201381683350e-01 -3.243883326649665833e-02 6.538422405719757080e-02
4.594212174415588379e-01 -3.222535923123359680e-02 6.538422405719757080e-02
4.599522650241851807e-01 -3.201079368591308594e-02 6.538422405719757080e-02
4.604821205139160156e-01 -3.179539367556571960e-02 6.538422405719757080e-02
4.610112309455871582e-01 -3.157941251993179321e-02 6.538422405719757080e-02
4.615399241447448730e-01 -3.136309981346130371e-02 6.538422405719757080e-02
4.620686173439025879e-01 -3.114671260118484497e-02 6.538422405719757080e-02
4.625976979732513428e-01 -3.093049861490726471e-02 6.538422405719757080e-02
4.631275534629821777e-01 -3.071471117436885834e-02 6.538422405719757080e-02
4.636585712432861328e-01 -3.049960546195507050e-02 6.538422405719757080e-02
4.641911387443542480e-01 -3.028543107211589813e-02 6.538422405719757080e-02
4.647256135940551758e-01 -3.007244132459163666e-02 6.538422405719757080e-02
4.652624428272247314e-01 -2.986089140176773071e-02 6.538422405719757080e-02
4.658017456531524658e-01 -2.965090051293373108e-02 6.538422405719757080e-02
4.663434922695159912e-01 -2.944242395460605621e-02 6.538422405719757080e-02
4.668875038623809814e-01 -2.923539839684963226e-02 6.538422405719757080e-02
4.674336910247802734e-01 -2.902976237237453461e-02 6.538422405719757080e-02
4.679819047451019287e-01 -2.882545441389083862e-02 6.538422405719757080e-02
4.685320556163787842e-01 -2.862241119146347046e-02 6.538422405719757080e-02
4.690840244293212891e-01 -2.842057123780250549e-02 6.538422405719757080e-02
4.696376919746398926e-01 -2.821987122297286987e-02 6.538422405719757080e-02
4.701929390430450439e-01 -2.802024781703948975e-02 6.538422405719757080e-02
4.707496166229248047e-01 -2.782163769006729126e-02 6.538422405719757080e-02
4.713076353073120117e-01 -2.762398123741149902e-02 6.538422405719757080e-02
4.718669056892395020e-01 -2.742721326649188995e-02 6.538422405719757080e-02
4.724272489547729492e-01 -2.723127231001853943e-02 6.538422405719757080e-02
4.729885756969451904e-01 -2.703609317541122437e-02 6.538422405719757080e-02
4.735507965087890625e-01 -2.684161439538002014e-02 6.538422405719757080e-02
4.741137325763702393e-01 -2.664777263998985291e-02 6.538422405719757080e-02
4.746773242950439453e-01 -2.645450271666049957e-02 6.538422405719757080e-02
4.752414524555206299e-01 -2.626174502074718475e-02 6.538422405719757080e-02
4.758059680461883545e-01 -2.606943249702453613e-02 6.538422405719757080e-02
4.763707816600799561e-01 -2.587750181555747986e-02 6.538422405719757080e-02
4.769357442855834961e-01 -2.568589150905609131e-02 6.538422405719757080e-02
4.775007963180541992e-01 -2.549453638494014740e-02 6.538422405719757080e-02
4.780657589435577393e-01 -2.530337125062942505e-02 6.538422405719757080e-02
4.786305725574493408e-01 -2.511233277618885040e-02 6.538422405719757080e-02
4.791951179504394531e-01 -2.492135949432849884e-02 6.538422405719757080e-02
4.797592461109161377e-01 -2.473038248717784882e-02 6.538422405719757080e-02
4.803228676319122314e-01 -2.453934028744697571e-02 6.538422405719757080e-02
4.808858633041381836e-01 -2.434816770255565643e-02 6.538422405719757080e-02
4.814481139183044434e-01 -2.415680140256881714e-02 6.538422405719757080e-02
4.820095300674438477e-01 -2.396517246961593628e-02 6.538422405719757080e-02
4.825699627399444580e-01 -2.377323992550373077e-02 6.538421660661697388e-02
4.831295609474182129e-01 -2.358096465468406677e-02 6.538421660661697388e-02
4.836883246898651123e-01 -2.338835783302783966e-02 6.538421660661697388e-02
4.842464029788970947e-01 -2.319541759788990021e-02 6.538421660661697388e-02
4.848037958145141602e-01 -2.300214394927024841e-02 6.538421660661697388e-02
4.853606224060058594e-01 -2.280853874981403351e-02 6.538421660661697388e-02
4.859169721603393555e-01 -2.261459827423095703e-02 6.538421660661697388e-02
4.864729046821594238e-01 -2.242032624781131744e-02 6.538421660661697388e-02
4.870285093784332275e-01 -2.222572267055511475e-02 6.538421660661697388e-02
4.875838756561279297e-01 -2.203078754246234894e-02 6.538421660661697388e-02
4.881390333175659180e-01 -2.183552272617816925e-02 6.538421660661697388e-02
4.886940717697143555e-01 -2.163993008434772491e-02 6.538421660661697388e-02
4.892491102218627930e-01 -2.144401147961616516e-02 6.538421660661697388e-02
4.898041784763336182e-01 -2.124776877462863922e-02 6.538421660661697388e-02
4.903593361377716064e-01 -2.105120569467544556e-02 6.538421660661697388e-02
4.909147024154663086e-01 -2.085432596504688263e-02 6.538421660661697388e-02
4.914703071117401123e-01 -2.065712958574295044e-02 6.538421660661697388e-02
4.920262396335601807e-01 -2.045962400734424591e-02 6.538421660661697388e-02
4.925825297832489014e-01 -2.026181109249591827e-02 6.538421660661697388e-02
4.931392967700958252e-01 -2.006369642913341522e-02 6.538421660661697388e-02
4.936966001987457275e-01 -1.986528374254703522e-02 6.538421660661697388e-02
4.942544698715209961e-01 -1.966658048331737518e-02 6.538421660661697388e-02
4.948129653930664062e-01 -1.946759037673473358e-02 6.538421660661697388e-02
4.953722059726715088e-01 -1.926832087337970734e-02 6.538421660661697388e-02
4.959321916103363037e-01 -1.906877756118774414e-02 6.538421660661697388e-02
4.964930117130279541e-01 -1.886896975338459015e-02 6.538421660661697388e-02
4.970547258853912354e-01 -1.866890303790569305e-02 6.538421660661697388e-02
4.976173639297485352e-01 -1.846858486533164978e-02 6.538421660661697388e-02
4.981810152530670166e-01 -1.826802454888820648e-02 6.538421660661697388e-02
4.987457096576690674e-01 -1.806723140180110931e-02 6.538421660661697388e-02
4.993115067481994629e-01 -1.786620728671550751e-02 6.538422405719757080e-02
4.998783469200134277e-01 -1.766500063240528107e-02 6.538422405719757080e-02
5.004460215568542480e-01 -1.746365986764431000e-02 6.538422405719757080e-02
5.010144114494323730e-01 -1.726224087178707123e-02 6.538422405719757080e-02
5.015832781791687012e-01 -1.706079952418804169e-02 6.538422405719757080e-02
5.021525025367736816e-01 -1.685938797891139984e-02 6.538422405719757080e-02
5.027218461036682129e-01 -1.665806025266647339e-02 6.538422405719757080e-02
5.032911896705627441e-01 -1.645687036216259003e-02 6.538422405719757080e-02
5.038603544235229492e-01 -1.625586673617362976e-02 6.538422405719757080e-02
5.044291615486145020e-01 -1.605509966611862183e-02 6.538422405719757080e-02
5.049974918365478516e-01 -1.585461758077144623e-02 6.538422405719757080e-02
5.055651664733886719e-01 -1.565446890890598297e-02 6.538422405719757080e-02
5.061320066452026367e-01 -1.545469835400581360e-02 6.538422405719757080e-02
5.066978931427001953e-01 -1.525535248219966888e-02 6.538422405719757080e-02
5.072627067565917969e-01 -1.505647320300340652e-02 6.538422405719757080e-02
5.078262686729431152e-01 -1.485810428857803345e-02 6.538422405719757080e-02
5.083884000778198242e-01 -1.466028671711683273e-02 6.538422405719757080e-02
5.089490413665771484e-01 -1.446305867284536362e-02 6.538422405719757080e-02
5.095080733299255371e-01 -1.426645927131175995e-02 6.538422405719757080e-02
5.100653171539306641e-01 -1.407052576541900635e-02 6.538422405719757080e-02
5.106206536293029785e-01 -1.387529261410236359e-02 6.538422405719757080e-02
5.111739635467529297e-01 -1.368079427629709244e-02 6.538422405719757080e-02
5.117251873016357422e-01 -1.348706241697072983e-02 6.538422405719757080e-02
5.122742056846618652e-01 -1.329412776976823807e-02 6.538422405719757080e-02
5.128208398818969727e-01 -1.310202013701200485e-02 6.538422405719757080e-02
5.133650302886962891e-01 -1.291076559573411942e-02 6.538422405719757080e-02
5.139067173004150391e-01 -1.272039208561182022e-02 6.538422405719757080e-02
5.144457817077636719e-01 -1.253092102706432343e-02 6.538422405719757080e-02
5.149821639060974121e-01 -1.234237663447856903e-02 6.538422405719757080e-02
5.155157446861267090e-01 -1.215477939695119858e-02 6.538422405719757080e-02
5.160463452339172363e-01 -1.196814514696598053e-02 6.538423150777816772e-02
5.165742635726928711e-01 -1.178245712071657181e-02 6.538423150777816772e-02
5.170998573303222656e-01 -1.159755047410726547e-02 6.538423150777816772e-02
5.176236033439636230e-01 -1.141323521733283997e-02 6.538423150777816772e-02
5.181460976600646973e-01 -1.122932415455579758e-02 6.538423150777816772e-02
5.186678767204284668e-01 -1.104563381522893906e-02 6.538423150777816772e-02
5.191894173622131348e-01 -1.086198631674051285e-02 6.538423150777816772e-02
5.197111964225769043e-01 -1.067820470780134201e-02 6.538423150777816772e-02
5.202338099479675293e-01 -1.049411948770284653e-02 6.538423150777816772e-02
5.207576155662536621e-01 -1.030956115573644638e-02 6.538423150777816772e-02
5.212831497192382812e-01 -1.012436859309673309e-02 6.538423150777816772e-02
5.218108892440795898e-01 -9.938383474946022034e-03 6.538423150777816772e-02
5.223411917686462402e-01 -9.751450270414352417e-03 6.538423150777816772e-02
5.228745937347412109e-01 -9.563420899212360382e-03 6.538423150777816772e-02
5.234113931655883789e-01 -9.374151006340980530e-03 6.538423150777816772e-02
5.239520668983459473e-01 -9.183499962091445923e-03 6.538423150777816772e-02
5.244970321655273438e-01 -8.991332724690437317e-03 6.538423150777816772e-02
5.250465869903564453e-01 -8.797521702945232391e-03 6.538423150777816772e-02
5.256011486053466797e-01 -8.601940236985683441e-03 6.538423150777816772e-02
5.261610150337219238e-01 -8.404470048844814301e-03 6.538423150777816772e-02
5.267265439033508301e-01 -8.204997517168521881e-03 6.538423150777816772e-02
5.272980332374572754e-01 -8.003414608538150787e-03 6.538423150777816772e-02
5.278757810592651367e-01 -7.799617946147918701e-03 6.538423150777816772e-02
5.284600853919982910e-01 -7.593512535095214844e-03 6.538423150777816772e-02
5.290511846542358398e-01 -7.385006174445152283e-03 6.538423150777816772e-02
5.296493172645568848e-01 -7.174014579504728317e-03 6.538423150777816772e-02
5.302547812461853027e-01 -6.960459519177675247e-03 6.538423150777816772e-02
5.308676958084106445e-01 -6.744268350303173065e-03 6.538423150777816772e-02
5.314882993698120117e-01 -6.525375414639711380e-03 6.538423150777816772e-02
5.321167707443237305e-01 -6.303720641881227493e-03 6.538423150777816772e-02
5.327532291412353516e-01 -6.079251877963542938e-03 6.538423150777816772e-02
5.333978533744812012e-01 -5.851951427757740021e-03 6.538423150777816772e-02
5.340492725372314453e-01 -5.622233729809522629e-03 6.538423150777816772e-02
5.347055196762084961e-01 -5.390835925936698914e-03 6.538423150777816772e-02
5.353645086288452148e-01 -5.158482119441032410e-03 6.538423150777816772e-02
5.360242724418640137e-01 -4.925871733576059341e-03 6.538423150777816772e-02
5.366828441619873047e-01 -4.693683236837387085e-03 6.538423150777816772e-02
5.373384356498718262e-01 -4.462568555027246475e-03 6.538423150777816772e-02
5.379891395568847656e-01 -4.233156796544790268e-03 6.538423150777816772e-02
5.386334061622619629e-01 -4.006050992757081985e-03 6.538423150777816772e-02
5.392694473266601562e-01 -3.781828563660383224e-03 6.538423150777816772e-02
5.398958325386047363e-01 -3.561040619388222694e-03 6.538423150777816772e-02
5.405109524726867676e-01 -3.344211494550108910e-03 6.538423150777816772e-02
5.411134362220764160e-01 -3.131837816908955574e-03 6.538423150777816772e-02
5.417019724845886230e-01 -2.924388274550437927e-03 6.538423150777816772e-02
5.422753691673278809e-01 -2.722302451729774475e-03 6.538423150777816772e-02
5.428323149681091309e-01 -2.525991527363657951e-03 6.538423150777816772e-02
5.433718562126159668e-01 -2.335835946723818779e-03 6.538423150777816772e-02
5.438929200172424316e-01 -2.152186119928956032e-03 6.538423150777816772e-02
5.443946123123168945e-01 -1.975361490622162819e-03 6.538423150777816772e-02
5.448761582374572754e-01 -1.805650186724960804e-03 6.538423150777816772e-02
5.453367829322814941e-01 -1.643307739868760109e-03 6.538423150777816772e-02
5.457758903503417969e-01 -1.488556852564215660e-03 6.538423150777816772e-02
5.461929440498352051e-01 -1.341587514616549015e-03 6.538423150777816772e-02
5.465874671936035156e-01 -1.202555140480399132e-03 6.538423150777816772e-02
5.469591021537780762e-01 -1.071581267751753330e-03 6.538423150777816772e-02
5.473076701164245605e-01 -9.487519273534417152e-04 6.538423150777816772e-02
5.476329326629638672e-01 -8.341176435351371765e-04 6.538423150777816772e-02
5.479349493980407715e-01 -7.276929100044071674e-04 6.538423150777816772e-02
5.482137203216552734e-01 -6.294550839811563492e-04 6.538423150777816772e-02
5.484694242477416992e-01 -5.393444444052875042e-04 6.538423150777816772e-02
5.487023591995239258e-01 -4.572631441988050938e-04 6.538423150777816772e-02
5.489128828048706055e-01 -3.830748028121888638e-04 6.538423150777816772e-02
5.491015315055847168e-01 -3.166039532516151667e-04 6.538423150777816772e-02
5.492688417434692383e-01 -2.576354600023478270e-04 6.538423150777816772e-02
5.494156479835510254e-01 -2.059138350887224078e-04 6.538423150777816772e-02
5.495427250862121582e-01 -1.611427433090284467e-04 6.538423150777816772e-02
5.496510267257690430e-01 -1.229844201589003205e-04 6.538423150777816772e-02
5.497416257858276367e-01 -9.105909703066572547e-05 6.538423150777816772e-02
5.498157143592834473e-01 -6.494435365311801434e-05 6.538423150777816772e-02
5.498746633529663086e-01 -4.417460513650439680e-05 6.538423150777816772e-02
5.499199032783508301e-01 -2.824051443894859403e-05 6.538423150777816772e-02
5.499529242515563965e-01 -1.658836845308542252e-05 6.538423150777816772e-02
5.499755740165710449e-01 -8.619535947218537331e-06 6.538423150777816772e-02
5.499895811080932617e-01 -3.689901859615929425e-06 6.538423150777816772e-02
5.499968528747558594e-01 -1.109227014239877462e-06 6.538423150777816772e-02
5.499996542930603027e-01 -1.406388037139549851e-07 6.538423150777816772e-02
