3.855951428413391113e-01 -4.129043519496917725e-01 6.538423150777816772e-02
3.855966627597808838e-01 -4.129041433334350586e-01 6.538423150777816772e-02
3.856070339679718018e-01 -4.129026830196380615e-01 6.538423150777816772e-02
3.856343626976013184e-01 -4.128988385200500488e-01 6.538423150777816772e-02
3.856859803199768066e-01 -4.128915667533874512e-01 6.538423150777816772e-02
3.857684731483459473e-01 -4.128799736499786377e-01 6.538423150777816772e-02
3.858876228332519531e-01 -4.128632247447967529e-01 6.538423150777816772e-02
3.860485255718231201e-01 -4.128405749797821045e-01 6.538423150777816772e-02
3.862555027008056641e-01 -4.128114581108093262e-01 6.538423150777816772e-02
3.865121901035308838e-01 -4.127753376960754395e-01 6.538423150777816772e-02
3.868215084075927734e-01 -4.127317965030670166e-01 6.538423150777816772e-02
3.871857225894927979e-01 -4.126805365085601807e-01 6.538423150777816772e-02
3.876063227653503418e-01 -4.126212894916534424e-01 6.538423150777816772e-02
3.880842924118041992e-01 -4.125539660453796387e-01 6.538423150777816772e-02
3.886198401451110840e-01 -4.124785363674163818e-01 6.538423150777816772e-02
3.892126083374023438e-01 -4.123950004577636719e-01 6.538423150777816772e-02
3.898616135120391846e-01 -4.123035371303558350e-01 6.538423150777816772e-02
3.905652463436126709e-01 -4.122043251991271973e-01 6.538423150777816772e-02
3.913213014602661133e-01 -4.120976924896240234e-01 6.538423150777816772e-02
3.921270072460174561e-01 -4.119839966297149658e-01 6.538423150777816772e-02
3.929790854454040527e-01 -4.118637442588806152e-01 6.538423150777816772e-02
3.938735723495483398e-01 -4.117374420166015625e-01 6.538423150777816772e-02
3.948061168193817139e-01 -4.116057157516479492e-01 6.538423150777816772e-02
3.957717418670654297e-01 -4.114692211151123047e-01 6.538423150777816772e-02
3.967649638652801514e-01 -4.113287627696990967e-01 6.538423150777816772e-02
3.977798819541931152e-01 -4.111851453781127930e-01 6.538423150777816772e-02
3.988100588321685791e-01 -4.110392630100250244e-01 6.538423150777816772e-02
3.998485505580902100e-01 -4.108920991420745850e-01 6.538423150777816772e-02
4.008880257606506348e-01 -4.107446670532226562e-01 6.538423150777816772e-02
4.019206762313842773e-01 -4.105980396270751953e-01 6.538423150777816772e-02
4.029383063316345215e-01 -4.104533493518829346e-01 6.538423150777816772e-02
4.039323329925537109e-01 -4.103118479251861572e-01 6.538423150777816772e-02
4.048974215984344482e-01 -4.101742208003997803e-01 6.538423150777816772e-02
4.058322608470916748e-01 -4.100407361984252930e-01 6.538423150777816772e-02
4.067359566688537598e-01 -4.099115431308746338e-01 6.538423150777816772e-02
4.076078236103057861e-01 -4.097867012023925781e-01 6.538423150777816772e-02
4.084474742412567139e-01 -4.096663296222686768e-01 6.538423150777816772e-02
4.092545509338378906e-01 -4.095505177974700928e-01 6.538423150777816772e-02
4.100290536880493164e-01 -4.094392955303192139e-01 6.538423150777816772e-02
4.107711017131805420e-01 -4.093326032161712646e-01 6.538423150777816772e-02
4.114809930324554443e-01 -4.092305004596710205e-01 6.538423150777816772e-02
4.121592342853546143e-01 -4.091329276561737061e-01 6.538423150777816772e-02
4.128065109252929688e-01 -4.090397655963897705e-01 6.538423150777816772e-02
4.134236872196197510e-01 -4.089509844779968262e-01 6.538423150777816772e-02
4.140118360519409180e-01 -4.088664054870605469e-01 6.538423150777816772e-02
4.145721197128295898e-01 -4.087859094142913818e-01 6.538423150777816772e-02
4.151059687137603760e-01 -4.087093472480773926e-01 6.538423150777816772e-02
4.156148731708526611e-01 -4.086364805698394775e-01 6.538423150777816772e-02
4.161005616188049316e-01 -4.085671305656433105e-01 6.538423150777816772e-02
4.165649116039276123e-01 -4.085010588169097900e-01 6.538423150777816772e-02
4.170099198818206787e-01 -4.084379971027374268e-01 6.538423150777816772e-02
4.174377620220184326e-01 -4.083777070045471191e-01 6.538423150777816772e-02
4.178507328033447266e-01 -4.083198308944702148e-01 6.538423150777816772e-02
4.182513058185577393e-01 -4.082640707492828369e-01 6.538423150777816772e-02
4.186420738697052002e-01 -4.082100987434387207e-01 6.538423150777816772e-02
4.190257191658020020e-01 -4.081575572490692139e-01 6.538423150777816772e-02
4.194051325321197510e-01 -4.081060588359832764e-01 6.538423150777816772e-02
4.197833240032196045e-01 -4.080552160739898682e-01 6.538423150777816772e-02
4.201633632183074951e-01 -4.080046415328979492e-01 6.538423150777816772e-02
4.205484986305236816e-01 -4.079538583755493164e-01 6.538423150777816772e-02
4.209420680999755859e-01 -4.079024791717529297e-01 6.538423150777816772e-02
4.213475286960601807e-01 -4.078500270843505859e-01 6.538423150777816772e-02
4.217680096626281738e-01 -4.077960252761840820e-01 6.538423150777816772e-02
4.222042858600616455e-01 -4.077403843402862549e-01 6.538423150777816772e-02
4.226562380790710449e-01 -4.076829552650451660e-01 6.538423150777816772e-02
4.231236279010772705e-01 -4.076237082481384277e-01 6.538423150777816772e-02
4.236062169075012207e-01 -4.075625836849212646e-01 6.538423150777816772e-02
4.241037070751190186e-01 -4.074994921684265137e-01 6.538423150777816772e-02
4.246157407760620117e-01 -4.074344336986541748e-01 6.538423150777816772e-02
4.251419305801391602e-01 -4.073673784732818604e-01 6.538423150777816772e-02
4.256817996501922607e-01 -4.072982370853424072e-01 6.538423150777816772e-02
4.262348413467407227e-01 -4.072270095348358154e-01 6.538423150777816772e-02
4.268004894256591797e-01 -4.071536958217620850e-01 6.538423150777816772e-02
4.273781180381774902e-01 -4.070782959461212158e-01 6.538423150777816772e-02
4.279671013355255127e-01 -4.070007801055908203e-01 6.538423150777816772e-02
4.285667240619659424e-01 -4.069211483001708984e-01 6.538423150777816772e-02
4.291762411594390869e-01 -4.068394303321838379e-01 6.538423150777816772e-02
4.297948777675628662e-01 -4.067556560039520264e-01 6.538423150777816772e-02
4.304217398166656494e-01 -4.066697955131530762e-01 6.538423150777816772e-02
4.310560226440429688e-01 -4.065819084644317627e-01 6.538423150777816772e-02
4.316967427730560303e-01 -4.064920246601104736e-01 6.538423150777816772e-02
4.323430061340332031e-01 -4.064002037048339844e-01 6.538423150777816772e-02
4.329937398433685303e-01 -4.063064455986022949e-01 6.538423150777816772e-02
4.336479306221008301e-01 -4.062108397483825684e-01 6.538423150777816772e-02
4.343045353889465332e-01 -4.061134457588195801e-01 6.538423150777816772e-02
4.349623918533325195e-01 -4.060142934322357178e-01 6.538423150777816772e-02
4.356203675270080566e-01 -4.059134721755981445e-01 6.538423150777816772e-02
4.362773001194000244e-01 -4.058110117912292480e-01 6.538423150777816772e-02
4.369319379329681396e-01 -4.057070612907409668e-01 6.538423150777816772e-02
4.375830590724945068e-01 -4.056016206741333008e-01 6.538423150777816772e-02
4.382293522357940674e-01 -4.054948389530181885e-01 6.538423150777816772e-02
4.388695359230041504e-01 -4.053867757320404053e-01 6.538423150777816772e-02
4.395022392272949219e-01 -4.052775204181671143e-01 6.538423150777816772e-02
4.401268064975738525e-01 -4.051672518253326416e-01 6.538423150777816772e-02
4.407435655593872070e-01 -4.050562679767608643e-01 6.538423150777816772e-02
4.413529634475708008e-01 -4.049448370933532715e-01 6.538423150777816772e-02
4.419555068016052246e-01 -4.048332571983337402e-01 6.538423150777816772e-02
4.425516128540039062e-01 -4.047217965126037598e-01 6.538423150777816772e-02
4.431418180465698242e-01 -4.046108126640319824e-01 6.538423150777816772e-02
4.437266290187835693e-01 -4.045005142688751221e-01 6.538423150777816772e-02
4.443065524101257324e-01 -4.043911993503570557e-01 6.538423150777816772e-02
4.448821544647216797e-01 -4.042831659317016602e-01 6.538423150777816772e-02
4.454539716243743896e-01 -4.041767120361328125e-01 6.538423150777816772e-02
4.460225403308868408e-01 -4.040720462799072266e-01 6.538423150777816772e-02
4.465884864330291748e-01 -4.039695262908935547e-01 6.538423150777816772e-02
4.471523463726043701e-01 -4.038693606853485107e-01 6.538423150777816772e-02
4.477147459983825684e-01 -4.037718474864959717e-01 6.538423150777816772e-02
4.482763409614562988e-01 -4.036772549152374268e-01 6.538423150777816772e-02
4.488376677036285400e-01 -4.035858213901519775e-01 6.538423150777816772e-02
4.493994414806365967e-01 -4.034978747367858887e-01 6.538423150777816772e-02
4.499622881412506104e-01 -4.034136533737182617e-01 6.538423150777816772e-02
4.505268633365631104e-01 -4.033333957195281982e-01 6.538423150777816772e-02
4.510938227176666260e-01 -4.032573699951171875e-01 6.538423150777816772e-02
4.511102437973022461e-01 -4.032577872276306152e-01 6.538423150777816772e-02
4.512158632278442383e-01 -4.032604098320007324e-01 6.538423150777816772e-02
4.514750242233276367e-01 -4.032666087150573730e-01 6.538423150777816772e-02
4.519262909889221191e-01 -4.032768607139587402e-01 6.538423150777816772e-02
4.525840282440185547e-01 -4.032908380031585693e-01 6.538423150777816772e-02
4.534397721290588379e-01 -4.033075273036956787e-01 6.538423150777816772e-02
4.544638991355895996e-01 -4.033250808715820312e-01 6.538423150777816772e-02
4.556070268154144287e-01 -4.033410251140594482e-01 6.538423150777816772e-02
4.568015635013580322e-01 -4.033523201942443848e-01 6.538423150777816772e-02
4.579632878303527832e-01 -4.033553600311279297e-01 6.538423150777816772e-02
4.580279588699340820e-01 -4.033628106117248535e-01 6.538423150777816772e-02
4.584289491176605225e-01 -4.034091532230377197e-01 6.538423150777816772e-02
4.593658447265625000e-01 -4.035181105136871338e-01 6.538423150777816772e-02
4.608998596668243408e-01 -4.036981463432312012e-01 6.538423150777816772e-02
4.629657566547393799e-01 -4.039435684680938721e-01 6.538423150777816772e-02
4.653838276863098145e-01 -4.042360484600067139e-01 6.538423150777816772e-02
4.678716063499450684e-01 -4.045458734035491943e-01 6.538423150777816772e-02
4.701186716556549072e-01 -4.048386812210083008e-01 6.538423150777816772e-02
4.720299243927001953e-01 -4.050975143909454346e-01 6.538423150777816772e-02
4.736060500144958496e-01 -4.053144752979278564e-01 6.538423150777816772e-02
4.748848080635070801e-01 -4.054856896400451660e-01 6.538423150777816772e-02
4.759378433227539062e-01 -4.056110978126525879e-01 6.538423150777816772e-02
4.768675267696380615e-01 -4.056940972805023193e-01 6.538423150777816772e-02
4.778037667274475098e-01 -4.057410061359405518e-01 6.538423150777816772e-02
4.788735508918762207e-01 -4.057614207267761230e-01 6.538423150777816772e-02
4.801008105278015137e-01 -4.057679772377014160e-01 6.538423150777816772e-02
4.814714491367340088e-01 -4.057729542255401611e-01 6.538423150777816772e-02
4.829614758491516113e-01 -4.057875275611877441e-01 6.538423150777816772e-02
4.845378100872039795e-01 -4.058219194412231445e-01 6.538423150777816772e-02
4.861592054367065430e-01 -4.058853983879089355e-01 6.538423150777816772e-02
4.877770245075225830e-01 -4.059863686561584473e-01 6.538423150777816772e-02
4.893454909324645996e-01 -4.061267375946044922e-01 6.538423150777816772e-02
4.908559322357177734e-01 -4.062828123569488525e-01 6.538423150777816772e-02
4.923125505447387695e-01 -4.064242541790008545e-01 6.538423150777816772e-02
4.937221407890319824e-01 -4.065210819244384766e-01 6.538423150777816772e-02
4.950937330722808838e-01 -4.065435230731964111e-01 6.538423150777816772e-02
4.964385330677032471e-01 -4.064620137214660645e-01 6.538423150777816772e-02
4.977695345878601074e-01 -4.062472879886627197e-01 6.538423150777816772e-02
4.990990757942199707e-01 -4.058815240859985352e-01 6.538423150777816772e-02
5.004304051399230957e-01 -4.053974449634552002e-01 6.538423150777816772e-02
5.017637610435485840e-01 -4.048415720462799072e-01 6.538423150777816772e-02
5.030991435050964355e-01 -4.042604565620422363e-01 6.538423150777816772e-02
5.044360160827636719e-01 -4.037003219127655029e-01 6.538423150777816772e-02
5.057733654975891113e-01 -4.031834304332733154e-01 6.538423150777816772e-02
5.071094036102294922e-01 -4.026909172534942627e-01 6.538423150777816772e-02
5.084423422813415527e-01 -4.021998941898345947e-01 6.538423150777816772e-02
5.097705125808715820e-01 -4.016873836517333984e-01 6.538423150777816772e-02
5.110925436019897461e-01 -4.011332392692565918e-01 6.538423150777816772e-02
5.124122500419616699e-01 -4.005547761917114258e-01 6.538423150777816772e-02
5.137369036674499512e-01 -3.999965786933898926e-01 6.538423150777816772e-02
5.150738954544067383e-01 -3.995038270950317383e-01 6.538423150777816772e-02
5.164305567741394043e-01 -3.991216719150543213e-01 6.538423150777816772e-02
5.178124904632568359e-01 -3.988851010799407959e-01 6.538423150777816772e-02
5.192171335220336914e-01 -3.987815678119659424e-01 6.538423150777816772e-02
5.206397175788879395e-01 -3.987847566604614258e-01 6.538423150777816772e-02
5.220752954483032227e-01 -3.988682925701141357e-01 6.538423150777816772e-02
5.235190391540527344e-01 -3.990058302879333496e-01 6.538423150777816772e-02
5.249661207199096680e-01 -3.991710841655731201e-01 6.538423150777816772e-02
5.264117717742919922e-01 -3.993376195430755615e-01 6.538423150777816772e-02
5.278519392013549805e-01 -3.994823098182678223e-01 6.538423150777816772e-02
5.292862057685852051e-01 -3.995970785617828369e-01 6.538423150777816772e-02
5.307155251502990723e-01 -3.996782600879669189e-01 6.538423150777816772e-02
5.321406126022338867e-01 -3.997223079204559326e-01 6.538423150777816772e-02
5.335623025894165039e-01 -3.997256159782409668e-01 6.538423150777816772e-02
5.349813103675842285e-01 -3.996845483779907227e-01 6.538423150777816772e-02
5.363985300064086914e-01 -3.995955288410186768e-01 6.538423150777816772e-02
5.378145575523376465e-01 -3.994575440883636475e-01 6.538423150777816772e-02
5.392298698425292969e-01 -3.992821574211120605e-01 6.538423150777816772e-02
5.406447649002075195e-01 -3.990848362445831299e-01 6.538423150777816772e-02
5.420594215393066406e-01 -3.988810777664184570e-01 6.538423150777816772e-02
5.434742569923400879e-01 -3.986861705780029297e-01 6.538423150777816772e-02
5.448893904685974121e-01 -3.985071480274200439e-01 6.538423150777816772e-02
5.463046431541442871e-01 -3.983349502086639404e-01 6.538423150777816772e-02
5.477198958396911621e-01 -3.981588780879974365e-01 6.538423150777816772e-02
5.491349697113037109e-01 -3.979681134223937988e-01 6.538423150777816772e-02
5.505498051643371582e-01 -3.977532982826232910e-01 6.538423150777816772e-02
5.519644618034362793e-01 -3.975252807140350342e-01 6.538423150777816772e-02
5.533792972564697266e-01 -3.973111808300018311e-01 6.538423150777816772e-02
5.547944903373718262e-01 -3.971385657787322998e-01 6.538423150777816772e-02
5.562105178833007812e-01 -3.970350027084350586e-01 6.538423150777816772e-02
5.576274991035461426e-01 -3.970220386981964111e-01 6.538423150777816772e-02
5.590455532073974609e-01 -3.970902264118194580e-01 6.538423150777816772e-02
5.604647397994995117e-01 -3.972201347351074219e-01 6.538423150777816772e-02
5.618849396705627441e-01 -3.973923921585083008e-01 6.538423150777816772e-02
5.633062720298767090e-01 -3.975876271724700928e-01 6.538423150777816772e-02
5.647287368774414062e-01 -3.977863788604736328e-01 6.538423150777816772e-02
5.661522150039672852e-01 -3.979693055152893066e-01 6.538423150777816772e-02
5.675767064094543457e-01 -3.981209099292755127e-01 6.538423150777816772e-02
5.690014362335205078e-01 -3.982466459274291992e-01 6.538423150777816772e-02
5.704254508018493652e-01 -3.983588218688964844e-01 6.538423150777816772e-02
5.718479156494140625e-01 -3.984697759151458740e-01 6.538423150777816772e-02
5.732677578926086426e-01 -3.985918164253234863e-01 6.538423150777816772e-02
5.746841430664062500e-01 -3.987372517585754395e-01 6.538423150777816772e-02
5.760961174964904785e-01 -3.989183902740478516e-01 6.538423150777816772e-02
5.775029659271240234e-01 -3.991443216800689697e-01 6.538423150777816772e-02
5.789057016372680664e-01 -3.994059860706329346e-01 6.538423150777816772e-02
5.803056955337524414e-01 -3.996884822845458984e-01 6.538423150777816772e-02
5.817043185234069824e-01 -3.999768197536468506e-01 6.538423150777816772e-02
5.831030607223510742e-01 -4.002559483051300049e-01 6.538423150777816772e-02
5.845028758049011230e-01 -4.005190730094909668e-01 6.538423150777816772e-02
5.859037041664123535e-01 -4.007757604122161865e-01 6.538423150777816772e-02
5.873055458068847656e-01 -4.010376632213592529e-01 6.538423150777816772e-02
5.887081623077392578e-01 -4.013164937496185303e-01 6.538423150777816772e-02
5.901114940643310547e-01 -4.016226828098297119e-01 6.538423150777816772e-02
5.915149450302124023e-01 -4.019443988800048828e-01 6.538423150777816772e-02
5.929175615310668945e-01 -4.022506475448608398e-01 6.538423150777816772e-02
5.943183302879333496e-01 -4.025096595287322998e-01 6.538423150777816772e-02
5.957163572311401367e-01 -4.026897549629211426e-01 6.538423150777816772e-02
5.971112847328186035e-01 -4.027664661407470703e-01 6.538423150777816772e-02
5.985071659088134766e-01 -4.027566313743591309e-01 6.538423150777816772e-02
5.999093651771545410e-01 -4.026917517185211182e-01 6.538423150777816772e-02
6.013233065605163574e-01 -4.026033282279968262e-01 6.538423150777816772e-02
6.027544736862182617e-01 -4.025228619575500488e-01 6.538423150777816772e-02
6.042081117630004883e-01 -4.024818539619445801e-01 6.538423150777816772e-02
6.056898236274719238e-01 -4.025118350982666016e-01 6.538423150777816772e-02
6.072016954421997070e-01 -4.026342034339904785e-01 6.538423150777816772e-02
6.087268590927124023e-01 -4.028108716011047363e-01 6.538423150777816772e-02
6.102415919303894043e-01 -4.029822647571563721e-01 6.538423150777816772e-02
6.117220520973205566e-01 -4.030887186527252197e-01 6.538423150777816772e-02
6.131445765495300293e-01 -4.030706286430358887e-01 6.538423150777816772e-02
6.144853234291076660e-01 -4.028683304786682129e-01 6.538423150777816772e-02
6.157205104827880859e-01 -4.024221897125244141e-01 6.538423150777816772e-02
6.168323159217834473e-01 -4.016879498958587646e-01 6.538423895835876465e-02
6.178386211395263672e-01 -4.007141292095184326e-01 6.538423895835876465e-02
6.187704205513000488e-01 -3.995836079120635986e-01 6.538423895835876465e-02
6.196590065956115723e-01 -3.983794450759887695e-01 6.538423895835876465e-02
6.205354332923889160e-01 -3.971845209598541260e-01 6.538423150777816772e-02
6.214261054992675781e-01 -3.960544466972351074e-01 6.538423150777816772e-02
6.223469972610473633e-01 -3.949828147888183594e-01 6.538423150777816772e-02
6.233126521110534668e-01 -3.939545452594757080e-01 6.538423150777816772e-02
6.243375539779663086e-01 -3.929546177387237549e-01 6.538423150777816772e-02
6.254336833953857422e-01 -3.919678330421447754e-01 6.538423895835876465e-02
6.265621185302734375e-01 -3.909750878810882568e-01 6.538423895835876465e-02
6.276357769966125488e-01 -3.899536728858947754e-01 6.538423895835876465e-02
6.285655498504638672e-01 -3.888806998729705811e-01 6.538423895835876465e-02
6.292624473571777344e-01 -3.877333104610443115e-01 6.538423895835876465e-02
6.296521425247192383e-01 -3.864927887916564941e-01 6.538423150777816772e-02
6.297549605369567871e-01 -3.851669132709503174e-01 6.538423150777816772e-02
6.296278834342956543e-01 -3.837738633155822754e-01 6.538423150777816772e-02
6.293280720710754395e-01 -3.823316991329193115e-01 6.538423150777816772e-02
6.289126276969909668e-01 -3.808586597442626953e-01 6.538423150777816772e-02
6.284386515617370605e-01 -3.793728649616241455e-01 6.538423150777816772e-02
6.279633641242980957e-01 -3.778924345970153809e-01 6.538423150777816772e-02
6.275382637977600098e-01 -3.764333128929138184e-01 6.538423150777816772e-02
6.271793246269226074e-01 -3.749968409538269043e-01 6.538423150777816772e-02
6.268882155418395996e-01 -3.735785484313964844e-01 6.538423150777816772e-02
6.266664862632751465e-01 -3.721739649772644043e-01 6.538423150777816772e-02
6.265156865119934082e-01 -3.707786202430725098e-01 6.538423150777816772e-02
6.264373660087585449e-01 -3.693879842758178711e-01 6.538423150777816772e-02
6.264331936836242676e-01 -3.679975867271423340e-01 6.538423150777816772e-02
6.265038847923278809e-01 -3.666034340858459473e-01 6.538423150777816772e-02
6.266443133354187012e-01 -3.652049005031585693e-01 6.538423150777816772e-02
6.268471479415893555e-01 -3.638025820255279541e-01 6.538423150777816772e-02
6.271048784255981445e-01 -3.623971939086914062e-01 6.538423150777816772e-02
6.274101734161376953e-01 -3.609893918037414551e-01 6.538423150777816772e-02
6.277556419372558594e-01 -3.595798909664154053e-01 6.538423150777816772e-02
6.281337738037109375e-01 -3.581693470478057861e-01 6.538423150777816772e-02
6.285352706909179688e-01 -3.567584455013275146e-01 6.538423895835876465e-02
6.289377808570861816e-01 -3.553480207920074463e-01 6.538423895835876465e-02
6.293133497238159180e-01 -3.539389669895172119e-01 6.538423895835876465e-02
6.296339631080627441e-01 -3.525321781635284424e-01 6.538423895835876465e-02
6.298716664314270020e-01 -3.511285483837127686e-01 6.538423895835876465e-02
6.299985647201538086e-01 -3.497289717197418213e-01 6.538423895835876465e-02
6.299866437911987305e-01 -3.483343422412872314e-01 6.538423895835876465e-02
6.298150420188903809e-01 -3.469454944133758545e-01 6.538420170545578003e-02
6.295101046562194824e-01 -3.455610275268554688e-01 6.538420170545578003e-02
6.291195750236511230e-01 -3.441793918609619141e-01 6.538420170545578003e-02
6.286910176277160645e-01 -3.427988290786743164e-01 6.538420170545578003e-02
6.282719969749450684e-01 -3.414173126220703125e-01 6.538421660661697388e-02
6.278939843177795410e-01 -3.400343954563140869e-01 6.538421660661697388e-02
6.275468468666076660e-01 -3.386504650115966797e-01 6.538421660661697388e-02
6.272135376930236816e-01 -3.372665643692016602e-01 6.538421660661697388e-02
6.268768906593322754e-01 -3.358837366104125977e-01 6.538421660661697388e-02
6.265205144882202148e-01 -3.345027565956115723e-01 6.538418680429458618e-02
6.261455416679382324e-01 -3.331233859062194824e-01 6.538417935371398926e-02
6.257715821266174316e-01 -3.317431807518005371e-01 6.538417935371398926e-02
6.254191994667053223e-01 -3.303598165512084961e-01 6.538417935371398926e-02
6.251090764999389648e-01 -3.289709389209747314e-01 6.538417935371398926e-02
6.248584389686584473e-01 -3.275747597217559814e-01 6.538422405719757080e-02
6.246609687805175781e-01 -3.261707127094268799e-01 6.538422405719757080e-02
6.244991421699523926e-01 -3.247599899768829346e-01 6.538422405719757080e-02
6.243553161621093750e-01 -3.233434855937957764e-01 6.538422405719757080e-02
6.242121458053588867e-01 -3.219220638275146484e-01 6.538422405719757080e-02
6.240520477294921875e-01 -3.204966485500335693e-01 6.538422405719757080e-02
6.238575577735900879e-01 -3.190681636333465576e-01 6.538422405719757080e-02
6.236149668693542480e-01 -3.176375925540924072e-01 6.538423895835876465e-02
6.233407258987426758e-01 -3.162071108818054199e-01 6.538423895835876465e-02
6.230647563934326172e-01 -3.147793114185333252e-01 6.538423895835876465e-02
6.228170990943908691e-01 -3.133567869663238525e-01 6.538423895835876465e-02
6.226279139518737793e-01 -3.119421899318695068e-01 6.538423895835876465e-02
6.225272417068481445e-01 -3.105381131172180176e-01 6.538423895835876465e-02
6.225451827049255371e-01 -3.091471493244171143e-01 6.538423895835876465e-02
6.227076053619384766e-01 -3.077715635299682617e-01 6.538423150777816772e-02
6.230078935623168945e-01 -3.064103722572326660e-01 6.538423150777816772e-02
6.234237551689147949e-01 -3.050611019134521484e-01 6.538423150777816772e-02
6.239328980445861816e-01 -3.037213385105133057e-01 6.538423150777816772e-02
6.245130300521850586e-01 -3.023886382579803467e-01 6.538423150777816772e-02
6.251418590545654297e-01 -3.010604679584503174e-01 6.538423150777816772e-02
6.257970929145812988e-01 -2.997344434261322021e-01 6.538423150777816772e-02
6.264564990997314453e-01 -2.984081208705902100e-01 6.538423895835876465e-02
6.270983219146728516e-01 -2.970795929431915283e-01 6.538423895835876465e-02
6.277011632919311523e-01 -2.957472205162048340e-01 6.538423895835876465e-02
6.282435059547424316e-01 -2.944092154502868652e-01 6.538423895835876465e-02
6.287038326263427734e-01 -2.930639684200286865e-01 6.538423895835876465e-02
6.290607452392578125e-01 -2.917097508907318115e-01 6.538423895835876465e-02
6.292927265167236328e-01 -2.903448641300201416e-01 6.538423895835876465e-02
6.293823122978210449e-01 -2.889676690101623535e-01 6.538423150777816772e-02
6.293461322784423828e-01 -2.875775694847106934e-01 6.538423150777816772e-02
6.292173862457275391e-01 -2.861742079257965088e-01 6.538423150777816772e-02
6.290295124053955078e-01 -2.847572267055511475e-01 6.538423150777816772e-02
6.288157701492309570e-01 -2.833263278007507324e-01 6.538423150777816772e-02
6.286095976829528809e-01 -2.818812429904937744e-01 6.538423150777816772e-02
6.284444332122802734e-01 -2.804216444492340088e-01 6.538423150777816772e-02
6.283487081527709961e-01 -2.789482474327087402e-01 6.538423150777816772e-02
6.283069849014282227e-01 -2.774692773818969727e-01 6.538423150777816772e-02
6.282823085784912109e-01 -2.759972810745239258e-01 6.538423150777816772e-02
6.282374858856201172e-01 -2.745446860790252686e-01 6.538423150777816772e-02
6.281353235244750977e-01 -2.731239199638366699e-01 6.538423150777816772e-02
6.279385685920715332e-01 -2.717474699020385742e-01 6.538423150777816772e-02
6.276099681854248047e-01 -2.704277634620666504e-01 6.538423150777816772e-02
6.271174550056457520e-01 -2.691746652126312256e-01 6.538422405719757080e-02
6.264762878417968750e-01 -2.679759860038757324e-01 6.538422405719757080e-02
6.257254481315612793e-01 -2.668078541755676270e-01 6.538422405719757080e-02
6.249044537544250488e-01 -2.656463682651519775e-01 6.538422405719757080e-02
6.240526437759399414e-01 -2.644676268100738525e-01 6.538422405719757080e-02
6.232094764709472656e-01 -2.632476985454559326e-01 6.538422405719757080e-02
6.224142909049987793e-01 -2.619626820087432861e-01 6.538422405719757080e-02
6.217014193534851074e-01 -2.605942189693450928e-01 6.538424640893936157e-02
6.210528016090393066e-01 -2.591733038425445557e-01 6.538424640893936157e-02
6.204249858856201172e-01 -2.577573657035827637e-01 6.538424640893936157e-02
6.197736859321594238e-01 -2.564040124416351318e-01 6.538424640893936157e-02
6.190546751022338867e-01 -2.551708519458770752e-01 6.538424640893936157e-02
6.182236671447753906e-01 -2.541155517101287842e-01 6.538424640893936157e-02
6.172364354133605957e-01 -2.532956898212432861e-01 6.538424640893936157e-02
6.160567998886108398e-01 -2.527594566345214844e-01 6.538415700197219849e-02
6.147080063819885254e-01 -2.524665892124176025e-01 6.538415700197219849e-02
6.132512092590332031e-01 -2.523291110992431641e-01 6.538415700197219849e-02
6.117467284202575684e-01 -2.522584795951843262e-01 6.538414955139160156e-02
6.102531552314758301e-01 -2.521659433841705322e-01 6.538413465023040771e-02
6.088166832923889160e-01 -2.519900798797607422e-01 6.538413465023040771e-02
6.074191331863403320e-01 -2.517582476139068604e-01 6.538413465023040771e-02
6.060315370559692383e-01 -2.515167891979217529e-01 6.538412719964981079e-02
6.046252250671386719e-01 -2.513120770454406738e-01 6.538412719964981079e-02
6.031714081764221191e-01 -2.511894106864929199e-01 6.538426131010055542e-02
6.016772985458374023e-01 -2.511349618434906006e-01 6.538426131010055542e-02
6.001941561698913574e-01 -2.510577738285064697e-01 6.538426131010055542e-02
5.987771749496459961e-01 -2.508609890937805176e-01 6.538426131010055542e-02
5.974814295768737793e-01 -2.504477798938751221e-01 6.538426131010055542e-02
5.963537096977233887e-01 -2.497318983078002930e-01 6.538423895835876465e-02
5.953845381736755371e-01 -2.487416863441467285e-01 6.538423895835876465e-02
5.945230126380920410e-01 -2.475670129060745239e-01 6.538423895835876465e-02
5.937198400497436523e-01 -2.462992668151855469e-01 6.538423150777816772e-02
5.929296612739562988e-01 -2.450295984745025635e-01 6.538407504558563232e-02
5.921045541763305664e-01 -2.438289970159530640e-01 6.538407504558563232e-02
5.912410020828247070e-01 -2.426946014165878296e-01 6.538406759500503540e-02
5.903387665748596191e-01 -2.416074872016906738e-01 6.538406759500503540e-02
5.893975496292114258e-01 -2.405488044023513794e-01 6.538406759500503540e-02
5.884124636650085449e-01 -2.395004481077194214e-01 6.538400799036026001e-02
5.874137878417968750e-01 -2.384432554244995117e-01 6.538400053977966309e-02
5.864445567131042480e-01 -2.373619973659515381e-01 6.538400053977966309e-02
5.855551958084106445e-01 -2.362408488988876343e-01 6.538399308919906616e-02
5.847958922386169434e-01 -2.350639551877975464e-01 6.538399308919906616e-02
5.842162370681762695e-01 -2.338169962167739868e-01 6.538428366184234619e-02
5.838076472282409668e-01 -2.325009107589721680e-01 6.538428366184234619e-02
5.835448503494262695e-01 -2.311258614063262939e-01 6.538428366184234619e-02
5.833986401557922363e-01 -2.297021150588989258e-01 6.538428366184234619e-02
5.833395123481750488e-01 -2.282399535179138184e-01 6.538428366184234619e-02
5.833383202552795410e-01 -2.267495989799499512e-01 6.538428366184234619e-02
5.833656191825866699e-01 -2.252413481473922729e-01 6.538428366184234619e-02
5.834747552871704102e-01 -2.252363413572311401e-01 6.538428366184234619e-02
5.841332077980041504e-01 -2.252061963081359863e-01 6.538428366184234619e-02
5.856134891510009766e-01 -2.251385599374771118e-01 6.538428366184234619e-02
5.879130363464355469e-01 -2.250338792800903320e-01 6.538428366184234619e-02
5.907831192016601562e-01 -2.249039113521575928e-01 6.538428366184234619e-02
5.937589406967163086e-01 -2.247704863548278809e-01 6.538428366184234619e-02
5.963557362556457520e-01 -2.246558964252471924e-01 6.538428366184234619e-02
5.984652042388916016e-01 -2.245639264583587646e-01 6.538428366184234619e-02
6.001181602478027344e-01 -2.244916856288909912e-01 6.538428366184234619e-02
6.014183163642883301e-01 -2.244329750537872314e-01 6.538428366184234619e-02
6.025339961051940918e-01 -2.243785411119461060e-01 6.538428366184234619e-02
6.036893725395202637e-01 -2.243165820837020874e-01 6.538428366184234619e-02
6.050559282302856445e-01 -2.242373228073120117e-01 6.538428366184234619e-02
6.066362857818603516e-01 -2.241381555795669556e-01 6.538428366184234619e-02
6.083949208259582520e-01 -2.240181714296340942e-01 6.538428366184234619e-02
6.102774739265441895e-01 -2.238772958517074585e-01 6.538428366184234619e-02
6.122122406959533691e-01 -2.237163037061691284e-01 6.538428366184234619e-02
6.141140460968017578e-01 -2.235368341207504272e-01 6.538428366184234619e-02
6.159322261810302734e-01 -2.233485281467437744e-01 6.538428366184234619e-02
6.176722049713134766e-01 -2.231701314449310303e-01 6.538428366184234619e-02
6.193482875823974609e-01 -2.230207175016403198e-01 6.538428366184234619e-02
6.209797263145446777e-01 -2.229190915822982788e-01 6.538428366184234619e-02
6.225904226303100586e-01 -2.228838801383972168e-01 6.538428366184234619e-02
6.242072582244873047e-01 -2.229329049587249756e-01 6.538428366184234619e-02
6.258450150489807129e-01 -2.230736315250396729e-01 6.538428366184234619e-02
6.275056600570678711e-01 -2.233048975467681885e-01 6.538428366184234619e-02
6.291891932487487793e-01 -2.236253023147583008e-01 6.538428366184234619e-02
6.308943033218383789e-01 -2.240335196256637573e-01 6.538428366184234619e-02
6.326186060905456543e-01 -2.245282828807830811e-01 6.538428366184234619e-02
6.343576908111572266e-01 -2.251032739877700806e-01 6.538428366184234619e-02
6.360985040664672852e-01 -2.257006317377090454e-01 6.538428366184234619e-02
6.378235220909118652e-01 -2.262324690818786621e-01 6.538428366184234619e-02
6.395153999328613281e-01 -2.266105264425277710e-01 6.538428366184234619e-02
6.411571502685546875e-01 -2.267464846372604370e-01 6.538428366184234619e-02
6.427321434020996094e-01 -2.265520691871643066e-01 6.538428366184234619e-02
6.442285180091857910e-01 -2.259624004364013672e-01 6.538428366184234619e-02
6.456638574600219727e-01 -2.250625938177108765e-01 6.538428366184234619e-02
6.470672488212585449e-01 -2.239967137575149536e-01 6.538428366184234619e-02
6.484677791595458984e-01 -2.229090034961700439e-01 6.538428366184234619e-02
6.498884558677673340e-01 -2.219158113002777100e-01 6.538428366184234619e-02
6.513240337371826172e-01 -2.210000157356262207e-01 6.538428366184234619e-02
6.527608036994934082e-01 -2.201045602560043335e-01 6.538428366184234619e-02
6.541850566864013672e-01 -2.191723734140396118e-01 6.538428366184234619e-02
6.555903553962707520e-01 -2.181723862886428833e-01 6.538428366184234619e-02
6.569966077804565430e-01 -2.171674370765686035e-01 6.538428366184234619e-02
6.584298014640808105e-01 -2.162415534257888794e-01 6.538428366184234619e-02
6.599156260490417480e-01 -2.154787033796310425e-01 6.538428366184234619e-02
6.614724397659301758e-01 -2.149344980716705322e-01 6.538428366184234619e-02
6.630974411964416504e-01 -2.145867645740509033e-01 6.538428366184234619e-02
6.647844314575195312e-01 -2.144001871347427368e-01 6.538428366184234619e-02
6.665270924568176270e-01 -2.143394052982330322e-01 6.538428366184234619e-02
6.683191657066345215e-01 -2.143690884113311768e-01 6.538428366184234619e-02
6.701542735099792480e-01 -2.144538015127182007e-01 6.538428366184234619e-02
6.720130443572998047e-01 -2.145482599735260010e-01 6.538428366184234619e-02
6.738523840904235840e-01 -2.145891040563583374e-01 6.538428366184234619e-02
6.756263971328735352e-01 -2.145109921693801880e-01 6.538428366184234619e-02
6.772893667221069336e-01 -2.142485827207565308e-01 6.538428366184234619e-02
6.787954568862915039e-01 -2.137365490198135376e-01 6.538428366184234619e-02
6.801000833511352539e-01 -2.129112035036087036e-01 6.538428366184234619e-02
6.811985373497009277e-01 -2.117685675621032715e-01 6.538428366184234619e-02
6.821368336677551270e-01 -2.103802859783172607e-01 6.538428366184234619e-02
6.829643249511718750e-01 -2.088228315114974976e-01 6.538428366184234619e-02
6.837301850318908691e-01 -2.071727067232131958e-01 6.538428366184234619e-02
6.844837665557861328e-01 -2.055063843727111816e-01 6.538428366184234619e-02
6.852726936340332031e-01 -2.038976550102233887e-01 6.538428366184234619e-02
6.861135959625244141e-01 -2.023708373308181763e-01 6.538428366184234619e-02
6.869961619377136230e-01 -2.009069770574569702e-01 6.538428366184234619e-02
6.879090666770935059e-01 -1.994856595993041992e-01 6.538428366184234619e-02
6.888412237167358398e-01 -1.980864405632019043e-01 6.538428366184234619e-02
6.897811889648437500e-01 -1.966889053583145142e-01 6.538428366184234619e-02
6.907181739807128906e-01 -1.952741295099258423e-01 6.538428366184234619e-02
6.916449666023254395e-01 -1.938390880823135376e-01 6.538428366184234619e-02
6.925567388534545898e-01 -1.923903524875640869e-01 6.538428366184234619e-02
6.934486627578735352e-01 -1.909345984458923340e-01 6.538428366184234619e-02
6.943189501762390137e-01 -1.894784122705459595e-01 6.538428366184234619e-02
6.951909065246582031e-01 -1.880272328853607178e-01 6.538428366184234619e-02
6.960991621017456055e-01 -1.865860670804977417e-01 6.538428366184234619e-02
6.970784068107604980e-01 -1.851598769426345825e-01 6.538428366184234619e-02
6.981442570686340332e-01 -1.837500482797622681e-01 6.538428366184234619e-02
6.992019414901733398e-01 -1.823373734951019287e-01 6.538428366184234619e-02
7.001174092292785645e-01 -1.808952391147613525e-01 6.538428366184234619e-02
7.007565498352050781e-01 -1.793970912694931030e-01 6.538428366184234619e-02
7.010197043418884277e-01 -1.778229326009750366e-01 6.538428366184234619e-02
7.009558081626892090e-01 -1.761814653873443604e-01 6.538428366184234619e-02
7.006539106369018555e-01 -1.744891107082366943e-01 6.538428366184234619e-02
7.002031803131103516e-01 -1.727622449398040771e-01 6.538428366184234619e-02
6.996927261352539062e-01 -1.710173040628433228e-01 6.538428366184234619e-02
6.992115378379821777e-01 -1.692706942558288574e-01 6.538428366184234619e-02
6.988233327865600586e-01 -1.675357967615127563e-01 6.538428366184234619e-02
6.985191702842712402e-01 -1.658173650503158569e-01 6.538428366184234619e-02
6.982772350311279297e-01 -1.641186773777008057e-01 6.538428366184234619e-02
6.980758905410766602e-01 -1.624429374933242798e-01 6.538428366184234619e-02
6.978933811187744141e-01 -1.607934236526489258e-01 6.538428366184234619e-02
6.977080106735229492e-01 -1.591732949018478394e-01 6.538428366184234619e-02
6.974964141845703125e-01 -1.575768142938613892e-01 6.538428366184234619e-02
6.972324848175048828e-01 -1.559812426567077637e-01 6.538428366184234619e-02
6.968896985054016113e-01 -1.543619036674499512e-01 6.538428366184234619e-02
6.964415311813354492e-01 -1.526941657066345215e-01 6.538428366184234619e-02
6.958613991737365723e-01 -1.509533524513244629e-01 6.538428366184234619e-02
6.951246857643127441e-01 -1.491160094738006592e-01 6.538428366184234619e-02
6.942805051803588867e-01 -1.472062766551971436e-01 6.538428366184234619e-02
6.934743523597717285e-01 -1.453105956315994263e-01 6.538428366184234619e-02
6.928583979606628418e-01 -1.435195952653884888e-01 6.538428366184234619e-02
6.925847530364990234e-01 -1.419239491224288940e-01 6.538428366184234619e-02
6.928055286407470703e-01 -1.406142860651016235e-01 6.538428366184234619e-02
6.936627030372619629e-01 -1.396752148866653442e-01 6.538426131010055542e-02
6.951035261154174805e-01 -1.390752494335174561e-01 6.538426131010055542e-02
6.968985199928283691e-01 -1.386775225400924683e-01 6.538426131010055542e-02
6.988120675086975098e-01 -1.383414268493652344e-01 6.538426131010055542e-02
7.006217241287231445e-01 -1.379348635673522949e-01 6.538427621126174927e-02
7.022788524627685547e-01 -1.374372541904449463e-01 6.538427621126174927e-02
7.038586139678955078e-01 -1.369071453809738159e-01 6.538427621126174927e-02
7.054387331008911133e-01 -1.364046633243560791e-01 6.538427621126174927e-02
7.070866823196411133e-01 -1.359797716140747070e-01 6.538430601358413696e-02
7.087793946266174316e-01 -1.355859786272048950e-01 6.538430601358413696e-02
7.104422450065612793e-01 -1.351238191127777100e-01 6.538430601358413696e-02
7.120005488395690918e-01 -1.344932615756988525e-01 6.538430601358413696e-02
7.133905291557312012e-01 -1.336093097925186157e-01 6.538428366184234619e-02
7.146241068840026855e-01 -1.324912905693054199e-01 6.538428366184234619e-02
7.157456278800964355e-01 -1.312025636434555054e-01 6.538428366184234619e-02
7.167994379997253418e-01 -1.298067271709442139e-01 6.538428366184234619e-02
7.178299427032470703e-01 -1.283673346042633057e-01 6.538428366184234619e-02
7.188814282417297363e-01 -1.269479990005493164e-01 6.538428366184234619e-02
7.199881076812744141e-01 -1.255992054939270020e-01 6.538428366184234619e-02
7.211385369300842285e-01 -1.243128851056098938e-01 6.538428366184234619e-02
7.223082780838012695e-01 -1.230644434690475464e-01 6.538428366184234619e-02
7.234730124473571777e-01 -1.218293011188507080e-01 6.538428366184234619e-02
7.246083021163940430e-01 -1.205828636884689331e-01 6.538428366184234619e-02
7.256899476051330566e-01 -1.193005740642547607e-01 6.538428366184234619e-02
7.267051339149475098e-01 -1.179667040705680847e-01 6.538428366184234619e-02
7.276765704154968262e-01 -1.165917441248893738e-01 6.538428366184234619e-02
7.286329865455627441e-01 -1.151909977197647095e-01 6.538428366184234619e-02
7.296034097671508789e-01 -1.137797534465789795e-01 6.538428366184234619e-02
7.306166291236877441e-01 -1.123733147978782654e-01 6.538428366184234619e-02
7.317011952400207520e-01 -1.109868958592414856e-01 6.538428366184234619e-02
7.328562736511230469e-01 -1.096256449818611145e-01 6.538428366184234619e-02
7.340217232704162598e-01 -1.082747653126716614e-01 6.538428366184234619e-02
7.351305484771728516e-01 -1.069171056151390076e-01 6.538428366184234619e-02
7.361158728599548340e-01 -1.055355146527290344e-01 6.538428366184234619e-02
7.369107604026794434e-01 -1.041128560900688171e-01 6.538428366184234619e-02
7.374497652053833008e-01 -1.026321277022361755e-01 6.538429111242294312e-02
7.377295494079589844e-01 -1.010823771357536316e-01 6.538429111242294312e-02
7.378314733505249023e-01 -9.946087002754211426e-02 6.538429111242294312e-02
7.378426790237426758e-01 -9.776546061038970947e-02 6.538429111242294312e-02
7.378504276275634766e-01 -9.599400311708450317e-02 6.538429111242294312e-02
7.379419803619384766e-01 -9.414435178041458130e-02 6.538429111242294312e-02
7.381993532180786133e-01 -9.221634268760681152e-02 6.538427621126174927e-02
7.385966777801513672e-01 -9.025109559297561646e-02 6.538427621126174927e-02
7.390077114105224609e-01 -8.832828700542449951e-02 6.538427621126174927e-02
7.393021583557128906e-01 -8.652908354997634888e-02 6.538427621126174927e-02
7.393496632575988770e-01 -8.493467420339584351e-02 6.538427621126174927e-02
7.390200495719909668e-01 -8.362623304128646851e-02 6.538427621126174927e-02
7.381949424743652344e-01 -8.267708867788314819e-02 6.538428366184234619e-02
7.368989586830139160e-01 -8.206879347562789917e-02 6.538428366184234619e-02
7.352480888366699219e-01 -8.172372728586196899e-02 6.538428366184234619e-02
7.333601117134094238e-01 -8.156324923038482666e-02 6.538428366184234619e-02
7.313526272773742676e-01 -8.150871843099594116e-02 6.538428366184234619e-02
7.293434143066406250e-01 -8.148149400949478149e-02 6.538428366184234619e-02
7.274376153945922852e-01 -8.140891045331954956e-02 6.538426131010055542e-02
7.256507873535156250e-01 -8.126139640808105469e-02 6.538426131010055542e-02
7.239587903022766113e-01 -8.102833479642868042e-02 6.538426131010055542e-02
7.223371863365173340e-01 -8.069919049739837646e-02 6.538426131010055542e-02
7.207617759704589844e-01 -8.026342839002609253e-02 6.538426131010055542e-02
7.192081809043884277e-01 -7.971049100160598755e-02 6.538426131010055542e-02
7.176567316055297852e-01 -7.903666794300079346e-02 6.538432091474533081e-02
7.161166071891784668e-01 -7.827069610357284546e-02 6.538432091474533081e-02
7.146016955375671387e-01 -7.745048403739929199e-02 6.538432091474533081e-02
7.131282687187194824e-01 -7.661391794681549072e-02 6.538425385951995850e-02
7.116927504539489746e-01 -7.579334825277328491e-02 6.538425385951995850e-02
7.102400660514831543e-01 -7.500027865171432495e-02 6.538425385951995850e-02
7.087015509605407715e-01 -7.424175739288330078e-02 6.538424640893936157e-02
7.070068120956420898e-01 -7.352495193481445312e-02 6.538449972867965698e-02
7.051709294319152832e-01 -7.283884286880493164e-02 6.538450717926025391e-02
7.034163475036621094e-01 -7.212518900632858276e-02 6.538450717926025391e-02
7.020027041435241699e-01 -7.131776213645935059e-02 6.538451462984085083e-02
7.011902332305908203e-01 -7.035056501626968384e-02 6.538427621126174927e-02
7.011148929595947266e-01 -6.918878853321075439e-02 6.538427621126174927e-02
7.016710042953491211e-01 -6.786196678876876831e-02 6.538427621126174927e-02
7.027211785316467285e-01 -6.640745699405670166e-02 6.538427621126174927e-02
7.041280865669250488e-01 -6.486263126134872437e-02 6.538427621126174927e-02
7.057542800903320312e-01 -6.326486170291900635e-02 6.538427621126174927e-02
7.074627876281738281e-01 -6.165145337581634521e-02 6.538426876068115234e-02
7.091175317764282227e-01 -6.005646660923957825e-02 6.538426876068115234e-02
7.105857133865356445e-01 -5.850951373577117920e-02 6.538426876068115234e-02
7.117344737052917480e-01 -5.703986063599586487e-02 6.538426876068115234e-02
7.124308943748474121e-01 -5.567675828933715820e-02 6.538426876068115234e-02
7.125421762466430664e-01 -5.444947630167007446e-02 6.538426876068115234e-02
7.119477987289428711e-01 -5.338544398546218872e-02 6.538426876068115234e-02
7.107037305831909180e-01 -5.247134342789649963e-02 6.538426876068115234e-02
7.090587615966796875e-01 -5.165463685989379883e-02 6.538426876068115234e-02
7.072656154632568359e-01 -5.088112503290176392e-02 6.538426876068115234e-02
7.055603265762329102e-01 -5.009842664003372192e-02 6.538432836532592773e-02
7.040238380432128906e-01 -4.928118363022804260e-02 6.538432836532592773e-02
7.025939822196960449e-01 -4.842435196042060852e-02 6.538432836532592773e-02
7.012100815773010254e-01 -4.752341657876968384e-02 6.538432836532592773e-02
6.998166441917419434e-01 -4.657834768295288086e-02 6.538426131010055542e-02
6.983814239501953125e-01 -4.563415423035621643e-02 6.538426131010055542e-02
6.968958973884582520e-01 -4.476281255483627319e-02 6.538426131010055542e-02
6.953498125076293945e-01 -4.403657093644142151e-02 6.538426131010055542e-02
6.937344074249267578e-01 -4.351540282368659973e-02 6.538431346416473389e-02
6.920666694641113281e-01 -4.316438734531402588e-02 6.538431346416473389e-02
6.903697848320007324e-01 -4.290643334388732910e-02 6.538431346416473389e-02
6.886681318283081055e-01 -4.266398400068283081e-02 6.538431346416473389e-02
6.869834661483764648e-01 -4.237162694334983826e-02 6.538468599319458008e-02
6.853110194206237793e-01 -4.203671962022781372e-02 6.538469344377517700e-02
6.836421489715576172e-01 -4.168977960944175720e-02 6.538470089435577393e-02
6.819667816162109375e-01 -4.136188700795173645e-02 6.538470834493637085e-02
6.802767515182495117e-01 -4.107198119163513184e-02 6.538438796997070312e-02
6.785876154899597168e-01 -4.078666493296623230e-02 6.538438796997070312e-02
6.769126653671264648e-01 -4.045931622385978699e-02 6.538438796997070312e-02
6.752690076828002930e-01 -4.004319384694099426e-02 6.538424640893936157e-02
6.736629009246826172e-01 -3.950856626033782959e-02 6.538424640893936157e-02
6.720860004425048828e-01 -3.888026252388954163e-02 6.538424640893936157e-02
6.705244183540344238e-01 -3.819391131401062012e-02 6.538424640893936157e-02
6.689643859863281250e-01 -3.748514130711555481e-02 6.538424640893936157e-02
6.673921346664428711e-01 -3.678958117961883545e-02 6.538424640893936157e-02
6.657939553260803223e-01 -3.614272549748420715e-02 6.538424640893936157e-02
6.641669869422912598e-01 -3.555699437856674194e-02 6.538424640893936157e-02
6.625322699546813965e-01 -3.499571606516838074e-02 6.538424640893936157e-02
6.609138250350952148e-01 -3.441594541072845459e-02 6.538424640893936157e-02
6.593356132507324219e-01 -3.377473726868629456e-02 6.538424640893936157e-02
6.578215956687927246e-01 -3.302914276719093323e-02 6.538423895835876465e-02
6.563917994499206543e-01 -3.213738650083541870e-02 6.538430601358413696e-02
6.550536751747131348e-01 -3.109623678028583527e-02 6.538431346416473389e-02
6.537709236145019531e-01 -2.996117994189262390e-02 6.538431346416473389e-02
6.525079607963562012e-01 -2.879185229539871216e-02 6.538431346416473389e-02
6.512310504913330078e-01 -2.764640562236309052e-02 6.538438796997070312e-02
6.499280929565429688e-01 -2.654330618679523468e-02 6.538438796997070312e-02
6.486167311668395996e-01 -2.545539289712905884e-02 6.538439542055130005e-02
6.473153829574584961e-01 -2.435316890478134155e-02 6.538439542055130005e-02
6.460419893264770508e-01 -2.320927381515502930e-02 6.538397073745727539e-02
6.447826623916625977e-01 -2.204167097806930542e-02 6.538397073745727539e-02
6.435011625289916992e-01 -2.090710774064064026e-02 6.538396328687667847e-02
6.421594619750976562e-01 -1.986395008862018585e-02 6.538396328687667847e-02
6.407222151756286621e-01 -1.896591112017631531e-02 6.538411974906921387e-02
6.391963362693786621e-01 -1.820654235780239105e-02 6.538411974906921387e-02
6.376162171363830566e-01 -1.753793470561504364e-02 6.538411974906921387e-02
6.360171437263488770e-01 -1.691131107509136200e-02 6.538411229848861694e-02
6.344324946403503418e-01 -1.627979986369609833e-02 6.538484990596771240e-02
6.328695416450500488e-01 -1.561519317328929901e-02 6.538485735654830933e-02
6.313250660896301270e-01 -1.489887665957212448e-02 6.538486480712890625e-02
6.297948956489562988e-01 -1.411242783069610596e-02 6.538487225770950317e-02
6.282750964164733887e-01 -1.325063873082399368e-02 6.538407504558563232e-02
6.267477273941040039e-01 -1.239879708737134933e-02 6.538407504558563232e-02
6.251956820487976074e-01 -1.167912967503070831e-02 6.538406759500503540e-02
6.236002445220947266e-01 -1.121410448104143143e-02 6.538406759500503540e-02
6.219391822814941406e-01 -1.109360344707965851e-02 6.538366526365280151e-02
6.202425360679626465e-01 -1.124074868857860565e-02 6.538365781307220459e-02
6.185224652290344238e-01 -1.152706984430551529e-02 6.538365036249160767e-02
6.167985200881958008e-01 -1.182366535067558289e-02 6.538345664739608765e-02
6.150892972946166992e-01 -1.203334890305995941e-02 6.538344919681549072e-02
6.133911609649658203e-01 -1.217740308493375778e-02 6.538344919681549072e-02
6.116975545883178711e-01 -1.230559870600700378e-02 6.538344174623489380e-02
6.100075840950012207e-01 -1.246763952076435089e-02 6.538507342338562012e-02
6.083057522773742676e-01 -1.268606260418891907e-02 6.538508087396621704e-02
6.066022515296936035e-01 -1.290458068251609802e-02 6.538509577512741089e-02
6.049029231071472168e-01 -1.305284444242715836e-02 6.538511067628860474e-02
6.032200455665588379e-01 -1.306072901934385300e-02 6.538419425487518311e-02
6.015443801879882812e-01 -1.288831979036331177e-02 6.538419425487518311e-02
5.998805165290832520e-01 -1.256299857050180435e-02 6.538419425487518311e-02
5.982260107994079590e-01 -1.212103385478258133e-02 6.538419425487518311e-02
5.965784788131713867e-01 -1.159869134426116943e-02 6.538419425487518311e-02
5.949355363845825195e-01 -1.103223860263824463e-02 6.538419425487518311e-02
5.932907462120056152e-01 -1.045783795416355133e-02 6.538424640893936157e-02
5.916493535041809082e-01 -9.905466809868812561e-03 6.538424640893936157e-02
5.900045633316040039e-01 -9.395877830684185028e-03 6.538424640893936157e-02
5.883532762527465820e-01 -8.949051611125469208e-03 6.538423895835876465e-02
5.866925716400146484e-01 -8.584968745708465576e-03 6.538423895835876465e-02
5.850194096565246582e-01 -8.323611691594123840e-03 6.538423895835876465e-02
5.833393931388854980e-01 -8.183796890079975128e-03 6.538338959217071533e-02
5.816372036933898926e-01 -8.154002018272876740e-03 6.538338959217071533e-02
5.799269080162048340e-01 -8.191640488803386688e-03 6.538338214159011841e-02
5.782142877578735352e-01 -8.252617903053760529e-03 6.538338214159011841e-02
5.764962434768676758e-01 -8.294418454170227051e-03 6.538417935371398926e-02
5.747908353805541992e-01 -8.307483978569507599e-03 6.538417935371398926e-02
5.730860233306884766e-01 -8.306919597089290619e-03 6.538418680429458618e-02
5.713782906532287598e-01 -8.308948948979377747e-03 6.538419425487518311e-02
5.696617364883422852e-01 -8.328452706336975098e-03 6.538432091474533081e-02
5.679461359977722168e-01 -8.357282727956771851e-03 6.538432836532592773e-02
5.662365555763244629e-01 -8.375387638807296753e-03 6.538432836532592773e-02
5.645411014556884766e-01 -8.361966349184513092e-03 6.538433581590652466e-02
5.628705024719238281e-01 -8.297064341604709625e-03 6.538435071706771851e-02
5.612091422080993652e-01 -8.170448243618011475e-03 6.538435071706771851e-02
5.595476627349853516e-01 -7.975547574460506439e-03 6.538435071706771851e-02
5.578724145889282227e-01 -7.706068456172943115e-03 6.538435071706771851e-02
5.561697483062744141e-01 -7.355714216828346252e-03 6.538435816764831543e-02
5.544258952140808105e-01 -6.918190047144889832e-03 6.538435816764831543e-02
5.526338219642639160e-01 -6.399245932698249817e-03 6.538417190313339233e-02
5.508260726928710938e-01 -5.868132691830396652e-03 6.538417190313339233e-02
5.490458011627197266e-01 -5.414824467152357101e-03 6.538417190313339233e-02
5.473366379737854004e-01 -5.129324737936258316e-03 6.538417190313339233e-02
5.457423329353332520e-01 -5.101638380438089371e-03 6.538417190313339233e-02
5.443102717399597168e-01 -5.421791225671768188e-03 6.538414210081100464e-02
5.430618524551391602e-01 -6.150190718472003937e-03 6.538414210081100464e-02
5.419777035713195801e-01 -7.245636545121669769e-03 6.538413465023040771e-02
5.410237312316894531e-01 -8.645042777061462402e-03 6.538413465023040771e-02
5.401657819747924805e-01 -1.028532721102237701e-02 6.538413465023040771e-02
5.393698215484619141e-01 -1.210340391844511032e-02 6.538413465023040771e-02
5.385933518409729004e-01 -1.403615251183509827e-02 6.538458168506622314e-02
5.378188490867614746e-01 -1.600226201117038727e-02 6.538458168506622314e-02
5.370035767555236816e-01 -1.787921600043773651e-02 6.538458168506622314e-02
5.361133217811584473e-01 -1.953870430588722229e-02 6.538458168506622314e-02
5.351136326789855957e-01 -2.085242234170436859e-02 6.538458168506622314e-02
5.339701175689697266e-01 -2.169206365942955017e-02 6.538458913564682007e-02
5.326789617538452148e-01 -2.193262241780757904e-02 6.538346409797668457e-02
5.311840176582336426e-01 -2.157501690089702606e-02 6.538345664739608765e-02
5.295761823654174805e-01 -2.082478813827037811e-02 6.538345664739608765e-02
5.279217362403869629e-01 -1.990369707345962524e-02 6.538344919681549072e-02
5.262638330459594727e-01 -1.902808435261249542e-02 6.538277119398117065e-02
5.246730446815490723e-01 -1.830175146460533142e-02 6.538274884223937988e-02
5.231081247329711914e-01 -1.767957210540771484e-02 6.538273394107818604e-02
5.215468406677246094e-01 -1.710968464612960815e-02 6.538271903991699219e-02
5.199454426765441895e-01 -1.654063723981380463e-02 6.538289040327072144e-02
5.183498263359069824e-01 -1.594084873795509338e-02 6.538289040327072144e-02
5.167594552040100098e-01 -1.529487036168575287e-02 6.538289040327072144e-02
5.151969790458679199e-01 -1.458840444684028625e-02 6.538289040327072144e-02
5.137022137641906738e-01 -1.380899455398321152e-02 6.538451462984085083e-02
5.122428536415100098e-01 -1.295120548456907272e-02 6.538451462984085083e-02
5.108281970024108887e-01 -1.202057860791683197e-02 6.538452208042144775e-02
5.094493627548217773e-01 -1.102173514664173126e-02 6.538452208042144775e-02
5.080972909927368164e-01 -9.959295392036437988e-03 6.538452208042144775e-02
5.067629218101501465e-01 -8.837879635393619537e-03 6.538452953100204468e-02
5.054423809051513672e-01 -7.666077464818954468e-03 6.538376957178115845e-02
5.041109919548034668e-01 -6.485784426331520081e-03 6.538376957178115845e-02
5.027585625648498535e-01 -5.356047768145799637e-03 6.538376212120056152e-02
5.013694167137145996e-01 -4.335992503911256790e-03 6.538376212120056152e-02
4.999278783798217773e-01 -3.484746441245079041e-03 6.538376212120056152e-02
4.984182715415954590e-01 -2.861436456441879272e-03 6.538376212120056152e-02
4.968240857124328613e-01 -2.509633312001824379e-03 6.538434326648712158e-02
4.951651394367218018e-01 -2.387699205428361893e-03 6.538434326648712158e-02
4.934543073177337646e-01 -2.425052691251039505e-03 6.538434326648712158e-02
4.917092323303222656e-01 -2.551074139773845673e-03 6.538435071706771851e-02
4.899475574493408203e-01 -2.695142291486263275e-03 6.538435071706771851e-02
4.881879389286041260e-01 -2.786591416224837303e-03 6.538402289152145386e-02
4.864425957202911377e-01 -2.777842571958899498e-03 6.538401544094085693e-02
4.847144484519958496e-01 -2.703334903344511986e-03 6.538401544094085693e-02
4.830026626586914062e-01 -2.615917241200804710e-03 6.538401544094085693e-02
4.813063740730285645e-01 -2.568444935604929924e-03 6.538400799036026001e-02
4.796247780323028564e-01 -2.613782184198498726e-03 6.538400799036026001e-02
4.779546260833740234e-01 -2.804914256557822227e-03 6.538403034210205078e-02
4.762999117374420166e-01 -3.165039932355284691e-03 6.538402289152145386e-02
4.746575951576232910e-01 -3.648839425295591354e-03 6.538401544094085693e-02
4.730271100997924805e-01 -4.200737923383712769e-03 6.538400799036026001e-02
4.714368581771850586e-01 -4.765561316162347794e-03 6.537894904613494873e-02
4.698228538036346436e-01 -5.301453173160552979e-03 6.537891179323196411e-02
4.681977629661560059e-01 -5.793271586298942566e-03 6.537888199090957642e-02
4.665444493293762207e-01 -6.228414829820394516e-03 6.537885218858718872e-02
4.647693037986755371e-01 -6.594308186322450638e-03 6.538219749927520752e-02
4.630432724952697754e-01 -6.927964277565479279e-03 6.538219004869461060e-02
4.613556861877441406e-01 -7.329319603741168976e-03 6.538219004869461060e-02
4.597760736942291260e-01 -7.904130965471267700e-03 6.538218259811401367e-02
4.584233462810516357e-01 -8.755331858992576599e-03 6.538370996713638306e-02
4.572124779224395752e-01 -9.897956624627113342e-03 6.538370251655578613e-02
4.561537206172943115e-01 -1.125365588814020157e-02 6.538369506597518921e-02
4.552030563354492188e-01 -1.273981761187314987e-02 6.538369506597518921e-02
4.543157517910003662e-01 -1.427526678889989853e-02 6.538368761539459229e-02
4.534461796283721924e-01 -1.578047871589660645e-02 6.538368016481399536e-02
4.525522887706756592e-01 -1.718809828162193298e-02 6.538370996713638306e-02
4.516125023365020752e-01 -1.851495541632175446e-02 6.538370996713638306e-02
4.506233930587768555e-01 -1.981569640338420868e-02 6.538370251655578613e-02
4.495828449726104736e-01 -2.113999985158443451e-02 6.538370251655578613e-02
4.484916627407073975e-01 -2.253165654838085175e-02 6.538370251655578613e-02
4.473584890365600586e-01 -2.402786724269390106e-02 6.538441032171249390e-02
4.461919665336608887e-01 -2.562749385833740234e-02 6.538441032171249390e-02
4.450438916683197021e-01 -2.723229862749576569e-02 6.538440287113189697e-02
4.439595043659210205e-01 -2.874042466282844543e-02 6.538440287113189697e-02
4.429739713668823242e-01 -3.007019124925136566e-02 6.538440287113189697e-02
4.421108663082122803e-01 -3.116280771791934967e-02 6.538440287113189697e-02
4.413762092590332031e-01 -3.198809921741485596e-02 6.538444012403488159e-02
4.407090842723846436e-01 -3.267312422394752502e-02 6.538444012403488159e-02
4.399659335613250732e-01 -3.349845111370086670e-02 6.538444012403488159e-02
4.390338957309722900e-01 -3.469062969088554382e-02 6.538444012403488159e-02
4.378397166728973389e-01 -3.639779239892959595e-02 6.538444012403488159e-02
4.363549053668975830e-01 -3.867949545383453369e-02 6.538444757461547852e-02
4.346216619014739990e-01 -4.145843163132667542e-02 6.538397818803787231e-02
4.329012036323547363e-01 -4.421211034059524536e-02 6.538397818803787231e-02
4.314948618412017822e-01 -4.634670913219451904e-02 6.538397818803787231e-02
4.305695593357086182e-01 -4.753138497471809387e-02 6.538397073745727539e-02
4.301383197307586670e-01 -4.773965850472450256e-02 6.538397073745727539e-02
4.300167560577392578e-01 -4.670912399888038635e-02 6.538423150777816772e-02
4.300161302089691162e-01 -4.614410176873207092e-02 6.538423150777816772e-02
4.300370812416076660e-01 -4.559328407049179077e-02 6.538423150777816772e-02
4.300810396671295166e-01 -4.505764693021774292e-02 6.538423150777816772e-02
4.301494956016540527e-01 -4.453815892338752747e-02 6.538423150777816772e-02
4.302439689636230469e-01 -4.403579980134963989e-02 6.538423150777816772e-02
4.303658902645111084e-01 -4.355154186487197876e-02 6.538423150777816772e-02
4.305167496204376221e-01 -4.308635741472244263e-02 6.538423150777816772e-02
4.306980073451995850e-01 -4.264121875166893005e-02 6.538423150777816772e-02
4.309111833572387695e-01 -4.221710562705993652e-02 6.538423150777816772e-02
4.311577677726745605e-01 -4.181497916579246521e-02 6.538423150777816772e-02
4.314382076263427734e-01 -4.143521189689636230e-02 6.538423150777816772e-02
4.317513704299926758e-01 -4.107699170708656311e-02 6.538423150777816772e-02
4.320957660675048828e-01 -4.073937237262725830e-02 6.538423150777816772e-02
4.324699938297271729e-01 -4.042140766978263855e-02 6.538423150777816772e-02
4.328725934028625488e-01 -4.012215137481689453e-02 6.538423150777816772e-02
4.333021044731140137e-01 -3.984065726399421692e-02 6.538423150777816772e-02
4.337571561336517334e-01 -3.957597538828849792e-02 6.538423150777816772e-02
4.342362582683563232e-01 -3.932716324925422668e-02 6.538423150777816772e-02
4.347379803657531738e-01 -3.909327462315559387e-02 6.538423150777816772e-02
4.352608919143676758e-01 -3.887336328625679016e-02 6.538423150777816772e-02
4.358035624027252197e-01 -3.866648301482200623e-02 6.538423150777816772e-02
4.363645613193511963e-01 -3.847168385982513428e-02 6.538423150777816772e-02
4.369424283504486084e-01 -3.828802332282066345e-02 6.538423150777816772e-02
4.375357329845428467e-01 -3.811455518007278442e-02 6.538423150777816772e-02
4.381430447101593018e-01 -3.795033320784568787e-02 6.538423150777816772e-02
4.387629330158233643e-01 -3.779440745711326599e-02 6.538423150777816772e-02
4.393939375877380371e-01 -3.764583542943000793e-02 6.538423150777816772e-02
4.400346279144287109e-01 -3.750366717576980591e-02 6.538423150777816772e-02
4.406836032867431641e-01 -3.736696019768714905e-02 6.538423150777816772e-02
4.413393735885620117e-01 -3.723476827144622803e-02 6.538423150777816772e-02
4.420005381107330322e-01 -3.710614144802093506e-02 6.538423150777816772e-02
4.426656365394592285e-01 -3.698013350367546082e-02 6.538423150777816772e-02
4.433332383632659912e-01 -3.685580193996429443e-02 6.538423150777816772e-02
4.440019130706787109e-01 -3.673219680786132812e-02 6.538423150777816772e-02
4.446702301502227783e-01 -3.660837560892105103e-02 6.538423150777816772e-02
4.453367590904235840e-01 -3.648338466882705688e-02 6.538423150777816772e-02
4.460000097751617432e-01 -3.635628521442413330e-02 6.538423150777816772e-02
4.466586112976074219e-01 -3.622613102197647095e-02 6.538423150777816772e-02
4.473111033439636230e-01 -3.609196841716766357e-02 6.538423150777816772e-02
4.479560256004333496e-01 -3.595285490155220032e-02 6.538423150777816772e-02
4.485921859741210938e-01 -3.580795601010322571e-02 6.538422405719757080e-02
4.492193460464477539e-01 -3.565717488527297974e-02 6.538422405719757080e-02
4.498379230499267578e-01 -3.550076857209205627e-02 6.538422405719757080e-02
4.504483342170715332e-01 -3.533899039030075073e-02 6.538422405719757080e-02
4.510509669780731201e-01 -3.517208620905876160e-02 6.538422405719757080e-02
4.516462087631225586e-01 -3.500031679868698120e-02 6.538422405719757080e-02
4.522344172000885010e-01 -3.482392802834510803e-02 6.538422405719757080e-02
4.528160393238067627e-01 -3.464317321777343750e-02 6.538422405719757080e-02
4.533914327621459961e-01 -3.445830568671226501e-02 6.538422405719757080e-02
4.539609849452972412e-01 -3.426957502961158752e-02 6.538422405719757080e-02
4.545251131057739258e-01 -3.407723456621170044e-02 6.538422405719757080e-02
4.550841748714447021e-01 -3.388153761625289917e-02 6.538422405719757080e-02
4.556385576725006104e-01 -3.368273377418518066e-02 6.538422405719757080e-02
4.561886489391326904e-01 -3.348108008503913879e-02 6.538422405719757080e-02
4.567348659038543701e-01 -3.327682241797447205e-02 6.538422405719757080e-02
4.572775959968566895e-01 -3.307021781802177429e-02 6.538422405719757080e-02
4.578171968460083008e-01 -3.286151587963104248e-02 6.538422405719757080e-02
4.583540856838226318e-01 -3.265097364783287048e-02 6.538422405719757080e-02
4.588886201381683350e-01 -3.243883326649665833e-02 6.538422405719757080e-02
4.594212174415588379e-01 -3.222535923123359680e-02 6.538422405719757080e-02
4.599522650241851807e-01 -3.201079368591308594e-02 6.538422405719757080e-02
4.604821205139160156e-01 -3.179539367556571960e-02 6.538422405719757080e-02
4.610112309455871582e-01 -3.157941251993179321e-02 6.538422405719757080e-02
4.615399241447448730e-01 -3.136309981346130371e-02 6.538422405719757080e-02
4.620686173439025879e-01 -3.114671260118484497e-02 6.538422405719757080e-02
4.625976979732513428e-01 -3.093049861490726471e-02 6.538422405719757080e-02
4.631275534629821777e-01 -3.071471117436885834e-02 6.538422405719757080e-02
4.636585712432861328e-01 -3.049960546195507050e-02 6.538422405719757080e-02
4.641911387443542480e-01 -3.028543107211589813e-02 6.538422405719757080e-02
4.647256135940551758e-01 -3.007244132459163666e-02 6.538422405719757080e-02
4.652624428272247314e-01 -2.986089140176773071e-02 6.538422405719757080e-02
4.658017456531524658e-01 -2.965090051293373108e-02 6.538422405719757080e-02
4.663434922695159912e-01 -2.944242395460605621e-02 6.538422405719757080e-02
4.668875038623809814e-01 -2.923539839684963226e-02 6.538422405719757080e-02
4.674336910247802734e-01 -2.902976237237453461e-02 6.538422405719757080e-02
4.679819047451019287e-01 -2.882545441389083862e-02 6.538422405719757080e-02
4.685320556163787842e-01 -2.862241119146347046e-02 6.538422405719757080e-02
4.690840244293212891e-01 -2.842057123780250549e-02 6.538422405719757080e-02
4.696376919746398926e-01 -2.821987122297286987e-02 6.538422405719757080e-02
4.701929390430450439e-01 -2.802024781703948975e-02 6.538422405719757080e-02
4.707496166229248047e-01 -2.782163769006729126e-02 6.538422405719757080e-02
4.713076353073120117e-01 -2.762398123741149902e-02 6.538422405719757080e-02
4.718669056892395020e-01 -2.742721326649188995e-02 6.538422405719757080e-02
4.724272489547729492e-01 -2.723127231001853943e-02 6.538422405719757080e-02
4.729885756969451904e-01 -2.703609317541122437e-02 6.538422405719757080e-02
4.735507965087890625e-01 -2.684161439538002014e-02 6.538422405719757080e-02
4.741137325763702393e-01 -2.664777263998985291e-02 6.538422405719757080e-02
4.746773242950439453e-01 -2.645450271666049957e-02 6.538422405719757080e-02
4.752414524555206299e-01 -2.626174502074718475e-02 6.538422405719757080e-02
4.758059680461883545e-01 -2.606943249702453613e-02 6.538422405719757080e-02
4.763707816600799561e-01 -2.587750181555747986e-02 6.538422405719757080e-02
4.769357442855834961e-01 -2.568589150905609131e-02 6.538422405719757080e-02
4.775007963180541992e-01 -2.549453638494014740e-02 6.538422405719757080e-02
4.780657589435577393e-01 -2.530337125062942505e-02 6.538422405719757080e-02
4.786305725574493408e-01 -2.511233277618885040e-02 6.538422405719757080e-02
4.791951179504394531e-01 -2.492135949432849884e-02 6.538422405719757080e-02
4.797592461109161377e-01 -2.473038248717784882e-02 6.538422405719757080e-02
4.803228676319122314e-01 -2.453934028744697571e-02 6.538422405719757080e-02
4.808858633041381836e-01 -2.434816770255565643e-02 6.538422405719757080e-02
4.814481139183044434e-01 -2.415680140256881714e-02 6.538422405719757080e-02
4.820095300674438477e-01 -2.396517246961593628e-02 6.538422405719757080e-02
4.825699627399444580e-01 -2.377323992550373077e-02 6.538421660661697388e-02
4.831295609474182129e-01 -2.358096465468406677e-02 6.538421660661697388e-02
4.836883246898651123e-01 -2.338835783302783966e-02 6.538421660661697388e-02
4.842464029788970947e-01 -2.319541759788990021e-02 6.538421660661697388e-02
4.848037958145141602e-01 -2.300214394927024841e-02 6.538421660661697388e-02
4.853606224060058594e-01 -2.280853874981403351e-02 6.538421660661697388e-02
4.859169721603393555e-01 -2.261459827423095703e-02 6.538421660661697388e-02
4.864729046821594238e-01 -2.242032624781131744e-02 6.538421660661697388e-02
4.870285093784332275e-01 -2.222572267055511475e-02 6.538421660661697388e-02
4.875838756561279297e-01 -2.203078754246234894e-02 6.538421660661697388e-02
4.881390333175659180e-01 -2.183552272617816925e-02 6.538421660661697388e-02
4.886940717697143555e-01 -2.163993008434772491e-02 6.538421660661697388e-02
4.892491102218627930e-01 -2.144401147961616516e-02 6.538421660661697388e-02
4.898041784763336182e-01 -2.124776877462863922e-02 6.538421660661697388e-02
4.903593361377716064e-01 -2.105120569467544556e-02 6.538421660661697388e-02
4.909147024154663086e-01 -2.085432596504688263e-02 6.538421660661697388e-02
4.914703071117401123e-01 -2.065712958574295044e-02 6.538421660661697388e-02
4.920262396335601807e-01 -2.045962400734424591e-02 6.538421660661697388e-02
4.925825297832489014e-01 -2.026181109249591827e-02 6.538421660661697388e-02
4.931392967700958252e-01 -2.006369642913341522e-02 6.538421660661697388e-02
4.936966001987457275e-01 -1.986528374254703522e-02 6.538421660661697388e-02
4.942544698715209961e-01 -1.966658048331737518e-02 6.538421660661697388e-02
4.948129653930664062e-01 -1.946759037673473358e-02 6.538421660661697388e-02
4.953722059726715088e-01 -1.926832087337970734e-02 6.538421660661697388e-02
4.959321916103363037e-01 -1.906877756118774414e-02 6.538421660661697388e-02
4.964930117130279541e-01 -1.886896975338459015e-02 6.538421660661697388e-02
4.970547258853912354e-01 -1.866890303790569305e-02 6.538421660661697388e-02
4.976173639297485352e-01 -1.846858486533164978e-02 6.538421660661697388e-02
4.981810152530670166e-01 -1.826802454888820648e-02 6.538421660661697388e-02
4.987457096576690674e-01 -1.806723140180110931e-02 6.538421660661697388e-02
4.993115067481994629e-01 -1.786620728671550751e-02 6.538422405719757080e-02
4.998783469200134277e-01 -1.766500063240528107e-02 6.538422405719757080e-02
5.004460215568542480e-01 -1.746365986764431000e-02 6.538422405719757080e-02
5.010144114494323730e-01 -1.726224087178707123e-02 6.538422405719757080e-02
5.015832781791687012e-01 -1.706079952418804169e-02 6.538422405719757080e-02
5.021525025367736816e-01 -1.685938797891139984e-02 6.538422405719757080e-02
5.027218461036682129e-01 -1.665806025266647339e-02 6.538422405719757080e-02
5.032911896705627441e-01 -1.645687036216259003e-02 6.538422405719757080e-02
5.038603544235229492e-01 -1.625586673617362976e-02 6.538422405719757080e-02
5.044291615486145020e-01 -1.605509966611862183e-02 6.538422405719757080e-02
5.049974918365478516e-01 -1.585461758077144623e-02 6.538422405719757080e-02
5.055651664733886719e-01 -1.565446890890598297e-02 6.538422405719757080e-02
5.061320066452026367e-01 -1.545469835400581360e-02 6.538422405719757080e-02
5.066978931427001953e-01 -1.525535248219966888e-02 6.538422405719757080e-02
5.072627067565917969e-01 -1.505647320300340652e-02 6.538422405719757080e-02
5.078262686729431152e-01 -1.485810428857803345e-02 6.538422405719757080e-02
5.083884000778198242e-01 -1.466028671711683273e-02 6.538422405719757080e-02
5.089490413665771484e-01 -1.446305867284536362e-02 6.538422405719757080e-02
5.095080733299255371e-01 -1.426645927131175995e-02 6.538422405719757080e-02
5.100653171539306641e-01 -1.407052576541900635e-02 6.538422405719757080e-02
5.106206536293029785e-01 -1.387529261410236359e-02 6.538422405719757080e-02
5.111739635467529297e-01 -1.368079427629709244e-02 6.538422405719757080e-02
5.117251873016357422e-01 -1.348706241697072983e-02 6.538422405719757080e-02
5.122742056846618652e-01 -1.329412776976823807e-02 6.538422405719757080e-02
5.128208398818969727e-01 -1.310202013701200485e-02 6.538422405719757080e-02
5.133650302886962891e-01 -1.291076559573411942e-02 6.538422405719757080e-02
5.139067173004150391e-01 -1.272039208561182022e-02 6.538422405719757080e-02
5.144457817077636719e-01 -1.253092102706432343e-02 6.538422405719757080e-02
5.149821639060974121e-01 -1.234237663447856903e-02 6.538422405719757080e-02
5.155157446861267090e-01 -1.215477939695119858e-02 6.538422405719757080e-02
5.160463452339172363e-01 -1.196814514696598053e-02 6.538423150777816772e-02
5.165742635726928711e-01 -1.178245712071657181e-02 6.538423150777816772e-02
5.170998573303222656e-01 -1.159755047410726547e-02 6.538423150777816772e-02
5.176236033439636230e-01 -1.141323521733283997e-02 6.538423150777816772e-02
5.181460976600646973e-01 -1.122932415455579758e-02 6.538423150777816772e-02
5.186678767204284668e-01 -1.104563381522893906e-02 6.538423150777816772e-02
5.191894173622131348e-01 -1.086198631674051285e-02 6.538423150777816772e-02
5.197111964225769043e-01 -1.067820470780134201e-02 6.538423150777816772e-02
5.202338099479675293e-01 -1.049411948770284653e-02 6.538423150777816772e-02
5.207576155662536621e-01 -1.030956115573644638e-02 6.538423150777816772e-02
5.212831497192382812e-01 -1.012436859309673309e-02 6.538423150777816772e-02
5.218108892440795898e-01 -9.938383474946022034e-03 6.538423150777816772e-02
5.223411917686462402e-01 -9.751450270414352417e-03 6.538423150777816772e-02
5.228745937347412109e-01 -9.563420899212360382e-03 6.538423150777816772e-02
5.234113931655883789e-01 -9.374151006340980530e-03 6.538423150777816772e-02
5.239520668983459473e-01 -9.183499962091445923e-03 6.538423150777816772e-02
5.244970321655273438e-01 -8.991332724690437317e-03 6.538423150777816772e-02
5.250465869903564453e-01 -8.797521702945232391e-03 6.538423150777816772e-02
5.256011486053466797e-01 -8.601940236985683441e-03 6.538423150777816772e-02
5.261610150337219238e-01 -8.404470048844814301e-03 6.538423150777816772e-02
5.267265439033508301e-01 -8.204997517168521881e-03 6.538423150777816772e-02
5.272980332374572754e-01 -8.003414608538150787e-03 6.538423150777816772e-02
5.278757810592651367e-01 -7.799617946147918701e-03 6.538423150777816772e-02
5.284600853919982910e-01 -7.593512535095214844e-03 6.538423150777816772e-02
5.290511846542358398e-01 -7.385006174445152283e-03 6.538423150777816772e-02
5.296493172645568848e-01 -7.174014579504728317e-03 6.538423150777816772e-02
5.302547812461853027e-01 -6.960459519177675247e-03 6.538423150777816772e-02
5.308676958084106445e-01 -6.744268350303173065e-03 6.538423150777816772e-02
5.314882993698120117e-01 -6.525375414639711380e-03 6.538423150777816772e-02
5.321167707443237305e-01 -6.303720641881227493e-03 6.538423150777816772e-02
5.327532291412353516e-01 -6.079251877963542938e-03 6.538423150777816772e-02
5.333978533744812012e-01 -5.851951427757740021e-03 6.538423150777816772e-02
5.340492725372314453e-01 -5.622233729809522629e-03 6.538423150777816772e-02
5.347055196762084961e-01 -5.390835925936698914e-03 6.538423150777816772e-02
5.353645086288452148e-01 -5.158482119441032410e-03 6.538423150777816772e-02
5.360242724418640137e-01 -4.925871733576059341e-03 6.538423150777816772e-02
5.366828441619873047e-01 -4.693683236837387085e-03 6.538423150777816772e-02
5.373384356498718262e-01 -4.462568555027246475e-03 6.538423150777816772e-02
5.379891395568847656e-01 -4.233156796544790268e-03 6.538423150777816772e-02
5.386334061622619629e-01 -4.006050992757081985e-03 6.538423150777816772e-02
5.392694473266601562e-01 -3.781828563660383224e-03 6.538423150777816772e-02
5.398958325386047363e-01 -3.561040619388222694e-03 6.538423150777816772e-02
5.405109524726867676e-01 -3.344211494550108910e-03 6.538423150777816772e-02
5.411134362220764160e-01 -3.131837816908955574e-03 6.538423150777816772e-02
5.417019724845886230e-01 -2.924388274550437927e-03 6.538423150777816772e-02
5.422753691673278809e-01 -2.722302451729774475e-03 6.538423150777816772e-02
5.428323149681091309e-01 -2.525991527363657951e-03 6.538423150777816772e-02
5.433718562126159668e-01 -2.335835946723818779e-03 6.538423150777816772e-02
5.438929200172424316e-01 -2.152186119928956032e-03 6.538423150777816772e-02
5.443946123123168945e-01 -1.975361490622162819e-03 6.538423150777816772e-02
5.448761582374572754e-01 -1.805650186724960804e-03 6.538423150777816772e-02
5.453367829322814941e-01 -1.643307739868760109e-03 6.538423150777816772e-02
5.457758903503417969e-01 -1.488556852564215660e-03 6.538423150777816772e-02
5.461929440498352051e-01 -1.341587514616549015e-03 6.538423150777816772e-02
5.465874671936035156e-01 -1.202555140480399132e-03 6.538423150777816772e-02
5.469591021537780762e-01 -1.071581267751753330e-03 6.538423150777816772e-02
5.473076701164245605e-01 -9.487519273534417152e-04 6.538423150777816772e-02
5.476329326629638672e-01 -8.341176435351371765e-04 6.538423150777816772e-02
5.479349493980407715e-01 -7.276929100044071674e-04 6.538423150777816772e-02
5.482137203216552734e-01 -6.294550839811563492e-04 6.538423150777816772e-02
5.484694242477416992e-01 -5.393444444052875042e-04 6.538423150777816772e-02
5.487023591995239258e-01 -4.572631441988050938e-04 6.538423150777816772e-02
5.489128828048706055e-01 -3.830748028121888638e-04 6.538423150777816772e-02
5.491015315055847168e-01 -3.166039532516151667e-04 6.538423150777816772e-02
5.492688417434692383e-01 -2.576354600023478270e-04 6.538423150777816772e-02
5.494156479835510254e-01 -2.059138350887224078e-04 6.538423150777816772e-02
5.495427250862121582e-01 -1.611427433090284467e-04 6.538423150777816772e-02
5.496510267257690430e-01 -1.229844201589003205e-04 6.538423150777816772e-02
5.497416257858276367e-01 -9.105909703066572547e-05 6.538423150777816772e-02
5.498157143592834473e-01 -6.494435365311801434e-05 6.538423150777816772e-02
5.498746633529663086e-01 -4.417460513650439680e-05 6.538423150777816772e-02
5.499199032783508301e-01 -2.824051443894859403e-05 6.538423150777816772e-02
5.499529242515563965e-01 -1.658836845308542252e-05 6.538423150777816772e-02
5.499755740165710449e-01 -8.619535947218537331e-06 6.538423150777816772e-02
5.499895811080932617e-01 -3.689901859615929425e-06 6.538423150777816772e-02
5.499968528747558594e-01 -1.109227014239877462e-06 6.538423150777816772e-02
5.499996542930603027e-01 -1.406388037139549851e-07 6.538423150777816772e-02
