0.000000000000000000e+00 0.000000000000000000e+00 0.000000000000000000e+00
0.000000000000000000e+00 0.000000000000000000e+00 0.000000000000000000e+00
0.000000000000000000e+00 0.000000000000000000e+00 0.000000000000000000e+00
0.000000000000000000e+00 0.000000000000000000e+00 0.000000000000000000e+00
0.000000000000000000e+00 0.000000000000000000e+00 0.000000000000000000e+00
0.000000000000000000e+00 0.000000000000000000e+00 0.000000000000000000e+00
0.000000000000000000e+00 0.000000000000000000e+00 0.000000000000000000e+00
0.000000000000000000e+00 0.000000000000000000e+00 0.000000000000000000e+00
0.000000000000000000e+00 0.000000000000000000e+00 0.000000000000000000e+00
0.000000000000000000e+00 0.000000000000000000e+00 0.000000000000000000e+00
0.000000000000000000e+00 0.000000000000000000e+00 0.000000000000000000e+00
0.000000000000000000e+00 0.000000000000000000e+00 0.000000000000000000e+00
-1.515288650989532471e-01 -6.761180758476257324e-01 0.000000000000000000e+00
-9.437438100576400757e-02 -6.110895276069641113e-01 0.000000000000000000e+00
9.934664703905582428e-03 -5.114745497703552246e-01 0.000000000000000000e+00
2.592835016548633575e-02 -5.109750628471374512e-01 0.000000000000000000e+00
1.222450360655784607e-01 -4.617637693881988525e-01 0.000000000000000000e+00
1.742290258407592773e-01 -3.707075715065002441e-01 0.000000000000000000e+00
2.595138549804687500e-01 -2.976033091545104980e-01 0.000000000000000000e+00
4.668108820915222168e-01 -8.228392153978347778e-02 0.000000000000000000e+00
5.784240365028381348e-01 2.398199960589408875e-02 0.000000000000000000e+00
6.725030541419982910e-01 1.346843838691711426e-01 0.000000000000000000e+00
7.451431155204772949e-01 1.848321110010147095e-01 0.000000000000000000e+00
8.490252494812011719e-01 2.859638631343841553e-01 0.000000000000000000e+00
9.457957148551940918e-01 3.788363039493560791e-01 0.000000000000000000e+00
1.045640945434570312e+00 3.654019236564636230e-01 0.000000000000000000e+00
1.170395493507385254e+00 4.341011345386505127e-01 0.000000000000000000e+00
1.222253322601318359e+00 4.178060293197631836e-01 0.000000000000000000e+00
1.314129471778869629e+00 4.830059707164764404e-01 0.000000000000000000e+00
1.318285107612609863e+00 5.081570148468017578e-01 0.000000000000000000e+00
1.352616190910339355e+00 4.699937403202056885e-01 0.000000000000000000e+00
1.317882776260375977e+00 4.831859767436981201e-01 0.000000000000000000e+00
1.310956478118896484e+00 3.978474736213684082e-01 0.000000000000000000e+00
1.320244669914245605e+00 4.502774477005004883e-01 0.000000000000000000e+00
1.323651432991027832e+00 4.487437605857849121e-01 0.000000000000000000e+00
1.325077533721923828e+00 4.365046322345733643e-01 0.000000000000000000e+00
1.325061202049255371e+00 4.245304465293884277e-01 0.000000000000000000e+00
1.325060963630676270e+00 4.125615954399108887e-01 0.000000000000000000e+00
1.325060963630676270e+00 4.011869430541992188e-01 0.000000000000000000e+00
1.326386451721191406e+00 3.883751034736633301e-01 0.000000000000000000e+00
1.334305644035339355e+00 3.505192697048187256e-01 0.000000000000000000e+00
1.342555642127990723e+00 3.552811145782470703e-01 0.000000000000000000e+00
1.383297443389892578e+00 3.829973936080932617e-01 0.000000000000000000e+00
1.418022990226745605e+00 4.116087257862091064e-01 0.000000000000000000e+00
1.512892961502075195e+00 4.951084256172180176e-01 0.000000000000000000e+00
1.440292477607727051e+00 4.586833417415618896e-01 0.000000000000000000e+00
1.373874902725219727e+00 5.582768321037292480e-01 0.000000000000000000e+00
1.132037878036499023e+00 4.469506740570068359e-01 0.000000000000000000e+00
7.760569453239440918e-01 3.907089829444885254e-01 0.000000000000000000e+00
8.929528594017028809e-01 5.915425419807434082e-01 0.000000000000000000e+00
7.331919074058532715e-01 4.255273044109344482e-01 0.000000000000000000e+00
7.503414750099182129e-01 4.341004788875579834e-01 0.000000000000000000e+00
7.290292978286743164e-01 4.597476422786712646e-01 0.000000000000000000e+00
6.762954592704772949e-01 4.498244524002075195e-01 0.000000000000000000e+00
6.227085590362548828e-01 4.444244801998138428e-01 0.000000000000000000e+00
6.490907669067382812e-01 5.201237201690673828e-01 0.000000000000000000e+00
7.725359201431274414e-01 6.476433277130126953e-01 0.000000000000000000e+00
7.353934049606323242e-01 6.219406723976135254e-01 0.000000000000000000e+00
7.619047760963439941e-01 7.286959290504455566e-01 0.000000000000000000e+00
7.640711069107055664e-01 7.450436353683471680e-01 0.000000000000000000e+00
1.189583182334899902e+00 7.119259834289550781e-01 0.000000000000000000e+00
1.223599433898925781e+00 6.696124076843261719e-01 0.000000000000000000e+00
1.394790410995483398e+00 4.775658845901489258e-01 0.000000000000000000e+00
1.451071023941040039e+00 4.595303833484649658e-01 0.000000000000000000e+00
1.481098890304565430e+00 4.311209321022033691e-01 0.000000000000000000e+00
1.474663496017456055e+00 4.353455007076263428e-01 0.000000000000000000e+00
1.515705704689025879e+00 4.509493708610534668e-01 0.000000000000000000e+00
1.551271915435791016e+00 4.367589056491851807e-01 0.000000000000000000e+00
1.563258171081542969e+00 4.100859761238098145e-01 0.000000000000000000e+00
1.559095978736877441e+00 3.670464456081390381e-01 0.000000000000000000e+00
1.565821409225463867e+00 3.219821155071258545e-01 0.000000000000000000e+00
1.572536706924438477e+00 2.829924523830413818e-01 0.000000000000000000e+00
1.621534943580627441e+00 3.352605402469635010e-01 0.000000000000000000e+00
1.738805174827575684e+00 4.077540040016174316e-01 0.000000000000000000e+00
1.732401013374328613e+00 4.405703842639923096e-01 0.000000000000000000e+00
1.728117585182189941e+00 4.789239764213562012e-01 0.000000000000000000e+00
1.718082070350646973e+00 4.709921181201934814e-01 0.000000000000000000e+00
1.740375995635986328e+00 5.012815594673156738e-01 0.000000000000000000e+00
1.745513558387756348e+00 4.640456438064575195e-01 0.000000000000000000e+00
1.745786905288696289e+00 4.514586925506591797e-01 0.000000000000000000e+00
1.772242188453674316e+00 3.713252842426300049e-01 0.000000000000000000e+00
1.758688569068908691e+00 4.082734286785125732e-01 0.000000000000000000e+00
1.757251262664794922e+00 4.005429148674011230e-01 0.000000000000000000e+00
1.771296739578247070e+00 3.994880318641662598e-01 0.000000000000000000e+00
1.817515611648559570e+00 4.313072562217712402e-01 0.000000000000000000e+00
1.844576120376586914e+00 4.423218667507171631e-01 0.000000000000000000e+00
1.840966820716857910e+00 4.494048953056335449e-01 0.000000000000000000e+00
1.830774307250976562e+00 4.360795617103576660e-01 0.000000000000000000e+00
1.885351181030273438e+00 4.343432188034057617e-01 0.000000000000000000e+00
1.969582438468933105e+00 5.104718208312988281e-01 0.000000000000000000e+00
1.944457411766052246e+00 4.371006190776824951e-01 0.000000000000000000e+00
1.953253388404846191e+00 4.710800647735595703e-01 0.000000000000000000e+00
1.960409045219421387e+00 4.727412164211273193e-01 0.000000000000000000e+00
1.958206176757812500e+00 4.770836830139160156e-01 0.000000000000000000e+00
1.964670181274414062e+00 4.599253833293914795e-01 0.000000000000000000e+00
1.981536984443664551e+00 4.686045944690704346e-01 0.000000000000000000e+00
1.970694065093994141e+00 4.441542029380798340e-01 0.000000000000000000e+00
1.978105783462524414e+00 4.151589274406433105e-01 0.000000000000000000e+00
1.972013831138610840e+00 4.277782738208770752e-01 0.000000000000000000e+00
1.979088425636291504e+00 3.945213556289672852e-01 0.000000000000000000e+00
1.975388407707214355e+00 3.955284655094146729e-01 0.000000000000000000e+00
1.975435972213745117e+00 3.834610879421234131e-01 0.000000000000000000e+00
1.981532454490661621e+00 3.505196869373321533e-01 0.000000000000000000e+00
1.980389595031738281e+00 3.608809709548950195e-01 0.000000000000000000e+00
1.977819323539733887e+00 3.453194499015808105e-01 0.000000000000000000e+00
1.988826036453247070e+00 3.456910848617553711e-01 0.000000000000000000e+00
2.008131027221679688e+00 3.579418659210205078e-01 0.000000000000000000e+00
2.011152029037475586e+00 3.558388054370880127e-01 0.000000000000000000e+00
2.012123584747314453e+00 3.589091300964355469e-01 0.000000000000000000e+00
2.013411283493041992e+00 3.790659010410308838e-01 0.000000000000000000e+00
2.010733604431152344e+00 3.875985741615295410e-01 0.000000000000000000e+00
2.024343252182006836e+00 4.448239803314208984e-01 0.000000000000000000e+00
2.009380102157592773e+00 4.556729197502136230e-01 0.000000000000000000e+00
1.991961479187011719e+00 4.921636283397674561e-01 0.000000000000000000e+00
2.000908613204956055e+00 5.098108053207397461e-01 0.000000000000000000e+00
2.000728607177734375e+00 5.360745191574096680e-01 0.000000000000000000e+00
2.012045383453369141e+00 5.249800682067871094e-01 0.000000000000000000e+00
2.018054485321044922e+00 5.156184434890747070e-01 0.000000000000000000e+00
2.017628431320190430e+00 5.288800001144409180e-01 0.000000000000000000e+00
2.026098012924194336e+00 4.964616894721984863e-01 0.000000000000000000e+00
2.025114297866821289e+00 4.617603719234466553e-01 0.000000000000000000e+00
1.995275855064392090e+00 4.246266484260559082e-01 0.000000000000000000e+00
2.003669977188110352e+00 3.687075376510620117e-01 0.000000000000000000e+00
2.010540485382080078e+00 3.585491776466369629e-01 0.000000000000000000e+00
2.010066747665405273e+00 3.331768810749053955e-01 0.000000000000000000e+00
2.019621133804321289e+00 3.106171190738677979e-01 0.000000000000000000e+00
2.016312122344970703e+00 3.092132508754730225e-01 0.000000000000000000e+00
2.012770414352416992e+00 2.860005795955657959e-01 0.000000000000000000e+00
2.013901948928833008e+00 2.861642837524414062e-01 0.000000000000000000e+00
1.999253153800964355e+00 2.484343796968460083e-01 0.000000000000000000e+00
2.006752490997314453e+00 2.305634617805480957e-01 0.000000000000000000e+00
2.006727457046508789e+00 2.132235765457153320e-01 0.000000000000000000e+00
2.008844614028930664e+00 1.994180977344512939e-01 0.000000000000000000e+00
1.997312903404235840e+00 2.314022928476333618e-01 0.000000000000000000e+00
1.966706871986389160e+00 3.301590383052825928e-01 0.000000000000000000e+00
1.957693338394165039e+00 3.699633181095123291e-01 0.000000000000000000e+00
1.962996840476989746e+00 3.778163790702819824e-01 0.000000000000000000e+00
1.969716906547546387e+00 3.813028931617736816e-01 0.000000000000000000e+00
1.969644784927368164e+00 4.076947867870330811e-01 0.000000000000000000e+00
1.970687627792358398e+00 4.305003881454467773e-01 0.000000000000000000e+00
1.970895767211914062e+00 4.558297097682952881e-01 0.000000000000000000e+00
1.973981499671936035e+00 4.698695838451385498e-01 0.000000000000000000e+00
1.982270836830139160e+00 4.619148671627044678e-01 0.000000000000000000e+00
1.978237986564636230e+00 4.960427582263946533e-01 0.000000000000000000e+00
1.978975772857666016e+00 5.116159915924072266e-01 0.000000000000000000e+00
1.979061841964721680e+00 5.291544198989868164e-01 0.000000000000000000e+00
1.977379441261291504e+00 5.445933938026428223e-01 0.000000000000000000e+00
1.977311253547668457e+00 5.616563558578491211e-01 0.000000000000000000e+00
1.983347892761230469e+00 5.570284724235534668e-01 0.000000000000000000e+00
1.990362644195556641e+00 5.476736426353454590e-01 0.000000000000000000e+00
1.982693195343017578e+00 5.842146277427673340e-01 0.000000000000000000e+00
1.983420133590698242e+00 5.919502377510070801e-01 0.000000000000000000e+00
1.984135389328002930e+00 5.991190671920776367e-01 0.000000000000000000e+00
1.984837293624877930e+00 6.060186028480529785e-01 0.000000000000000000e+00
1.985491514205932617e+00 6.137634515762329102e-01 0.000000000000000000e+00
1.996702551841735840e+00 5.793986916542053223e-01 0.000000000000000000e+00
1.992911577224731445e+00 5.956809520721435547e-01 0.000000000000000000e+00
1.983124732971191406e+00 5.193100571632385254e-01 0.000000000000000000e+00
1.989221215248107910e+00 5.562317371368408203e-01 0.000000000000000000e+00
1.989421606063842773e+00 5.436514019966125488e-01 0.000000000000000000e+00
1.983547449111938477e+00 5.352192521095275879e-01 0.000000000000000000e+00
1.987300872802734375e+00 5.241594910621643066e-01 0.000000000000000000e+00
1.985307455062866211e+00 5.142636895179748535e-01 0.000000000000000000e+00
1.985283851623535156e+00 5.043590068817138672e-01 0.000000000000000000e+00
1.985285520553588867e+00 4.939074814319610596e-01 0.000000000000000000e+00
1.971486926078796387e+00 4.827188253402709961e-01 0.000000000000000000e+00
1.968206763267517090e+00 4.711612761020660400e-01 0.000000000000000000e+00
1.963813662528991699e+00 4.548533260822296143e-01 0.000000000000000000e+00
1.949679732322692871e+00 3.893287181854248047e-01 0.000000000000000000e+00
1.900471329689025879e+00 3.047572672367095947e-01 0.000000000000000000e+00
1.868694782257080078e+00 3.283225595951080322e-01 0.000000000000000000e+00
1.892231702804565430e+00 2.887407243251800537e-01 0.000000000000000000e+00
1.879238605499267578e+00 2.610934078693389893e-01 0.000000000000000000e+00
1.864062786102294922e+00 2.278635054826736450e-01 0.000000000000000000e+00
1.851144552230834961e+00 1.778461188077926636e-01 0.000000000000000000e+00
1.847018957138061523e+00 1.483702659606933594e-01 0.000000000000000000e+00
1.856969475746154785e+00 1.125455349683761597e-01 0.000000000000000000e+00
1.861582279205322266e+00 7.643739879131317139e-02 0.000000000000000000e+00
1.862728595733642578e+00 4.305478185415267944e-02 0.000000000000000000e+00
1.864992737770080566e+00 1.123138610273599625e-02 0.000000000000000000e+00
1.863715648651123047e+00 -2.296865172684192657e-02 0.000000000000000000e+00
1.856228709220886230e+00 -5.012148618698120117e-02 0.000000000000000000e+00
1.869651675224304199e+00 -7.389928400516510010e-02 0.000000000000000000e+00
1.870182275772094727e+00 -7.501596212387084961e-02 0.000000000000000000e+00
1.882972598075866699e+00 -1.102189719676971436e-01 0.000000000000000000e+00
1.866466283798217773e+00 -1.406316459178924561e-01 0.000000000000000000e+00
1.874193549156188965e+00 -1.454315781593322754e-01 0.000000000000000000e+00
1.871827602386474609e+00 -1.858533471822738647e-01 0.000000000000000000e+00
1.895341753959655762e+00 -1.821807026863098145e-01 0.000000000000000000e+00
1.921047925949096680e+00 -1.725975573062896729e-01 0.000000000000000000e+00
1.930266857147216797e+00 -1.743607968091964722e-01 0.000000000000000000e+00
1.927869796752929688e+00 -1.853336542844772339e-01 0.000000000000000000e+00
1.979295849800109863e+00 -1.342073529958724976e-01 0.000000000000000000e+00
2.023205757141113281e+00 -8.105289191007614136e-02 0.000000000000000000e+00
2.005664587020874023e+00 -8.606477081775665283e-02 0.000000000000000000e+00
1.989948511123657227e+00 -8.714161813259124756e-02 0.000000000000000000e+00
1.998923659324645996e+00 -5.913278460502624512e-02 0.000000000000000000e+00
2.003854751586914062e+00 -3.386847302317619324e-02 0.000000000000000000e+00
2.007296800613403320e+00 -1.089431438595056534e-02 0.000000000000000000e+00
2.017617940902709961e+00 2.523068711161613464e-02 0.000000000000000000e+00
2.014455318450927734e+00 7.301729172468185425e-02 0.000000000000000000e+00
2.011055469512939453e+00 1.085727065801620483e-01 0.000000000000000000e+00
1.984843015670776367e+00 1.853269934654235840e-01 0.000000000000000000e+00
1.938300013542175293e+00 2.428064346313476562e-01 0.000000000000000000e+00
1.975553393363952637e+00 3.153611123561859131e-01 0.000000000000000000e+00
1.973869204521179199e+00 3.467231392860412598e-01 0.000000000000000000e+00
1.973939299583435059e+00 4.074291586875915527e-01 0.000000000000000000e+00
1.973144650459289551e+00 4.846756160259246826e-01 0.000000000000000000e+00
1.971110224723815918e+00 5.517865419387817383e-01 0.000000000000000000e+00
1.967820644378662109e+00 6.158172488212585449e-01 0.000000000000000000e+00
1.967654347419738770e+00 6.827538609504699707e-01 0.000000000000000000e+00
1.971481561660766602e+00 7.485495805740356445e-01 0.000000000000000000e+00
1.995236277580261230e+00 8.402847647666931152e-01 0.000000000000000000e+00
1.983918547630310059e+00 8.967968225479125977e-01 0.000000000000000000e+00
1.978548765182495117e+00 9.860411882400512695e-01 0.000000000000000000e+00
1.935644507408142090e+00 1.069864034652709961e+00 0.000000000000000000e+00
1.926957249641418457e+00 1.144533634185791016e+00 0.000000000000000000e+00
1.911278367042541504e+00 1.229805707931518555e+00 0.000000000000000000e+00
1.905769944190979004e+00 1.262620329856872559e+00 0.000000000000000000e+00
1.855914115905761719e+00 1.287721872329711914e+00 0.000000000000000000e+00
1.873150825500488281e+00 1.304017424583435059e+00 0.000000000000000000e+00
1.782511711120605469e+00 1.357504844665527344e+00 0.000000000000000000e+00
1.746343016624450684e+00 1.380334496498107910e+00 0.000000000000000000e+00
1.699514865875244141e+00 1.405812025070190430e+00 0.000000000000000000e+00
1.681830167770385742e+00 1.425908923149108887e+00 0.000000000000000000e+00
1.536800861358642578e+00 1.510796666145324707e+00 0.000000000000000000e+00
1.451670408248901367e+00 1.556057572364807129e+00 0.000000000000000000e+00
1.403825879096984863e+00 1.571455001831054688e+00 0.000000000000000000e+00
1.345276117324829102e+00 1.561438202857971191e+00 0.000000000000000000e+00
1.287044882774353027e+00 1.491972088813781738e+00 0.000000000000000000e+00
1.256700038909912109e+00 1.520341873168945312e+00 0.000000000000000000e+00
1.216609477996826172e+00 1.525464177131652832e+00 0.000000000000000000e+00
1.257088422775268555e+00 1.523852586746215820e+00 0.000000000000000000e+00
1.146431565284729004e+00 1.546566247940063477e+00 0.000000000000000000e+00
9.836654663085937500e-01 1.531736612319946289e+00 0.000000000000000000e+00
7.138915657997131348e-01 1.495433211326599121e+00 0.000000000000000000e+00
4.951179623603820801e-01 1.461270451545715332e+00 0.000000000000000000e+00
3.915385305881500244e-01 1.428728103637695312e+00 0.000000000000000000e+00
3.967715799808502197e-01 1.464698791503906250e+00 0.000000000000000000e+00
2.261411100625991821e-01 1.474986433982849121e+00 0.000000000000000000e+00
1.142066046595573425e-01 1.462016463279724121e+00 0.000000000000000000e+00
-2.758379839360713959e-02 1.488898992538452148e+00 0.000000000000000000e+00
-1.726602464914321899e-01 1.447996020317077637e+00 0.000000000000000000e+00
-2.935075163841247559e-01 1.460609912872314453e+00 0.000000000000000000e+00
-4.520607292652130127e-01 1.437873005867004395e+00 0.000000000000000000e+00
-5.808306336402893066e-01 1.458232998847961426e+00 0.000000000000000000e+00
-6.057038903236389160e-01 1.499416351318359375e+00 0.000000000000000000e+00
-6.502593159675598145e-01 1.565640807151794434e+00 0.000000000000000000e+00
-8.409370779991149902e-01 1.562188148498535156e+00 0.000000000000000000e+00
-8.263412714004516602e-01 1.562444686889648438e+00 0.000000000000000000e+00
-8.481208086013793945e-01 1.609404444694519043e+00 0.000000000000000000e+00
-8.544861078262329102e-01 1.613739609718322754e+00 0.000000000000000000e+00
-7.315313220024108887e-01 1.619148015975952148e+00 0.000000000000000000e+00
-7.201081514358520508e-01 1.674038887023925781e+00 0.000000000000000000e+00
-4.207818806171417236e-01 1.752972841262817383e+00 0.000000000000000000e+00
-5.307915806770324707e-01 1.699520945549011230e+00 0.000000000000000000e+00
-4.516224861145019531e-01 1.683686971664428711e+00 0.000000000000000000e+00
-3.311697244644165039e-01 1.716108202934265137e+00 0.000000000000000000e+00
-2.738644480705261230e-01 1.692191958427429199e+00 0.000000000000000000e+00
-1.854435205459594727e-01 1.693877220153808594e+00 0.000000000000000000e+00
3.307321341708302498e-03 1.717718601226806641e+00 0.000000000000000000e+00
3.569218143820762634e-02 1.702277183532714844e+00 0.000000000000000000e+00
1.291725784540176392e-01 1.702269077301025391e+00 0.000000000000000000e+00
2.277164012193679810e-01 1.702270746231079102e+00 0.000000000000000000e+00
3.155540227890014648e-01 1.710515141487121582e+00 0.000000000000000000e+00
3.408507704734802246e-01 1.717466115951538086e+00 0.000000000000000000e+00
3.012299537658691406e-01 1.728610515594482422e+00 0.000000000000000000e+00
3.986130654811859131e-01 1.743317842483520508e+00 0.000000000000000000e+00
4.114981591701507568e-01 1.742506980895996094e+00 0.000000000000000000e+00
4.779661595821380615e-01 1.739226818084716797e+00 0.000000000000000000e+00
2.852045893669128418e-01 1.714584708213806152e+00 0.000000000000000000e+00
2.618790566921234131e-01 1.591307520866394043e+00 0.000000000000000000e+00
3.231828808784484863e-01 1.658758521080017090e+00 0.000000000000000000e+00
2.634009122848510742e-01 1.649581909179687500e+00 0.000000000000000000e+00
2.189758121967315674e-01 1.641513586044311523e+00 0.000000000000000000e+00
1.864484995603561401e-01 1.629171371459960938e+00 0.000000000000000000e+00
1.019384413957595825e-01 1.595116615295410156e+00 0.000000000000000000e+00
4.693926870822906494e-02 1.610771059989929199e+00 0.000000000000000000e+00
-8.025313727557659149e-03 1.581110715866088867e+00 0.000000000000000000e+00
-3.948503360152244568e-02 1.602995872497558594e+00 0.000000000000000000e+00
-9.346156567335128784e-02 1.601797342300415039e+00 0.000000000000000000e+00
-1.439785659313201904e-01 1.601803302764892578e+00 0.000000000000000000e+00
-1.964714676141738892e-01 1.601805567741394043e+00 0.000000000000000000e+00
-2.491182088851928711e-01 1.601803421974182129e+00 0.000000000000000000e+00
-2.994633615016937256e-01 1.601803421974182129e+00 0.000000000000000000e+00
-3.487886786460876465e-01 1.605511546134948730e+00 0.000000000000000000e+00
-4.006941914558410645e-01 1.603074312210083008e+00 0.000000000000000000e+00
-4.477135837078094482e-01 1.612194061279296875e+00 0.000000000000000000e+00
-4.791547656059265137e-01 1.655293464660644531e+00 0.000000000000000000e+00
-5.081767439842224121e-01 1.699943780899047852e+00 0.000000000000000000e+00
-5.241680145263671875e-01 1.690089821815490723e+00 0.000000000000000000e+00
-4.941454231739044189e-01 1.768413424491882324e+00 0.000000000000000000e+00
-4.347954094409942627e-01 1.793409109115600586e+00 0.000000000000000000e+00
-4.466060698032379150e-01 1.831163287162780762e+00 0.000000000000000000e+00
-3.952563703060150146e-01 1.837047576904296875e+00 0.000000000000000000e+00
-4.127482175827026367e-01 1.819946169853210449e+00 0.000000000000000000e+00
-3.585081398487091064e-01 1.845707893371582031e+00 0.000000000000000000e+00
-2.156341373920440674e-01 1.867281198501586914e+00 0.000000000000000000e+00
-1.739597916603088379e-01 1.842705965042114258e+00 0.000000000000000000e+00
-1.213500872254371643e-01 1.841129422187805176e+00 0.000000000000000000e+00
-7.139581441879272461e-02 1.842972397804260254e+00 0.000000000000000000e+00
-1.941478252410888672e-02 1.846020102500915527e+00 0.000000000000000000e+00
4.495003446936607361e-02 1.846014380455017090e+00 0.000000000000000000e+00
1.092287972569465637e-01 1.846013903617858887e+00 0.000000000000000000e+00
1.701417863368988037e-01 1.846013903617858887e+00 0.000000000000000000e+00
2.345682531595230103e-01 1.846013903617858887e+00 0.000000000000000000e+00
2.792501449584960938e-01 1.837758660316467285e+00 0.000000000000000000e+00
3.542636632919311523e-01 1.844717741012573242e+00 0.000000000000000000e+00
4.105243086814880371e-01 1.838462948799133301e+00 0.000000000000000000e+00
4.464580118656158447e-01 1.863762497901916504e+00 0.000000000000000000e+00
4.338521361351013184e-01 1.844770193099975586e+00 0.000000000000000000e+00
3.826169669628143311e-01 1.845094084739685059e+00 0.000000000000000000e+00
4.283177256584167480e-01 1.882216572761535645e+00 0.000000000000000000e+00
4.045318365097045898e-01 1.927571296691894531e+00 0.000000000000000000e+00
4.125375449657440186e-01 1.893686890602111816e+00 0.000000000000000000e+00
3.899299502372741699e-01 1.900822520256042480e+00 0.000000000000000000e+00
3.900967240333557129e-01 1.903077363967895508e+00 0.000000000000000000e+00
3.671519458293914795e-01 1.906024456024169922e+00 0.000000000000000000e+00
3.693330287933349609e-01 1.900802731513977051e+00 0.000000000000000000e+00
3.262061178684234619e-01 1.905197381973266602e+00 0.000000000000000000e+00
3.125865459442138672e-01 1.902045845985412598e+00 0.000000000000000000e+00
2.321664392948150635e-01 1.893409609794616699e+00 0.000000000000000000e+00
1.845720410346984863e-01 1.883519411087036133e+00 0.000000000000000000e+00
1.899948418140411377e-01 1.891664981842041016e+00 0.000000000000000000e+00
1.361681371927261353e-01 1.878366351127624512e+00 0.000000000000000000e+00
1.132398992776870728e-01 1.890105605125427246e+00 0.000000000000000000e+00
7.783497869968414307e-02 1.889971971511840820e+00 0.000000000000000000e+00
4.328692704439163208e-02 1.889970183372497559e+00 0.000000000000000000e+00
4.606774542480707169e-03 1.890805125236511230e+00 0.000000000000000000e+00
-3.074147552251815796e-02 1.890527367591857910e+00 0.000000000000000000e+00
-6.740998476743698120e-02 1.890520453453063965e+00 0.000000000000000000e+00
-1.015001013875007629e-01 1.890520453453063965e+00 0.000000000000000000e+00
-1.400361657142639160e-01 1.891319632530212402e+00 0.000000000000000000e+00
-2.154888510704040527e-01 1.859333515167236328e+00 0.000000000000000000e+00
-2.833286523818969727e-01 1.867648959159851074e+00 0.000000000000000000e+00
-3.132175803184509277e-01 1.871687293052673340e+00 0.000000000000000000e+00
-4.204806685447692871e-01 1.795874714851379395e+00 0.000000000000000000e+00
-4.445627331733703613e-01 1.832930088043212891e+00 0.000000000000000000e+00
-5.000490546226501465e-01 1.834523797035217285e+00 0.000000000000000000e+00
-5.625947117805480957e-01 1.834600567817687988e+00 0.000000000000000000e+00
-5.844790935516357422e-01 1.849051475524902344e+00 0.000000000000000000e+00
-6.681764721870422363e-01 1.838852047920227051e+00 0.000000000000000000e+00
-5.940912961959838867e-01 1.935158729553222656e+00 0.000000000000000000e+00
-6.420148015022277832e-01 1.930780410766601562e+00 0.000000000000000000e+00
-6.883808970451354980e-01 1.922615408897399902e+00 0.000000000000000000e+00
-7.173419594764709473e-01 1.908376097679138184e+00 0.000000000000000000e+00
-7.475818991661071777e-01 1.909818291664123535e+00 0.000000000000000000e+00
-7.641412615776062012e-01 1.914106011390686035e+00 0.000000000000000000e+00
-7.334594130516052246e-01 1.950393199920654297e+00 0.000000000000000000e+00
-6.648606657981872559e-01 1.933286428451538086e+00 0.000000000000000000e+00
-6.931298971176147461e-01 1.948235750198364258e+00 0.000000000000000000e+00
-6.825368404388427734e-01 1.947163939476013184e+00 0.000000000000000000e+00
-6.490542888641357422e-01 1.948180317878723145e+00 0.000000000000000000e+00
-6.769123673439025879e-01 1.937698006629943848e+00 0.000000000000000000e+00
-6.189227700233459473e-01 1.952683448791503906e+00 0.000000000000000000e+00
-6.210165619850158691e-01 1.942787766456604004e+00 0.000000000000000000e+00
-6.016076803207397461e-01 1.944161772727966309e+00 0.000000000000000000e+00
-5.823920369148254395e-01 1.946858167648315430e+00 0.000000000000000000e+00
-5.615199208259582520e-01 1.948359251022338867e+00 0.000000000000000000e+00
-5.405067205429077148e-01 1.950153589248657227e+00 0.000000000000000000e+00
-5.193820595741271973e-01 1.950936317443847656e+00 0.000000000000000000e+00
-4.989569187164306641e-01 1.950919508934020996e+00 0.000000000000000000e+00
-4.794980287551879883e-01 1.950922131538391113e+00 0.000000000000000000e+00
-4.655084908008575439e-01 1.944654226303100586e+00 0.000000000000000000e+00
-4.615336954593658447e-01 1.932796001434326172e+00 0.000000000000000000e+00
-4.365194737911224365e-01 1.941905498504638672e+00 0.000000000000000000e+00
-4.489157199859619141e-01 1.924599051475524902e+00 0.000000000000000000e+00
-4.192948639392852783e-01 1.935440540313720703e+00 0.000000000000000000e+00
-4.441756904125213623e-01 1.908752560615539551e+00 0.000000000000000000e+00
-4.466978907585144043e-01 1.906081557273864746e+00 0.000000000000000000e+00
-4.620112478733062744e-01 1.894055724143981934e+00 0.000000000000000000e+00
-4.832901060581207275e-01 1.905535936355590820e+00 0.000000000000000000e+00
-4.851566553115844727e-01 1.898201346397399902e+00 0.000000000000000000e+00
-4.972835481166839600e-01 1.898069024085998535e+00 0.000000000000000000e+00
-5.079055428504943848e-01 1.898093104362487793e+00 0.000000000000000000e+00
-5.187880992889404297e-01 1.898093938827514648e+00 0.000000000000000000e+00
-5.291572213172912598e-01 1.898093104362487793e+00 0.000000000000000000e+00
-5.400161743164062500e-01 1.898093223571777344e+00 0.000000000000000000e+00
-5.508996248245239258e-01 1.898093461990356445e+00 0.000000000000000000e+00
-5.612226128578186035e-01 1.898093104362487793e+00 0.000000000000000000e+00
-5.765616893768310547e-01 1.893651485443115234e+00 0.000000000000000000e+00
-5.856299996376037598e-01 1.896186590194702148e+00 0.000000000000000000e+00
-5.965656042098999023e-01 1.896213054656982422e+00 0.000000000000000000e+00
-6.080682277679443359e-01 1.896212697029113770e+00 0.000000000000000000e+00
-6.189751029014587402e-01 1.896209836006164551e+00 0.000000000000000000e+00
-6.304877400398254395e-01 1.896207451820373535e+00 0.000000000000000000e+00
-6.419841051101684570e-01 1.896208167076110840e+00 0.000000000000000000e+00
-6.531601548194885254e-01 1.896212816238403320e+00 0.000000000000000000e+00
-6.647825837135314941e-01 1.895852327346801758e+00 0.000000000000000000e+00
-6.782497763633728027e-01 1.894345164299011230e+00 0.000000000000000000e+00
-6.890777349472045898e-01 1.892426967620849609e+00 0.000000000000000000e+00
1.704318262636661530e-02 -4.679041355848312378e-02 0.000000000000000000e+00
-1.004282850772142410e-03 2.730560721829533577e-03 0.000000000000000000e+00
0.000000000000000000e+00 0.000000000000000000e+00 0.000000000000000000e+00
0.000000000000000000e+00 0.000000000000000000e+00 0.000000000000000000e+00
0.000000000000000000e+00 0.000000000000000000e+00 0.000000000000000000e+00
0.000000000000000000e+00 0.000000000000000000e+00 0.000000000000000000e+00
0.000000000000000000e+00 0.000000000000000000e+00 0.000000000000000000e+00
0.000000000000000000e+00 0.000000000000000000e+00 0.000000000000000000e+00
0.000000000000000000e+00 0.000000000000000000e+00 0.000000000000000000e+00
0.000000000000000000e+00 0.000000000000000000e+00 0.000000000000000000e+00
0.000000000000000000e+00 0.000000000000000000e+00 0.000000000000000000e+00
0.000000000000000000e+00 0.000000000000000000e+00 0.000000000000000000e+00
0.000000000000000000e+00 0.000000000000000000e+00 0.000000000000000000e+00
0.000000000000000000e+00 0.000000000000000000e+00 0.000000000000000000e+00
0.000000000000000000e+00 0.000000000000000000e+00 0.000000000000000000e+00
0.000000000000000000e+00 0.000000000000000000e+00 0.000000000000000000e+00
0.000000000000000000e+00 0.000000000000000000e+00 0.000000000000000000e+00
0.000000000000000000e+00 0.000000000000000000e+00 0.000000000000000000e+00
0.000000000000000000e+00 0.000000000000000000e+00 0.000000000000000000e+00
0.000000000000000000e+00 0.000000000000000000e+00 0.000000000000000000e+00
0.000000000000000000e+00 0.000000000000000000e+00 0.000000000000000000e+00
0.000000000000000000e+00 0.000000000000000000e+00 0.000000000000000000e+00
0.000000000000000000e+00 0.000000000000000000e+00 0.000000000000000000e+00
0.000000000000000000e+00 0.000000000000000000e+00 0.000000000000000000e+00
0.000000000000000000e+00 0.000000000000000000e+00 0.000000000000000000e+00
0.000000000000000000e+00 0.000000000000000000e+00 0.000000000000000000e+00
0.000000000000000000e+00 0.000000000000000000e+00 0.000000000000000000e+00
0.000000000000000000e+00 0.000000000000000000e+00 0.000000000000000000e+00
0.000000000000000000e+00 0.000000000000000000e+00 0.000000000000000000e+00
0.000000000000000000e+00 0.000000000000000000e+00 0.000000000000000000e+00
-1.295743435621261597e-01 -1.551657915115356445e-01 0.000000000000000000e+00
-6.132416725158691406e-01 8.540758490562438965e-01 0.000000000000000000e+00
-3.334869444370269775e-01 8.245680332183837891e-01 0.000000000000000000e+00
-2.588411271572113037e-01 7.973623275756835938e-01 0.000000000000000000e+00
-3.880348205566406250e-01 9.093724489212036133e-01 0.000000000000000000e+00
-3.797526955604553223e-01 1.136117577552795410e+00 0.000000000000000000e+00
-3.516218960285186768e-01 1.463817238807678223e+00 0.000000000000000000e+00
-2.835614681243896484e-01 1.698193907737731934e+00 0.000000000000000000e+00
-3.780880272388458252e-01 1.753641128540039062e+00 0.000000000000000000e+00
-4.617370963096618652e-01 1.780043482780456543e+00 0.000000000000000000e+00
-4.980258345603942871e-01 1.747574210166931152e+00 0.000000000000000000e+00
-5.449153184890747070e-01 1.819924950599670410e+00 0.000000000000000000e+00
-5.866650342941284180e-01 1.797055721282958984e+00 0.000000000000000000e+00
-6.599705815315246582e-01 1.779718756675720215e+00 0.000000000000000000e+00
-7.541030049324035645e-01 1.763834953308105469e+00 0.000000000000000000e+00
-7.624194025993347168e-01 1.807603001594543457e+00 0.000000000000000000e+00
-8.144600987434387207e-01 1.820972919464111328e+00 0.000000000000000000e+00
-8.404902219772338867e-01 1.828590035438537598e+00 0.000000000000000000e+00
-9.307385087013244629e-01 1.800129413604736328e+00 0.000000000000000000e+00
-1.008140325546264648e+00 1.810450673103332520e+00 0.000000000000000000e+00
-9.865271449089050293e-01 1.853538155555725098e+00 0.000000000000000000e+00
-1.006583094596862793e+00 1.894029259681701660e+00 0.000000000000000000e+00
-1.028349041938781738e+00 1.930796980857849121e+00 0.000000000000000000e+00
-1.075482845306396484e+00 1.892162442207336426e+00 0.000000000000000000e+00
-1.093802571296691895e+00 1.893418788909912109e+00 0.000000000000000000e+00
-1.093002319335937500e+00 1.893340706825256348e+00 0.000000000000000000e+00
-1.094225764274597168e+00 1.893638491630554199e+00 0.000000000000000000e+00
-1.095153450965881348e+00 1.893873572349548340e+00 0.000000000000000000e+00
-1.106554269790649414e+00 1.896809816360473633e+00 0.000000000000000000e+00
-1.097301959991455078e+00 1.894405364990234375e+00 0.000000000000000000e+00
-1.134607076644897461e+00 1.899700880050659180e+00 0.000000000000000000e+00
-1.157472252845764160e+00 1.810587406158447266e+00 0.000000000000000000e+00
-1.175416827201843262e+00 1.760726213455200195e+00 0.000000000000000000e+00
-1.354003667831420898e+00 1.713195919990539551e+00 0.000000000000000000e+00
-1.257988214492797852e+00 1.689851641654968262e+00 0.000000000000000000e+00
-1.268268823623657227e+00 1.723779678344726562e+00 0.000000000000000000e+00
-1.266352176666259766e+00 1.689175963401794434e+00 0.000000000000000000e+00
-1.278719902038574219e+00 1.659512042999267578e+00 0.000000000000000000e+00
-1.264731287956237793e+00 1.686306357383728027e+00 0.000000000000000000e+00
-1.268848776817321777e+00 1.676254510879516602e+00 0.000000000000000000e+00
-1.270694494247436523e+00 1.624370455741882324e+00 0.000000000000000000e+00
-1.249344944953918457e+00 1.596407890319824219e+00 0.000000000000000000e+00
-1.282525062561035156e+00 1.612949252128601074e+00 0.000000000000000000e+00
-1.255666851997375488e+00 1.585878372192382812e+00 0.000000000000000000e+00
-1.358352780342102051e+00 1.633300423622131348e+00 0.000000000000000000e+00
-1.496528744697570801e+00 1.582248449325561523e+00 0.000000000000000000e+00
-1.659052848815917969e+00 1.495725393295288086e+00 0.000000000000000000e+00
-1.795229554176330566e+00 1.468867182731628418e+00 0.000000000000000000e+00
-1.644627690315246582e+00 1.471913933753967285e+00 0.000000000000000000e+00
-1.655702590942382812e+00 1.490849852561950684e+00 0.000000000000000000e+00
-1.668909907341003418e+00 1.477043032646179199e+00 0.000000000000000000e+00
-1.710070490837097168e+00 1.498762607574462891e+00 0.000000000000000000e+00
-1.745545625686645508e+00 1.472553133964538574e+00 0.000000000000000000e+00
-1.750801324844360352e+00 1.374027252197265625e+00 0.000000000000000000e+00
-1.762964963912963867e+00 1.259235024452209473e+00 0.000000000000000000e+00
-1.828326344490051270e+00 1.223723649978637695e+00 0.000000000000000000e+00
-1.835406899452209473e+00 1.240451455116271973e+00 0.000000000000000000e+00
-1.832471847534179688e+00 1.282356500625610352e+00 0.000000000000000000e+00
-1.897659778594970703e+00 1.290685653686523438e+00 0.000000000000000000e+00
-1.891687393188476562e+00 1.288572072982788086e+00 0.000000000000000000e+00
-1.911370754241943359e+00 1.292935013771057129e+00 0.000000000000000000e+00
-1.866887450218200684e+00 1.282361626625061035e+00 0.000000000000000000e+00
-1.876075983047485352e+00 1.308469295501708984e+00 0.000000000000000000e+00
-1.799788594245910645e+00 1.477257609367370605e+00 0.000000000000000000e+00
-1.753705143928527832e+00 1.597242116928100586e+00 0.000000000000000000e+00
-1.696461200714111328e+00 1.826902508735656738e+00 0.000000000000000000e+00
-1.615399003028869629e+00 1.885293841361999512e+00 0.000000000000000000e+00
-1.437770605087280273e+00 1.992298126220703125e+00 0.000000000000000000e+00
-1.318425774574279785e+00 2.170864820480346680e+00 0.000000000000000000e+00
-1.199522137641906738e+00 2.195235729217529297e+00 0.000000000000000000e+00
-1.193179488182067871e+00 2.168479681015014648e+00 0.000000000000000000e+00
-1.136268734931945801e+00 2.202604770660400391e+00 0.000000000000000000e+00
-1.111594200134277344e+00 2.229314565658569336e+00 0.000000000000000000e+00
-1.119774818420410156e+00 2.209758758544921875e+00 0.000000000000000000e+00
-1.107513070106506348e+00 2.228665828704833984e+00 0.000000000000000000e+00
-1.097448348999023438e+00 2.220954418182373047e+00 0.000000000000000000e+00
-1.095510959625244141e+00 2.230931758880615234e+00 0.000000000000000000e+00
-9.888144731521606445e-01 2.285404205322265625e+00 0.000000000000000000e+00
-1.018525958061218262e+00 2.263008594512939453e+00 0.000000000000000000e+00
-9.374028444290161133e-01 2.254009246826171875e+00 0.000000000000000000e+00
-9.666182398796081543e-01 2.250846147537231445e+00 0.000000000000000000e+00
-8.944827318191528320e-01 2.246676206588745117e+00 0.000000000000000000e+00
-6.033678650856018066e-01 2.245343446731567383e+00 0.000000000000000000e+00
-3.919738233089447021e-01 2.262542486190795898e+00 0.000000000000000000e+00
-1.433418095111846924e-01 2.307067394256591797e+00 0.000000000000000000e+00
3.577307984232902527e-02 2.361790180206298828e+00 0.000000000000000000e+00
2.606450617313385010e-01 2.358369112014770508e+00 0.000000000000000000e+00
4.067262113094329834e-01 2.332795143127441406e+00 0.000000000000000000e+00
5.947455763816833496e-01 2.332909822463989258e+00 0.000000000000000000e+00
6.981050372123718262e-01 2.308326005935668945e+00 0.000000000000000000e+00
8.406733870506286621e-01 2.290300846099853516e+00 0.000000000000000000e+00
8.591302037239074707e-01 2.267612934112548828e+00 0.000000000000000000e+00
3.415754735469818115e-01 9.450369477272033691e-01 0.000000000000000000e+00
1.671789563260972500e-03 4.595244303345680237e-03 0.000000000000000000e+00
0.000000000000000000e+00 0.000000000000000000e+00 0.000000000000000000e+00
0.000000000000000000e+00 0.000000000000000000e+00 0.000000000000000000e+00
0.000000000000000000e+00 0.000000000000000000e+00 0.000000000000000000e+00
0.000000000000000000e+00 0.000000000000000000e+00 0.000000000000000000e+00
0.000000000000000000e+00 0.000000000000000000e+00 0.000000000000000000e+00
0.000000000000000000e+00 0.000000000000000000e+00 0.000000000000000000e+00
0.000000000000000000e+00 0.000000000000000000e+00 0.000000000000000000e+00
0.000000000000000000e+00 0.000000000000000000e+00 0.000000000000000000e+00
0.000000000000000000e+00 0.000000000000000000e+00 0.000000000000000000e+00
0.000000000000000000e+00 0.000000000000000000e+00 0.000000000000000000e+00
0.000000000000000000e+00 0.000000000000000000e+00 0.000000000000000000e+00
0.000000000000000000e+00 0.000000000000000000e+00 0.000000000000000000e+00
0.000000000000000000e+00 0.000000000000000000e+00 0.000000000000000000e+00
0.000000000000000000e+00 0.000000000000000000e+00 0.000000000000000000e+00
0.000000000000000000e+00 0.000000000000000000e+00 0.000000000000000000e+00
0.000000000000000000e+00 0.000000000000000000e+00 0.000000000000000000e+00
0.000000000000000000e+00 0.000000000000000000e+00 0.000000000000000000e+00
0.000000000000000000e+00 0.000000000000000000e+00 0.000000000000000000e+00
0.000000000000000000e+00 0.000000000000000000e+00 0.000000000000000000e+00
0.000000000000000000e+00 0.000000000000000000e+00 0.000000000000000000e+00
0.000000000000000000e+00 0.000000000000000000e+00 0.000000000000000000e+00
0.000000000000000000e+00 0.000000000000000000e+00 0.000000000000000000e+00
0.000000000000000000e+00 0.000000000000000000e+00 0.000000000000000000e+00
0.000000000000000000e+00 0.000000000000000000e+00 0.000000000000000000e+00
0.000000000000000000e+00 0.000000000000000000e+00 0.000000000000000000e+00
0.000000000000000000e+00 0.000000000000000000e+00 0.000000000000000000e+00
0.000000000000000000e+00 0.000000000000000000e+00 0.000000000000000000e+00
0.000000000000000000e+00 0.000000000000000000e+00 0.000000000000000000e+00
0.000000000000000000e+00 0.000000000000000000e+00 0.000000000000000000e+00
0.000000000000000000e+00 0.000000000000000000e+00 0.000000000000000000e+00
0.000000000000000000e+00 0.000000000000000000e+00 0.000000000000000000e+00
0.000000000000000000e+00 0.000000000000000000e+00 0.000000000000000000e+00
0.000000000000000000e+00 0.000000000000000000e+00 0.000000000000000000e+00
0.000000000000000000e+00 0.000000000000000000e+00 0.000000000000000000e+00
0.000000000000000000e+00 0.000000000000000000e+00 0.000000000000000000e+00
0.000000000000000000e+00 0.000000000000000000e+00 0.000000000000000000e+00
0.000000000000000000e+00 0.000000000000000000e+00 0.000000000000000000e+00
0.000000000000000000e+00 0.000000000000000000e+00 0.000000000000000000e+00
0.000000000000000000e+00 0.000000000000000000e+00 0.000000000000000000e+00
0.000000000000000000e+00 0.000000000000000000e+00 0.000000000000000000e+00
0.000000000000000000e+00 0.000000000000000000e+00 0.000000000000000000e+00
0.000000000000000000e+00 0.000000000000000000e+00 0.000000000000000000e+00
0.000000000000000000e+00 0.000000000000000000e+00 0.000000000000000000e+00
0.000000000000000000e+00 0.000000000000000000e+00 0.000000000000000000e+00
0.000000000000000000e+00 0.000000000000000000e+00 0.000000000000000000e+00
0.000000000000000000e+00 0.000000000000000000e+00 0.000000000000000000e+00
0.000000000000000000e+00 0.000000000000000000e+00 0.000000000000000000e+00
0.000000000000000000e+00 0.000000000000000000e+00 0.000000000000000000e+00
0.000000000000000000e+00 0.000000000000000000e+00 0.000000000000000000e+00
0.000000000000000000e+00 0.000000000000000000e+00 0.000000000000000000e+00
0.000000000000000000e+00 0.000000000000000000e+00 0.000000000000000000e+00
0.000000000000000000e+00 0.000000000000000000e+00 0.000000000000000000e+00
0.000000000000000000e+00 0.000000000000000000e+00 0.000000000000000000e+00
0.000000000000000000e+00 0.000000000000000000e+00 0.000000000000000000e+00
0.000000000000000000e+00 0.000000000000000000e+00 0.000000000000000000e+00
0.000000000000000000e+00 0.000000000000000000e+00 0.000000000000000000e+00
0.000000000000000000e+00 0.000000000000000000e+00 0.000000000000000000e+00
0.000000000000000000e+00 0.000000000000000000e+00 0.000000000000000000e+00
0.000000000000000000e+00 0.000000000000000000e+00 0.000000000000000000e+00
0.000000000000000000e+00 0.000000000000000000e+00 0.000000000000000000e+00
0.000000000000000000e+00 0.000000000000000000e+00 0.000000000000000000e+00
0.000000000000000000e+00 0.000000000000000000e+00 0.000000000000000000e+00
0.000000000000000000e+00 0.000000000000000000e+00 0.000000000000000000e+00
0.000000000000000000e+00 0.000000000000000000e+00 0.000000000000000000e+00
0.000000000000000000e+00 0.000000000000000000e+00 0.000000000000000000e+00
0.000000000000000000e+00 0.000000000000000000e+00 0.000000000000000000e+00
0.000000000000000000e+00 0.000000000000000000e+00 0.000000000000000000e+00
0.000000000000000000e+00 0.000000000000000000e+00 0.000000000000000000e+00
0.000000000000000000e+00 0.000000000000000000e+00 0.000000000000000000e+00
0.000000000000000000e+00 0.000000000000000000e+00 0.000000000000000000e+00
0.000000000000000000e+00 0.000000000000000000e+00 0.000000000000000000e+00
0.000000000000000000e+00 0.000000000000000000e+00 0.000000000000000000e+00
0.000000000000000000e+00 0.000000000000000000e+00 0.000000000000000000e+00
0.000000000000000000e+00 0.000000000000000000e+00 0.000000000000000000e+00
0.000000000000000000e+00 0.000000000000000000e+00 0.000000000000000000e+00
0.000000000000000000e+00 0.000000000000000000e+00 0.000000000000000000e+00
0.000000000000000000e+00 0.000000000000000000e+00 0.000000000000000000e+00
0.000000000000000000e+00 0.000000000000000000e+00 0.000000000000000000e+00
0.000000000000000000e+00 0.000000000000000000e+00 0.000000000000000000e+00
0.000000000000000000e+00 0.000000000000000000e+00 0.000000000000000000e+00
0.000000000000000000e+00 0.000000000000000000e+00 0.000000000000000000e+00
0.000000000000000000e+00 0.000000000000000000e+00 0.000000000000000000e+00
0.000000000000000000e+00 0.000000000000000000e+00 0.000000000000000000e+00
0.000000000000000000e+00 0.000000000000000000e+00 0.000000000000000000e+00
0.000000000000000000e+00 0.000000000000000000e+00 0.000000000000000000e+00
0.000000000000000000e+00 0.000000000000000000e+00 0.000000000000000000e+00
0.000000000000000000e+00 0.000000000000000000e+00 0.000000000000000000e+00
0.000000000000000000e+00 0.000000000000000000e+00 0.000000000000000000e+00
0.000000000000000000e+00 0.000000000000000000e+00 0.000000000000000000e+00
0.000000000000000000e+00 0.000000000000000000e+00 0.000000000000000000e+00
0.000000000000000000e+00 0.000000000000000000e+00 0.000000000000000000e+00
0.000000000000000000e+00 0.000000000000000000e+00 0.000000000000000000e+00
0.000000000000000000e+00 0.000000000000000000e+00 0.000000000000000000e+00
0.000000000000000000e+00 0.000000000000000000e+00 0.000000000000000000e+00
0.000000000000000000e+00 0.000000000000000000e+00 0.000000000000000000e+00
0.000000000000000000e+00 0.000000000000000000e+00 0.000000000000000000e+00
0.000000000000000000e+00 0.000000000000000000e+00 0.000000000000000000e+00
0.000000000000000000e+00 0.000000000000000000e+00 0.000000000000000000e+00
0.000000000000000000e+00 0.000000000000000000e+00 0.000000000000000000e+00
0.000000000000000000e+00 0.000000000000000000e+00 0.000000000000000000e+00
0.000000000000000000e+00 0.000000000000000000e+00 0.000000000000000000e+00
0.000000000000000000e+00 0.000000000000000000e+00 0.000000000000000000e+00
0.000000000000000000e+00 0.000000000000000000e+00 0.000000000000000000e+00
0.000000000000000000e+00 0.000000000000000000e+00 0.000000000000000000e+00
0.000000000000000000e+00 0.000000000000000000e+00 0.000000000000000000e+00
0.000000000000000000e+00 0.000000000000000000e+00 0.000000000000000000e+00
0.000000000000000000e+00 0.000000000000000000e+00 0.000000000000000000e+00
0.000000000000000000e+00 0.000000000000000000e+00 0.000000000000000000e+00
0.000000000000000000e+00 0.000000000000000000e+00 0.000000000000000000e+00
0.000000000000000000e+00 0.000000000000000000e+00 0.000000000000000000e+00
0.000000000000000000e+00 0.000000000000000000e+00 0.000000000000000000e+00
0.000000000000000000e+00 0.000000000000000000e+00 0.000000000000000000e+00
0.000000000000000000e+00 0.000000000000000000e+00 0.000000000000000000e+00
0.000000000000000000e+00 0.000000000000000000e+00 0.000000000000000000e+00
0.000000000000000000e+00 0.000000000000000000e+00 0.000000000000000000e+00
0.000000000000000000e+00 0.000000000000000000e+00 0.000000000000000000e+00
0.000000000000000000e+00 0.000000000000000000e+00 0.000000000000000000e+00
0.000000000000000000e+00 0.000000000000000000e+00 0.000000000000000000e+00
0.000000000000000000e+00 0.000000000000000000e+00 0.000000000000000000e+00
0.000000000000000000e+00 0.000000000000000000e+00 0.000000000000000000e+00
0.000000000000000000e+00 0.000000000000000000e+00 0.000000000000000000e+00
0.000000000000000000e+00 0.000000000000000000e+00 0.000000000000000000e+00
0.000000000000000000e+00 0.000000000000000000e+00 0.000000000000000000e+00
0.000000000000000000e+00 0.000000000000000000e+00 0.000000000000000000e+00
0.000000000000000000e+00 0.000000000000000000e+00 0.000000000000000000e+00
0.000000000000000000e+00 0.000000000000000000e+00 0.000000000000000000e+00
0.000000000000000000e+00 0.000000000000000000e+00 0.000000000000000000e+00
0.000000000000000000e+00 0.000000000000000000e+00 0.000000000000000000e+00
0.000000000000000000e+00 0.000000000000000000e+00 0.000000000000000000e+00
0.000000000000000000e+00 0.000000000000000000e+00 0.000000000000000000e+00
0.000000000000000000e+00 0.000000000000000000e+00 0.000000000000000000e+00
0.000000000000000000e+00 0.000000000000000000e+00 0.000000000000000000e+00
0.000000000000000000e+00 0.000000000000000000e+00 0.000000000000000000e+00
0.000000000000000000e+00 0.000000000000000000e+00 0.000000000000000000e+00
0.000000000000000000e+00 0.000000000000000000e+00 0.000000000000000000e+00
0.000000000000000000e+00 0.000000000000000000e+00 0.000000000000000000e+00
0.000000000000000000e+00 0.000000000000000000e+00 0.000000000000000000e+00
0.000000000000000000e+00 0.000000000000000000e+00 0.000000000000000000e+00
0.000000000000000000e+00 0.000000000000000000e+00 0.000000000000000000e+00
0.000000000000000000e+00 0.000000000000000000e+00 0.000000000000000000e+00
0.000000000000000000e+00 0.000000000000000000e+00 0.000000000000000000e+00
0.000000000000000000e+00 0.000000000000000000e+00 0.000000000000000000e+00
0.000000000000000000e+00 0.000000000000000000e+00 0.000000000000000000e+00
0.000000000000000000e+00 0.000000000000000000e+00 0.000000000000000000e+00
0.000000000000000000e+00 0.000000000000000000e+00 0.000000000000000000e+00
0.000000000000000000e+00 0.000000000000000000e+00 0.000000000000000000e+00
0.000000000000000000e+00 0.000000000000000000e+00 0.000000000000000000e+00
0.000000000000000000e+00 0.000000000000000000e+00 0.000000000000000000e+00
0.000000000000000000e+00 0.000000000000000000e+00 0.000000000000000000e+00
0.000000000000000000e+00 0.000000000000000000e+00 0.000000000000000000e+00
0.000000000000000000e+00 0.000000000000000000e+00 0.000000000000000000e+00
0.000000000000000000e+00 0.000000000000000000e+00 0.000000000000000000e+00
0.000000000000000000e+00 0.000000000000000000e+00 0.000000000000000000e+00
0.000000000000000000e+00 0.000000000000000000e+00 0.000000000000000000e+00
0.000000000000000000e+00 0.000000000000000000e+00 0.000000000000000000e+00
0.000000000000000000e+00 0.000000000000000000e+00 0.000000000000000000e+00
0.000000000000000000e+00 0.000000000000000000e+00 0.000000000000000000e+00
0.000000000000000000e+00 0.000000000000000000e+00 0.000000000000000000e+00
0.000000000000000000e+00 0.000000000000000000e+00 0.000000000000000000e+00
0.000000000000000000e+00 0.000000000000000000e+00 0.000000000000000000e+00
0.000000000000000000e+00 0.000000000000000000e+00 0.000000000000000000e+00
0.000000000000000000e+00 0.000000000000000000e+00 0.000000000000000000e+00
0.000000000000000000e+00 0.000000000000000000e+00 0.000000000000000000e+00
0.000000000000000000e+00 0.000000000000000000e+00 0.000000000000000000e+00
0.000000000000000000e+00 0.000000000000000000e+00 0.000000000000000000e+00
0.000000000000000000e+00 0.000000000000000000e+00 0.000000000000000000e+00
0.000000000000000000e+00 0.000000000000000000e+00 0.000000000000000000e+00
0.000000000000000000e+00 0.000000000000000000e+00 0.000000000000000000e+00
0.000000000000000000e+00 0.000000000000000000e+00 0.000000000000000000e+00
0.000000000000000000e+00 0.000000000000000000e+00 0.000000000000000000e+00
0.000000000000000000e+00 0.000000000000000000e+00 0.000000000000000000e+00
0.000000000000000000e+00 0.000000000000000000e+00 0.000000000000000000e+00
0.000000000000000000e+00 0.000000000000000000e+00 0.000000000000000000e+00
0.000000000000000000e+00 0.000000000000000000e+00 0.000000000000000000e+00
0.000000000000000000e+00 0.000000000000000000e+00 0.000000000000000000e+00
0.000000000000000000e+00 0.000000000000000000e+00 0.000000000000000000e+00
0.000000000000000000e+00 0.000000000000000000e+00 0.000000000000000000e+00
0.000000000000000000e+00 0.000000000000000000e+00 0.000000000000000000e+00
0.000000000000000000e+00 0.000000000000000000e+00 0.000000000000000000e+00
0.000000000000000000e+00 0.000000000000000000e+00 0.000000000000000000e+00
0.000000000000000000e+00 0.000000000000000000e+00 0.000000000000000000e+00
0.000000000000000000e+00 0.000000000000000000e+00 0.000000000000000000e+00
0.000000000000000000e+00 0.000000000000000000e+00 0.000000000000000000e+00
0.000000000000000000e+00 0.000000000000000000e+00 0.000000000000000000e+00
0.000000000000000000e+00 0.000000000000000000e+00 0.000000000000000000e+00
0.000000000000000000e+00 0.000000000000000000e+00 0.000000000000000000e+00
0.000000000000000000e+00 0.000000000000000000e+00 0.000000000000000000e+00
0.000000000000000000e+00 0.000000000000000000e+00 0.000000000000000000e+00
0.000000000000000000e+00 0.000000000000000000e+00 0.000000000000000000e+00
0.000000000000000000e+00 0.000000000000000000e+00 0.000000000000000000e+00
0.000000000000000000e+00 0.000000000000000000e+00 0.000000000000000000e+00
0.000000000000000000e+00 0.000000000000000000e+00 0.000000000000000000e+00
0.000000000000000000e+00 0.000000000000000000e+00 0.000000000000000000e+00
0.000000000000000000e+00 0.000000000000000000e+00 0.000000000000000000e+00
0.000000000000000000e+00 0.000000000000000000e+00 0.000000000000000000e+00
0.000000000000000000e+00 0.000000000000000000e+00 0.000000000000000000e+00
0.000000000000000000e+00 0.000000000000000000e+00 0.000000000000000000e+00
0.000000000000000000e+00 0.000000000000000000e+00 0.000000000000000000e+00
0.000000000000000000e+00 0.000000000000000000e+00 0.000000000000000000e+00
0.000000000000000000e+00 0.000000000000000000e+00 0.000000000000000000e+00
0.000000000000000000e+00 0.000000000000000000e+00 0.000000000000000000e+00
0.000000000000000000e+00 0.000000000000000000e+00 0.000000000000000000e+00
0.000000000000000000e+00 0.000000000000000000e+00 0.000000000000000000e+00
0.000000000000000000e+00 0.000000000000000000e+00 0.000000000000000000e+00
0.000000000000000000e+00 0.000000000000000000e+00 0.000000000000000000e+00
0.000000000000000000e+00 0.000000000000000000e+00 0.000000000000000000e+00
0.000000000000000000e+00 0.000000000000000000e+00 0.000000000000000000e+00
0.000000000000000000e+00 0.000000000000000000e+00 0.000000000000000000e+00
0.000000000000000000e+00 0.000000000000000000e+00 0.000000000000000000e+00
0.000000000000000000e+00 0.000000000000000000e+00 0.000000000000000000e+00
0.000000000000000000e+00 0.000000000000000000e+00 0.000000000000000000e+00
0.000000000000000000e+00 0.000000000000000000e+00 0.000000000000000000e+00
0.000000000000000000e+00 0.000000000000000000e+00 0.000000000000000000e+00
0.000000000000000000e+00 0.000000000000000000e+00 0.000000000000000000e+00
0.000000000000000000e+00 0.000000000000000000e+00 0.000000000000000000e+00
0.000000000000000000e+00 0.000000000000000000e+00 0.000000000000000000e+00
0.000000000000000000e+00 0.000000000000000000e+00 0.000000000000000000e+00
0.000000000000000000e+00 0.000000000000000000e+00 0.000000000000000000e+00
0.000000000000000000e+00 0.000000000000000000e+00 0.000000000000000000e+00
0.000000000000000000e+00 0.000000000000000000e+00 0.000000000000000000e+00
0.000000000000000000e+00 0.000000000000000000e+00 0.000000000000000000e+00
0.000000000000000000e+00 0.000000000000000000e+00 0.000000000000000000e+00
0.000000000000000000e+00 0.000000000000000000e+00 0.000000000000000000e+00
0.000000000000000000e+00 0.000000000000000000e+00 0.000000000000000000e+00
0.000000000000000000e+00 0.000000000000000000e+00 0.000000000000000000e+00
0.000000000000000000e+00 0.000000000000000000e+00 0.000000000000000000e+00
0.000000000000000000e+00 0.000000000000000000e+00 0.000000000000000000e+00
0.000000000000000000e+00 0.000000000000000000e+00 0.000000000000000000e+00
0.000000000000000000e+00 0.000000000000000000e+00 0.000000000000000000e+00
0.000000000000000000e+00 0.000000000000000000e+00 0.000000000000000000e+00
0.000000000000000000e+00 0.000000000000000000e+00 0.000000000000000000e+00
0.000000000000000000e+00 0.000000000000000000e+00 0.000000000000000000e+00
0.000000000000000000e+00 0.000000000000000000e+00 0.000000000000000000e+00
0.000000000000000000e+00 0.000000000000000000e+00 0.000000000000000000e+00
0.000000000000000000e+00 0.000000000000000000e+00 0.000000000000000000e+00
0.000000000000000000e+00 0.000000000000000000e+00 0.000000000000000000e+00
0.000000000000000000e+00 0.000000000000000000e+00 0.000000000000000000e+00
0.000000000000000000e+00 0.000000000000000000e+00 0.000000000000000000e+00
0.000000000000000000e+00 0.000000000000000000e+00 0.000000000000000000e+00
0.000000000000000000e+00 0.000000000000000000e+00 0.000000000000000000e+00
0.000000000000000000e+00 0.000000000000000000e+00 0.000000000000000000e+00
0.000000000000000000e+00 0.000000000000000000e+00 0.000000000000000000e+00
0.000000000000000000e+00 0.000000000000000000e+00 0.000000000000000000e+00
0.000000000000000000e+00 0.000000000000000000e+00 0.000000000000000000e+00
0.000000000000000000e+00 0.000000000000000000e+00 0.000000000000000000e+00
0.000000000000000000e+00 0.000000000000000000e+00 0.000000000000000000e+00
0.000000000000000000e+00 0.000000000000000000e+00 0.000000000000000000e+00
0.000000000000000000e+00 0.000000000000000000e+00 0.000000000000000000e+00
0.000000000000000000e+00 0.000000000000000000e+00 0.000000000000000000e+00
0.000000000000000000e+00 0.000000000000000000e+00 0.000000000000000000e+00
0.000000000000000000e+00 0.000000000000000000e+00 0.000000000000000000e+00
0.000000000000000000e+00 0.000000000000000000e+00 0.000000000000000000e+00
0.000000000000000000e+00 0.000000000000000000e+00 0.000000000000000000e+00
0.000000000000000000e+00 0.000000000000000000e+00 0.000000000000000000e+00
0.000000000000000000e+00 0.000000000000000000e+00 0.000000000000000000e+00
0.000000000000000000e+00 0.000000000000000000e+00 0.000000000000000000e+00
0.000000000000000000e+00 0.000000000000000000e+00 0.000000000000000000e+00
0.000000000000000000e+00 0.000000000000000000e+00 0.000000000000000000e+00
0.000000000000000000e+00 0.000000000000000000e+00 0.000000000000000000e+00
0.000000000000000000e+00 0.000000000000000000e+00 0.000000000000000000e+00
0.000000000000000000e+00 0.000000000000000000e+00 0.000000000000000000e+00
0.000000000000000000e+00 0.000000000000000000e+00 0.000000000000000000e+00
0.000000000000000000e+00 0.000000000000000000e+00 0.000000000000000000e+00
0.000000000000000000e+00 0.000000000000000000e+00 0.000000000000000000e+00
0.000000000000000000e+00 0.000000000000000000e+00 0.000000000000000000e+00
0.000000000000000000e+00 0.000000000000000000e+00 0.000000000000000000e+00
0.000000000000000000e+00 0.000000000000000000e+00 0.000000000000000000e+00
0.000000000000000000e+00 0.000000000000000000e+00 0.000000000000000000e+00
0.000000000000000000e+00 0.000000000000000000e+00 0.000000000000000000e+00
0.000000000000000000e+00 0.000000000000000000e+00 0.000000000000000000e+00
0.000000000000000000e+00 0.000000000000000000e+00 0.000000000000000000e+00
0.000000000000000000e+00 0.000000000000000000e+00 0.000000000000000000e+00
0.000000000000000000e+00 0.000000000000000000e+00 0.000000000000000000e+00
0.000000000000000000e+00 0.000000000000000000e+00 0.000000000000000000e+00
0.000000000000000000e+00 0.000000000000000000e+00 0.000000000000000000e+00
0.000000000000000000e+00 0.000000000000000000e+00 0.000000000000000000e+00
0.000000000000000000e+00 0.000000000000000000e+00 0.000000000000000000e+00
0.000000000000000000e+00 0.000000000000000000e+00 0.000000000000000000e+00
0.000000000000000000e+00 0.000000000000000000e+00 0.000000000000000000e+00
0.000000000000000000e+00 0.000000000000000000e+00 0.000000000000000000e+00
0.000000000000000000e+00 0.000000000000000000e+00 0.000000000000000000e+00
0.000000000000000000e+00 0.000000000000000000e+00 0.000000000000000000e+00
0.000000000000000000e+00 0.000000000000000000e+00 0.000000000000000000e+00
0.000000000000000000e+00 0.000000000000000000e+00 0.000000000000000000e+00
0.000000000000000000e+00 0.000000000000000000e+00 0.000000000000000000e+00
0.000000000000000000e+00 0.000000000000000000e+00 0.000000000000000000e+00
0.000000000000000000e+00 0.000000000000000000e+00 0.000000000000000000e+00
0.000000000000000000e+00 0.000000000000000000e+00 0.000000000000000000e+00
0.000000000000000000e+00 0.000000000000000000e+00 0.000000000000000000e+00
0.000000000000000000e+00 0.000000000000000000e+00 0.000000000000000000e+00
0.000000000000000000e+00 0.000000000000000000e+00 0.000000000000000000e+00
0.000000000000000000e+00 0.000000000000000000e+00 0.000000000000000000e+00
0.000000000000000000e+00 0.000000000000000000e+00 0.000000000000000000e+00
0.000000000000000000e+00 0.000000000000000000e+00 0.000000000000000000e+00
0.000000000000000000e+00 0.000000000000000000e+00 0.000000000000000000e+00
0.000000000000000000e+00 0.000000000000000000e+00 0.000000000000000000e+00
0.000000000000000000e+00 0.000000000000000000e+00 0.000000000000000000e+00
0.000000000000000000e+00 0.000000000000000000e+00 0.000000000000000000e+00
0.000000000000000000e+00 0.000000000000000000e+00 0.000000000000000000e+00
0.000000000000000000e+00 0.000000000000000000e+00 0.000000000000000000e+00
0.000000000000000000e+00 0.000000000000000000e+00 0.000000000000000000e+00
0.000000000000000000e+00 0.000000000000000000e+00 0.000000000000000000e+00
0.000000000000000000e+00 0.000000000000000000e+00 0.000000000000000000e+00
0.000000000000000000e+00 0.000000000000000000e+00 0.000000000000000000e+00
0.000000000000000000e+00 0.000000000000000000e+00 0.000000000000000000e+00
0.000000000000000000e+00 0.000000000000000000e+00 0.000000000000000000e+00
0.000000000000000000e+00 0.000000000000000000e+00 0.000000000000000000e+00
0.000000000000000000e+00 0.000000000000000000e+00 0.000000000000000000e+00
0.000000000000000000e+00 0.000000000000000000e+00 0.000000000000000000e+00
0.000000000000000000e+00 0.000000000000000000e+00 0.000000000000000000e+00
0.000000000000000000e+00 0.000000000000000000e+00 0.000000000000000000e+00
0.000000000000000000e+00 0.000000000000000000e+00 0.000000000000000000e+00
0.000000000000000000e+00 0.000000000000000000e+00 0.000000000000000000e+00
0.000000000000000000e+00 0.000000000000000000e+00 0.000000000000000000e+00
0.000000000000000000e+00 0.000000000000000000e+00 0.000000000000000000e+00
0.000000000000000000e+00 0.000000000000000000e+00 0.000000000000000000e+00
0.000000000000000000e+00 0.000000000000000000e+00 0.000000000000000000e+00
0.000000000000000000e+00 0.000000000000000000e+00 0.000000000000000000e+00
0.000000000000000000e+00 0.000000000000000000e+00 0.000000000000000000e+00
0.000000000000000000e+00 0.000000000000000000e+00 0.000000000000000000e+00
0.000000000000000000e+00 0.000000000000000000e+00 0.000000000000000000e+00
0.000000000000000000e+00 0.000000000000000000e+00 0.000000000000000000e+00
0.000000000000000000e+00 0.000000000000000000e+00 0.000000000000000000e+00
0.000000000000000000e+00 0.000000000000000000e+00 0.000000000000000000e+00
0.000000000000000000e+00 0.000000000000000000e+00 0.000000000000000000e+00
0.000000000000000000e+00 0.000000000000000000e+00 0.000000000000000000e+00
0.000000000000000000e+00 0.000000000000000000e+00 0.000000000000000000e+00
0.000000000000000000e+00 0.000000000000000000e+00 0.000000000000000000e+00
0.000000000000000000e+00 0.000000000000000000e+00 0.000000000000000000e+00
0.000000000000000000e+00 0.000000000000000000e+00 0.000000000000000000e+00
0.000000000000000000e+00 0.000000000000000000e+00 0.000000000000000000e+00
0.000000000000000000e+00 0.000000000000000000e+00 0.000000000000000000e+00
0.000000000000000000e+00 0.000000000000000000e+00 0.000000000000000000e+00
0.000000000000000000e+00 0.000000000000000000e+00 0.000000000000000000e+00
0.000000000000000000e+00 0.000000000000000000e+00 0.000000000000000000e+00
0.000000000000000000e+00 0.000000000000000000e+00 0.000000000000000000e+00
0.000000000000000000e+00 0.000000000000000000e+00 0.000000000000000000e+00
0.000000000000000000e+00 0.000000000000000000e+00 0.000000000000000000e+00
0.000000000000000000e+00 0.000000000000000000e+00 0.000000000000000000e+00
0.000000000000000000e+00 0.000000000000000000e+00 0.000000000000000000e+00
0.000000000000000000e+00 0.000000000000000000e+00 0.000000000000000000e+00
0.000000000000000000e+00 0.000000000000000000e+00 0.000000000000000000e+00
0.000000000000000000e+00 0.000000000000000000e+00 0.000000000000000000e+00
0.000000000000000000e+00 0.000000000000000000e+00 0.000000000000000000e+00
0.000000000000000000e+00 0.000000000000000000e+00 0.000000000000000000e+00
0.000000000000000000e+00 0.000000000000000000e+00 0.000000000000000000e+00
0.000000000000000000e+00 0.000000000000000000e+00 0.000000000000000000e+00
0.000000000000000000e+00 0.000000000000000000e+00 0.000000000000000000e+00
0.000000000000000000e+00 0.000000000000000000e+00 0.000000000000000000e+00
0.000000000000000000e+00 0.000000000000000000e+00 0.000000000000000000e+00
0.000000000000000000e+00 0.000000000000000000e+00 0.000000000000000000e+00
0.000000000000000000e+00 0.000000000000000000e+00 0.000000000000000000e+00
0.000000000000000000e+00 0.000000000000000000e+00 0.000000000000000000e+00
0.000000000000000000e+00 0.000000000000000000e+00 0.000000000000000000e+00
0.000000000000000000e+00 0.000000000000000000e+00 0.000000000000000000e+00
0.000000000000000000e+00 0.000000000000000000e+00 0.000000000000000000e+00
0.000000000000000000e+00 0.000000000000000000e+00 0.000000000000000000e+00
0.000000000000000000e+00 0.000000000000000000e+00 0.000000000000000000e+00
0.000000000000000000e+00 0.000000000000000000e+00 0.000000000000000000e+00
0.000000000000000000e+00 0.000000000000000000e+00 0.000000000000000000e+00
0.000000000000000000e+00 0.000000000000000000e+00 0.000000000000000000e+00
0.000000000000000000e+00 0.000000000000000000e+00 0.000000000000000000e+00
0.000000000000000000e+00 0.000000000000000000e+00 0.000000000000000000e+00
0.000000000000000000e+00 0.000000000000000000e+00 0.000000000000000000e+00
0.000000000000000000e+00 0.000000000000000000e+00 0.000000000000000000e+00
0.000000000000000000e+00 0.000000000000000000e+00 0.000000000000000000e+00
0.000000000000000000e+00 0.000000000000000000e+00 0.000000000000000000e+00
0.000000000000000000e+00 0.000000000000000000e+00 0.000000000000000000e+00
0.000000000000000000e+00 0.000000000000000000e+00 0.000000000000000000e+00
0.000000000000000000e+00 0.000000000000000000e+00 0.000000000000000000e+00
0.000000000000000000e+00 0.000000000000000000e+00 0.000000000000000000e+00
0.000000000000000000e+00 0.000000000000000000e+00 0.000000000000000000e+00
0.000000000000000000e+00 0.000000000000000000e+00 0.000000000000000000e+00
0.000000000000000000e+00 0.000000000000000000e+00 0.000000000000000000e+00
0.000000000000000000e+00 0.000000000000000000e+00 0.000000000000000000e+00
0.000000000000000000e+00 0.000000000000000000e+00 0.000000000000000000e+00
0.000000000000000000e+00 0.000000000000000000e+00 0.000000000000000000e+00
0.000000000000000000e+00 0.000000000000000000e+00 0.000000000000000000e+00
0.000000000000000000e+00 0.000000000000000000e+00 0.000000000000000000e+00
0.000000000000000000e+00 0.000000000000000000e+00 0.000000000000000000e+00
0.000000000000000000e+00 0.000000000000000000e+00 0.000000000000000000e+00
0.000000000000000000e+00 0.000000000000000000e+00 0.000000000000000000e+00
0.000000000000000000e+00 0.000000000000000000e+00 0.000000000000000000e+00
0.000000000000000000e+00 0.000000000000000000e+00 0.000000000000000000e+00
0.000000000000000000e+00 0.000000000000000000e+00 0.000000000000000000e+00
0.000000000000000000e+00 0.000000000000000000e+00 0.000000000000000000e+00
0.000000000000000000e+00 0.000000000000000000e+00 0.000000000000000000e+00
0.000000000000000000e+00 0.000000000000000000e+00 0.000000000000000000e+00
0.000000000000000000e+00 0.000000000000000000e+00 0.000000000000000000e+00
0.000000000000000000e+00 0.000000000000000000e+00 0.000000000000000000e+00
0.000000000000000000e+00 0.000000000000000000e+00 0.000000000000000000e+00
0.000000000000000000e+00 0.000000000000000000e+00 0.000000000000000000e+00
0.000000000000000000e+00 0.000000000000000000e+00 0.000000000000000000e+00
0.000000000000000000e+00 0.000000000000000000e+00 0.000000000000000000e+00
0.000000000000000000e+00 0.000000000000000000e+00 0.000000000000000000e+00
0.000000000000000000e+00 0.000000000000000000e+00 0.000000000000000000e+00
0.000000000000000000e+00 0.000000000000000000e+00 0.000000000000000000e+00
0.000000000000000000e+00 0.000000000000000000e+00 0.000000000000000000e+00
0.000000000000000000e+00 0.000000000000000000e+00 0.000000000000000000e+00
0.000000000000000000e+00 0.000000000000000000e+00 0.000000000000000000e+00
0.000000000000000000e+00 0.000000000000000000e+00 0.000000000000000000e+00
0.000000000000000000e+00 0.000000000000000000e+00 0.000000000000000000e+00
0.000000000000000000e+00 0.000000000000000000e+00 0.000000000000000000e+00
0.000000000000000000e+00 0.000000000000000000e+00 0.000000000000000000e+00
0.000000000000000000e+00 0.000000000000000000e+00 0.000000000000000000e+00
0.000000000000000000e+00 0.000000000000000000e+00 0.000000000000000000e+00
0.000000000000000000e+00 0.000000000000000000e+00 0.000000000000000000e+00
0.000000000000000000e+00 0.000000000000000000e+00 0.000000000000000000e+00
0.000000000000000000e+00 0.000000000000000000e+00 0.000000000000000000e+00
0.000000000000000000e+00 0.000000000000000000e+00 0.000000000000000000e+00
0.000000000000000000e+00 0.000000000000000000e+00 0.000000000000000000e+00
0.000000000000000000e+00 0.000000000000000000e+00 0.000000000000000000e+00
0.000000000000000000e+00 0.000000000000000000e+00 0.000000000000000000e+00
0.000000000000000000e+00 0.000000000000000000e+00 0.000000000000000000e+00
0.000000000000000000e+00 0.000000000000000000e+00 0.000000000000000000e+00
0.000000000000000000e+00 0.000000000000000000e+00 0.000000000000000000e+00
0.000000000000000000e+00 0.000000000000000000e+00 0.000000000000000000e+00
0.000000000000000000e+00 0.000000000000000000e+00 0.000000000000000000e+00
0.000000000000000000e+00 0.000000000000000000e+00 0.000000000000000000e+00
0.000000000000000000e+00 0.000000000000000000e+00 0.000000000000000000e+00
0.000000000000000000e+00 0.000000000000000000e+00 0.000000000000000000e+00
0.000000000000000000e+00 0.000000000000000000e+00 0.000000000000000000e+00
0.000000000000000000e+00 0.000000000000000000e+00 0.000000000000000000e+00
0.000000000000000000e+00 0.000000000000000000e+00 0.000000000000000000e+00
0.000000000000000000e+00 0.000000000000000000e+00 0.000000000000000000e+00
0.000000000000000000e+00 0.000000000000000000e+00 0.000000000000000000e+00
0.000000000000000000e+00 0.000000000000000000e+00 0.000000000000000000e+00
0.000000000000000000e+00 0.000000000000000000e+00 0.000000000000000000e+00
0.000000000000000000e+00 0.000000000000000000e+00 0.000000000000000000e+00
0.000000000000000000e+00 0.000000000000000000e+00 0.000000000000000000e+00
0.000000000000000000e+00 0.000000000000000000e+00 0.000000000000000000e+00
0.000000000000000000e+00 0.000000000000000000e+00 0.000000000000000000e+00
0.000000000000000000e+00 0.000000000000000000e+00 0.000000000000000000e+00
0.000000000000000000e+00 0.000000000000000000e+00 0.000000000000000000e+00
0.000000000000000000e+00 0.000000000000000000e+00 0.000000000000000000e+00
0.000000000000000000e+00 0.000000000000000000e+00 0.000000000000000000e+00
0.000000000000000000e+00 0.000000000000000000e+00 0.000000000000000000e+00
0.000000000000000000e+00 0.000000000000000000e+00 0.000000000000000000e+00
0.000000000000000000e+00 0.000000000000000000e+00 0.000000000000000000e+00
0.000000000000000000e+00 0.000000000000000000e+00 0.000000000000000000e+00
0.000000000000000000e+00 0.000000000000000000e+00 0.000000000000000000e+00
0.000000000000000000e+00 0.000000000000000000e+00 0.000000000000000000e+00
0.000000000000000000e+00 0.000000000000000000e+00 0.000000000000000000e+00
0.000000000000000000e+00 0.000000000000000000e+00 0.000000000000000000e+00
0.000000000000000000e+00 0.000000000000000000e+00 0.000000000000000000e+00
0.000000000000000000e+00 0.000000000000000000e+00 0.000000000000000000e+00
0.000000000000000000e+00 0.000000000000000000e+00 0.000000000000000000e+00
0.000000000000000000e+00 0.000000000000000000e+00 0.000000000000000000e+00
0.000000000000000000e+00 0.000000000000000000e+00 0.000000000000000000e+00
0.000000000000000000e+00 0.000000000000000000e+00 0.000000000000000000e+00
0.000000000000000000e+00 0.000000000000000000e+00 0.000000000000000000e+00
0.000000000000000000e+00 0.000000000000000000e+00 0.000000000000000000e+00
0.000000000000000000e+00 0.000000000000000000e+00 0.000000000000000000e+00
0.000000000000000000e+00 0.000000000000000000e+00 0.000000000000000000e+00
0.000000000000000000e+00 0.000000000000000000e+00 0.000000000000000000e+00
0.000000000000000000e+00 0.000000000000000000e+00 0.000000000000000000e+00
0.000000000000000000e+00 0.000000000000000000e+00 0.000000000000000000e+00
0.000000000000000000e+00 0.000000000000000000e+00 0.000000000000000000e+00
0.000000000000000000e+00 0.000000000000000000e+00 0.000000000000000000e+00
0.000000000000000000e+00 0.000000000000000000e+00 0.000000000000000000e+00
0.000000000000000000e+00 0.000000000000000000e+00 0.000000000000000000e+00
0.000000000000000000e+00 0.000000000000000000e+00 0.000000000000000000e+00
0.000000000000000000e+00 0.000000000000000000e+00 0.000000000000000000e+00
0.000000000000000000e+00 0.000000000000000000e+00 0.000000000000000000e+00
0.000000000000000000e+00 0.000000000000000000e+00 0.000000000000000000e+00
0.000000000000000000e+00 0.000000000000000000e+00 0.000000000000000000e+00
0.000000000000000000e+00 0.000000000000000000e+00 0.000000000000000000e+00
0.000000000000000000e+00 0.000000000000000000e+00 0.000000000000000000e+00
0.000000000000000000e+00 0.000000000000000000e+00 0.000000000000000000e+00
0.000000000000000000e+00 0.000000000000000000e+00 0.000000000000000000e+00
0.000000000000000000e+00 0.000000000000000000e+00 0.000000000000000000e+00
0.000000000000000000e+00 0.000000000000000000e+00 0.000000000000000000e+00
0.000000000000000000e+00 0.000000000000000000e+00 0.000000000000000000e+00
0.000000000000000000e+00 0.000000000000000000e+00 0.000000000000000000e+00
0.000000000000000000e+00 0.000000000000000000e+00 0.000000000000000000e+00
0.000000000000000000e+00 0.000000000000000000e+00 0.000000000000000000e+00
0.000000000000000000e+00 0.000000000000000000e+00 0.000000000000000000e+00
0.000000000000000000e+00 0.000000000000000000e+00 0.000000000000000000e+00
0.000000000000000000e+00 0.000000000000000000e+00 0.000000000000000000e+00
0.000000000000000000e+00 0.000000000000000000e+00 0.000000000000000000e+00
0.000000000000000000e+00 0.000000000000000000e+00 0.000000000000000000e+00
0.000000000000000000e+00 0.000000000000000000e+00 0.000000000000000000e+00
0.000000000000000000e+00 0.000000000000000000e+00 0.000000000000000000e+00
0.000000000000000000e+00 0.000000000000000000e+00 0.000000000000000000e+00
0.000000000000000000e+00 0.000000000000000000e+00 0.000000000000000000e+00
0.000000000000000000e+00 0.000000000000000000e+00 0.000000000000000000e+00
0.000000000000000000e+00 0.000000000000000000e+00 0.000000000000000000e+00
0.000000000000000000e+00 0.000000000000000000e+00 0.000000000000000000e+00
0.000000000000000000e+00 0.000000000000000000e+00 0.000000000000000000e+00
0.000000000000000000e+00 0.000000000000000000e+00 0.000000000000000000e+00
0.000000000000000000e+00 0.000000000000000000e+00 0.000000000000000000e+00
0.000000000000000000e+00 0.000000000000000000e+00 0.000000000000000000e+00
0.000000000000000000e+00 0.000000000000000000e+00 0.000000000000000000e+00
0.000000000000000000e+00 0.000000000000000000e+00 0.000000000000000000e+00
0.000000000000000000e+00 0.000000000000000000e+00 0.000000000000000000e+00
0.000000000000000000e+00 0.000000000000000000e+00 0.000000000000000000e+00
0.000000000000000000e+00 0.000000000000000000e+00 0.000000000000000000e+00
0.000000000000000000e+00 0.000000000000000000e+00 0.000000000000000000e+00
0.000000000000000000e+00 0.000000000000000000e+00 0.000000000000000000e+00
0.000000000000000000e+00 0.000000000000000000e+00 0.000000000000000000e+00
0.000000000000000000e+00 0.000000000000000000e+00 0.000000000000000000e+00
0.000000000000000000e+00 0.000000000000000000e+00 0.000000000000000000e+00
0.000000000000000000e+00 0.000000000000000000e+00 0.000000000000000000e+00
0.000000000000000000e+00 0.000000000000000000e+00 0.000000000000000000e+00
0.000000000000000000e+00 0.000000000000000000e+00 0.000000000000000000e+00
0.000000000000000000e+00 0.000000000000000000e+00 0.000000000000000000e+00
0.000000000000000000e+00 0.000000000000000000e+00 0.000000000000000000e+00
0.000000000000000000e+00 0.000000000000000000e+00 0.000000000000000000e+00
0.000000000000000000e+00 0.000000000000000000e+00 0.000000000000000000e+00
0.000000000000000000e+00 0.000000000000000000e+00 0.000000000000000000e+00
0.000000000000000000e+00 0.000000000000000000e+00 0.000000000000000000e+00
0.000000000000000000e+00 0.000000000000000000e+00 0.000000000000000000e+00
0.000000000000000000e+00 0.000000000000000000e+00 0.000000000000000000e+00
0.000000000000000000e+00 0.000000000000000000e+00 0.000000000000000000e+00
