0.000000000000000000e+00 0.000000000000000000e+00 0.000000000000000000e+00
0.000000000000000000e+00 0.000000000000000000e+00 0.000000000000000000e+00
0.000000000000000000e+00 0.000000000000000000e+00 0.000000000000000000e+00
0.000000000000000000e+00 0.000000000000000000e+00 0.000000000000000000e+00
0.000000000000000000e+00 0.000000000000000000e+00 0.000000000000000000e+00
0.000000000000000000e+00 0.000000000000000000e+00 0.000000000000000000e+00
0.000000000000000000e+00 0.000000000000000000e+00 0.000000000000000000e+00
0.000000000000000000e+00 0.000000000000000000e+00 0.000000000000000000e+00
0.000000000000000000e+00 0.000000000000000000e+00 0.000000000000000000e+00
0.000000000000000000e+00 0.000000000000000000e+00 0.000000000000000000e+00
0.000000000000000000e+00 0.000000000000000000e+00 0.000000000000000000e+00
1.376368403434753418e-01 -8.588798046112060547e-01 0.000000000000000000e+00
1.541628390550613403e-01 -7.938987612724304199e-01 0.000000000000000000e+00
2.628895044326782227e-01 -6.767064929008483887e-01 0.000000000000000000e+00
4.130859375000000000e-01 -5.208207964897155762e-01 0.000000000000000000e+00
5.612837076187133789e-01 -3.832600414752960205e-01 0.000000000000000000e+00
6.780663132667541504e-01 -2.657432556152343750e-01 0.000000000000000000e+00
8.055928945541381836e-01 -1.239380910992622375e-01 0.000000000000000000e+00
8.939764499664306641e-01 -3.382047265768051147e-02 0.000000000000000000e+00
9.924414753913879395e-01 8.866986632347106934e-02 0.000000000000000000e+00
1.102193474769592285e+00 2.352733016014099121e-01 0.000000000000000000e+00
1.225991487503051758e+00 3.407152295112609863e-01 0.000000000000000000e+00
1.342664718627929688e+00 4.685519039630889893e-01 0.000000000000000000e+00
1.367493391036987305e+00 5.945805311203002930e-01 0.000000000000000000e+00
1.349045038223266602e+00 6.832423806190490723e-01 0.000000000000000000e+00
1.260393857955932617e+00 5.003482103347778320e-01 0.000000000000000000e+00
1.232158303260803223e+00 5.816935300827026367e-01 0.000000000000000000e+00
1.275931835174560547e+00 7.113625407218933105e-01 0.000000000000000000e+00
1.280800342559814453e+00 7.623033523559570312e-01 0.000000000000000000e+00
1.280685067176818848e+00 8.096945881843566895e-01 0.000000000000000000e+00
1.258508920669555664e+00 8.330625295639038086e-01 0.000000000000000000e+00
1.148097872734069824e+00 7.817696332931518555e-01 0.000000000000000000e+00
1.212359070777893066e+00 8.635630011558532715e-01 0.000000000000000000e+00
1.213605642318725586e+00 8.921961188316345215e-01 0.000000000000000000e+00
1.218047976493835449e+00 9.223760366439819336e-01 0.000000000000000000e+00
1.223180055618286133e+00 9.500124454498291016e-01 0.000000000000000000e+00
1.218672156333923340e+00 9.802132844924926758e-01 0.000000000000000000e+00
1.216035246849060059e+00 1.005249619483947754e+00 0.000000000000000000e+00
1.297297477722167969e+00 7.555820345878601074e-01 0.000000000000000000e+00
1.357300639152526855e+00 5.698119997978210449e-01 0.000000000000000000e+00
1.397310376167297363e+00 3.864663839340209961e-01 0.000000000000000000e+00
1.364461898803710938e+00 3.896551430225372314e-01 0.000000000000000000e+00
1.359584450721740723e+00 3.000356554985046387e-01 0.000000000000000000e+00
1.358408570289611816e+00 2.005688697099685669e-01 0.000000000000000000e+00
1.357948780059814453e+00 9.735154360532760620e-02 0.000000000000000000e+00
1.374442338943481445e+00 1.667241915129125118e-03 0.000000000000000000e+00
1.371166944503784180e+00 -2.399981953203678131e-02 0.000000000000000000e+00
1.411629915237426758e+00 -6.811664998531341553e-02 0.000000000000000000e+00
1.443620681762695312e+00 -6.119559705257415771e-02 0.000000000000000000e+00
1.556751608848571777e+00 3.549539670348167419e-02 0.000000000000000000e+00
1.718451976776123047e+00 1.466356366872787476e-01 0.000000000000000000e+00
1.613524198532104492e+00 3.129732906818389893e-01 0.000000000000000000e+00
1.657878041267395020e+00 3.570490479469299316e-01 0.000000000000000000e+00
1.761134147644042969e+00 4.532392621040344238e-01 0.000000000000000000e+00
1.703737139701843262e+00 4.828425347805023193e-01 0.000000000000000000e+00
1.701428532600402832e+00 5.439993739128112793e-01 0.000000000000000000e+00
1.741879820823669434e+00 5.827454328536987305e-01 0.000000000000000000e+00
1.814406275749206543e+00 5.714408755302429199e-01 0.000000000000000000e+00
1.884847044944763184e+00 5.757462382316589355e-01 0.000000000000000000e+00
1.831785202026367188e+00 6.750235557556152344e-01 0.000000000000000000e+00
1.858648419380187988e+00 7.475941777229309082e-01 0.000000000000000000e+00
1.848779082298278809e+00 7.646390795707702637e-01 0.000000000000000000e+00
1.868265151977539062e+00 7.453076243400573730e-01 0.000000000000000000e+00
1.889326214790344238e+00 7.066499590873718262e-01 0.000000000000000000e+00
1.880925536155700684e+00 7.510460615158081055e-01 0.000000000000000000e+00
1.911391258239746094e+00 6.583850383758544922e-01 0.000000000000000000e+00
1.924264073371887207e+00 6.056448817253112793e-01 0.000000000000000000e+00
1.953391075134277344e+00 4.743353426456451416e-01 0.000000000000000000e+00
1.934663534164428711e+00 4.889021515846252441e-01 0.000000000000000000e+00
1.930678486824035645e+00 4.520247578620910645e-01 0.000000000000000000e+00
1.933447003364562988e+00 4.050272405147552490e-01 0.000000000000000000e+00
1.945380449295043945e+00 4.158678948879241943e-01 0.000000000000000000e+00
1.951908349990844727e+00 3.487851917743682861e-01 0.000000000000000000e+00
1.957090616226196289e+00 3.148528039455413818e-01 0.000000000000000000e+00
1.960629463195800781e+00 2.789885997772216797e-01 0.000000000000000000e+00
1.972825527191162109e+00 2.606687545776367188e-01 0.000000000000000000e+00
2.038167238235473633e+00 3.984396457672119141e-01 0.000000000000000000e+00
2.099166154861450195e+00 4.553014934062957764e-01 0.000000000000000000e+00
2.129643678665161133e+00 4.871126115322113037e-01 0.000000000000000000e+00
2.070437669754028320e+00 4.768578112125396729e-01 0.000000000000000000e+00
2.080934524536132812e+00 5.043724179267883301e-01 0.000000000000000000e+00
2.085423469543457031e+00 5.257267355918884277e-01 0.000000000000000000e+00
2.107477426528930664e+00 4.678261280059814453e-01 0.000000000000000000e+00
2.093605995178222656e+00 5.406275391578674316e-01 0.000000000000000000e+00
2.093922138214111328e+00 5.571211576461791992e-01 0.000000000000000000e+00
2.107044219970703125e+00 5.888750553131103516e-01 0.000000000000000000e+00
2.127906560897827148e+00 6.305078864097595215e-01 0.000000000000000000e+00
2.166277647018432617e+00 6.989145874977111816e-01 0.000000000000000000e+00
2.165402412414550781e+00 6.961005330085754395e-01 0.000000000000000000e+00
2.186142444610595703e+00 7.114427685737609863e-01 0.000000000000000000e+00
2.201793909072875977e+00 7.438998818397521973e-01 0.000000000000000000e+00
2.224386215209960938e+00 6.193302869796752930e-01 0.000000000000000000e+00
2.247889041900634766e+00 6.189357638359069824e-01 0.000000000000000000e+00
2.224735498428344727e+00 6.475533843040466309e-01 0.000000000000000000e+00
2.229785442352294922e+00 6.449500322341918945e-01 0.000000000000000000e+00
2.227134227752685547e+00 6.359617710113525391e-01 0.000000000000000000e+00
2.237737417221069336e+00 5.864027738571166992e-01 0.000000000000000000e+00
2.268712282180786133e+00 4.600116014480590820e-01 0.000000000000000000e+00
2.283201456069946289e+00 3.733519911766052246e-01 0.000000000000000000e+00
2.280084609985351562e+00 3.839190006256103516e-01 0.000000000000000000e+00
2.291965246200561523e+00 3.410948514938354492e-01 0.000000000000000000e+00
2.320400476455688477e+00 3.244941234588623047e-01 0.000000000000000000e+00
2.384257316589355469e+00 3.733388185501098633e-01 0.000000000000000000e+00
2.490118026733398438e+00 4.538075029850006104e-01 0.000000000000000000e+00
2.458425521850585938e+00 4.290267527103424072e-01 0.000000000000000000e+00
2.416244268417358398e+00 3.895170688629150391e-01 0.000000000000000000e+00
2.417194604873657227e+00 3.956285119056701660e-01 0.000000000000000000e+00
2.417221307754516602e+00 4.009499251842498779e-01 0.000000000000000000e+00
2.417221307754516602e+00 4.063329100608825684e-01 0.000000000000000000e+00
2.411060094833374023e+00 4.975005984306335449e-01 0.000000000000000000e+00
2.432391881942749023e+00 4.807599186897277832e-01 0.000000000000000000e+00
2.417943000793457031e+00 4.841090142726898193e-01 0.000000000000000000e+00
2.418093681335449219e+00 5.026987791061401367e-01 0.000000000000000000e+00
2.418546199798583984e+00 5.188928246498107910e-01 0.000000000000000000e+00
2.418760538101196289e+00 5.339881777763366699e-01 0.000000000000000000e+00
2.416872024536132812e+00 5.512567162513732910e-01 0.000000000000000000e+00
2.416807413101196289e+00 5.690563917160034180e-01 0.000000000000000000e+00
2.413372755050659180e+00 5.877617597579956055e-01 0.000000000000000000e+00
2.412879228591918945e+00 6.051845550537109375e-01 0.000000000000000000e+00
2.412992238998413086e+00 6.220479607582092285e-01 0.000000000000000000e+00
2.411746025085449219e+00 6.404301524162292480e-01 0.000000000000000000e+00
2.382606267929077148e+00 6.386825442314147949e-01 0.000000000000000000e+00
2.400714874267578125e+00 6.666806340217590332e-01 0.000000000000000000e+00
2.400651931762695312e+00 6.824488043785095215e-01 0.000000000000000000e+00
2.400649547576904297e+00 6.983469724655151367e-01 0.000000000000000000e+00
2.410997629165649414e+00 5.547392368316650391e-01 0.000000000000000000e+00
2.400192022323608398e+00 6.323282122611999512e-01 0.000000000000000000e+00
2.406746864318847656e+00 5.851767659187316895e-01 0.000000000000000000e+00
2.413965940475463867e+00 5.480631589889526367e-01 0.000000000000000000e+00
2.396488666534423828e+00 4.542448818683624268e-01 0.000000000000000000e+00
2.345301628112792969e+00 2.701971530914306641e-01 0.000000000000000000e+00
2.343483686447143555e+00 3.251979053020477295e-01 0.000000000000000000e+00
2.139754772186279297e+00 1.937455087900161743e-01 0.000000000000000000e+00
2.216165542602539062e+00 1.747659593820571899e-01 0.000000000000000000e+00
2.202448606491088867e+00 1.092631965875625610e-01 0.000000000000000000e+00
2.227261543273925781e+00 3.593740984797477722e-02 0.000000000000000000e+00
2.225253343582153320e+00 -3.080008924007415771e-02 0.000000000000000000e+00
2.223297119140625000e+00 -9.737543016672134399e-02 0.000000000000000000e+00
2.191855669021606445e+00 -1.150676086544990540e-01 0.000000000000000000e+00
2.184906244277954102e+00 -1.606619507074356079e-01 0.000000000000000000e+00
2.205968856811523438e+00 -2.196509838104248047e-01 0.000000000000000000e+00
2.189689159393310547e+00 -2.548172175884246826e-01 0.000000000000000000e+00
2.178950071334838867e+00 -2.847489714622497559e-01 0.000000000000000000e+00
2.158556938171386719e+00 -2.952522635459899902e-01 0.000000000000000000e+00
2.136370182037353516e+00 -2.124886065721511841e-01 0.000000000000000000e+00
2.115158319473266602e+00 -1.504576206207275391e-01 0.000000000000000000e+00
2.069132804870605469e+00 -1.511311233043670654e-01 0.000000000000000000e+00
2.086867094039916992e+00 -1.850491315126419067e-01 0.000000000000000000e+00
2.105163574218750000e+00 -1.813244670629501343e-01 0.000000000000000000e+00
2.104995965957641602e+00 -1.674825102090835571e-01 0.000000000000000000e+00
2.104997873306274414e+00 -1.542300432920455933e-01 0.000000000000000000e+00
2.055044174194335938e+00 -4.652811959385871887e-02 0.000000000000000000e+00
2.041649341583251953e+00 -1.370416767895221710e-02 0.000000000000000000e+00
2.057950258255004883e+00 7.936448790132999420e-03 0.000000000000000000e+00
2.046351432800292969e+00 4.610132426023483276e-02 0.000000000000000000e+00
2.055472612380981445e+00 8.437317609786987305e-02 0.000000000000000000e+00
2.055558204650878906e+00 1.241875886917114258e-01 0.000000000000000000e+00
2.055554151535034180e+00 1.631446927785873413e-01 0.000000000000000000e+00
2.047046422958374023e+00 1.944274157285690308e-01 0.000000000000000000e+00
2.050880908966064453e+00 2.372720092535018921e-01 0.000000000000000000e+00
2.033198356628417969e+00 2.413330376148223877e-01 0.000000000000000000e+00
2.045820474624633789e+00 2.742890119552612305e-01 0.000000000000000000e+00
2.045054674148559570e+00 3.019795715808868408e-01 0.000000000000000000e+00
2.046205520629882812e+00 3.253906965255737305e-01 0.000000000000000000e+00
2.042186260223388672e+00 3.252978920936584473e-01 0.000000000000000000e+00
2.050700426101684570e+00 3.468404710292816162e-01 0.000000000000000000e+00
2.051379203796386719e+00 3.637464344501495361e-01 0.000000000000000000e+00
2.061890840530395508e+00 3.457657098770141602e-01 0.000000000000000000e+00
2.045734405517578125e+00 3.721587359905242920e-01 0.000000000000000000e+00
2.051081895828247070e+00 3.814854025840759277e-01 0.000000000000000000e+00
2.054769992828369141e+00 3.590149283409118652e-01 0.000000000000000000e+00
2.065149545669555664e+00 3.239863514900207520e-01 0.000000000000000000e+00
2.056344270706176758e+00 3.523660898208618164e-01 0.000000000000000000e+00
2.061756372451782227e+00 3.435293138027191162e-01 0.000000000000000000e+00
2.068018913269042969e+00 3.347198963165283203e-01 0.000000000000000000e+00
2.099977731704711914e+00 3.579594492912292480e-01 0.000000000000000000e+00
2.101409196853637695e+00 3.619851171970367432e-01 0.000000000000000000e+00
2.175759077072143555e+00 3.973434269428253174e-01 0.000000000000000000e+00
2.173918962478637695e+00 3.906741440296173096e-01 0.000000000000000000e+00
2.141560792922973633e+00 3.870554268360137939e-01 0.000000000000000000e+00
2.151215314865112305e+00 3.982871472835540771e-01 0.000000000000000000e+00
2.153406143188476562e+00 3.978388607501983643e-01 0.000000000000000000e+00
2.151765823364257812e+00 4.188337922096252441e-01 0.000000000000000000e+00
2.163765192031860352e+00 4.406175911426544189e-01 0.000000000000000000e+00
2.158090829849243164e+00 4.447014033794403076e-01 0.000000000000000000e+00
2.171684265136718750e+00 4.708846509456634521e-01 0.000000000000000000e+00
2.161804914474487305e+00 4.735101163387298584e-01 0.000000000000000000e+00
2.162450551986694336e+00 4.868214130401611328e-01 0.000000000000000000e+00
2.176035881042480469e+00 5.150015354156494141e-01 0.000000000000000000e+00
2.164194107055664062e+00 5.160611867904663086e-01 0.000000000000000000e+00
2.164230108261108398e+00 5.298460125923156738e-01 0.000000000000000000e+00
2.164231777191162109e+00 5.432850718498229980e-01 0.000000000000000000e+00
2.057669162750244141e+00 5.906445384025573730e-01 0.000000000000000000e+00
1.470838785171508789e+00 6.585228443145751953e-01 0.000000000000000000e+00
1.400445938110351562e+00 6.531823873519897461e-01 0.000000000000000000e+00
1.613960862159729004e+00 6.566706895828247070e-01 0.000000000000000000e+00
1.558362126350402832e+00 6.914023160934448242e-01 0.000000000000000000e+00
1.547231316566467285e+00 7.605082988739013672e-01 0.000000000000000000e+00
1.509560227394104004e+00 7.334330081939697266e-01 0.000000000000000000e+00
1.318890810012817383e+00 8.565984368324279785e-01 0.000000000000000000e+00
1.244886398315429688e+00 9.091903567314147949e-01 0.000000000000000000e+00
1.293663024902343750e+00 1.037038564682006836e+00 0.000000000000000000e+00
1.127051711082458496e+00 1.074754238128662109e+00 0.000000000000000000e+00
9.257158637046813965e-01 1.197329521179199219e+00 0.000000000000000000e+00
7.367830276489257812e-01 1.287413954734802246e+00 0.000000000000000000e+00
8.000532388687133789e-01 1.365717649459838867e+00 0.000000000000000000e+00
8.098941445350646973e-01 1.318144679069519043e+00 0.000000000000000000e+00
7.006866335868835449e-01 1.322666883468627930e+00 0.000000000000000000e+00
6.506960988044738770e-01 1.341532111167907715e+00 0.000000000000000000e+00
5.280733704566955566e-01 1.351451158523559570e+00 0.000000000000000000e+00
4.517549574375152588e-01 1.409697175025939941e+00 0.000000000000000000e+00
3.055361211299896240e-01 1.470367431640625000e+00 0.000000000000000000e+00
1.007035821676254272e-01 1.515915751457214355e+00 0.000000000000000000e+00
3.922218829393386841e-02 1.501999735832214355e+00 0.000000000000000000e+00
-7.275264710187911987e-02 1.485554575920104980e+00 0.000000000000000000e+00
-1.792721599340438843e-01 1.477676630020141602e+00 0.000000000000000000e+00
-2.976080477237701416e-01 1.481994628906250000e+00 0.000000000000000000e+00
-3.008402287960052490e-01 1.522616505622863770e+00 0.000000000000000000e+00
-3.100228905677795410e-01 1.539851546287536621e+00 0.000000000000000000e+00
-3.068372905254364014e-01 1.548547387123107910e+00 0.000000000000000000e+00
-3.821660876274108887e-01 1.545291304588317871e+00 0.000000000000000000e+00
-3.433707952499389648e-01 1.566017508506774902e+00 0.000000000000000000e+00
-3.683164417743682861e-01 1.604830384254455566e+00 0.000000000000000000e+00
-3.139267265796661377e-01 1.569677352905273438e+00 0.000000000000000000e+00
-2.923981249332427979e-01 1.610315918922424316e+00 0.000000000000000000e+00
-2.773823738098144531e-01 1.584287762641906738e+00 0.000000000000000000e+00
-1.720024496316909790e-01 1.593208193778991699e+00 0.000000000000000000e+00
-1.492604166269302368e-01 1.589695692062377930e+00 0.000000000000000000e+00
-1.051922813057899475e-01 1.592702746391296387e+00 0.000000000000000000e+00
9.803929366171360016e-03 1.586161136627197266e+00 0.000000000000000000e+00
3.370319679379463196e-02 1.592220783233642578e+00 0.000000000000000000e+00
9.149373322725296021e-02 1.592250823974609375e+00 0.000000000000000000e+00
1.527978032827377319e-01 1.592249989509582520e+00 0.000000000000000000e+00
1.988005340099334717e-01 1.608148455619812012e+00 0.000000000000000000e+00
2.613718807697296143e-01 1.604935526847839355e+00 0.000000000000000000e+00
2.372041046619415283e-01 1.620407581329345703e+00 0.000000000000000000e+00
2.079507410526275635e-01 1.616778135299682617e+00 0.000000000000000000e+00
3.083793222904205322e-01 1.617352247238159180e+00 0.000000000000000000e+00
2.551186084747314453e-01 1.601027369499206543e+00 0.000000000000000000e+00
3.183954060077667236e-01 1.617587685585021973e+00 0.000000000000000000e+00
2.695522010326385498e-01 1.604981184005737305e+00 0.000000000000000000e+00
1.840833425521850586e-01 1.565794825553894043e+00 0.000000000000000000e+00
2.491493076086044312e-01 1.597811341285705566e+00 0.000000000000000000e+00
1.934024393558502197e-01 1.576159954071044922e+00 0.000000000000000000e+00
1.688293069601058960e-01 1.552995085716247559e+00 0.000000000000000000e+00
1.606477200984954834e-01 1.562712192535400391e+00 0.000000000000000000e+00
1.429414749145507812e-01 1.567173838615417480e+00 0.000000000000000000e+00
1.157378926873207092e-01 1.564980149269104004e+00 0.000000000000000000e+00
9.521020948886871338e-02 1.564939379692077637e+00 0.000000000000000000e+00
6.887586414813995361e-02 1.572073936462402344e+00 0.000000000000000000e+00
4.749345779418945312e-02 1.566741585731506348e+00 0.000000000000000000e+00
2.433318085968494415e-02 1.566949725151062012e+00 0.000000000000000000e+00
1.238003256730735302e-03 1.566950559616088867e+00 0.000000000000000000e+00
-2.185879647731781006e-02 1.566950559616088867e+00 0.000000000000000000e+00
-4.495484381914138794e-02 1.566950559616088867e+00 0.000000000000000000e+00
-6.838735193014144897e-02 1.566950559616088867e+00 0.000000000000000000e+00
-8.756089210510253906e-02 1.570739388465881348e+00 0.000000000000000000e+00
-1.115444153547286987e-01 1.581458687782287598e+00 0.000000000000000000e+00
-1.208389177918434143e-01 1.577603101730346680e+00 0.000000000000000000e+00
-1.300021559000015259e-01 1.578304052352905273e+00 0.000000000000000000e+00
-1.284386068582534790e-01 1.583767771720886230e+00 0.000000000000000000e+00
-1.373320519924163818e-01 1.586214780807495117e+00 0.000000000000000000e+00
-1.486147344112396240e-01 1.589651584625244141e+00 0.000000000000000000e+00
-1.543360203504562378e-01 1.591202735900878906e+00 0.000000000000000000e+00
-1.333725601434707642e-01 1.599841117858886719e+00 0.000000000000000000e+00
-1.176475062966346741e-01 1.622386455535888672e+00 0.000000000000000000e+00
-7.283373922109603882e-02 1.648761510848999023e+00 0.000000000000000000e+00
-5.588543415069580078e-02 1.630489706993103027e+00 0.000000000000000000e+00
-3.458913415670394897e-02 1.632673025131225586e+00 0.000000000000000000e+00
-1.443137135356664658e-02 1.633674860000610352e+00 0.000000000000000000e+00
1.754725817590951920e-03 1.646935939788818359e+00 0.000000000000000000e+00
1.836714334785938263e-02 1.662257909774780273e+00 0.000000000000000000e+00
4.105897620320320129e-02 1.652003049850463867e+00 0.000000000000000000e+00
6.052448973059654236e-02 1.652179718017578125e+00 0.000000000000000000e+00
7.853968441486358643e-02 1.652340531349182129e+00 0.000000000000000000e+00
9.851676225662231445e-02 1.652342200279235840e+00 0.000000000000000000e+00
1.176228150725364685e-01 1.652342200279235840e+00 0.000000000000000000e+00
1.367502957582473755e-01 1.652342200279235840e+00 0.000000000000000000e+00
1.558637022972106934e-01 1.652342200279235840e+00 0.000000000000000000e+00
1.749922335147857666e-01 1.652342200279235840e+00 0.000000000000000000e+00
1.941198110580444336e-01 1.652342200279235840e+00 0.000000000000000000e+00
2.132479995489120483e-01 1.652342200279235840e+00 0.000000000000000000e+00
2.323762774467468262e-01 1.652342200279235840e+00 0.000000000000000000e+00
2.515885233879089355e-01 1.652342200279235840e+00 0.000000000000000000e+00
2.716720104217529297e-01 1.652342200279235840e+00 0.000000000000000000e+00
2.907801270484924316e-01 1.652342200279235840e+00 0.000000000000000000e+00
3.098794519901275635e-01 1.652342200279235840e+00 0.000000000000000000e+00
3.290077745914459229e-01 1.652342200279235840e+00 0.000000000000000000e+00
3.481505513191223145e-01 1.652342200279235840e+00 0.000000000000000000e+00
3.226463794708251953e-01 1.648185610771179199e+00 0.000000000000000000e+00
3.692076206207275391e-01 1.647838830947875977e+00 0.000000000000000000e+00
3.633174896240234375e-01 1.621425628662109375e+00 0.000000000000000000e+00
3.761960268020629883e-01 1.591188430786132812e+00 0.000000000000000000e+00
2.979840338230133057e-01 1.522009134292602539e+00 0.000000000000000000e+00
1.828705668449401855e-01 1.406282663345336914e+00 0.000000000000000000e+00
1.396549642086029053e-01 1.384221434593200684e+00 0.000000000000000000e+00
1.856916695833206177e-01 1.419367551803588867e+00 0.000000000000000000e+00
1.555406600236892700e-01 1.404969930648803711e+00 0.000000000000000000e+00
1.122271642088890076e-01 1.420701146125793457e+00 0.000000000000000000e+00
1.048277541995048523e-01 1.414705991744995117e+00 0.000000000000000000e+00
1.050830632448196411e-01 1.254539489746093750e+00 0.000000000000000000e+00
9.217846393585205078e-02 1.253749489784240723e+00 0.000000000000000000e+00
5.667487159371376038e-02 1.315743684768676758e+00 0.000000000000000000e+00
5.581896752119064331e-02 1.294310688972473145e+00 0.000000000000000000e+00
7.743997871875762939e-02 1.258221983909606934e+00 0.000000000000000000e+00
4.863182455301284790e-02 1.238089323043823242e+00 0.000000000000000000e+00
1.005729213356971741e-01 1.145826697349548340e+00 0.000000000000000000e+00
7.542248815298080444e-02 1.164121985435485840e+00 0.000000000000000000e+00
8.749063313007354736e-02 1.141378402709960938e+00 0.000000000000000000e+00
9.368040412664413452e-02 1.138234019279479980e+00 0.000000000000000000e+00
1.001156494021415710e-01 1.139308810234069824e+00 0.000000000000000000e+00
1.048323959112167358e-01 1.144269824028015137e+00 0.000000000000000000e+00
1.233278512954711914e-01 1.103967547416687012e+00 0.000000000000000000e+00
1.380406171083450317e-01 1.081860542297363281e+00 0.000000000000000000e+00
1.391163170337677002e-01 1.110272884368896484e+00 0.000000000000000000e+00
1.552504897117614746e-01 1.046084761619567871e+00 0.000000000000000000e+00
1.668781191110610962e-01 1.080364584922790527e+00 0.000000000000000000e+00
1.672875881195068359e-01 1.075428366661071777e+00 0.000000000000000000e+00
1.482551246881484985e-01 9.758657217025756836e-01 0.000000000000000000e+00
1.166298985481262207e-01 8.476949334144592285e-01 0.000000000000000000e+00
5.818447098135948181e-02 7.999991178512573242e-01 0.000000000000000000e+00
5.180077627301216125e-02 7.552201151847839355e-01 0.000000000000000000e+00
6.273216009140014648e-02 7.416192293167114258e-01 0.000000000000000000e+00
3.898321464657783508e-02 7.031590342521667480e-01 0.000000000000000000e+00
1.240491028875112534e-02 6.736518740653991699e-01 0.000000000000000000e+00
-8.494123816490173340e-03 6.212379336357116699e-01 0.000000000000000000e+00
-4.911834374070167542e-02 6.347550153732299805e-01 0.000000000000000000e+00
-5.963031202554702759e-02 5.626162290573120117e-01 0.000000000000000000e+00
-6.278023123741149902e-02 5.792359113693237305e-01 0.000000000000000000e+00
-1.024599969387054443e-01 5.658828616142272949e-01 0.000000000000000000e+00
-1.067327409982681274e-01 5.555226206779479980e-01 0.000000000000000000e+00
-6.352696567773818970e-02 5.931480526924133301e-01 0.000000000000000000e+00
-1.029664278030395508e-01 6.035274863243103027e-01 0.000000000000000000e+00
-1.139758303761482239e-01 5.661543011665344238e-01 0.000000000000000000e+00
-1.085635572671890259e-01 5.845712423324584961e-01 0.000000000000000000e+00
-1.105583235621452332e-01 6.199018359184265137e-01 0.000000000000000000e+00
-1.207611337304115295e-01 6.145480275154113770e-01 0.000000000000000000e+00
-1.101790964603424072e-01 6.412754654884338379e-01 0.000000000000000000e+00
-1.209847182035446167e-01 6.406600475311279297e-01 0.000000000000000000e+00
-1.023434028029441833e-01 6.747986674308776855e-01 0.000000000000000000e+00
-1.058951020240783691e-01 6.845658421516418457e-01 0.000000000000000000e+00
-1.017098352313041687e-01 7.011513710021972656e-01 0.000000000000000000e+00
-9.845016896724700928e-02 7.336814403533935547e-01 0.000000000000000000e+00
-7.596044987440109253e-02 8.808428645133972168e-01 0.000000000000000000e+00
-8.332388848066329956e-02 8.349052667617797852e-01 0.000000000000000000e+00
-5.235365033149719238e-02 8.651848435401916504e-01 0.000000000000000000e+00
1.886757463216781616e-02 9.057806134223937988e-01 0.000000000000000000e+00
-1.263151969760656357e-02 9.348644018173217773e-01 0.000000000000000000e+00
5.205151624977588654e-03 9.691833257675170898e-01 0.000000000000000000e+00
2.269353531301021576e-02 1.004240870475769043e+00 0.000000000000000000e+00
4.025235772132873535e-02 1.039434432983398438e+00 0.000000000000000000e+00
5.820133909583091736e-02 1.075410366058349609e+00 0.000000000000000000e+00
7.564891129732131958e-02 1.108029603958129883e+00 0.000000000000000000e+00
9.270454943180084229e-02 1.108286261558532715e+00 0.000000000000000000e+00
1.021293029189109802e-01 1.134815335273742676e+00 0.000000000000000000e+00
8.078952133655548096e-02 1.165783047676086426e+00 0.000000000000000000e+00
2.996925637125968933e-02 1.211628317832946777e+00 0.000000000000000000e+00
6.373330205678939819e-02 1.167102932929992676e+00 0.000000000000000000e+00
7.674323767423629761e-02 1.165628314018249512e+00 0.000000000000000000e+00
6.469103693962097168e-02 1.134570360183715820e+00 0.000000000000000000e+00
8.282322436571121216e-02 1.090585112571716309e+00 0.000000000000000000e+00
7.652343809604644775e-02 1.135436773300170898e+00 0.000000000000000000e+00
5.906271934509277344e-02 1.135270714759826660e+00 0.000000000000000000e+00
3.640523552894592285e-02 1.121242761611938477e+00 0.000000000000000000e+00
-7.657600194215774536e-02 1.079809546470642090e+00 0.000000000000000000e+00
-5.170812085270881653e-02 1.100833296775817871e+00 0.000000000000000000e+00
-1.173218041658401489e-01 1.117806315422058105e+00 0.000000000000000000e+00
-1.575785130262374878e-01 1.119301557540893555e+00 0.000000000000000000e+00
-1.787410974502563477e-01 1.117249846458435059e+00 0.000000000000000000e+00
-2.215883433818817139e-01 1.119946599006652832e+00 0.000000000000000000e+00
-2.686618566513061523e-01 1.137197732925415039e+00 0.000000000000000000e+00
-3.087133169174194336e-01 1.137128114700317383e+00 0.000000000000000000e+00
-3.499523997306823730e-01 1.127969384193420410e+00 0.000000000000000000e+00
-3.922528326511383057e-01 1.128077387809753418e+00 0.000000000000000000e+00
-4.328644871711730957e-01 1.128077983856201172e+00 0.000000000000000000e+00
-4.277253150939941406e-01 1.179465293884277344e+00 0.000000000000000000e+00
-3.596494495868682861e-01 1.174637913703918457e+00 0.000000000000000000e+00
-3.186342716217041016e-01 1.055762887001037598e+00 0.000000000000000000e+00
-2.114468067884445190e-01 9.940540194511413574e-01 0.000000000000000000e+00
-2.361534237861633301e-01 1.002943754196166992e+00 0.000000000000000000e+00
-1.848931312561035156e-01 9.587363600730895996e-01 0.000000000000000000e+00
-1.693131774663925171e-01 9.577177166938781738e-01 0.000000000000000000e+00
-1.355782002210617065e-01 9.730604887008666992e-01 0.000000000000000000e+00
-7.901341468095779419e-02 9.127144217491149902e-01 0.000000000000000000e+00
-2.049487270414829254e-02 8.415506482124328613e-01 0.000000000000000000e+00
1.548918988555669785e-02 8.522052764892578125e-01 0.000000000000000000e+00
6.751266121864318848e-02 7.993617653846740723e-01 0.000000000000000000e+00
1.114958599209785461e-01 7.670250535011291504e-01 0.000000000000000000e+00
9.679251909255981445e-02 7.591195106506347656e-01 0.000000000000000000e+00
-1.743676699697971344e-02 7.160782217979431152e-01 0.000000000000000000e+00
-6.762237846851348877e-02 7.283129096031188965e-01 0.000000000000000000e+00
-6.711309403181076050e-02 6.914272904396057129e-01 0.000000000000000000e+00
-5.015213042497634888e-02 6.637015342712402344e-01 0.000000000000000000e+00
-6.688926368951797485e-02 6.500172019004821777e-01 0.000000000000000000e+00
-9.693539887666702271e-02 6.372055411338806152e-01 0.000000000000000000e+00
-1.264388412237167358e-01 6.075068712234497070e-01 0.000000000000000000e+00
-1.588183194398880005e-01 5.778037309646606445e-01 0.000000000000000000e+00
-2.428952604532241821e-01 5.570948719978332520e-01 0.000000000000000000e+00
-2.765500545501708984e-01 4.851893186569213867e-01 0.000000000000000000e+00
-3.339501917362213135e-01 4.549713432788848877e-01 0.000000000000000000e+00
-3.548755049705505371e-01 4.496776759624481201e-01 0.000000000000000000e+00
-4.042833745479583740e-01 4.444361031055450439e-01 0.000000000000000000e+00
-4.647043347358703613e-01 5.497589707374572754e-01 0.000000000000000000e+00
-4.379419386386871338e-01 5.802383422851562500e-01 0.000000000000000000e+00
-4.659445285797119141e-01 6.321112513542175293e-01 0.000000000000000000e+00
-5.169359445571899414e-01 6.047559380531311035e-01 0.000000000000000000e+00
-5.480542182922363281e-01 6.346907019615173340e-01 0.000000000000000000e+00
-5.746831297874450684e-01 6.571886539459228516e-01 0.000000000000000000e+00
-5.145857930183410645e-01 7.211082577705383301e-01 0.000000000000000000e+00
-4.842218160629272461e-01 7.687239646911621094e-01 0.000000000000000000e+00
-5.200683474540710449e-01 8.014285564422607422e-01 0.000000000000000000e+00
-4.943281114101409912e-01 8.190552592277526855e-01 0.000000000000000000e+00
-5.287802815437316895e-01 8.539991378784179688e-01 0.000000000000000000e+00
-5.247337222099304199e-01 8.933825492858886719e-01 0.000000000000000000e+00
-5.225802659988403320e-01 9.302365779876708984e-01 0.000000000000000000e+00
-5.248079299926757812e-01 9.644986987113952637e-01 0.000000000000000000e+00
-5.197033286094665527e-01 9.967967271804809570e-01 0.000000000000000000e+00
-5.393074750900268555e-01 9.915935993194580078e-01 0.000000000000000000e+00
-5.348155498504638672e-01 1.028721213340759277e+00 0.000000000000000000e+00
-5.711039304733276367e-01 1.002163529396057129e+00 0.000000000000000000e+00
-5.520284771919250488e-01 9.745298624038696289e-01 0.000000000000000000e+00
-5.507426857948303223e-01 1.010411620140075684e+00 0.000000000000000000e+00
-5.511128902435302734e-01 9.978766441345214844e-01 0.000000000000000000e+00
-5.604033470153808594e-01 9.121392965316772461e-01 0.000000000000000000e+00
-5.712506175041198730e-01 7.971938252449035645e-01 0.000000000000000000e+00
-5.741862654685974121e-01 8.093590736389160156e-01 0.000000000000000000e+00
-5.648187398910522461e-01 7.682775855064392090e-01 0.000000000000000000e+00
-5.753259062767028809e-01 7.383162379264831543e-01 0.000000000000000000e+00
-5.789086222648620605e-01 6.926947832107543945e-01 0.000000000000000000e+00
-5.838277339935302734e-01 6.528598070144653320e-01 0.000000000000000000e+00
-5.899509191513061523e-01 6.178398728370666504e-01 0.000000000000000000e+00
-6.000108718872070312e-01 5.992960333824157715e-01 0.000000000000000000e+00
-5.999975800514221191e-01 5.641217827796936035e-01 0.000000000000000000e+00
-6.147521138191223145e-01 5.368042588233947754e-01 0.000000000000000000e+00
-6.164473891258239746e-01 5.187351703643798828e-01 0.000000000000000000e+00
-6.268485784530639648e-01 4.900586307048797607e-01 0.000000000000000000e+00
-6.251805424690246582e-01 4.847660362720489502e-01 0.000000000000000000e+00
-6.265580654144287109e-01 4.891012609004974365e-01 0.000000000000000000e+00
-6.266427040100097656e-01 4.801777601242065430e-01 0.000000000000000000e+00
-6.095475554466247559e-01 5.189836621284484863e-01 0.000000000000000000e+00
-6.061339974403381348e-01 4.989109933376312256e-01 0.000000000000000000e+00
-5.366942286491394043e-01 5.120615959167480469e-01 0.000000000000000000e+00
-5.657323002815246582e-01 5.045418739318847656e-01 0.000000000000000000e+00
-5.352979898452758789e-01 5.008195042610168457e-01 0.000000000000000000e+00
-4.644173383712768555e-01 5.275356769561767578e-01 0.000000000000000000e+00
-4.324375391006469727e-01 5.275143384933471680e-01 0.000000000000000000e+00
-3.843168914318084717e-01 5.245006680488586426e-01 0.000000000000000000e+00
-3.723192214965820312e-01 5.551741123199462891e-01 0.000000000000000000e+00
-3.385093212127685547e-01 5.573935508728027344e-01 0.000000000000000000e+00
-3.045872449874877930e-01 5.684010982513427734e-01 0.000000000000000000e+00
-2.683200836181640625e-01 5.789710879325866699e-01 0.000000000000000000e+00
-2.321507930755615234e-01 5.895299315452575684e-01 0.000000000000000000e+00
-1.959803402423858643e-01 6.000903248786926270e-01 0.000000000000000000e+00
-1.785200238227844238e-01 6.664832830429077148e-01 0.000000000000000000e+00
-1.392483413219451904e-01 6.668649315834045410e-01 0.000000000000000000e+00
-1.059331446886062622e-01 6.868314743041992188e-01 0.000000000000000000e+00
-7.477907836437225342e-02 7.079102396965026855e-01 0.000000000000000000e+00
-4.270423948764801025e-02 7.318144440650939941e-01 0.000000000000000000e+00
-1.487905532121658325e-02 7.551711797714233398e-01 0.000000000000000000e+00
1.693901792168617249e-02 7.783071994781494141e-01 0.000000000000000000e+00
4.867388308048248291e-02 8.014209866523742676e-01 0.000000000000000000e+00
7.876177877187728882e-02 8.233422040939331055e-01 0.000000000000000000e+00
8.538506180047988892e-02 8.198546767234802246e-01 0.000000000000000000e+00
9.319879859685897827e-02 7.690903544425964355e-01 0.000000000000000000e+00
1.368738114833831787e-01 8.233897089958190918e-01 0.000000000000000000e+00
1.544705629348754883e-01 8.247696757316589355e-01 0.000000000000000000e+00
-4.484173841774463654e-03 -2.123398706316947937e-02 0.000000000000000000e+00
0.000000000000000000e+00 1.120935543440282345e-03 0.000000000000000000e+00
0.000000000000000000e+00 0.000000000000000000e+00 0.000000000000000000e+00
0.000000000000000000e+00 0.000000000000000000e+00 0.000000000000000000e+00
0.000000000000000000e+00 0.000000000000000000e+00 0.000000000000000000e+00
0.000000000000000000e+00 0.000000000000000000e+00 0.000000000000000000e+00
0.000000000000000000e+00 0.000000000000000000e+00 0.000000000000000000e+00
0.000000000000000000e+00 0.000000000000000000e+00 0.000000000000000000e+00
0.000000000000000000e+00 0.000000000000000000e+00 0.000000000000000000e+00
0.000000000000000000e+00 0.000000000000000000e+00 0.000000000000000000e+00
0.000000000000000000e+00 0.000000000000000000e+00 0.000000000000000000e+00
0.000000000000000000e+00 0.000000000000000000e+00 0.000000000000000000e+00
0.000000000000000000e+00 0.000000000000000000e+00 0.000000000000000000e+00
0.000000000000000000e+00 0.000000000000000000e+00 0.000000000000000000e+00
0.000000000000000000e+00 0.000000000000000000e+00 0.000000000000000000e+00
0.000000000000000000e+00 0.000000000000000000e+00 0.000000000000000000e+00
0.000000000000000000e+00 0.000000000000000000e+00 0.000000000000000000e+00
0.000000000000000000e+00 0.000000000000000000e+00 0.000000000000000000e+00
0.000000000000000000e+00 0.000000000000000000e+00 0.000000000000000000e+00
0.000000000000000000e+00 0.000000000000000000e+00 0.000000000000000000e+00
0.000000000000000000e+00 0.000000000000000000e+00 0.000000000000000000e+00
0.000000000000000000e+00 0.000000000000000000e+00 0.000000000000000000e+00
0.000000000000000000e+00 0.000000000000000000e+00 0.000000000000000000e+00
0.000000000000000000e+00 0.000000000000000000e+00 0.000000000000000000e+00
0.000000000000000000e+00 0.000000000000000000e+00 0.000000000000000000e+00
0.000000000000000000e+00 0.000000000000000000e+00 0.000000000000000000e+00
0.000000000000000000e+00 0.000000000000000000e+00 0.000000000000000000e+00
0.000000000000000000e+00 0.000000000000000000e+00 0.000000000000000000e+00
0.000000000000000000e+00 0.000000000000000000e+00 0.000000000000000000e+00
0.000000000000000000e+00 0.000000000000000000e+00 0.000000000000000000e+00
0.000000000000000000e+00 0.000000000000000000e+00 0.000000000000000000e+00
0.000000000000000000e+00 0.000000000000000000e+00 0.000000000000000000e+00
0.000000000000000000e+00 0.000000000000000000e+00 0.000000000000000000e+00
0.000000000000000000e+00 0.000000000000000000e+00 0.000000000000000000e+00
0.000000000000000000e+00 0.000000000000000000e+00 0.000000000000000000e+00
0.000000000000000000e+00 0.000000000000000000e+00 0.000000000000000000e+00
0.000000000000000000e+00 0.000000000000000000e+00 0.000000000000000000e+00
0.000000000000000000e+00 0.000000000000000000e+00 0.000000000000000000e+00
0.000000000000000000e+00 0.000000000000000000e+00 0.000000000000000000e+00
0.000000000000000000e+00 0.000000000000000000e+00 0.000000000000000000e+00
0.000000000000000000e+00 0.000000000000000000e+00 0.000000000000000000e+00
0.000000000000000000e+00 0.000000000000000000e+00 0.000000000000000000e+00
0.000000000000000000e+00 0.000000000000000000e+00 0.000000000000000000e+00
0.000000000000000000e+00 0.000000000000000000e+00 0.000000000000000000e+00
0.000000000000000000e+00 0.000000000000000000e+00 0.000000000000000000e+00
0.000000000000000000e+00 0.000000000000000000e+00 0.000000000000000000e+00
0.000000000000000000e+00 0.000000000000000000e+00 0.000000000000000000e+00
0.000000000000000000e+00 0.000000000000000000e+00 0.000000000000000000e+00
0.000000000000000000e+00 0.000000000000000000e+00 0.000000000000000000e+00
0.000000000000000000e+00 0.000000000000000000e+00 0.000000000000000000e+00
0.000000000000000000e+00 0.000000000000000000e+00 0.000000000000000000e+00
0.000000000000000000e+00 0.000000000000000000e+00 0.000000000000000000e+00
0.000000000000000000e+00 0.000000000000000000e+00 0.000000000000000000e+00
0.000000000000000000e+00 0.000000000000000000e+00 0.000000000000000000e+00
0.000000000000000000e+00 0.000000000000000000e+00 0.000000000000000000e+00
0.000000000000000000e+00 0.000000000000000000e+00 0.000000000000000000e+00
0.000000000000000000e+00 0.000000000000000000e+00 0.000000000000000000e+00
0.000000000000000000e+00 0.000000000000000000e+00 0.000000000000000000e+00
0.000000000000000000e+00 0.000000000000000000e+00 0.000000000000000000e+00
0.000000000000000000e+00 0.000000000000000000e+00 0.000000000000000000e+00
0.000000000000000000e+00 0.000000000000000000e+00 0.000000000000000000e+00
0.000000000000000000e+00 0.000000000000000000e+00 0.000000000000000000e+00
0.000000000000000000e+00 0.000000000000000000e+00 0.000000000000000000e+00
0.000000000000000000e+00 0.000000000000000000e+00 0.000000000000000000e+00
0.000000000000000000e+00 0.000000000000000000e+00 0.000000000000000000e+00
0.000000000000000000e+00 0.000000000000000000e+00 0.000000000000000000e+00
0.000000000000000000e+00 0.000000000000000000e+00 0.000000000000000000e+00
0.000000000000000000e+00 0.000000000000000000e+00 0.000000000000000000e+00
0.000000000000000000e+00 0.000000000000000000e+00 0.000000000000000000e+00
0.000000000000000000e+00 0.000000000000000000e+00 0.000000000000000000e+00
0.000000000000000000e+00 0.000000000000000000e+00 0.000000000000000000e+00
0.000000000000000000e+00 0.000000000000000000e+00 0.000000000000000000e+00
0.000000000000000000e+00 0.000000000000000000e+00 0.000000000000000000e+00
0.000000000000000000e+00 0.000000000000000000e+00 0.000000000000000000e+00
0.000000000000000000e+00 0.000000000000000000e+00 0.000000000000000000e+00
0.000000000000000000e+00 0.000000000000000000e+00 0.000000000000000000e+00
0.000000000000000000e+00 0.000000000000000000e+00 0.000000000000000000e+00
0.000000000000000000e+00 0.000000000000000000e+00 0.000000000000000000e+00
0.000000000000000000e+00 0.000000000000000000e+00 0.000000000000000000e+00
0.000000000000000000e+00 0.000000000000000000e+00 0.000000000000000000e+00
0.000000000000000000e+00 0.000000000000000000e+00 0.000000000000000000e+00
0.000000000000000000e+00 0.000000000000000000e+00 0.000000000000000000e+00
0.000000000000000000e+00 0.000000000000000000e+00 0.000000000000000000e+00
0.000000000000000000e+00 0.000000000000000000e+00 0.000000000000000000e+00
0.000000000000000000e+00 0.000000000000000000e+00 0.000000000000000000e+00
0.000000000000000000e+00 0.000000000000000000e+00 0.000000000000000000e+00
0.000000000000000000e+00 0.000000000000000000e+00 0.000000000000000000e+00
0.000000000000000000e+00 0.000000000000000000e+00 0.000000000000000000e+00
0.000000000000000000e+00 0.000000000000000000e+00 0.000000000000000000e+00
0.000000000000000000e+00 0.000000000000000000e+00 0.000000000000000000e+00
0.000000000000000000e+00 0.000000000000000000e+00 0.000000000000000000e+00
0.000000000000000000e+00 0.000000000000000000e+00 0.000000000000000000e+00
0.000000000000000000e+00 0.000000000000000000e+00 0.000000000000000000e+00
0.000000000000000000e+00 0.000000000000000000e+00 0.000000000000000000e+00
0.000000000000000000e+00 0.000000000000000000e+00 0.000000000000000000e+00
0.000000000000000000e+00 0.000000000000000000e+00 0.000000000000000000e+00
0.000000000000000000e+00 0.000000000000000000e+00 0.000000000000000000e+00
0.000000000000000000e+00 0.000000000000000000e+00 0.000000000000000000e+00
0.000000000000000000e+00 0.000000000000000000e+00 0.000000000000000000e+00
0.000000000000000000e+00 0.000000000000000000e+00 0.000000000000000000e+00
0.000000000000000000e+00 0.000000000000000000e+00 0.000000000000000000e+00
0.000000000000000000e+00 0.000000000000000000e+00 0.000000000000000000e+00
0.000000000000000000e+00 0.000000000000000000e+00 0.000000000000000000e+00
0.000000000000000000e+00 0.000000000000000000e+00 0.000000000000000000e+00
0.000000000000000000e+00 0.000000000000000000e+00 0.000000000000000000e+00
0.000000000000000000e+00 0.000000000000000000e+00 0.000000000000000000e+00
0.000000000000000000e+00 0.000000000000000000e+00 0.000000000000000000e+00
0.000000000000000000e+00 0.000000000000000000e+00 0.000000000000000000e+00
0.000000000000000000e+00 0.000000000000000000e+00 0.000000000000000000e+00
0.000000000000000000e+00 0.000000000000000000e+00 0.000000000000000000e+00
0.000000000000000000e+00 0.000000000000000000e+00 0.000000000000000000e+00
0.000000000000000000e+00 0.000000000000000000e+00 0.000000000000000000e+00
0.000000000000000000e+00 0.000000000000000000e+00 0.000000000000000000e+00
0.000000000000000000e+00 0.000000000000000000e+00 0.000000000000000000e+00
0.000000000000000000e+00 0.000000000000000000e+00 0.000000000000000000e+00
0.000000000000000000e+00 0.000000000000000000e+00 0.000000000000000000e+00
0.000000000000000000e+00 0.000000000000000000e+00 0.000000000000000000e+00
0.000000000000000000e+00 0.000000000000000000e+00 0.000000000000000000e+00
0.000000000000000000e+00 0.000000000000000000e+00 0.000000000000000000e+00
0.000000000000000000e+00 0.000000000000000000e+00 0.000000000000000000e+00
0.000000000000000000e+00 0.000000000000000000e+00 0.000000000000000000e+00
0.000000000000000000e+00 0.000000000000000000e+00 0.000000000000000000e+00
0.000000000000000000e+00 0.000000000000000000e+00 0.000000000000000000e+00
0.000000000000000000e+00 0.000000000000000000e+00 0.000000000000000000e+00
0.000000000000000000e+00 0.000000000000000000e+00 0.000000000000000000e+00
0.000000000000000000e+00 0.000000000000000000e+00 0.000000000000000000e+00
0.000000000000000000e+00 0.000000000000000000e+00 0.000000000000000000e+00
0.000000000000000000e+00 0.000000000000000000e+00 0.000000000000000000e+00
0.000000000000000000e+00 0.000000000000000000e+00 0.000000000000000000e+00
0.000000000000000000e+00 0.000000000000000000e+00 0.000000000000000000e+00
0.000000000000000000e+00 0.000000000000000000e+00 0.000000000000000000e+00
0.000000000000000000e+00 0.000000000000000000e+00 0.000000000000000000e+00
0.000000000000000000e+00 0.000000000000000000e+00 0.000000000000000000e+00
0.000000000000000000e+00 0.000000000000000000e+00 0.000000000000000000e+00
0.000000000000000000e+00 0.000000000000000000e+00 0.000000000000000000e+00
0.000000000000000000e+00 0.000000000000000000e+00 0.000000000000000000e+00
0.000000000000000000e+00 0.000000000000000000e+00 0.000000000000000000e+00
0.000000000000000000e+00 0.000000000000000000e+00 0.000000000000000000e+00
0.000000000000000000e+00 0.000000000000000000e+00 0.000000000000000000e+00
0.000000000000000000e+00 0.000000000000000000e+00 0.000000000000000000e+00
0.000000000000000000e+00 0.000000000000000000e+00 0.000000000000000000e+00
0.000000000000000000e+00 0.000000000000000000e+00 0.000000000000000000e+00
0.000000000000000000e+00 0.000000000000000000e+00 0.000000000000000000e+00
0.000000000000000000e+00 0.000000000000000000e+00 0.000000000000000000e+00
0.000000000000000000e+00 0.000000000000000000e+00 0.000000000000000000e+00
0.000000000000000000e+00 0.000000000000000000e+00 0.000000000000000000e+00
0.000000000000000000e+00 0.000000000000000000e+00 0.000000000000000000e+00
0.000000000000000000e+00 0.000000000000000000e+00 0.000000000000000000e+00
0.000000000000000000e+00 0.000000000000000000e+00 0.000000000000000000e+00
0.000000000000000000e+00 0.000000000000000000e+00 0.000000000000000000e+00
0.000000000000000000e+00 0.000000000000000000e+00 0.000000000000000000e+00
0.000000000000000000e+00 0.000000000000000000e+00 0.000000000000000000e+00
0.000000000000000000e+00 0.000000000000000000e+00 0.000000000000000000e+00
0.000000000000000000e+00 0.000000000000000000e+00 0.000000000000000000e+00
0.000000000000000000e+00 0.000000000000000000e+00 0.000000000000000000e+00
0.000000000000000000e+00 0.000000000000000000e+00 0.000000000000000000e+00
0.000000000000000000e+00 0.000000000000000000e+00 0.000000000000000000e+00
0.000000000000000000e+00 0.000000000000000000e+00 0.000000000000000000e+00
0.000000000000000000e+00 0.000000000000000000e+00 0.000000000000000000e+00
0.000000000000000000e+00 0.000000000000000000e+00 0.000000000000000000e+00
0.000000000000000000e+00 0.000000000000000000e+00 0.000000000000000000e+00
0.000000000000000000e+00 0.000000000000000000e+00 0.000000000000000000e+00
0.000000000000000000e+00 0.000000000000000000e+00 0.000000000000000000e+00
0.000000000000000000e+00 0.000000000000000000e+00 0.000000000000000000e+00
0.000000000000000000e+00 0.000000000000000000e+00 0.000000000000000000e+00
0.000000000000000000e+00 0.000000000000000000e+00 0.000000000000000000e+00
0.000000000000000000e+00 0.000000000000000000e+00 0.000000000000000000e+00
0.000000000000000000e+00 0.000000000000000000e+00 0.000000000000000000e+00
0.000000000000000000e+00 0.000000000000000000e+00 0.000000000000000000e+00
0.000000000000000000e+00 0.000000000000000000e+00 0.000000000000000000e+00
0.000000000000000000e+00 0.000000000000000000e+00 0.000000000000000000e+00
0.000000000000000000e+00 0.000000000000000000e+00 0.000000000000000000e+00
0.000000000000000000e+00 0.000000000000000000e+00 0.000000000000000000e+00
0.000000000000000000e+00 0.000000000000000000e+00 0.000000000000000000e+00
0.000000000000000000e+00 0.000000000000000000e+00 0.000000000000000000e+00
0.000000000000000000e+00 0.000000000000000000e+00 0.000000000000000000e+00
0.000000000000000000e+00 0.000000000000000000e+00 0.000000000000000000e+00
0.000000000000000000e+00 0.000000000000000000e+00 0.000000000000000000e+00
0.000000000000000000e+00 0.000000000000000000e+00 0.000000000000000000e+00
0.000000000000000000e+00 0.000000000000000000e+00 0.000000000000000000e+00
0.000000000000000000e+00 0.000000000000000000e+00 0.000000000000000000e+00
0.000000000000000000e+00 0.000000000000000000e+00 0.000000000000000000e+00
0.000000000000000000e+00 0.000000000000000000e+00 0.000000000000000000e+00
0.000000000000000000e+00 0.000000000000000000e+00 0.000000000000000000e+00
0.000000000000000000e+00 0.000000000000000000e+00 0.000000000000000000e+00
0.000000000000000000e+00 0.000000000000000000e+00 0.000000000000000000e+00
0.000000000000000000e+00 0.000000000000000000e+00 0.000000000000000000e+00
0.000000000000000000e+00 0.000000000000000000e+00 0.000000000000000000e+00
0.000000000000000000e+00 0.000000000000000000e+00 0.000000000000000000e+00
0.000000000000000000e+00 0.000000000000000000e+00 0.000000000000000000e+00
0.000000000000000000e+00 0.000000000000000000e+00 0.000000000000000000e+00
0.000000000000000000e+00 0.000000000000000000e+00 0.000000000000000000e+00
0.000000000000000000e+00 0.000000000000000000e+00 0.000000000000000000e+00
0.000000000000000000e+00 0.000000000000000000e+00 0.000000000000000000e+00
0.000000000000000000e+00 0.000000000000000000e+00 0.000000000000000000e+00
0.000000000000000000e+00 0.000000000000000000e+00 0.000000000000000000e+00
0.000000000000000000e+00 0.000000000000000000e+00 0.000000000000000000e+00
0.000000000000000000e+00 0.000000000000000000e+00 0.000000000000000000e+00
0.000000000000000000e+00 0.000000000000000000e+00 0.000000000000000000e+00
0.000000000000000000e+00 0.000000000000000000e+00 0.000000000000000000e+00
0.000000000000000000e+00 0.000000000000000000e+00 0.000000000000000000e+00
0.000000000000000000e+00 0.000000000000000000e+00 0.000000000000000000e+00
0.000000000000000000e+00 0.000000000000000000e+00 0.000000000000000000e+00
0.000000000000000000e+00 0.000000000000000000e+00 0.000000000000000000e+00
0.000000000000000000e+00 0.000000000000000000e+00 0.000000000000000000e+00
0.000000000000000000e+00 0.000000000000000000e+00 0.000000000000000000e+00
0.000000000000000000e+00 0.000000000000000000e+00 0.000000000000000000e+00
0.000000000000000000e+00 0.000000000000000000e+00 0.000000000000000000e+00
0.000000000000000000e+00 0.000000000000000000e+00 0.000000000000000000e+00
0.000000000000000000e+00 0.000000000000000000e+00 0.000000000000000000e+00
0.000000000000000000e+00 0.000000000000000000e+00 0.000000000000000000e+00
0.000000000000000000e+00 0.000000000000000000e+00 0.000000000000000000e+00
0.000000000000000000e+00 0.000000000000000000e+00 0.000000000000000000e+00
0.000000000000000000e+00 0.000000000000000000e+00 0.000000000000000000e+00
0.000000000000000000e+00 0.000000000000000000e+00 0.000000000000000000e+00
0.000000000000000000e+00 0.000000000000000000e+00 0.000000000000000000e+00
0.000000000000000000e+00 0.000000000000000000e+00 0.000000000000000000e+00
0.000000000000000000e+00 0.000000000000000000e+00 0.000000000000000000e+00
0.000000000000000000e+00 0.000000000000000000e+00 0.000000000000000000e+00
0.000000000000000000e+00 0.000000000000000000e+00 0.000000000000000000e+00
0.000000000000000000e+00 0.000000000000000000e+00 0.000000000000000000e+00
0.000000000000000000e+00 0.000000000000000000e+00 0.000000000000000000e+00
0.000000000000000000e+00 0.000000000000000000e+00 0.000000000000000000e+00
0.000000000000000000e+00 0.000000000000000000e+00 0.000000000000000000e+00
0.000000000000000000e+00 0.000000000000000000e+00 0.000000000000000000e+00
0.000000000000000000e+00 0.000000000000000000e+00 0.000000000000000000e+00
0.000000000000000000e+00 0.000000000000000000e+00 0.000000000000000000e+00
0.000000000000000000e+00 0.000000000000000000e+00 0.000000000000000000e+00
0.000000000000000000e+00 0.000000000000000000e+00 0.000000000000000000e+00
0.000000000000000000e+00 0.000000000000000000e+00 0.000000000000000000e+00
0.000000000000000000e+00 0.000000000000000000e+00 0.000000000000000000e+00
0.000000000000000000e+00 0.000000000000000000e+00 0.000000000000000000e+00
0.000000000000000000e+00 0.000000000000000000e+00 0.000000000000000000e+00
0.000000000000000000e+00 0.000000000000000000e+00 0.000000000000000000e+00
0.000000000000000000e+00 0.000000000000000000e+00 0.000000000000000000e+00
0.000000000000000000e+00 0.000000000000000000e+00 0.000000000000000000e+00
0.000000000000000000e+00 0.000000000000000000e+00 0.000000000000000000e+00
0.000000000000000000e+00 0.000000000000000000e+00 0.000000000000000000e+00
0.000000000000000000e+00 0.000000000000000000e+00 0.000000000000000000e+00
0.000000000000000000e+00 0.000000000000000000e+00 0.000000000000000000e+00
0.000000000000000000e+00 0.000000000000000000e+00 0.000000000000000000e+00
0.000000000000000000e+00 0.000000000000000000e+00 0.000000000000000000e+00
0.000000000000000000e+00 0.000000000000000000e+00 0.000000000000000000e+00
0.000000000000000000e+00 0.000000000000000000e+00 0.000000000000000000e+00
0.000000000000000000e+00 0.000000000000000000e+00 0.000000000000000000e+00
0.000000000000000000e+00 0.000000000000000000e+00 0.000000000000000000e+00
0.000000000000000000e+00 0.000000000000000000e+00 0.000000000000000000e+00
0.000000000000000000e+00 0.000000000000000000e+00 0.000000000000000000e+00
0.000000000000000000e+00 0.000000000000000000e+00 0.000000000000000000e+00
0.000000000000000000e+00 0.000000000000000000e+00 0.000000000000000000e+00
0.000000000000000000e+00 0.000000000000000000e+00 0.000000000000000000e+00
0.000000000000000000e+00 0.000000000000000000e+00 0.000000000000000000e+00
0.000000000000000000e+00 0.000000000000000000e+00 0.000000000000000000e+00
0.000000000000000000e+00 0.000000000000000000e+00 0.000000000000000000e+00
0.000000000000000000e+00 0.000000000000000000e+00 0.000000000000000000e+00
0.000000000000000000e+00 0.000000000000000000e+00 0.000000000000000000e+00
0.000000000000000000e+00 0.000000000000000000e+00 0.000000000000000000e+00
0.000000000000000000e+00 0.000000000000000000e+00 0.000000000000000000e+00
0.000000000000000000e+00 0.000000000000000000e+00 0.000000000000000000e+00
0.000000000000000000e+00 0.000000000000000000e+00 0.000000000000000000e+00
0.000000000000000000e+00 0.000000000000000000e+00 0.000000000000000000e+00
0.000000000000000000e+00 0.000000000000000000e+00 0.000000000000000000e+00
0.000000000000000000e+00 0.000000000000000000e+00 0.000000000000000000e+00
0.000000000000000000e+00 0.000000000000000000e+00 0.000000000000000000e+00
0.000000000000000000e+00 0.000000000000000000e+00 0.000000000000000000e+00
0.000000000000000000e+00 0.000000000000000000e+00 0.000000000000000000e+00
0.000000000000000000e+00 0.000000000000000000e+00 0.000000000000000000e+00
0.000000000000000000e+00 0.000000000000000000e+00 0.000000000000000000e+00
0.000000000000000000e+00 0.000000000000000000e+00 0.000000000000000000e+00
0.000000000000000000e+00 0.000000000000000000e+00 0.000000000000000000e+00
0.000000000000000000e+00 0.000000000000000000e+00 0.000000000000000000e+00
0.000000000000000000e+00 0.000000000000000000e+00 0.000000000000000000e+00
0.000000000000000000e+00 0.000000000000000000e+00 0.000000000000000000e+00
0.000000000000000000e+00 0.000000000000000000e+00 0.000000000000000000e+00
0.000000000000000000e+00 0.000000000000000000e+00 0.000000000000000000e+00
0.000000000000000000e+00 0.000000000000000000e+00 0.000000000000000000e+00
0.000000000000000000e+00 0.000000000000000000e+00 0.000000000000000000e+00
0.000000000000000000e+00 0.000000000000000000e+00 0.000000000000000000e+00
0.000000000000000000e+00 0.000000000000000000e+00 0.000000000000000000e+00
0.000000000000000000e+00 0.000000000000000000e+00 0.000000000000000000e+00
0.000000000000000000e+00 0.000000000000000000e+00 0.000000000000000000e+00
0.000000000000000000e+00 0.000000000000000000e+00 0.000000000000000000e+00
0.000000000000000000e+00 0.000000000000000000e+00 0.000000000000000000e+00
0.000000000000000000e+00 0.000000000000000000e+00 0.000000000000000000e+00
0.000000000000000000e+00 0.000000000000000000e+00 0.000000000000000000e+00
0.000000000000000000e+00 0.000000000000000000e+00 0.000000000000000000e+00
0.000000000000000000e+00 0.000000000000000000e+00 0.000000000000000000e+00
0.000000000000000000e+00 0.000000000000000000e+00 0.000000000000000000e+00
0.000000000000000000e+00 0.000000000000000000e+00 0.000000000000000000e+00
0.000000000000000000e+00 0.000000000000000000e+00 0.000000000000000000e+00
0.000000000000000000e+00 0.000000000000000000e+00 0.000000000000000000e+00
0.000000000000000000e+00 0.000000000000000000e+00 0.000000000000000000e+00
0.000000000000000000e+00 0.000000000000000000e+00 0.000000000000000000e+00
0.000000000000000000e+00 0.000000000000000000e+00 0.000000000000000000e+00
0.000000000000000000e+00 0.000000000000000000e+00 0.000000000000000000e+00
0.000000000000000000e+00 0.000000000000000000e+00 0.000000000000000000e+00
0.000000000000000000e+00 0.000000000000000000e+00 0.000000000000000000e+00
0.000000000000000000e+00 0.000000000000000000e+00 0.000000000000000000e+00
0.000000000000000000e+00 0.000000000000000000e+00 0.000000000000000000e+00
0.000000000000000000e+00 0.000000000000000000e+00 0.000000000000000000e+00
0.000000000000000000e+00 0.000000000000000000e+00 0.000000000000000000e+00
0.000000000000000000e+00 0.000000000000000000e+00 0.000000000000000000e+00
0.000000000000000000e+00 0.000000000000000000e+00 0.000000000000000000e+00
0.000000000000000000e+00 0.000000000000000000e+00 0.000000000000000000e+00
0.000000000000000000e+00 0.000000000000000000e+00 0.000000000000000000e+00
0.000000000000000000e+00 0.000000000000000000e+00 0.000000000000000000e+00
0.000000000000000000e+00 0.000000000000000000e+00 0.000000000000000000e+00
0.000000000000000000e+00 0.000000000000000000e+00 0.000000000000000000e+00
0.000000000000000000e+00 0.000000000000000000e+00 0.000000000000000000e+00
0.000000000000000000e+00 0.000000000000000000e+00 0.000000000000000000e+00
0.000000000000000000e+00 0.000000000000000000e+00 0.000000000000000000e+00
0.000000000000000000e+00 0.000000000000000000e+00 0.000000000000000000e+00
0.000000000000000000e+00 0.000000000000000000e+00 0.000000000000000000e+00
0.000000000000000000e+00 0.000000000000000000e+00 0.000000000000000000e+00
0.000000000000000000e+00 0.000000000000000000e+00 0.000000000000000000e+00
0.000000000000000000e+00 0.000000000000000000e+00 0.000000000000000000e+00
0.000000000000000000e+00 0.000000000000000000e+00 0.000000000000000000e+00
0.000000000000000000e+00 0.000000000000000000e+00 0.000000000000000000e+00
0.000000000000000000e+00 0.000000000000000000e+00 0.000000000000000000e+00
0.000000000000000000e+00 0.000000000000000000e+00 0.000000000000000000e+00
0.000000000000000000e+00 0.000000000000000000e+00 0.000000000000000000e+00
0.000000000000000000e+00 0.000000000000000000e+00 0.000000000000000000e+00
0.000000000000000000e+00 0.000000000000000000e+00 0.000000000000000000e+00
0.000000000000000000e+00 0.000000000000000000e+00 0.000000000000000000e+00
0.000000000000000000e+00 0.000000000000000000e+00 0.000000000000000000e+00
0.000000000000000000e+00 0.000000000000000000e+00 0.000000000000000000e+00
0.000000000000000000e+00 0.000000000000000000e+00 0.000000000000000000e+00
0.000000000000000000e+00 0.000000000000000000e+00 0.000000000000000000e+00
0.000000000000000000e+00 0.000000000000000000e+00 0.000000000000000000e+00
0.000000000000000000e+00 0.000000000000000000e+00 0.000000000000000000e+00
0.000000000000000000e+00 0.000000000000000000e+00 0.000000000000000000e+00
0.000000000000000000e+00 0.000000000000000000e+00 0.000000000000000000e+00
0.000000000000000000e+00 0.000000000000000000e+00 0.000000000000000000e+00
0.000000000000000000e+00 0.000000000000000000e+00 0.000000000000000000e+00
0.000000000000000000e+00 0.000000000000000000e+00 0.000000000000000000e+00
0.000000000000000000e+00 0.000000000000000000e+00 0.000000000000000000e+00
0.000000000000000000e+00 0.000000000000000000e+00 0.000000000000000000e+00
0.000000000000000000e+00 0.000000000000000000e+00 0.000000000000000000e+00
0.000000000000000000e+00 0.000000000000000000e+00 0.000000000000000000e+00
0.000000000000000000e+00 0.000000000000000000e+00 0.000000000000000000e+00
0.000000000000000000e+00 0.000000000000000000e+00 0.000000000000000000e+00
0.000000000000000000e+00 0.000000000000000000e+00 0.000000000000000000e+00
0.000000000000000000e+00 0.000000000000000000e+00 0.000000000000000000e+00
0.000000000000000000e+00 0.000000000000000000e+00 0.000000000000000000e+00
0.000000000000000000e+00 0.000000000000000000e+00 0.000000000000000000e+00
0.000000000000000000e+00 0.000000000000000000e+00 0.000000000000000000e+00
0.000000000000000000e+00 0.000000000000000000e+00 0.000000000000000000e+00
0.000000000000000000e+00 0.000000000000000000e+00 0.000000000000000000e+00
0.000000000000000000e+00 0.000000000000000000e+00 0.000000000000000000e+00
0.000000000000000000e+00 0.000000000000000000e+00 0.000000000000000000e+00
0.000000000000000000e+00 0.000000000000000000e+00 0.000000000000000000e+00
0.000000000000000000e+00 0.000000000000000000e+00 0.000000000000000000e+00
0.000000000000000000e+00 0.000000000000000000e+00 0.000000000000000000e+00
0.000000000000000000e+00 0.000000000000000000e+00 0.000000000000000000e+00
0.000000000000000000e+00 0.000000000000000000e+00 0.000000000000000000e+00
0.000000000000000000e+00 0.000000000000000000e+00 0.000000000000000000e+00
0.000000000000000000e+00 0.000000000000000000e+00 0.000000000000000000e+00
0.000000000000000000e+00 0.000000000000000000e+00 0.000000000000000000e+00
0.000000000000000000e+00 0.000000000000000000e+00 0.000000000000000000e+00
0.000000000000000000e+00 0.000000000000000000e+00 0.000000000000000000e+00
0.000000000000000000e+00 0.000000000000000000e+00 0.000000000000000000e+00
0.000000000000000000e+00 0.000000000000000000e+00 0.000000000000000000e+00
0.000000000000000000e+00 0.000000000000000000e+00 0.000000000000000000e+00
0.000000000000000000e+00 0.000000000000000000e+00 0.000000000000000000e+00
0.000000000000000000e+00 0.000000000000000000e+00 0.000000000000000000e+00
0.000000000000000000e+00 0.000000000000000000e+00 0.000000000000000000e+00
0.000000000000000000e+00 0.000000000000000000e+00 0.000000000000000000e+00
0.000000000000000000e+00 0.000000000000000000e+00 0.000000000000000000e+00
0.000000000000000000e+00 0.000000000000000000e+00 0.000000000000000000e+00
0.000000000000000000e+00 0.000000000000000000e+00 0.000000000000000000e+00
0.000000000000000000e+00 0.000000000000000000e+00 0.000000000000000000e+00
0.000000000000000000e+00 0.000000000000000000e+00 0.000000000000000000e+00
0.000000000000000000e+00 0.000000000000000000e+00 0.000000000000000000e+00
0.000000000000000000e+00 0.000000000000000000e+00 0.000000000000000000e+00
0.000000000000000000e+00 0.000000000000000000e+00 0.000000000000000000e+00
0.000000000000000000e+00 0.000000000000000000e+00 0.000000000000000000e+00
0.000000000000000000e+00 0.000000000000000000e+00 0.000000000000000000e+00
0.000000000000000000e+00 0.000000000000000000e+00 0.000000000000000000e+00
0.000000000000000000e+00 0.000000000000000000e+00 0.000000000000000000e+00
0.000000000000000000e+00 0.000000000000000000e+00 0.000000000000000000e+00
0.000000000000000000e+00 0.000000000000000000e+00 0.000000000000000000e+00
0.000000000000000000e+00 0.000000000000000000e+00 0.000000000000000000e+00
0.000000000000000000e+00 0.000000000000000000e+00 0.000000000000000000e+00
0.000000000000000000e+00 0.000000000000000000e+00 0.000000000000000000e+00
0.000000000000000000e+00 0.000000000000000000e+00 0.000000000000000000e+00
0.000000000000000000e+00 0.000000000000000000e+00 0.000000000000000000e+00
0.000000000000000000e+00 0.000000000000000000e+00 0.000000000000000000e+00
0.000000000000000000e+00 0.000000000000000000e+00 0.000000000000000000e+00
0.000000000000000000e+00 0.000000000000000000e+00 0.000000000000000000e+00
0.000000000000000000e+00 0.000000000000000000e+00 0.000000000000000000e+00
0.000000000000000000e+00 0.000000000000000000e+00 0.000000000000000000e+00
0.000000000000000000e+00 0.000000000000000000e+00 0.000000000000000000e+00
0.000000000000000000e+00 0.000000000000000000e+00 0.000000000000000000e+00
0.000000000000000000e+00 0.000000000000000000e+00 0.000000000000000000e+00
0.000000000000000000e+00 0.000000000000000000e+00 0.000000000000000000e+00
0.000000000000000000e+00 0.000000000000000000e+00 0.000000000000000000e+00
0.000000000000000000e+00 0.000000000000000000e+00 0.000000000000000000e+00
0.000000000000000000e+00 0.000000000000000000e+00 0.000000000000000000e+00
0.000000000000000000e+00 0.000000000000000000e+00 0.000000000000000000e+00
0.000000000000000000e+00 0.000000000000000000e+00 0.000000000000000000e+00
0.000000000000000000e+00 0.000000000000000000e+00 0.000000000000000000e+00
0.000000000000000000e+00 0.000000000000000000e+00 0.000000000000000000e+00
0.000000000000000000e+00 0.000000000000000000e+00 0.000000000000000000e+00
0.000000000000000000e+00 0.000000000000000000e+00 0.000000000000000000e+00
0.000000000000000000e+00 0.000000000000000000e+00 0.000000000000000000e+00
0.000000000000000000e+00 0.000000000000000000e+00 0.000000000000000000e+00
0.000000000000000000e+00 0.000000000000000000e+00 0.000000000000000000e+00
0.000000000000000000e+00 0.000000000000000000e+00 0.000000000000000000e+00
0.000000000000000000e+00 0.000000000000000000e+00 0.000000000000000000e+00
0.000000000000000000e+00 0.000000000000000000e+00 0.000000000000000000e+00
0.000000000000000000e+00 0.000000000000000000e+00 0.000000000000000000e+00
0.000000000000000000e+00 0.000000000000000000e+00 0.000000000000000000e+00
0.000000000000000000e+00 0.000000000000000000e+00 0.000000000000000000e+00
0.000000000000000000e+00 0.000000000000000000e+00 0.000000000000000000e+00
0.000000000000000000e+00 0.000000000000000000e+00 0.000000000000000000e+00
0.000000000000000000e+00 0.000000000000000000e+00 0.000000000000000000e+00
0.000000000000000000e+00 0.000000000000000000e+00 0.000000000000000000e+00
0.000000000000000000e+00 0.000000000000000000e+00 0.000000000000000000e+00
0.000000000000000000e+00 0.000000000000000000e+00 0.000000000000000000e+00
0.000000000000000000e+00 0.000000000000000000e+00 0.000000000000000000e+00
0.000000000000000000e+00 0.000000000000000000e+00 0.000000000000000000e+00
0.000000000000000000e+00 0.000000000000000000e+00 0.000000000000000000e+00
0.000000000000000000e+00 0.000000000000000000e+00 0.000000000000000000e+00
0.000000000000000000e+00 0.000000000000000000e+00 0.000000000000000000e+00
0.000000000000000000e+00 0.000000000000000000e+00 0.000000000000000000e+00
0.000000000000000000e+00 0.000000000000000000e+00 0.000000000000000000e+00
0.000000000000000000e+00 0.000000000000000000e+00 0.000000000000000000e+00
0.000000000000000000e+00 0.000000000000000000e+00 0.000000000000000000e+00
0.000000000000000000e+00 0.000000000000000000e+00 0.000000000000000000e+00
0.000000000000000000e+00 0.000000000000000000e+00 0.000000000000000000e+00
0.000000000000000000e+00 0.000000000000000000e+00 0.000000000000000000e+00
0.000000000000000000e+00 0.000000000000000000e+00 0.000000000000000000e+00
0.000000000000000000e+00 0.000000000000000000e+00 0.000000000000000000e+00
0.000000000000000000e+00 0.000000000000000000e+00 0.000000000000000000e+00
0.000000000000000000e+00 0.000000000000000000e+00 0.000000000000000000e+00
0.000000000000000000e+00 0.000000000000000000e+00 0.000000000000000000e+00
0.000000000000000000e+00 0.000000000000000000e+00 0.000000000000000000e+00
0.000000000000000000e+00 0.000000000000000000e+00 0.000000000000000000e+00
0.000000000000000000e+00 0.000000000000000000e+00 0.000000000000000000e+00
0.000000000000000000e+00 0.000000000000000000e+00 0.000000000000000000e+00
0.000000000000000000e+00 0.000000000000000000e+00 0.000000000000000000e+00
0.000000000000000000e+00 0.000000000000000000e+00 0.000000000000000000e+00
0.000000000000000000e+00 0.000000000000000000e+00 0.000000000000000000e+00
0.000000000000000000e+00 0.000000000000000000e+00 0.000000000000000000e+00
0.000000000000000000e+00 0.000000000000000000e+00 0.000000000000000000e+00
0.000000000000000000e+00 0.000000000000000000e+00 0.000000000000000000e+00
0.000000000000000000e+00 0.000000000000000000e+00 0.000000000000000000e+00
0.000000000000000000e+00 0.000000000000000000e+00 0.000000000000000000e+00
0.000000000000000000e+00 0.000000000000000000e+00 0.000000000000000000e+00
0.000000000000000000e+00 0.000000000000000000e+00 0.000000000000000000e+00
0.000000000000000000e+00 0.000000000000000000e+00 0.000000000000000000e+00
0.000000000000000000e+00 0.000000000000000000e+00 0.000000000000000000e+00
0.000000000000000000e+00 0.000000000000000000e+00 0.000000000000000000e+00
0.000000000000000000e+00 0.000000000000000000e+00 0.000000000000000000e+00
0.000000000000000000e+00 0.000000000000000000e+00 0.000000000000000000e+00
0.000000000000000000e+00 0.000000000000000000e+00 0.000000000000000000e+00
0.000000000000000000e+00 0.000000000000000000e+00 0.000000000000000000e+00
0.000000000000000000e+00 0.000000000000000000e+00 0.000000000000000000e+00
0.000000000000000000e+00 0.000000000000000000e+00 0.000000000000000000e+00
0.000000000000000000e+00 0.000000000000000000e+00 0.000000000000000000e+00
0.000000000000000000e+00 0.000000000000000000e+00 0.000000000000000000e+00
0.000000000000000000e+00 0.000000000000000000e+00 0.000000000000000000e+00
0.000000000000000000e+00 0.000000000000000000e+00 0.000000000000000000e+00
0.000000000000000000e+00 0.000000000000000000e+00 0.000000000000000000e+00
0.000000000000000000e+00 0.000000000000000000e+00 0.000000000000000000e+00
0.000000000000000000e+00 0.000000000000000000e+00 0.000000000000000000e+00
0.000000000000000000e+00 0.000000000000000000e+00 0.000000000000000000e+00
0.000000000000000000e+00 0.000000000000000000e+00 0.000000000000000000e+00
0.000000000000000000e+00 0.000000000000000000e+00 0.000000000000000000e+00
0.000000000000000000e+00 0.000000000000000000e+00 0.000000000000000000e+00
0.000000000000000000e+00 0.000000000000000000e+00 0.000000000000000000e+00
0.000000000000000000e+00 0.000000000000000000e+00 0.000000000000000000e+00
0.000000000000000000e+00 0.000000000000000000e+00 0.000000000000000000e+00
0.000000000000000000e+00 0.000000000000000000e+00 0.000000000000000000e+00
0.000000000000000000e+00 0.000000000000000000e+00 0.000000000000000000e+00
0.000000000000000000e+00 0.000000000000000000e+00 0.000000000000000000e+00
0.000000000000000000e+00 0.000000000000000000e+00 0.000000000000000000e+00
0.000000000000000000e+00 0.000000000000000000e+00 0.000000000000000000e+00
0.000000000000000000e+00 0.000000000000000000e+00 0.000000000000000000e+00
0.000000000000000000e+00 0.000000000000000000e+00 0.000000000000000000e+00
0.000000000000000000e+00 0.000000000000000000e+00 0.000000000000000000e+00
0.000000000000000000e+00 0.000000000000000000e+00 0.000000000000000000e+00
0.000000000000000000e+00 0.000000000000000000e+00 0.000000000000000000e+00
0.000000000000000000e+00 0.000000000000000000e+00 0.000000000000000000e+00
0.000000000000000000e+00 0.000000000000000000e+00 0.000000000000000000e+00
0.000000000000000000e+00 0.000000000000000000e+00 0.000000000000000000e+00
0.000000000000000000e+00 0.000000000000000000e+00 0.000000000000000000e+00
0.000000000000000000e+00 0.000000000000000000e+00 0.000000000000000000e+00
0.000000000000000000e+00 0.000000000000000000e+00 0.000000000000000000e+00
0.000000000000000000e+00 0.000000000000000000e+00 0.000000000000000000e+00
0.000000000000000000e+00 0.000000000000000000e+00 0.000000000000000000e+00
0.000000000000000000e+00 0.000000000000000000e+00 0.000000000000000000e+00
0.000000000000000000e+00 0.000000000000000000e+00 0.000000000000000000e+00
0.000000000000000000e+00 0.000000000000000000e+00 0.000000000000000000e+00
0.000000000000000000e+00 0.000000000000000000e+00 0.000000000000000000e+00
0.000000000000000000e+00 0.000000000000000000e+00 0.000000000000000000e+00
0.000000000000000000e+00 0.000000000000000000e+00 0.000000000000000000e+00
0.000000000000000000e+00 0.000000000000000000e+00 0.000000000000000000e+00
0.000000000000000000e+00 0.000000000000000000e+00 0.000000000000000000e+00
0.000000000000000000e+00 0.000000000000000000e+00 0.000000000000000000e+00
0.000000000000000000e+00 0.000000000000000000e+00 0.000000000000000000e+00
0.000000000000000000e+00 0.000000000000000000e+00 0.000000000000000000e+00
0.000000000000000000e+00 0.000000000000000000e+00 0.000000000000000000e+00
0.000000000000000000e+00 0.000000000000000000e+00 0.000000000000000000e+00
0.000000000000000000e+00 0.000000000000000000e+00 0.000000000000000000e+00
0.000000000000000000e+00 0.000000000000000000e+00 0.000000000000000000e+00
0.000000000000000000e+00 0.000000000000000000e+00 0.000000000000000000e+00
0.000000000000000000e+00 0.000000000000000000e+00 0.000000000000000000e+00
0.000000000000000000e+00 0.000000000000000000e+00 0.000000000000000000e+00
0.000000000000000000e+00 0.000000000000000000e+00 0.000000000000000000e+00
0.000000000000000000e+00 0.000000000000000000e+00 0.000000000000000000e+00
0.000000000000000000e+00 0.000000000000000000e+00 0.000000000000000000e+00
0.000000000000000000e+00 0.000000000000000000e+00 0.000000000000000000e+00
0.000000000000000000e+00 0.000000000000000000e+00 0.000000000000000000e+00
0.000000000000000000e+00 0.000000000000000000e+00 0.000000000000000000e+00
0.000000000000000000e+00 0.000000000000000000e+00 0.000000000000000000e+00
0.000000000000000000e+00 0.000000000000000000e+00 0.000000000000000000e+00
0.000000000000000000e+00 0.000000000000000000e+00 0.000000000000000000e+00
0.000000000000000000e+00 0.000000000000000000e+00 0.000000000000000000e+00
0.000000000000000000e+00 0.000000000000000000e+00 0.000000000000000000e+00
0.000000000000000000e+00 0.000000000000000000e+00 0.000000000000000000e+00
0.000000000000000000e+00 0.000000000000000000e+00 0.000000000000000000e+00
0.000000000000000000e+00 0.000000000000000000e+00 0.000000000000000000e+00
0.000000000000000000e+00 0.000000000000000000e+00 0.000000000000000000e+00
0.000000000000000000e+00 0.000000000000000000e+00 0.000000000000000000e+00
0.000000000000000000e+00 0.000000000000000000e+00 0.000000000000000000e+00
0.000000000000000000e+00 0.000000000000000000e+00 0.000000000000000000e+00
0.000000000000000000e+00 0.000000000000000000e+00 0.000000000000000000e+00
0.000000000000000000e+00 0.000000000000000000e+00 0.000000000000000000e+00
0.000000000000000000e+00 0.000000000000000000e+00 0.000000000000000000e+00
0.000000000000000000e+00 0.000000000000000000e+00 0.000000000000000000e+00
0.000000000000000000e+00 0.000000000000000000e+00 0.000000000000000000e+00
0.000000000000000000e+00 0.000000000000000000e+00 0.000000000000000000e+00
0.000000000000000000e+00 0.000000000000000000e+00 0.000000000000000000e+00
0.000000000000000000e+00 0.000000000000000000e+00 0.000000000000000000e+00
0.000000000000000000e+00 0.000000000000000000e+00 0.000000000000000000e+00
0.000000000000000000e+00 0.000000000000000000e+00 0.000000000000000000e+00
0.000000000000000000e+00 0.000000000000000000e+00 0.000000000000000000e+00
0.000000000000000000e+00 0.000000000000000000e+00 0.000000000000000000e+00
0.000000000000000000e+00 0.000000000000000000e+00 0.000000000000000000e+00
0.000000000000000000e+00 0.000000000000000000e+00 0.000000000000000000e+00
0.000000000000000000e+00 0.000000000000000000e+00 0.000000000000000000e+00
0.000000000000000000e+00 0.000000000000000000e+00 0.000000000000000000e+00
0.000000000000000000e+00 0.000000000000000000e+00 0.000000000000000000e+00
0.000000000000000000e+00 0.000000000000000000e+00 0.000000000000000000e+00
0.000000000000000000e+00 0.000000000000000000e+00 0.000000000000000000e+00
0.000000000000000000e+00 0.000000000000000000e+00 0.000000000000000000e+00
0.000000000000000000e+00 0.000000000000000000e+00 0.000000000000000000e+00
0.000000000000000000e+00 0.000000000000000000e+00 0.000000000000000000e+00
0.000000000000000000e+00 0.000000000000000000e+00 0.000000000000000000e+00
0.000000000000000000e+00 0.000000000000000000e+00 0.000000000000000000e+00
0.000000000000000000e+00 0.000000000000000000e+00 0.000000000000000000e+00
0.000000000000000000e+00 0.000000000000000000e+00 0.000000000000000000e+00
0.000000000000000000e+00 0.000000000000000000e+00 0.000000000000000000e+00
0.000000000000000000e+00 0.000000000000000000e+00 0.000000000000000000e+00
0.000000000000000000e+00 0.000000000000000000e+00 0.000000000000000000e+00
0.000000000000000000e+00 0.000000000000000000e+00 0.000000000000000000e+00
0.000000000000000000e+00 0.000000000000000000e+00 0.000000000000000000e+00
0.000000000000000000e+00 0.000000000000000000e+00 0.000000000000000000e+00
0.000000000000000000e+00 0.000000000000000000e+00 0.000000000000000000e+00
0.000000000000000000e+00 0.000000000000000000e+00 0.000000000000000000e+00
0.000000000000000000e+00 0.000000000000000000e+00 0.000000000000000000e+00
0.000000000000000000e+00 0.000000000000000000e+00 0.000000000000000000e+00
0.000000000000000000e+00 0.000000000000000000e+00 0.000000000000000000e+00
0.000000000000000000e+00 0.000000000000000000e+00 0.000000000000000000e+00
0.000000000000000000e+00 0.000000000000000000e+00 0.000000000000000000e+00
0.000000000000000000e+00 0.000000000000000000e+00 0.000000000000000000e+00
0.000000000000000000e+00 0.000000000000000000e+00 0.000000000000000000e+00
0.000000000000000000e+00 0.000000000000000000e+00 0.000000000000000000e+00
0.000000000000000000e+00 0.000000000000000000e+00 0.000000000000000000e+00
0.000000000000000000e+00 0.000000000000000000e+00 0.000000000000000000e+00
0.000000000000000000e+00 0.000000000000000000e+00 0.000000000000000000e+00
0.000000000000000000e+00 0.000000000000000000e+00 0.000000000000000000e+00
0.000000000000000000e+00 0.000000000000000000e+00 0.000000000000000000e+00
0.000000000000000000e+00 0.000000000000000000e+00 0.000000000000000000e+00
0.000000000000000000e+00 0.000000000000000000e+00 0.000000000000000000e+00
0.000000000000000000e+00 0.000000000000000000e+00 0.000000000000000000e+00
0.000000000000000000e+00 0.000000000000000000e+00 0.000000000000000000e+00
0.000000000000000000e+00 0.000000000000000000e+00 0.000000000000000000e+00
0.000000000000000000e+00 0.000000000000000000e+00 0.000000000000000000e+00
0.000000000000000000e+00 0.000000000000000000e+00 0.000000000000000000e+00
0.000000000000000000e+00 0.000000000000000000e+00 0.000000000000000000e+00
0.000000000000000000e+00 0.000000000000000000e+00 0.000000000000000000e+00
0.000000000000000000e+00 0.000000000000000000e+00 0.000000000000000000e+00
0.000000000000000000e+00 0.000000000000000000e+00 0.000000000000000000e+00
0.000000000000000000e+00 0.000000000000000000e+00 0.000000000000000000e+00
0.000000000000000000e+00 0.000000000000000000e+00 0.000000000000000000e+00
0.000000000000000000e+00 0.000000000000000000e+00 0.000000000000000000e+00
0.000000000000000000e+00 0.000000000000000000e+00 0.000000000000000000e+00
0.000000000000000000e+00 0.000000000000000000e+00 0.000000000000000000e+00
0.000000000000000000e+00 0.000000000000000000e+00 0.000000000000000000e+00
0.000000000000000000e+00 0.000000000000000000e+00 0.000000000000000000e+00
0.000000000000000000e+00 0.000000000000000000e+00 0.000000000000000000e+00
