3.855951428413391113e-01 -4.129043519496917725e-01 6.538423150777816772e-02
3.855966627597808838e-01 -4.129041433334350586e-01 6.538423150777816772e-02
3.856070339679718018e-01 -4.129026830196380615e-01 6.538423150777816772e-02
3.856343626976013184e-01 -4.128988385200500488e-01 6.538423150777816772e-02
3.856859803199768066e-01 -4.128915667533874512e-01 6.538423150777816772e-02
3.857684731483459473e-01 -4.128799736499786377e-01 6.538423150777816772e-02
3.858876228332519531e-01 -4.128632247447967529e-01 6.538423150777816772e-02
3.860485255718231201e-01 -4.128405749797821045e-01 6.538423150777816772e-02
3.862555027008056641e-01 -4.128114581108093262e-01 6.538423150777816772e-02
3.865121901035308838e-01 -4.127753376960754395e-01 6.538423150777816772e-02
3.868215084075927734e-01 -4.127317965030670166e-01 6.538423150777816772e-02
3.871857225894927979e-01 -4.126805365085601807e-01 6.538423150777816772e-02
3.876063227653503418e-01 -4.126212894916534424e-01 6.538423150777816772e-02
3.880842924118041992e-01 -4.125539660453796387e-01 6.538423150777816772e-02
3.886198401451110840e-01 -4.124785363674163818e-01 6.538423150777816772e-02
3.892126083374023438e-01 -4.123950004577636719e-01 6.538423150777816772e-02
3.898616135120391846e-01 -4.123035371303558350e-01 6.538423150777816772e-02
3.905652463436126709e-01 -4.122043251991271973e-01 6.538423150777816772e-02
3.913213014602661133e-01 -4.120976924896240234e-01 6.538423150777816772e-02
3.921270072460174561e-01 -4.119839966297149658e-01 6.538423150777816772e-02
3.929790854454040527e-01 -4.118637442588806152e-01 6.538423150777816772e-02
3.938735723495483398e-01 -4.117374420166015625e-01 6.538423150777816772e-02
3.948061168193817139e-01 -4.116057157516479492e-01 6.538423150777816772e-02
3.957717418670654297e-01 -4.114692211151123047e-01 6.538423150777816772e-02
3.967649638652801514e-01 -4.113287627696990967e-01 6.538423150777816772e-02
3.977798819541931152e-01 -4.111851453781127930e-01 6.538423150777816772e-02
3.988100588321685791e-01 -4.110392630100250244e-01 6.538423150777816772e-02
3.998485505580902100e-01 -4.108920991420745850e-01 6.538423150777816772e-02
4.008880257606506348e-01 -4.107446670532226562e-01 6.538423150777816772e-02
4.019206762313842773e-01 -4.105980396270751953e-01 6.538423150777816772e-02
4.029383063316345215e-01 -4.104533493518829346e-01 6.538423150777816772e-02
4.039323329925537109e-01 -4.103118479251861572e-01 6.538423150777816772e-02
4.048974215984344482e-01 -4.101742208003997803e-01 6.538423150777816772e-02
4.058322608470916748e-01 -4.100407361984252930e-01 6.538423150777816772e-02
4.067359566688537598e-01 -4.099115431308746338e-01 6.538423150777816772e-02
4.076078236103057861e-01 -4.097867012023925781e-01 6.538423150777816772e-02
4.084474742412567139e-01 -4.096663296222686768e-01 6.538423150777816772e-02
4.092545509338378906e-01 -4.095505177974700928e-01 6.538423150777816772e-02
4.100290536880493164e-01 -4.094392955303192139e-01 6.538423150777816772e-02
4.107711017131805420e-01 -4.093326032161712646e-01 6.538423150777816772e-02
4.114809930324554443e-01 -4.092305004596710205e-01 6.538423150777816772e-02
4.121592342853546143e-01 -4.091329276561737061e-01 6.538423150777816772e-02
4.128065109252929688e-01 -4.090397655963897705e-01 6.538423150777816772e-02
4.134236872196197510e-01 -4.089509844779968262e-01 6.538423150777816772e-02
4.140118360519409180e-01 -4.088664054870605469e-01 6.538423150777816772e-02
4.145721197128295898e-01 -4.087859094142913818e-01 6.538423150777816772e-02
4.151059687137603760e-01 -4.087093472480773926e-01 6.538423150777816772e-02
4.156148731708526611e-01 -4.086364805698394775e-01 6.538423150777816772e-02
4.161005616188049316e-01 -4.085671305656433105e-01 6.538423150777816772e-02
4.165649116039276123e-01 -4.085010588169097900e-01 6.538423150777816772e-02
4.170099198818206787e-01 -4.084379971027374268e-01 6.538423150777816772e-02
4.174377620220184326e-01 -4.083777070045471191e-01 6.538423150777816772e-02
4.178507328033447266e-01 -4.083198308944702148e-01 6.538423150777816772e-02
4.182513058185577393e-01 -4.082640707492828369e-01 6.538423150777816772e-02
4.186420738697052002e-01 -4.082100987434387207e-01 6.538423150777816772e-02
4.190257191658020020e-01 -4.081575572490692139e-01 6.538423150777816772e-02
4.194051325321197510e-01 -4.081060588359832764e-01 6.538423150777816772e-02
4.197833240032196045e-01 -4.080552160739898682e-01 6.538423150777816772e-02
4.201633632183074951e-01 -4.080046415328979492e-01 6.538423150777816772e-02
4.205484986305236816e-01 -4.079538583755493164e-01 6.538423150777816772e-02
4.209420680999755859e-01 -4.079024791717529297e-01 6.538423150777816772e-02
4.213475286960601807e-01 -4.078500270843505859e-01 6.538423150777816772e-02
4.217680096626281738e-01 -4.077960252761840820e-01 6.538423150777816772e-02
4.222042858600616455e-01 -4.077403843402862549e-01 6.538423150777816772e-02
4.226562380790710449e-01 -4.076829552650451660e-01 6.538423150777816772e-02
4.231236279010772705e-01 -4.076237082481384277e-01 6.538423150777816772e-02
4.236062169075012207e-01 -4.075625836849212646e-01 6.538423150777816772e-02
4.241037070751190186e-01 -4.074994921684265137e-01 6.538423150777816772e-02
4.246157407760620117e-01 -4.074344336986541748e-01 6.538423150777816772e-02
4.251419305801391602e-01 -4.073673784732818604e-01 6.538423150777816772e-02
4.256817996501922607e-01 -4.072982370853424072e-01 6.538423150777816772e-02
4.262348413467407227e-01 -4.072270095348358154e-01 6.538423150777816772e-02
4.268004894256591797e-01 -4.071536958217620850e-01 6.538423150777816772e-02
4.273781180381774902e-01 -4.070782959461212158e-01 6.538423150777816772e-02
4.279671013355255127e-01 -4.070007801055908203e-01 6.538423150777816772e-02
4.285667240619659424e-01 -4.069211483001708984e-01 6.538423150777816772e-02
4.291762411594390869e-01 -4.068394303321838379e-01 6.538423150777816772e-02
4.297948777675628662e-01 -4.067556560039520264e-01 6.538423150777816772e-02
4.304217398166656494e-01 -4.066697955131530762e-01 6.538423150777816772e-02
4.310560226440429688e-01 -4.065819084644317627e-01 6.538423150777816772e-02
4.316967427730560303e-01 -4.064920246601104736e-01 6.538423150777816772e-02
4.323430061340332031e-01 -4.064002037048339844e-01 6.538423150777816772e-02
4.329937398433685303e-01 -4.063064455986022949e-01 6.538423150777816772e-02
4.336479306221008301e-01 -4.062108397483825684e-01 6.538423150777816772e-02
4.343045353889465332e-01 -4.061134457588195801e-01 6.538423150777816772e-02
4.349623918533325195e-01 -4.060142934322357178e-01 6.538423150777816772e-02
4.356203675270080566e-01 -4.059134721755981445e-01 6.538423150777816772e-02
4.362773001194000244e-01 -4.058110117912292480e-01 6.538423150777816772e-02
4.369319379329681396e-01 -4.057070612907409668e-01 6.538423150777816772e-02
4.375830590724945068e-01 -4.056016206741333008e-01 6.538423150777816772e-02
4.382293522357940674e-01 -4.054948389530181885e-01 6.538423150777816772e-02
4.388695359230041504e-01 -4.053867757320404053e-01 6.538423150777816772e-02
4.395022392272949219e-01 -4.052775204181671143e-01 6.538423150777816772e-02
4.401268064975738525e-01 -4.051672518253326416e-01 6.538423150777816772e-02
4.407435655593872070e-01 -4.050562679767608643e-01 6.538423150777816772e-02
4.413529634475708008e-01 -4.049448370933532715e-01 6.538423150777816772e-02
4.419555068016052246e-01 -4.048332571983337402e-01 6.538423150777816772e-02
4.425516128540039062e-01 -4.047217965126037598e-01 6.538423150777816772e-02
4.431418180465698242e-01 -4.046108126640319824e-01 6.538423150777816772e-02
4.437266290187835693e-01 -4.045005142688751221e-01 6.538423150777816772e-02
4.443065524101257324e-01 -4.043911993503570557e-01 6.538423150777816772e-02
4.448821544647216797e-01 -4.042831659317016602e-01 6.538423150777816772e-02
4.454539716243743896e-01 -4.041767120361328125e-01 6.538423150777816772e-02
4.460225403308868408e-01 -4.040720462799072266e-01 6.538423150777816772e-02
4.465884864330291748e-01 -4.039695262908935547e-01 6.538423150777816772e-02
4.471523463726043701e-01 -4.038693606853485107e-01 6.538423150777816772e-02
4.477147459983825684e-01 -4.037718474864959717e-01 6.538423150777816772e-02
4.482763409614562988e-01 -4.036772549152374268e-01 6.538423150777816772e-02
4.488376677036285400e-01 -4.035858213901519775e-01 6.538423150777816772e-02
4.493994414806365967e-01 -4.034978747367858887e-01 6.538423150777816772e-02
4.499622881412506104e-01 -4.034136533737182617e-01 6.538423150777816772e-02
4.505268633365631104e-01 -4.033333957195281982e-01 6.538423150777816772e-02
4.510938227176666260e-01 -4.032573699951171875e-01 6.538423150777816772e-02
4.516638517379760742e-01 -4.031858444213867188e-01 6.538423150777816772e-02
4.522376656532287598e-01 -4.031191170215606689e-01 6.538423150777816772e-02
4.528159499168395996e-01 -4.030573666095733643e-01 6.538423150777816772e-02
4.533993899822235107e-01 -4.030009210109710693e-01 6.538423150777816772e-02
4.539887607097625732e-01 -4.029499888420104980e-01 6.538423150777816772e-02
4.545847475528717041e-01 -4.029048681259155273e-01 6.538423150777816772e-02
4.551880955696105957e-01 -4.028657376766204834e-01 6.538423150777816772e-02
4.557995796203613281e-01 -4.028329253196716309e-01 6.538423150777816772e-02
4.564199149608612061e-01 -4.028066396713256836e-01 6.538423150777816772e-02
4.570498764514923096e-01 -4.027871489524841309e-01 6.538423150777816772e-02
4.576900899410247803e-01 -4.027745723724365234e-01 6.538423150777816772e-02
4.583398401737213135e-01 -4.027681946754455566e-01 6.538423150777816772e-02
4.589977860450744629e-01 -4.027668833732604980e-01 6.538423150777816772e-02
4.590026736259460449e-01 -4.027672410011291504e-01 6.538423150777816772e-02
4.590353965759277344e-01 -4.027695953845977783e-01 6.538423150777816772e-02
4.591195881366729736e-01 -4.027758836746215820e-01 6.538423150777816772e-02
4.592744410037994385e-01 -4.027877748012542725e-01 6.538423150777816772e-02
4.595148563385009766e-01 -4.028068482875823975e-01 6.538423150777816772e-02
4.598516225814819336e-01 -4.028344750404357910e-01 6.538423150777816772e-02
4.617882072925567627e-01 -4.033711254596710205e-01 6.538423150777816772e-02
4.691519737243652344e-01 -4.054334163665771484e-01 6.538423150777816772e-02
4.754202365875244141e-01 -4.072413146495819092e-01 6.538423150777816772e-02
4.788461327552795410e-01 -4.081596434116363525e-01 6.538423150777816772e-02
4.829257726669311523e-01 -4.090169668197631836e-01 6.538423150777816772e-02
4.882158935070037842e-01 -4.102215766906738281e-01 6.538423150777816772e-02
4.881983399391174316e-01 -4.102174639701843262e-01 6.538423150777816772e-02
4.880857765674591064e-01 -4.101909995079040527e-01 6.538423150777816772e-02
4.878107905387878418e-01 -4.101260602474212646e-01 6.538423150777816772e-02
4.873343706130981445e-01 -4.100129902362823486e-01 6.538423150777816772e-02
4.866443872451782227e-01 -4.098481833934783936e-01 6.538423150777816772e-02
4.857536554336547852e-01 -4.096337258815765381e-01 6.538423150777816772e-02
4.846983850002288818e-01 -4.093769490718841553e-01 6.538423150777816772e-02
4.835363030433654785e-01 -4.090901315212249756e-01 6.538423150777816772e-02
4.823450744152069092e-01 -4.087899923324584961e-01 6.538423150777816772e-02
4.812185466289520264e-01 -4.084970355033874512e-01 6.538423150777816772e-02
4.812176823616027832e-01 -4.084919393062591553e-01 6.538423150777816772e-02
4.812119305133819580e-01 -4.084578752517700195e-01 6.538423150777816772e-02
4.811972081661224365e-01 -4.083704352378845215e-01 6.538423150777816772e-02
4.811701774597167969e-01 -4.082100093364715576e-01 6.538423150777816772e-02
4.811283349990844727e-01 -4.079616069793701172e-01 6.538423150777816772e-02
4.810699820518493652e-01 -4.076147079467773438e-01 6.538423150777816772e-02
4.810684025287628174e-01 -4.076035022735595703e-01 6.538423150777816772e-02
4.810580909252166748e-01 -4.075306653976440430e-01 6.538423150777816772e-02
4.810324311256408691e-01 -4.073494076728820801e-01 6.538423150777816772e-02
4.809869229793548584e-01 -4.070284068584442139e-01 6.538423150777816772e-02
4.809190928936004639e-01 -4.065510928630828857e-01 6.538423150777816772e-02
4.808285236358642578e-01 -4.059147536754608154e-01 6.538423150777816772e-02
4.808253943920135498e-01 -4.059039056301116943e-01 6.538423150777816772e-02
4.808049499988555908e-01 -4.058332741260528564e-01 6.538423150777816772e-02
4.807541668415069580e-01 -4.056575298309326172e-01 6.538423150777816772e-02
4.806643128395080566e-01 -4.053462147712707520e-01 6.538423150777816772e-02
4.805308580398559570e-01 -4.048832058906555176e-01 6.538423150777816772e-02
4.803532660007476807e-01 -4.042657613754272461e-01 6.538423150777816772e-02
4.803513884544372559e-01 -4.042546153068542480e-01 6.538423150777816772e-02
4.803391993045806885e-01 -4.041821956634521484e-01 6.538423150777816772e-02
4.803088307380676270e-01 -4.040019214153289795e-01 6.538423150777816772e-02
4.802551269531250000e-01 -4.036826193332672119e-01 6.538423150777816772e-02
4.801752865314483643e-01 -4.032076895236968994e-01 6.538423150777816772e-02
4.800689220428466797e-01 -4.025744199752807617e-01 6.538423150777816772e-02
4.800646007061004639e-01 -4.025597274303436279e-01 6.538423150777816772e-02
4.800368249416351318e-01 -4.024649262428283691e-01 6.538423150777816772e-02
4.799683988094329834e-01 -4.022315740585327148e-01 6.538423150777816772e-02
4.798488318920135498e-01 -4.018235802650451660e-01 6.538423150777816772e-02
4.796738326549530029e-01 -4.012260735034942627e-01 6.538423150777816772e-02
4.794448912143707275e-01 -4.004439413547515869e-01 6.538423150777816772e-02
4.794447124004364014e-01 -4.004357755184173584e-01 6.538423150777816772e-02
4.794435203075408936e-01 -4.003818035125732422e-01 6.538423150777816772e-02
4.794405698776245117e-01 -4.002446532249450684e-01 6.538423150777816772e-02
4.794352948665618896e-01 -3.999958932399749756e-01 6.538423150777816772e-02
4.794273972511291504e-01 -3.996156156063079834e-01 6.538423150777816772e-02
4.794168472290039062e-01 -3.990921378135681152e-01 6.538423150777816772e-02
4.794147014617919922e-01 -3.990849554538726807e-01 6.538423150777816772e-02
4.794004559516906738e-01 -3.990374207496643066e-01 6.538423150777816772e-02
4.793640673160552979e-01 -3.989163339138031006e-01 6.538423150777816772e-02
4.792976677417755127e-01 -3.986963033676147461e-01 6.538423150777816772e-02
4.791955351829528809e-01 -3.983591198921203613e-01 6.538423150777816772e-02
4.790539443492889404e-01 -3.978937268257141113e-01 6.538423150777816772e-02
4.790500998497009277e-01 -3.978764116764068604e-01 6.538423150777816772e-02
4.790254533290863037e-01 -3.977651894092559814e-01 6.538423150777816772e-02
4.789651334285736084e-01 -3.974930047988891602e-01 6.538423150777816772e-02
4.788604676723480225e-01 -3.970204591751098633e-01 6.538423150777816772e-02
4.787085354328155518e-01 -3.963342905044555664e-01 6.538423150777816772e-02
4.785118997097015381e-01 -3.954455256462097168e-01 6.538423150777816772e-02
4.785121977329254150e-01 -3.954374492168426514e-01 6.538423150777816772e-02
4.785141944885253906e-01 -3.953840136528015137e-01 6.538423150777816772e-02
4.785193204879760742e-01 -3.952481746673583984e-01 6.538423150777816772e-02
4.785288274288177490e-01 -3.950016200542449951e-01 6.538423150777816772e-02
4.785436093807220459e-01 -3.946244716644287109e-01 6.538423150777816772e-02
4.785644412040710449e-01 -3.941048979759216309e-01 6.538423150777816772e-02
4.785631000995635986e-01 -3.940969109535217285e-01 6.538423150777816772e-02
4.785542190074920654e-01 -3.940441310405731201e-01 6.538423150777816772e-02
4.785315990447998047e-01 -3.939099013805389404e-01 6.538423150777816772e-02
4.784905314445495605e-01 -3.936663269996643066e-01 6.538423150777816772e-02
4.784276783466339111e-01 -3.932937383651733398e-01 6.538423150777816772e-02
4.783410429954528809e-01 -3.927805423736572266e-01 6.538423150777816772e-02
4.783391952514648438e-01 -3.927726447582244873e-01 6.538423150777816772e-02
4.783269166946411133e-01 -3.927204906940460205e-01 6.538423150777816772e-02
4.782955348491668701e-01 -3.925879001617431641e-01 6.538423150777816772e-02
4.782381355762481689e-01 -3.923474252223968506e-01 6.538423150777816772e-02
4.781496822834014893e-01 -3.919797837734222412e-01 6.538423150777816772e-02
4.780266880989074707e-01 -3.914737105369567871e-01 6.538423150777816772e-02
4.780257344245910645e-01 -3.914656043052673340e-01 6.538423150777816772e-02
4.780193865299224854e-01 -3.914119899272918701e-01 6.538423150777816772e-02
4.780032336711883545e-01 -3.912757337093353271e-01 6.538423150777816772e-02
4.779738783836364746e-01 -3.910286128520965576e-01 6.538423150777816772e-02
4.779288470745086670e-01 -3.906508386135101318e-01 6.538423150777816772e-02
4.778666198253631592e-01 -3.901309072971343994e-01 6.538423150777816772e-02
4.777866303920745850e-01 -3.894650340080261230e-01 6.538423150777816772e-02
4.776890277862548828e-01 -3.886569142341613770e-01 6.538423150777816772e-02
4.775749146938323975e-01 -3.877174556255340576e-01 6.538423150777816772e-02
4.774460494518280029e-01 -3.866642415523529053e-01 6.538423150777816772e-02
4.773050546646118164e-01 -3.855213522911071777e-01 6.538423150777816772e-02
4.771550893783569336e-01 -3.843189775943756104e-01 6.538423150777816772e-02
4.770001173019409180e-01 -3.830929994583129883e-01 6.538423150777816772e-02
4.768446087837219238e-01 -3.818847239017486572e-01 6.538423150777816772e-02
4.766934514045715332e-01 -3.807377219200134277e-01 6.538423150777816772e-02
4.765493571758270264e-01 -3.796713650226593018e-01 6.538423150777816772e-02
4.765483438968658447e-01 -3.796632587909698486e-01 6.538423150777816772e-02
4.765417575836181641e-01 -3.796096742153167725e-01 6.538423150777816772e-02
4.765249192714691162e-01 -3.794734776020050049e-01 6.538423150777816772e-02
4.764943122863769531e-01 -3.792264759540557861e-01 6.538423150777816772e-02
4.764474332332611084e-01 -3.788488805294036865e-01 6.538423150777816772e-02
4.763827621936798096e-01 -3.783291876316070557e-01 6.538423150777816772e-02
4.763779640197753906e-01 -3.783121109008789062e-01 6.538423150777816772e-02
4.763472676277160645e-01 -3.782023489475250244e-01 6.538423150777816772e-02
4.762722253799438477e-01 -3.779338002204895020e-01 6.538423150777816772e-02
4.761420488357543945e-01 -3.774675428867340088e-01 6.538423150777816772e-02
4.759532809257507324e-01 -3.767904341220855713e-01 6.538423150777816772e-02
4.757091999053955078e-01 -3.759133815765380859e-01 6.538423150777816772e-02
4.757074415683746338e-01 -3.758872449398040771e-01 6.538423150777816772e-02
4.756964147090911865e-01 -3.757215738296508789e-01 6.538423150777816772e-02
4.756699502468109131e-01 -3.753232657909393311e-01 6.538423150777816772e-02
4.756252169609069824e-01 -3.746466040611267090e-01 6.538423150777816772e-02
4.755623042583465576e-01 -3.736901879310607910e-01 6.538423150777816772e-02
4.754842221736907959e-01 -3.724933266639709473e-01 6.538423150777816772e-02
4.754827916622161865e-01 -3.724814355373382568e-01 6.538423150777816772e-02
4.754732847213745117e-01 -3.724033534526824951e-01 6.538423150777816772e-02
4.754492640495300293e-01 -3.722069561481475830e-01 6.538423150777816772e-02
4.754060208797454834e-01 -3.718547821044921875e-01 6.538423150777816772e-02
4.753403961658477783e-01 -3.713233470916748047e-01 6.538423150777816772e-02
4.752508699893951416e-01 -3.706026375293731689e-01 6.538423150777816772e-02
4.752494990825653076e-01 -3.705946803092956543e-01 6.538423150777816772e-02
4.752404391765594482e-01 -3.705419301986694336e-01 6.538423150777816772e-02
4.752173125743865967e-01 -3.704078793525695801e-01 6.538423150777816772e-02
4.751752316951751709e-01 -3.701645731925964355e-01 6.538423150777816772e-02
4.751106500625610352e-01 -3.697924613952636719e-01 6.538423150777816772e-02
4.750214219093322754e-01 -3.692798912525177002e-01 6.538423150777816772e-02
4.750223159790039062e-01 -3.692695200443267822e-01 6.538423150777816772e-02
4.750282168388366699e-01 -3.692013025283813477e-01 6.538423150777816772e-02
4.750430583953857422e-01 -3.690290749073028564e-01 6.538423150777816772e-02
4.750697314739227295e-01 -3.687188923358917236e-01 6.538423150777816772e-02
4.751100540161132812e-01 -3.682485818862915039e-01 6.538423150777816772e-02
4.751648604869842529e-01 -3.676071465015411377e-01 6.538423150777816772e-02
4.752340316772460938e-01 -3.667943477630615234e-01 6.538423150777816772e-02
4.753165543079376221e-01 -3.658200502395629883e-01 6.538423150777816772e-02
4.754105210304260254e-01 -3.647037446498870850e-01 6.538423150777816772e-02
4.755132794380187988e-01 -3.634741008281707764e-01 6.538423150777816772e-02
4.756213426589965820e-01 -3.621683418750762939e-01 6.538423150777816772e-02
4.757305681705474854e-01 -3.608317971229553223e-01 6.538423150777816772e-02
4.758360981941223145e-01 -3.595173060894012451e-01 6.538423150777816772e-02
4.759330749511718750e-01 -3.582788407802581787e-01 6.538423150777816772e-02
4.760202467441558838e-01 -3.571363389492034912e-01 6.538423150777816772e-02
4.760980904102325439e-01 -3.560923933982849121e-01 6.538423150777816772e-02
4.761673808097839355e-01 -3.551463484764099121e-01 6.538423150777816772e-02
4.762291908264160156e-01 -3.542945086956024170e-01 6.538423150777816772e-02
4.762848019599914551e-01 -3.535302877426147461e-01 6.538423150777816772e-02
4.763357639312744141e-01 -3.528442382812500000e-01 6.538423150777816772e-02
4.763838946819305420e-01 -3.522244095802307129e-01 6.538423150777816772e-02
4.764311611652374268e-01 -3.516563177108764648e-01 6.538423150777816772e-02
4.764798283576965332e-01 -3.511231541633605957e-01 6.538423150777816772e-02
4.765322506427764893e-01 -3.506059646606445312e-01 6.538423150777816772e-02
4.765910506248474121e-01 -3.500837087631225586e-01 6.538423150777816772e-02
4.766589701175689697e-01 -3.495335578918457031e-01 6.538423150777816772e-02
4.767386615276336670e-01 -3.489325940608978271e-01 6.538423150777816772e-02
4.768299162387847900e-01 -3.482761979103088379e-01 6.538423150777816772e-02
4.769307076930999756e-01 -3.475718200206756592e-01 6.538423150777816772e-02
4.770389497280120850e-01 -3.468276560306549072e-01 6.538423150777816772e-02
4.771524965763092041e-01 -3.460521697998046875e-01 6.538423150777816772e-02
4.771540760993957520e-01 -3.460403084754943848e-01 6.538423150777816772e-02
4.771644473075866699e-01 -3.459625244140625000e-01 6.538423150777816772e-02
4.771907925605773926e-01 -3.457667827606201172e-01 6.538423150777816772e-02
4.772384166717529297e-01 -3.454157710075378418e-01 6.538423150777816772e-02
4.773109853267669678e-01 -3.448860943317413330e-01 6.538423150777816772e-02
4.774105548858642578e-01 -3.441676795482635498e-01 6.538423150777816772e-02
4.775376319885253906e-01 -3.432631194591522217e-01 6.538423150777816772e-02
4.776912927627563477e-01 -3.421870172023773193e-01 6.538423150777816772e-02
4.778691828250885010e-01 -3.409653007984161377e-01 6.538423150777816772e-02
4.780677556991577148e-01 -3.396346271038055420e-01 6.538423150777816772e-02
4.782821238040924072e-01 -3.382416665554046631e-01 6.538423150777816772e-02
4.785063564777374268e-01 -3.368424475193023682e-01 6.538423150777816772e-02
4.787335097789764404e-01 -3.355004489421844482e-01 6.538423150777816772e-02
4.789571166038513184e-01 -3.342550694942474365e-01 6.538423150777816772e-02
4.791721999645233154e-01 -3.331141471862792969e-01 6.538423150777816772e-02
4.793743193149566650e-01 -3.320803046226501465e-01 6.538423150777816772e-02
4.795594513416290283e-01 -3.311523497104644775e-01 6.538423150777816772e-02
4.797241091728210449e-01 -3.303253948688507080e-01 6.538423150777816772e-02
4.798651337623596191e-01 -3.295910954475402832e-01 6.538423150777816772e-02
4.799797534942626953e-01 -3.289377689361572266e-01 6.538423150777816772e-02
4.800657033920288086e-01 -3.283506333827972412e-01 6.538423150777816772e-02
4.801209568977355957e-01 -3.278119564056396484e-01 6.538423150777816772e-02
4.801438450813293457e-01 -3.273012340068817139e-01 6.538423150777816772e-02
4.801330566406250000e-01 -3.267953395843505859e-01 6.538423150777816772e-02
4.800875186920166016e-01 -3.262687027454376221e-01 6.538423150777816772e-02
4.800072014331817627e-01 -3.256984353065490723e-01 6.538423150777816772e-02
4.798951148986816406e-01 -3.250800669193267822e-01 6.538423150777816772e-02
4.797548353672027588e-01 -3.244148194789886475e-01 6.538423150777816772e-02
4.795898795127868652e-01 -3.237049877643585205e-01 6.538423150777816772e-02
4.794035553932189941e-01 -3.229538500308990479e-01 6.538423150777816772e-02
4.791991710662841797e-01 -3.221656978130340576e-01 6.538423150777816772e-02
4.789798259735107422e-01 -3.213456571102142334e-01 6.538423150777816772e-02
4.787485599517822266e-01 -3.204997479915618896e-01 6.538423150777816772e-02
4.785083234310150146e-01 -3.196347653865814209e-01 6.538423150777816772e-02
4.782619178295135498e-01 -3.187583982944488525e-01 6.538423150777816772e-02
4.780121147632598877e-01 -3.178788721561431885e-01 6.538423150777816772e-02
4.777616262435913086e-01 -3.170052468776702881e-01 6.538423150777816772e-02
4.775129556655883789e-01 -3.161468803882598877e-01 6.538423150777816772e-02
4.772680103778839111e-01 -3.153082728385925293e-01 6.538423150777816772e-02
4.770279824733734131e-01 -3.144885003566741943e-01 6.538423150777816772e-02
4.767941534519195557e-01 -3.136860728263854980e-01 6.538423150777816772e-02
4.765677452087402344e-01 -3.128992617130279541e-01 6.538423150777816772e-02
4.763500988483428955e-01 -3.121260702610015869e-01 6.538423150777816772e-02
4.761425256729125977e-01 -3.113642632961273193e-01 6.538423150777816772e-02
4.759463369846343994e-01 -3.106113970279693604e-01 6.538423150777816772e-02
4.757629930973052979e-01 -3.098646998405456543e-01 6.538423150777816772e-02
4.755938649177551270e-01 -3.091212511062622070e-01 6.538423150777816772e-02
4.754404127597808838e-01 -3.083780109882354736e-01 6.538423150777816772e-02
4.753040373325347900e-01 -3.076315820217132568e-01 6.538423150777816772e-02
4.751862883567810059e-01 -3.068785369396209717e-01 6.538423150777816772e-02
4.750879704952239990e-01 -3.061159849166870117e-01 6.538423150777816772e-02
4.750074744224548340e-01 -3.053438365459442139e-01 6.538423150777816772e-02
4.749424755573272705e-01 -3.045629262924194336e-01 6.538423150777816772e-02
4.748906791210174561e-01 -3.037740290164947510e-01 6.538423150777816772e-02
4.748497307300567627e-01 -3.029780685901641846e-01 6.538423150777816772e-02
4.748173654079437256e-01 -3.021760582923889160e-01 6.538423150777816772e-02
4.747911989688873291e-01 -3.013690412044525146e-01 6.538423150777816772e-02
4.747689366340637207e-01 -3.005580604076385498e-01 6.538423150777816772e-02
4.747481644153594971e-01 -2.997443675994873047e-01 6.538423150777816772e-02
4.747266173362731934e-01 -2.989290952682495117e-01 6.538423150777816772e-02
4.747018516063690186e-01 -2.981136143207550049e-01 6.538423150777816772e-02
4.746715426445007324e-01 -2.972991466522216797e-01 6.538423150777816772e-02
4.746334254741668701e-01 -2.964870929718017578e-01 6.538423150777816772e-02
4.745872616767883301e-01 -2.956780195236206055e-01 6.538423150777816772e-02
4.745350182056427002e-01 -2.948717772960662842e-01 6.538423150777816772e-02
4.744786918163299561e-01 -2.940681576728820801e-01 6.538423150777816772e-02
4.744203090667724609e-01 -2.932668626308441162e-01 6.538423150777816772e-02
4.743618369102478027e-01 -2.924676835536956787e-01 6.538423150777816772e-02
4.743053615093231201e-01 -2.916703522205352783e-01 6.538423150777816772e-02
4.742528498172760010e-01 -2.908745110034942627e-01 6.538423150777816772e-02
4.742063283920288086e-01 -2.900799214839935303e-01 6.538423150777816772e-02
4.741678535938262939e-01 -2.892861962318420410e-01 6.538423150777816772e-02
4.741394221782684326e-01 -2.884930372238159180e-01 6.538423150777816772e-02
4.741230607032775879e-01 -2.877000868320465088e-01 6.538423150777816772e-02
4.741208255290985107e-01 -2.869069576263427734e-01 6.538423150777816772e-02
4.741341769695281982e-01 -2.861133217811584473e-01 6.538423150777816772e-02
4.741623997688293457e-01 -2.853191494941711426e-01 6.538423150777816772e-02
4.742042124271392822e-01 -2.845244407653808594e-01 6.538423150777816772e-02
4.742583334445953369e-01 -2.837291359901428223e-01 6.538423150777816772e-02
4.743235409259796143e-01 -2.829332947731018066e-01 6.538423150777816772e-02
4.743984937667846680e-01 -2.821369171142578125e-01 6.538423150777816772e-02
4.744819998741149902e-01 -2.813400328159332275e-01 6.538423150777816772e-02
4.745727181434631348e-01 -2.805426418781280518e-01 6.538423150777816772e-02
4.746693968772888184e-01 -2.797447741031646729e-01 6.538423150777816772e-02
4.747707545757293701e-01 -2.789464592933654785e-01 6.538423150777816772e-02
4.748755395412445068e-01 -2.781477272510528564e-01 6.538423150777816772e-02
4.749824702739715576e-01 -2.773486375808715820e-01 6.538423150777816772e-02
4.750902354717254639e-01 -2.765491902828216553e-01 6.538423150777816772e-02
4.751975536346435547e-01 -2.757495343685150146e-01 6.538423150777816772e-02
4.753030240535736084e-01 -2.749498486518859863e-01 6.538423150777816772e-02
4.754052460193634033e-01 -2.741503119468688965e-01 6.538423150777816772e-02
4.755028486251831055e-01 -2.733511328697204590e-01 6.538423150777816772e-02
4.755944609642028809e-01 -2.725524306297302246e-01 6.538423150777816772e-02
4.756787121295928955e-01 -2.717544436454772949e-01 6.538423150777816772e-02
4.757541716098785400e-01 -2.709572911262512207e-01 6.538423150777816772e-02
4.758195281028747559e-01 -2.701612412929534912e-01 6.538423150777816772e-02
4.758733212947845459e-01 -2.693663835525512695e-01 6.538423150777816772e-02
4.759142398834228516e-01 -2.685729265213012695e-01 6.538423150777816772e-02
4.759408533573150635e-01 -2.677810490131378174e-01 6.538423150777816772e-02
4.759518206119537354e-01 -2.669909298419952393e-01 6.538423150777816772e-02
4.759459495544433594e-01 -2.662026286125183105e-01 6.538423150777816772e-02
4.759228825569152832e-01 -2.654156088829040527e-01 6.538423150777816772e-02
4.758825004100799561e-01 -2.646293342113494873e-01 6.538423150777816772e-02
4.758246839046478271e-01 -2.638431787490844727e-01 6.538423150777816772e-02
4.757492840290069580e-01 -2.630565464496612549e-01 6.538423150777816772e-02
4.756561815738677979e-01 -2.622688114643096924e-01 6.538423150777816772e-02
4.755452573299407959e-01 -2.614794373512268066e-01 6.538423150777816772e-02
4.754163622856140137e-01 -2.606877982616424561e-01 6.538423150777816772e-02
4.752693772315979004e-01 -2.598932981491088867e-01 6.538423150777816772e-02
4.751041531562805176e-01 -2.590953111648559570e-01 6.538423150777816772e-02
4.749205708503723145e-01 -2.582932710647583008e-01 6.538423150777816772e-02
4.747185111045837402e-01 -2.574865818023681641e-01 6.538423150777816772e-02
4.744980335235595703e-01 -2.566747069358825684e-01 6.538423150777816772e-02
4.742634594440460205e-01 -2.558583617210388184e-01 6.538423150777816772e-02
4.740234613418579102e-01 -2.550395727157592773e-01 6.538423150777816772e-02
4.737868607044219971e-01 -2.542203962802886963e-01 6.538423150777816772e-02
4.735625386238098145e-01 -2.534028887748718262e-01 6.538423150777816772e-02
4.733592867851257324e-01 -2.525891661643981934e-01 6.538423150777816772e-02
4.731859564781188965e-01 -2.517812550067901611e-01 6.538423150777816772e-02
4.730513989925384521e-01 -2.509812414646148682e-01 6.538423150777816772e-02
4.729644060134887695e-01 -2.501911520957946777e-01 6.538423150777816772e-02
4.729338884353637695e-01 -2.494131028652191162e-01 6.538423150777816772e-02
4.729686081409454346e-01 -2.486491203308105469e-01 6.538423150777816772e-02
4.730774462223052979e-01 -2.479012906551361084e-01 6.538423150777816772e-02
4.732691943645477295e-01 -2.471716701984405518e-01 6.538423150777816772e-02
4.735486805438995361e-01 -2.464614957571029663e-01 6.538423150777816772e-02
4.739045202732086182e-01 -2.457687705755233765e-01 6.538423150777816772e-02
4.743212461471557617e-01 -2.450906634330749512e-01 6.538423150777816772e-02
4.747835099697113037e-01 -2.444243282079696655e-01 6.538423150777816772e-02
4.752758145332336426e-01 -2.437669485807418823e-01 6.538423150777816772e-02
4.757827818393707275e-01 -2.431156784296035767e-01 6.538423150777816772e-02
4.762889444828033447e-01 -2.424677163362503052e-01 6.538423150777816772e-02
4.767789542675018311e-01 -2.418202310800552368e-01 6.538423150777816772e-02
4.772386252880096436e-01 -2.411704957485198975e-01 6.538423150777816772e-02
4.776690900325775146e-01 -2.405171841382980347e-01 6.538423150777816772e-02
4.776702225208282471e-01 -2.405091971158981323e-01 6.538423150777816772e-02
4.776778817176818848e-01 -2.404563724994659424e-01 6.538423150777816772e-02
4.776975214481353760e-01 -2.403220981359481812e-01 6.538423150777816772e-02
4.777337312698364258e-01 -2.400784343481063843e-01 6.538423150777816772e-02
4.777899980545043945e-01 -2.397058010101318359e-01 6.538423150777816772e-02
4.778688848018646240e-01 -2.391926050186157227e-01 6.538423150777816772e-02
4.778734445571899414e-01 -2.391666471958160400e-01 6.538423150777816772e-02
4.779022932052612305e-01 -2.390023171901702881e-01 6.538423150777816772e-02
4.779711663722991943e-01 -2.386073321104049683e-01 6.538423150777816772e-02
4.780872762203216553e-01 -2.379367649555206299e-01 6.538423150777816772e-02
4.782497286796569824e-01 -2.369896471500396729e-01 6.538423150777816772e-02
4.784501791000366211e-01 -2.358056455850601196e-01 6.538423150777816772e-02
4.784667491912841797e-01 -2.357849776744842529e-01 6.538423150777816772e-02
4.785714149475097656e-01 -2.356540262699127197e-01 6.538423150777816772e-02
4.788224101066589355e-01 -2.353392541408538818e-01 6.538423150777816772e-02
4.792473614215850830e-01 -2.348047047853469849e-01 6.538423150777816772e-02
4.798453152179718018e-01 -2.340494543313980103e-01 6.538423150777816772e-02
4.805890619754791260e-01 -2.331048846244812012e-01 6.538423150777816772e-02
4.805861115455627441e-01 -2.330973744392395020e-01 6.538423150777816772e-02
4.805665612220764160e-01 -2.330476939678192139e-01 6.538423150777816772e-02
4.805169701576232910e-01 -2.329213470220565796e-01 6.538423150777816772e-02
4.804271161556243896e-01 -2.326919138431549072e-01 6.538423150777816772e-02
4.802899360656738281e-01 -2.323407679796218872e-01 6.538423150777816772e-02
4.801014363765716553e-01 -2.318567782640457153e-01 6.538423150777816772e-02
4.800898134708404541e-01 -2.318575233221054077e-01 6.538423150777816772e-02
4.800134301185607910e-01 -2.318625748157501221e-01 6.538423150777816772e-02
4.798209667205810547e-01 -2.318759262561798096e-01 6.538423150777816772e-02
4.794752001762390137e-01 -2.319012433290481567e-01 6.538423150777816772e-02
4.789523780345916748e-01 -2.319418340921401978e-01 6.538423150777816772e-02
4.782415330410003662e-01 -2.320007383823394775e-01 6.538423150777816772e-02
4.782668054103851318e-01 -2.319914400577545166e-01 6.538423150777816772e-02
4.784290492534637451e-01 -2.319320291280746460e-01 6.538423150777816772e-02
4.788262844085693359e-01 -2.317878007888793945e-01 6.538423150777816772e-02
4.795160889625549316e-01 -2.315398156642913818e-01 6.538423150777816772e-02
4.805182218551635742e-01 -2.311840802431106567e-01 6.538423150777816772e-02
4.818170070648193359e-01 -2.307305037975311279e-01 6.538423150777816772e-02
4.818091690540313721e-01 -2.307231277227401733e-01 6.538423150777816772e-02
4.817575216293334961e-01 -2.306746542453765869e-01 6.538423150777816772e-02
4.816268980503082275e-01 -2.305526137351989746e-01 6.538423150777816772e-02
4.813912808895111084e-01 -2.303335517644882202e-01 6.538423150777816772e-02
4.810333549976348877e-01 -2.300026565790176392e-01 6.538423150777816772e-02
4.805441200733184814e-01 -2.295534014701843262e-01 6.538423150777816772e-02
4.829967319965362549e-01 -2.303913980722427368e-01 6.538423150777816772e-02
4.894357621669769287e-01 -2.325217276811599731e-01 6.538423150777816772e-02
4.928161501884460449e-01 -2.336688190698623657e-01 6.538423150777816772e-02
4.963112175464630127e-01 -2.351785749197006226e-01 6.538423150777816772e-02
5.008255839347839355e-01 -2.359633147716522217e-01 6.538423150777816772e-02
5.049516558647155762e-01 -2.349528968334197998e-01 6.538423150777816772e-02
5.090427398681640625e-01 -2.339489012956619263e-01 6.538423150777816772e-02
5.132524371147155762e-01 -2.331211119890213013e-01 6.538423150777816772e-02
5.174149274826049805e-01 -2.321369946002960205e-01 6.538423150777816772e-02
5.216150879859924316e-01 -2.320660948753356934e-01 6.538423150777816772e-02
5.258514881134033203e-01 -2.326970249414443970e-01 6.538423150777816772e-02
5.300595760345458984e-01 -2.330938577651977539e-01 6.538423150777816772e-02
5.343653559684753418e-01 -2.338407337665557861e-01 6.538423150777816772e-02
5.385717153549194336e-01 -2.342188060283660889e-01 6.538423150777816772e-02
5.422270298004150391e-01 -2.323257923126220703e-01 6.538423150777816772e-02
5.456777811050415039e-01 -2.295912504196166992e-01 6.538423150777816772e-02
5.492358207702636719e-01 -2.272985279560089111e-01 6.538423150777816772e-02
5.527623891830444336e-01 -2.248544991016387939e-01 6.538423150777816772e-02
5.563470125198364258e-01 -2.227018177509307861e-01 6.538423150777816772e-02
5.601586103439331055e-01 -2.212716192007064819e-01 6.538423150777816772e-02
5.642465353012084961e-01 -2.196424007415771484e-01 6.538423150777816772e-02
5.685619115829467773e-01 -2.170930802822113037e-01 6.538423150777816772e-02
5.725370049476623535e-01 -2.153265029191970825e-01 6.538423150777816772e-02
5.754452347755432129e-01 -2.168486416339874268e-01 6.538423150777816772e-02
5.775491595268249512e-01 -2.209459990262985229e-01 6.538423150777816772e-02
5.798237323760986328e-01 -2.245298773050308228e-01 6.538423150777816772e-02
5.819515585899353027e-01 -2.284567952156066895e-01 6.538423150777816772e-02
5.841678977012634277e-01 -2.321754246950149536e-01 6.538423150777816772e-02
5.877884030342102051e-01 -2.321112751960754395e-01 6.538423150777816772e-02
5.920904874801635742e-01 -2.300615161657333374e-01 6.538423150777816772e-02
5.961092114448547363e-01 -2.287833839654922485e-01 6.538423150777816772e-02
6.002576351165771484e-01 -2.278197407722473145e-01 6.538423150777816772e-02
6.041665077209472656e-01 -2.262296229600906372e-01 6.538423150777816772e-02
6.071739196777343750e-01 -2.233732938766479492e-01 6.538423150777816772e-02
6.095812320709228516e-01 -2.196835726499557495e-01 6.538423150777816772e-02
6.118696331977844238e-01 -2.157998085021972656e-01 6.538423150777816772e-02
6.145173907279968262e-01 -2.124300748109817505e-01 6.538423150777816772e-02
6.179864406585693359e-01 -2.102951109409332275e-01 6.538423150777816772e-02
6.221627593040466309e-01 -2.092319875955581665e-01 6.538423895835876465e-02
6.262976527214050293e-01 -2.081030756235122681e-01 6.538423895835876465e-02
6.303443908691406250e-01 -2.068495303392410278e-01 6.538423150777816772e-02
6.344324946403503418e-01 -2.056574970483779907e-01 6.538423150777816772e-02
6.384648680686950684e-01 -2.043206542730331421e-01 6.538423150777816772e-02
6.424641609191894531e-01 -2.028824687004089355e-01 6.538423150777816772e-02
6.465365290641784668e-01 -2.015561610460281372e-01 6.538423150777816772e-02
6.506459712982177734e-01 -2.003042250871658325e-01 6.538423150777816772e-02
6.545433998107910156e-01 -1.987141072750091553e-01 6.538423150777816772e-02
6.580386161804199219e-01 -1.964450776576995850e-01 6.538423150777816772e-02
6.612454056739807129e-01 -1.935658603906631470e-01 6.538423150777816772e-02
6.643573641777038574e-01 -1.902917921543121338e-01 6.538423150777816772e-02
6.676143407821655273e-01 -1.873857825994491577e-01 6.538423150777816772e-02
6.712851524353027344e-01 -1.859699636697769165e-01 6.538423150777816772e-02
6.754370331764221191e-01 -1.863815784454345703e-01 6.538423150777816772e-02
6.797944903373718262e-01 -1.876151561737060547e-01 6.538423150777816772e-02
6.840920448303222656e-01 -1.886702030897140503e-01 6.538423150777816772e-02
6.882654428482055664e-01 -1.891748607158660889e-01 6.538423150777816772e-02
6.923221349716186523e-01 -1.889729350805282593e-01 6.538423150777816772e-02
6.964667439460754395e-01 -1.884038448333740234e-01 6.538423150777816772e-02
7.010514736175537109e-01 -1.881826817989349365e-01 6.538423895835876465e-02
7.058569788932800293e-01 -1.883088052272796631e-01 6.538423895835876465e-02
7.095456719398498535e-01 -1.873716711997985840e-01 6.538423895835876465e-02
7.110390663146972656e-01 -1.841689497232437134e-01 6.538423895835876465e-02
7.113562822341918945e-01 -1.795026659965515137e-01 6.538423895835876465e-02
7.121291160583496094e-01 -1.748018115758895874e-01 6.538423895835876465e-02
7.132641077041625977e-01 -1.706129610538482666e-01 6.538423895835876465e-02
7.131568193435668945e-01 -1.667075902223587036e-01 6.538419425487518311e-02
7.112458348274230957e-01 -1.628805249929428101e-01 6.538419425487518311e-02
7.092739939689636230e-01 -1.590458452701568604e-01 6.538429856300354004e-02
7.073982954025268555e-01 -1.552248746156692505e-01 6.538439542055130005e-02
7.052069306373596191e-01 -1.514317244291305542e-01 6.538440287113189697e-02
7.047619819641113281e-01 -1.474483609199523926e-01 6.538420915603637695e-02
7.060925364494323730e-01 -1.432709097862243652e-01 6.538420170545578003e-02
7.071464061737060547e-01 -1.391147673130035400e-01 6.538429111242294312e-02
7.081310749053955078e-01 -1.349989920854568481e-01 6.538409739732742310e-02
7.091534733772277832e-01 -1.308597177267074585e-01 6.538408994674682617e-02
7.093490958213806152e-01 -1.266300976276397705e-01 6.538449227809906006e-02
7.091478109359741211e-01 -1.223606616258621216e-01 6.538414955139160156e-02
7.091184854507446289e-01 -1.181081533432006836e-01 6.538414955139160156e-02
7.089326977729797363e-01 -1.138459369540214539e-01 6.538450717926025391e-02
7.090423107147216797e-01 -1.096011251211166382e-01 6.538448482751846313e-02
7.099902033805847168e-01 -1.054339259862899780e-01 6.538449227809906006e-02
7.108995914459228516e-01 -1.013579070568084717e-01 6.538392603397369385e-02
7.119030952453613281e-01 -9.716939926147460938e-02 6.538391858339309692e-02
7.134704589843750000e-01 -9.277267754077911377e-02 6.538439542055130005e-02
7.125353217124938965e-01 -8.936646580696105957e-02 6.538389623165130615e-02
7.085699439048767090e-01 -8.716856688261032104e-02 6.538388133049011230e-02
7.050184607505798340e-01 -8.486209809780120850e-02 6.538434326648712158e-02
7.011827230453491211e-01 -8.250746876001358032e-02 6.538426876068115234e-02
6.972582340240478516e-01 -8.020956069231033325e-02 6.538426876068115234e-02
6.978105306625366211e-01 -7.714863121509552002e-02 6.538420915603637695e-02
7.011876106262207031e-01 -7.355298101902008057e-02 6.538367271423339844e-02
7.036508917808532715e-01 -7.009962946176528931e-02 6.538365781307220459e-02
7.063941955566406250e-01 -6.681284308433532715e-02 6.538493931293487549e-02
7.086725831031799316e-01 -6.329789757728576660e-02 6.538495421409606934e-02
7.083134055137634277e-01 -5.914846062660217285e-02 6.538385152816772461e-02
7.070894241333007812e-01 -5.493748933076858521e-02 6.538435071706771851e-02
7.064880132675170898e-01 -5.075056478381156921e-02 6.538435816764831543e-02
7.062956690788269043e-01 -4.615576937794685364e-02 6.538399308919906616e-02
7.044816613197326660e-01 -4.286872223019599915e-02 6.538414955139160156e-02
7.002601623535156250e-01 -4.165732860565185547e-02 6.538414955139160156e-02
6.959714293479919434e-01 -4.049597308039665222e-02 6.538397073745727539e-02
6.920822262763977051e-01 -3.900003060698509216e-02 6.538376957178115845e-02
6.880586147308349609e-01 -3.761469200253486633e-02 6.538375467061996460e-02
6.840178966522216797e-01 -3.626827523112297058e-02 6.538412719964981079e-02
6.799912452697753906e-01 -3.490595519542694092e-02 6.538359075784683228e-02
6.759610772132873535e-01 -3.354472294449806213e-02 6.538357585668563843e-02
6.719217896461486816e-01 -3.219817206263542175e-02 6.538286805152893066e-02
6.678911447525024414e-01 -3.083724714815616608e-02 6.538283824920654297e-02
6.638761162757873535e-01 -2.941977232694625854e-02 6.538441777229309082e-02
6.598442196846008301e-01 -2.806056104600429535e-02 6.538442522287368774e-02
6.557126641273498535e-01 -2.690437808632850647e-02 6.538436561822891235e-02
6.515993475914001465e-01 -2.570756338536739349e-02 6.538436561822891235e-02
6.477960348129272461e-01 -2.388609759509563446e-02 6.538279354572296143e-02
6.443888545036315918e-01 -2.131519839167594910e-02 6.538277119398117065e-02
6.410008668899536133e-01 -1.882874965667724609e-02 6.538331508636474609e-02
6.376248002052307129e-01 -1.619165949523448944e-02 6.538309901952743530e-02
6.342863440513610840e-01 -1.321652531623840332e-02 6.538303941488265991e-02
6.304723620414733887e-01 -1.251831091940402985e-02 6.538534909486770630e-02
6.262899637222290039e-01 -1.410316955298185349e-02 6.538537144660949707e-02
6.221731901168823242e-01 -1.535608340054750443e-02 6.538412719964981079e-02
6.181114315986633301e-01 -1.643882505595684052e-02 6.538376957178115845e-02
6.140066385269165039e-01 -1.761708408594131470e-02 6.538378447294235229e-02
6.099447607994079590e-01 -1.818497478961944580e-02 6.538431346416473389e-02
6.057406067848205566e-01 -1.848797500133514404e-02 6.538431346416473389e-02
6.010675430297851562e-01 -1.933928765356540680e-02 6.538462638854980469e-02
5.963848233222961426e-01 -2.034383453428745270e-02 6.538464128971099854e-02
5.930613279342651367e-01 -1.972509361803531647e-02 6.538472324609756470e-02
5.919793248176574707e-01 -1.636087521910667419e-02 6.538473069667816162e-02
5.923687815666198730e-01 -1.130019128322601318e-02 6.538473814725875854e-02
5.931397080421447754e-01 -5.972827784717082977e-03 6.538412719964981079e-02
5.929832458496093750e-01 -1.624516444280743599e-03 6.538412719964981079e-02
5.905210375785827637e-01 6.312295445241034031e-04 6.538189947605133057e-02
5.860552191734313965e-01 1.126007176935672760e-03 6.538183242082595825e-02
5.816979408264160156e-01 1.760758459568023682e-03 6.538386642932891846e-02
5.776096582412719727e-01 2.505151554942131042e-03 6.538264453411102295e-02
5.733809471130371094e-01 3.161759115755558014e-03 6.538262963294982910e-02
5.694910287857055664e-01 4.689983557909727097e-03 6.538487970829010010e-02
5.659973025321960449e-01 7.160758599638938904e-03 6.538489460945129395e-02
5.626608729362487793e-01 1.003818307071924210e-02 6.538413465023040771e-02
5.592365860939025879e-01 1.272538863122463226e-02 6.538412719964981079e-02
5.554936528205871582e-01 1.454674266278743744e-02 6.538412719964981079e-02
5.513193607330322266e-01 1.514208037406206131e-02 6.538553535938262939e-02
5.471034049987792969e-01 1.541790552437305450e-02 6.538224965333938599e-02
5.428884625434875488e-01 1.591673493385314941e-02 6.538221985101699829e-02
5.385754704475402832e-01 1.640077680349349976e-02 6.539060920476913452e-02
5.343106389045715332e-01 1.683145575225353241e-02 6.538124382495880127e-02
5.300686955451965332e-01 1.721047423779964447e-02 6.538122892379760742e-02
5.258724093437194824e-01 1.748297363519668579e-02 6.538277119398117065e-02
5.215874314308166504e-01 1.800435222685337067e-02 6.538328528404235840e-02
5.172709822654724121e-01 1.861654594540596008e-02 6.538328528404235840e-02
5.135323405265808105e-01 1.749551109969615936e-02 6.538431346416473389e-02
5.104073882102966309e-01 1.448884233832359314e-02 6.538432091474533081e-02
5.074908137321472168e-01 1.094110682606697083e-02 6.538403034210205078e-02
5.044577121734619141e-01 7.831132970750331879e-03 6.538402289152145386e-02
5.011190176010131836e-01 5.352508276700973511e-03 6.538401544094085693e-02
4.973568320274353027e-01 3.567095147445797920e-03 6.538396328687667847e-02
4.932447671890258789e-01 2.312025986611843109e-03 6.538396328687667847e-02
4.889517128467559814e-01 1.336466404609382153e-03 6.538460403680801392e-02
4.847975075244903564e-01 1.481866202084347606e-04 6.538461148738861084e-02
4.810919463634490967e-01 -1.954466104507446289e-03 6.538105010986328125e-02
4.782064259052276611e-01 -5.103131290525197983e-03 6.538104265928268433e-02
4.754569232463836670e-01 -8.243070915341377258e-03 6.538727879524230957e-02
4.725269675254821777e-01 -1.140376925468444824e-02 6.538581848144531250e-02
4.697476923465728760e-01 -1.483035366982221603e-02 6.538597494363784790e-02
4.663719534873962402e-01 -1.660665310919284821e-02 6.538227200508117676e-02
4.620946943759918213e-01 -1.624800637364387512e-02 6.538224220275878906e-02
4.575937688350677490e-01 -1.516239624470472336e-02 6.538277864456176758e-02
4.532890319824218750e-01 -1.449465937912464142e-02 6.538275629281997681e-02
4.491189420223236084e-01 -1.448965724557638168e-02 6.538274139165878296e-02
4.449829757213592529e-01 -1.520022563636302948e-02 6.537753343582153320e-02
4.406822323799133301e-01 -1.626281253993511200e-02 6.538819521665573120e-02
4.365522861480712891e-01 -1.720931753516197205e-02 6.538829207420349121e-02
4.324501156806945801e-01 -1.780900917947292328e-02 6.539149582386016846e-02
4.284235835075378418e-01 -1.907059550285339355e-02 6.538450717926025391e-02
4.257040321826934814e-01 -2.210200764238834381e-02 6.538450717926025391e-02
4.234563112258911133e-01 -2.598005160689353943e-02 6.538451462984085083e-02
4.208103120326995850e-01 -2.954502590000629425e-02 6.538465619087219238e-02
4.181385040283203125e-01 -3.285222873091697693e-02 6.538465619087219238e-02
4.163936078548431396e-01 -3.657249361276626587e-02 6.536868214607238770e-02
4.156519174575805664e-01 -4.080858826637268066e-02 6.536851823329925537e-02
4.150404334068298340e-01 -4.501639679074287415e-02 6.539072841405868530e-02
4.139279723167419434e-01 -4.913997650146484375e-02 6.537473946809768677e-02
4.130327999591827393e-01 -5.330267548561096191e-02 6.537458300590515137e-02
4.124093055725097656e-01 -5.751603841781616211e-02 6.538419425487518311e-02
4.120500385761260986e-01 -6.175855919718742371e-02 6.538417935371398926e-02
4.117702841758728027e-01 -6.600741297006607056e-02 6.538470834493637085e-02
4.114460051059722900e-01 -7.024583220481872559e-02 6.538472324609756470e-02
4.109350144863128662e-01 -7.447846978902816772e-02 6.538473069667816162e-02
4.102619886398315430e-01 -7.871601730585098267e-02 6.536856293678283691e-02
4.096788465976715088e-01 -8.281308412551879883e-02 6.538581848144531250e-02
4.089644849300384521e-01 -8.701877295970916748e-02 6.538581848144531250e-02
4.077421426773071289e-01 -9.152601659297943115e-02 6.539244204759597778e-02
4.081749022006988525e-01 -9.514073282480239868e-02 6.538494676351547241e-02
4.119876921176910400e-01 -9.740605205297470093e-02 6.538506597280502319e-02
4.158034622669219971e-01 -9.950509667396545410e-02 6.538558751344680786e-02
4.193661212921142578e-01 -1.021453887224197388e-01 6.538963317871093750e-02
4.231495857238769531e-01 -1.048305630683898926e-01 6.538963317871093750e-02
4.260891675949096680e-01 -1.052249819040298462e-01 6.539879739284515381e-02
4.317292571067810059e-01 -1.043052747845649719e-01 6.542909890413284302e-02
4.352091848850250244e-01 -1.032074540853500366e-01 6.538422405719757080e-02
4.351707994937896729e-01 -1.026174500584602356e-01 6.538422405719757080e-02
4.351321756839752197e-01 -1.020272672176361084e-01 6.538422405719757080e-02
4.350932538509368896e-01 -1.014368832111358643e-01 6.538422405719757080e-02
4.350540339946746826e-01 -1.008462831377983093e-01 6.538422405719757080e-02
4.350144863128662109e-01 -1.002554520964622498e-01 6.538422405719757080e-02
4.349745810031890869e-01 -9.966436773538589478e-02 6.538422405719757080e-02
4.349342584609985352e-01 -9.907300770282745361e-02 6.538422405719757080e-02
4.348934888839721680e-01 -9.848136454820632935e-02 6.538422405719757080e-02
4.348522722721099854e-01 -9.788940846920013428e-02 6.538422405719757080e-02
4.348105490207672119e-01 -9.729713201522827148e-02 6.538422405719757080e-02
4.347683191299438477e-01 -9.670451283454895020e-02 6.538422405719757080e-02
4.347255229949951172e-01 -9.611152857542037964e-02 6.538422405719757080e-02
4.346821606159210205e-01 -9.551816433668136597e-02 6.538422405719757080e-02
4.346381425857543945e-01 -9.492441266775131226e-02 6.538422405719757080e-02
4.345934987068176270e-01 -9.433023631572723389e-02 6.538423150777816772e-02
4.345481991767883301e-01 -9.373564273118972778e-02 6.538423150777816772e-02
4.345023334026336670e-01 -9.314069151878356934e-02 6.538423150777816772e-02
4.344559907913208008e-01 -9.254544228315353394e-02 6.538423150777816772e-02
4.344092905521392822e-01 -9.194997698068618774e-02 6.538423150777816772e-02
4.343623518943786621e-01 -9.135435521602630615e-02 6.538423150777816772e-02
4.343152642250061035e-01 -9.075865149497985840e-02 6.538423150777816772e-02
4.342681467533111572e-01 -9.016293287277221680e-02 6.538423150777816772e-02
4.342210888862609863e-01 -8.956726640462875366e-02 6.538423150777816772e-02
4.341742098331451416e-01 -8.897173404693603516e-02 6.538423150777816772e-02
4.341276288032531738e-01 -8.837639540433883667e-02 6.538423150777816772e-02
4.340814054012298584e-01 -8.778131753206253052e-02 6.538423150777816772e-02
4.340357184410095215e-01 -8.718658238649368286e-02 6.538423150777816772e-02
4.339905977249145508e-01 -8.659224212169647217e-02 6.538423150777816772e-02
4.339462220668792725e-01 -8.599838614463806152e-02 6.538423150777816772e-02
4.339026212692260742e-01 -8.540507405996322632e-02 6.538423150777816772e-02
4.338599741458892822e-01 -8.481237292289733887e-02 6.538423150777816772e-02
4.338183701038360596e-01 -8.422035723924636841e-02 6.538423150777816772e-02
4.337778687477111816e-01 -8.362909406423568726e-02 6.538423150777816772e-02
4.337386488914489746e-01 -8.303865045309066772e-02 6.538423150777816772e-02
4.337007403373718262e-01 -8.244910836219787598e-02 6.538423150777816772e-02
4.336643218994140625e-01 -8.186052739620208740e-02 6.538423150777816772e-02
4.336294531822204590e-01 -8.127297461032867432e-02 6.538423150777816772e-02
4.335962831974029541e-01 -8.068652451038360596e-02 6.538423150777816772e-02
4.335648417472839355e-01 -8.010125160217285156e-02 6.538423150777816772e-02
4.335353374481201172e-01 -7.951721549034118652e-02 6.538423150777816772e-02
4.335078001022338867e-01 -7.893449813127517700e-02 6.538423150777816772e-02
4.334823489189147949e-01 -7.835315167903900146e-02 6.538423150777816772e-02
4.334591329097747803e-01 -7.777326554059982300e-02 6.538423150777816772e-02
4.334382116794586182e-01 -7.719489932060241699e-02 6.538423150777816772e-02
4.334196448326110840e-01 -7.661811262369155884e-02 6.538423150777816772e-02
4.334034323692321777e-01 -7.604283839464187622e-02 6.538423150777816772e-02
4.333891272544860840e-01 -7.546882331371307373e-02 6.538423150777816772e-02
4.333763718605041504e-01 -7.489580661058425903e-02 6.538423150777816772e-02
4.333646893501281738e-01 -7.432352751493453979e-02 6.538423150777816772e-02
4.333537817001342773e-01 -7.375172525644302368e-02 6.538423150777816772e-02
4.333431720733642578e-01 -7.318013161420822144e-02 6.538423150777816772e-02
4.333325028419494629e-01 -7.260849326848983765e-02 6.538423150777816772e-02
4.333213865756988525e-01 -7.203654944896697998e-02 6.538423150777816772e-02
4.333093762397766113e-01 -7.146403938531875610e-02 6.538423150777816772e-02
4.332961440086364746e-01 -7.089069485664367676e-02 6.538423150777816772e-02
4.332812428474426270e-01 -7.031626254320144653e-02 6.538423150777816772e-02
4.332643151283264160e-01 -6.974048167467117310e-02 6.538423150777816772e-02
4.332449138164520264e-01 -6.916309148073196411e-02 6.538423150777816772e-02
4.332227110862731934e-01 -6.858382374048233032e-02 6.538423150777816772e-02
4.331972599029541016e-01 -6.800242513418197632e-02 6.538423150777816772e-02
4.331681728363037109e-01 -6.741862744092941284e-02 6.538423150777816772e-02
4.331350326538085938e-01 -6.683217734098434448e-02 6.538423150777816772e-02
4.330975115299224854e-01 -6.624281406402587891e-02 6.538423150777816772e-02
4.330551326274871826e-01 -6.565026938915252686e-02 6.538423150777816772e-02
4.330075681209564209e-01 -6.505428999662399292e-02 6.538423150777816772e-02
4.329543709754943848e-01 -6.445460766553878784e-02 6.538423150777816772e-02
4.328951835632324219e-01 -6.385096907615661621e-02 6.538423150777816772e-02
4.328295886516571045e-01 -6.324310600757598877e-02 6.538423150777816772e-02
4.327571988105773926e-01 -6.263075768947601318e-02 6.538423150777816772e-02
4.326775968074798584e-01 -6.201367452740669250e-02 6.538423150777816772e-02
4.325903952121734619e-01 -6.139158457517623901e-02 6.538423150777816772e-02
4.324952363967895508e-01 -6.076423078775405884e-02 6.538423150777816772e-02
4.323916733264923096e-01 -6.013135239481925964e-02 6.538423150777816772e-02
4.322793185710906982e-01 -5.949268490076065063e-02 6.538423150777816772e-02
4.321580231189727783e-01 -5.884809419512748718e-02 6.538423150777816772e-02
4.320286810398101807e-01 -5.819822847843170166e-02 6.538423150777816772e-02
4.318928122520446777e-01 -5.754406377673149109e-02 6.538423150777816772e-02
4.317519068717956543e-01 -5.688657239079475403e-02 6.538423150777816772e-02
4.316074252128601074e-01 -5.622673034667968750e-02 6.538423150777816772e-02
4.314608573913574219e-01 -5.556550994515419006e-02 6.538423150777816772e-02
4.313136637210845947e-01 -5.490388721227645874e-02 6.538423150777816772e-02
4.311673343181610107e-01 -5.424283072352409363e-02 6.538423150777816772e-02
4.310233592987060547e-01 -5.358332023024559021e-02 6.538423150777816772e-02
4.308831989765167236e-01 -5.292632803320884705e-02 6.538423150777816772e-02
4.307483434677124023e-01 -5.227282643318176270e-02 6.538423150777816772e-02
4.306202530860900879e-01 -5.162379145622253418e-02 6.538423150777816772e-02
4.305004179477691650e-01 -5.098019167780876160e-02 6.538423150777816772e-02
4.303902983665466309e-01 -5.034301057457923889e-02 6.538423150777816772e-02
4.302914142608642578e-01 -4.971321299672126770e-02 6.538423150777816772e-02
4.302051961421966553e-01 -4.909177497029304504e-02 6.538423150777816772e-02
4.301331341266632080e-01 -4.847967624664306641e-02 6.538423150777816772e-02
4.300767481327056885e-01 -4.787788540124893188e-02 6.538423150777816772e-02
4.300374388694763184e-01 -4.728737473487854004e-02 6.538423150777816772e-02
4.300167560577392578e-01 -4.670912399888038635e-02 6.538423150777816772e-02
4.300161302089691162e-01 -4.614410176873207092e-02 6.538423150777816772e-02
4.300370812416076660e-01 -4.559328407049179077e-02 6.538423150777816772e-02
4.300810396671295166e-01 -4.505764693021774292e-02 6.538423150777816772e-02
4.301494956016540527e-01 -4.453815892338752747e-02 6.538423150777816772e-02
4.302439689636230469e-01 -4.403579980134963989e-02 6.538423150777816772e-02
4.303658902645111084e-01 -4.355154186487197876e-02 6.538423150777816772e-02
4.305167496204376221e-01 -4.308635741472244263e-02 6.538423150777816772e-02
4.306980073451995850e-01 -4.264121875166893005e-02 6.538423150777816772e-02
4.309111833572387695e-01 -4.221710562705993652e-02 6.538423150777816772e-02
4.311577677726745605e-01 -4.181497916579246521e-02 6.538423150777816772e-02
4.314382076263427734e-01 -4.143521189689636230e-02 6.538423150777816772e-02
4.317513704299926758e-01 -4.107699170708656311e-02 6.538423150777816772e-02
4.320957660675048828e-01 -4.073937237262725830e-02 6.538423150777816772e-02
4.324699938297271729e-01 -4.042140766978263855e-02 6.538423150777816772e-02
4.328725934028625488e-01 -4.012215137481689453e-02 6.538423150777816772e-02
4.333021044731140137e-01 -3.984065726399421692e-02 6.538423150777816772e-02
4.337571561336517334e-01 -3.957597538828849792e-02 6.538423150777816772e-02
4.342362582683563232e-01 -3.932716324925422668e-02 6.538423150777816772e-02
4.347379803657531738e-01 -3.909327462315559387e-02 6.538423150777816772e-02
4.352608919143676758e-01 -3.887336328625679016e-02 6.538423150777816772e-02
4.358035624027252197e-01 -3.866648301482200623e-02 6.538423150777816772e-02
4.363645613193511963e-01 -3.847168385982513428e-02 6.538423150777816772e-02
4.369424283504486084e-01 -3.828802332282066345e-02 6.538423150777816772e-02
4.375357329845428467e-01 -3.811455518007278442e-02 6.538423150777816772e-02
4.381430447101593018e-01 -3.795033320784568787e-02 6.538423150777816772e-02
4.387629330158233643e-01 -3.779440745711326599e-02 6.538423150777816772e-02
4.393939375877380371e-01 -3.764583542943000793e-02 6.538423150777816772e-02
4.400346279144287109e-01 -3.750366717576980591e-02 6.538423150777816772e-02
4.406836032867431641e-01 -3.736696019768714905e-02 6.538423150777816772e-02
4.413393735885620117e-01 -3.723476827144622803e-02 6.538423150777816772e-02
4.420005381107330322e-01 -3.710614144802093506e-02 6.538423150777816772e-02
4.426656365394592285e-01 -3.698013350367546082e-02 6.538423150777816772e-02
4.433332383632659912e-01 -3.685580193996429443e-02 6.538423150777816772e-02
4.440019130706787109e-01 -3.673219680786132812e-02 6.538423150777816772e-02
4.446702301502227783e-01 -3.660837560892105103e-02 6.538423150777816772e-02
4.453367590904235840e-01 -3.648338466882705688e-02 6.538423150777816772e-02
4.460000097751617432e-01 -3.635628521442413330e-02 6.538423150777816772e-02
4.466586112976074219e-01 -3.622613102197647095e-02 6.538423150777816772e-02
4.473111033439636230e-01 -3.609196841716766357e-02 6.538423150777816772e-02
4.479560256004333496e-01 -3.595285490155220032e-02 6.538423150777816772e-02
4.485921859741210938e-01 -3.580795601010322571e-02 6.538422405719757080e-02
4.492193460464477539e-01 -3.565717488527297974e-02 6.538422405719757080e-02
4.498379230499267578e-01 -3.550076857209205627e-02 6.538422405719757080e-02
4.504483342170715332e-01 -3.533899039030075073e-02 6.538422405719757080e-02
4.510509669780731201e-01 -3.517208620905876160e-02 6.538422405719757080e-02
4.516462087631225586e-01 -3.500031679868698120e-02 6.538422405719757080e-02
4.522344172000885010e-01 -3.482392802834510803e-02 6.538422405719757080e-02
4.528160393238067627e-01 -3.464317321777343750e-02 6.538422405719757080e-02
4.533914327621459961e-01 -3.445830568671226501e-02 6.538422405719757080e-02
4.539609849452972412e-01 -3.426957502961158752e-02 6.538422405719757080e-02
4.545251131057739258e-01 -3.407723456621170044e-02 6.538422405719757080e-02
4.550841748714447021e-01 -3.388153761625289917e-02 6.538422405719757080e-02
4.556385576725006104e-01 -3.368273377418518066e-02 6.538422405719757080e-02
4.561886489391326904e-01 -3.348108008503913879e-02 6.538422405719757080e-02
4.567348659038543701e-01 -3.327682241797447205e-02 6.538422405719757080e-02
4.572775959968566895e-01 -3.307021781802177429e-02 6.538422405719757080e-02
4.578171968460083008e-01 -3.286151587963104248e-02 6.538422405719757080e-02
4.583540856838226318e-01 -3.265097364783287048e-02 6.538422405719757080e-02
4.588886201381683350e-01 -3.243883326649665833e-02 6.538422405719757080e-02
4.594212174415588379e-01 -3.222535923123359680e-02 6.538422405719757080e-02
4.599522650241851807e-01 -3.201079368591308594e-02 6.538422405719757080e-02
4.604821205139160156e-01 -3.179539367556571960e-02 6.538422405719757080e-02
4.610112309455871582e-01 -3.157941251993179321e-02 6.538422405719757080e-02
4.615399241447448730e-01 -3.136309981346130371e-02 6.538422405719757080e-02
4.620686173439025879e-01 -3.114671260118484497e-02 6.538422405719757080e-02
4.625976979732513428e-01 -3.093049861490726471e-02 6.538422405719757080e-02
4.631275534629821777e-01 -3.071471117436885834e-02 6.538422405719757080e-02
4.636585712432861328e-01 -3.049960546195507050e-02 6.538422405719757080e-02
4.641911387443542480e-01 -3.028543107211589813e-02 6.538422405719757080e-02
4.647256135940551758e-01 -3.007244132459163666e-02 6.538422405719757080e-02
4.652624428272247314e-01 -2.986089140176773071e-02 6.538422405719757080e-02
4.658017456531524658e-01 -2.965090051293373108e-02 6.538422405719757080e-02
4.663434922695159912e-01 -2.944242395460605621e-02 6.538422405719757080e-02
4.668875038623809814e-01 -2.923539839684963226e-02 6.538422405719757080e-02
4.674336910247802734e-01 -2.902976237237453461e-02 6.538422405719757080e-02
4.679819047451019287e-01 -2.882545441389083862e-02 6.538422405719757080e-02
4.685320556163787842e-01 -2.862241119146347046e-02 6.538422405719757080e-02
4.690840244293212891e-01 -2.842057123780250549e-02 6.538422405719757080e-02
4.696376919746398926e-01 -2.821987122297286987e-02 6.538422405719757080e-02
4.701929390430450439e-01 -2.802024781703948975e-02 6.538422405719757080e-02
4.707496166229248047e-01 -2.782163769006729126e-02 6.538422405719757080e-02
4.713076353073120117e-01 -2.762398123741149902e-02 6.538422405719757080e-02
4.718669056892395020e-01 -2.742721326649188995e-02 6.538422405719757080e-02
4.724272489547729492e-01 -2.723127231001853943e-02 6.538422405719757080e-02
4.729885756969451904e-01 -2.703609317541122437e-02 6.538422405719757080e-02
4.735507965087890625e-01 -2.684161439538002014e-02 6.538422405719757080e-02
4.741137325763702393e-01 -2.664777263998985291e-02 6.538422405719757080e-02
4.746773242950439453e-01 -2.645450271666049957e-02 6.538422405719757080e-02
4.752414524555206299e-01 -2.626174502074718475e-02 6.538422405719757080e-02
4.758059680461883545e-01 -2.606943249702453613e-02 6.538422405719757080e-02
4.763707816600799561e-01 -2.587750181555747986e-02 6.538422405719757080e-02
4.769357442855834961e-01 -2.568589150905609131e-02 6.538422405719757080e-02
4.775007963180541992e-01 -2.549453638494014740e-02 6.538422405719757080e-02
4.780657589435577393e-01 -2.530337125062942505e-02 6.538422405719757080e-02
4.786305725574493408e-01 -2.511233277618885040e-02 6.538422405719757080e-02
4.791951179504394531e-01 -2.492135949432849884e-02 6.538422405719757080e-02
4.797592461109161377e-01 -2.473038248717784882e-02 6.538422405719757080e-02
4.803228676319122314e-01 -2.453934028744697571e-02 6.538422405719757080e-02
4.808858633041381836e-01 -2.434816770255565643e-02 6.538422405719757080e-02
4.814481139183044434e-01 -2.415680140256881714e-02 6.538422405719757080e-02
4.820095300674438477e-01 -2.396517246961593628e-02 6.538422405719757080e-02
4.825699627399444580e-01 -2.377323992550373077e-02 6.538421660661697388e-02
4.831295609474182129e-01 -2.358096465468406677e-02 6.538421660661697388e-02
4.836883246898651123e-01 -2.338835783302783966e-02 6.538421660661697388e-02
4.842464029788970947e-01 -2.319541759788990021e-02 6.538421660661697388e-02
4.848037958145141602e-01 -2.300214394927024841e-02 6.538421660661697388e-02
4.853606224060058594e-01 -2.280853874981403351e-02 6.538421660661697388e-02
4.859169721603393555e-01 -2.261459827423095703e-02 6.538421660661697388e-02
4.864729046821594238e-01 -2.242032624781131744e-02 6.538421660661697388e-02
4.870285093784332275e-01 -2.222572267055511475e-02 6.538421660661697388e-02
4.875838756561279297e-01 -2.203078754246234894e-02 6.538421660661697388e-02
4.881390333175659180e-01 -2.183552272617816925e-02 6.538421660661697388e-02
4.886940717697143555e-01 -2.163993008434772491e-02 6.538421660661697388e-02
4.892491102218627930e-01 -2.144401147961616516e-02 6.538421660661697388e-02
4.898041784763336182e-01 -2.124776877462863922e-02 6.538421660661697388e-02
4.903593361377716064e-01 -2.105120569467544556e-02 6.538421660661697388e-02
4.909147024154663086e-01 -2.085432596504688263e-02 6.538421660661697388e-02
4.914703071117401123e-01 -2.065712958574295044e-02 6.538421660661697388e-02
4.920262396335601807e-01 -2.045962400734424591e-02 6.538421660661697388e-02
4.925825297832489014e-01 -2.026181109249591827e-02 6.538421660661697388e-02
4.931392967700958252e-01 -2.006369642913341522e-02 6.538421660661697388e-02
4.936966001987457275e-01 -1.986528374254703522e-02 6.538421660661697388e-02
4.942544698715209961e-01 -1.966658048331737518e-02 6.538421660661697388e-02
4.948129653930664062e-01 -1.946759037673473358e-02 6.538421660661697388e-02
4.953722059726715088e-01 -1.926832087337970734e-02 6.538421660661697388e-02
4.959321916103363037e-01 -1.906877756118774414e-02 6.538421660661697388e-02
4.964930117130279541e-01 -1.886896975338459015e-02 6.538421660661697388e-02
4.970547258853912354e-01 -1.866890303790569305e-02 6.538421660661697388e-02
4.976173639297485352e-01 -1.846858486533164978e-02 6.538421660661697388e-02
4.981810152530670166e-01 -1.826802454888820648e-02 6.538421660661697388e-02
4.987457096576690674e-01 -1.806723140180110931e-02 6.538421660661697388e-02
4.993115067481994629e-01 -1.786620728671550751e-02 6.538422405719757080e-02
4.998783469200134277e-01 -1.766500063240528107e-02 6.538422405719757080e-02
5.004460215568542480e-01 -1.746365986764431000e-02 6.538422405719757080e-02
5.010144114494323730e-01 -1.726224087178707123e-02 6.538422405719757080e-02
5.015832781791687012e-01 -1.706079952418804169e-02 6.538422405719757080e-02
5.021525025367736816e-01 -1.685938797891139984e-02 6.538422405719757080e-02
5.027218461036682129e-01 -1.665806025266647339e-02 6.538422405719757080e-02
5.032911896705627441e-01 -1.645687036216259003e-02 6.538422405719757080e-02
5.038603544235229492e-01 -1.625586673617362976e-02 6.538422405719757080e-02
5.044291615486145020e-01 -1.605509966611862183e-02 6.538422405719757080e-02
5.049974918365478516e-01 -1.585461758077144623e-02 6.538422405719757080e-02
5.055651664733886719e-01 -1.565446890890598297e-02 6.538422405719757080e-02
5.061320066452026367e-01 -1.545469835400581360e-02 6.538422405719757080e-02
5.066978931427001953e-01 -1.525535248219966888e-02 6.538422405719757080e-02
5.072627067565917969e-01 -1.505647320300340652e-02 6.538422405719757080e-02
5.078262686729431152e-01 -1.485810428857803345e-02 6.538422405719757080e-02
5.083884000778198242e-01 -1.466028671711683273e-02 6.538422405719757080e-02
5.089490413665771484e-01 -1.446305867284536362e-02 6.538422405719757080e-02
5.095080733299255371e-01 -1.426645927131175995e-02 6.538422405719757080e-02
5.100653171539306641e-01 -1.407052576541900635e-02 6.538422405719757080e-02
5.106206536293029785e-01 -1.387529261410236359e-02 6.538422405719757080e-02
5.111739635467529297e-01 -1.368079427629709244e-02 6.538422405719757080e-02
5.117251873016357422e-01 -1.348706241697072983e-02 6.538422405719757080e-02
5.122742056846618652e-01 -1.329412776976823807e-02 6.538422405719757080e-02
5.128208398818969727e-01 -1.310202013701200485e-02 6.538422405719757080e-02
5.133650302886962891e-01 -1.291076559573411942e-02 6.538422405719757080e-02
5.139067173004150391e-01 -1.272039208561182022e-02 6.538422405719757080e-02
5.144457817077636719e-01 -1.253092102706432343e-02 6.538422405719757080e-02
5.149821639060974121e-01 -1.234237663447856903e-02 6.538422405719757080e-02
5.155157446861267090e-01 -1.215477939695119858e-02 6.538422405719757080e-02
5.160463452339172363e-01 -1.196814514696598053e-02 6.538423150777816772e-02
5.165742635726928711e-01 -1.178245712071657181e-02 6.538423150777816772e-02
5.170998573303222656e-01 -1.159755047410726547e-02 6.538423150777816772e-02
5.176236033439636230e-01 -1.141323521733283997e-02 6.538423150777816772e-02
5.181460976600646973e-01 -1.122932415455579758e-02 6.538423150777816772e-02
5.186678767204284668e-01 -1.104563381522893906e-02 6.538423150777816772e-02
5.191894173622131348e-01 -1.086198631674051285e-02 6.538423150777816772e-02
5.197111964225769043e-01 -1.067820470780134201e-02 6.538423150777816772e-02
5.202338099479675293e-01 -1.049411948770284653e-02 6.538423150777816772e-02
5.207576155662536621e-01 -1.030956115573644638e-02 6.538423150777816772e-02
5.212831497192382812e-01 -1.012436859309673309e-02 6.538423150777816772e-02
5.218108892440795898e-01 -9.938383474946022034e-03 6.538423150777816772e-02
5.223411917686462402e-01 -9.751450270414352417e-03 6.538423150777816772e-02
5.228745937347412109e-01 -9.563420899212360382e-03 6.538423150777816772e-02
5.234113931655883789e-01 -9.374151006340980530e-03 6.538423150777816772e-02
5.239520668983459473e-01 -9.183499962091445923e-03 6.538423150777816772e-02
5.244970321655273438e-01 -8.991332724690437317e-03 6.538423150777816772e-02
5.250465869903564453e-01 -8.797521702945232391e-03 6.538423150777816772e-02
5.256011486053466797e-01 -8.601940236985683441e-03 6.538423150777816772e-02
5.261610150337219238e-01 -8.404470048844814301e-03 6.538423150777816772e-02
5.267265439033508301e-01 -8.204997517168521881e-03 6.538423150777816772e-02
5.272980332374572754e-01 -8.003414608538150787e-03 6.538423150777816772e-02
5.278757810592651367e-01 -7.799617946147918701e-03 6.538423150777816772e-02
5.284600853919982910e-01 -7.593512535095214844e-03 6.538423150777816772e-02
5.290511846542358398e-01 -7.385006174445152283e-03 6.538423150777816772e-02
5.296493172645568848e-01 -7.174014579504728317e-03 6.538423150777816772e-02
5.302547812461853027e-01 -6.960459519177675247e-03 6.538423150777816772e-02
5.308676958084106445e-01 -6.744268350303173065e-03 6.538423150777816772e-02
5.314882993698120117e-01 -6.525375414639711380e-03 6.538423150777816772e-02
5.321167707443237305e-01 -6.303720641881227493e-03 6.538423150777816772e-02
5.327532291412353516e-01 -6.079251877963542938e-03 6.538423150777816772e-02
5.333978533744812012e-01 -5.851951427757740021e-03 6.538423150777816772e-02
5.340492725372314453e-01 -5.622233729809522629e-03 6.538423150777816772e-02
5.347055196762084961e-01 -5.390835925936698914e-03 6.538423150777816772e-02
5.353645086288452148e-01 -5.158482119441032410e-03 6.538423150777816772e-02
5.360242724418640137e-01 -4.925871733576059341e-03 6.538423150777816772e-02
5.366828441619873047e-01 -4.693683236837387085e-03 6.538423150777816772e-02
5.373384356498718262e-01 -4.462568555027246475e-03 6.538423150777816772e-02
5.379891395568847656e-01 -4.233156796544790268e-03 6.538423150777816772e-02
5.386334061622619629e-01 -4.006050992757081985e-03 6.538423150777816772e-02
5.392694473266601562e-01 -3.781828563660383224e-03 6.538423150777816772e-02
5.398958325386047363e-01 -3.561040619388222694e-03 6.538423150777816772e-02
5.405109524726867676e-01 -3.344211494550108910e-03 6.538423150777816772e-02
5.411134362220764160e-01 -3.131837816908955574e-03 6.538423150777816772e-02
5.417019724845886230e-01 -2.924388274550437927e-03 6.538423150777816772e-02
5.422753691673278809e-01 -2.722302451729774475e-03 6.538423150777816772e-02
5.428323149681091309e-01 -2.525991527363657951e-03 6.538423150777816772e-02
5.433718562126159668e-01 -2.335835946723818779e-03 6.538423150777816772e-02
5.438929200172424316e-01 -2.152186119928956032e-03 6.538423150777816772e-02
5.443946123123168945e-01 -1.975361490622162819e-03 6.538423150777816772e-02
5.448761582374572754e-01 -1.805650186724960804e-03 6.538423150777816772e-02
5.453367829322814941e-01 -1.643307739868760109e-03 6.538423150777816772e-02
5.457758903503417969e-01 -1.488556852564215660e-03 6.538423150777816772e-02
5.461929440498352051e-01 -1.341587514616549015e-03 6.538423150777816772e-02
5.465874671936035156e-01 -1.202555140480399132e-03 6.538423150777816772e-02
5.469591021537780762e-01 -1.071581267751753330e-03 6.538423150777816772e-02
5.473076701164245605e-01 -9.487519273534417152e-04 6.538423150777816772e-02
5.476329326629638672e-01 -8.341176435351371765e-04 6.538423150777816772e-02
5.479349493980407715e-01 -7.276929100044071674e-04 6.538423150777816772e-02
5.482137203216552734e-01 -6.294550839811563492e-04 6.538423150777816772e-02
5.484694242477416992e-01 -5.393444444052875042e-04 6.538423150777816772e-02
5.487023591995239258e-01 -4.572631441988050938e-04 6.538423150777816772e-02
5.489128828048706055e-01 -3.830748028121888638e-04 6.538423150777816772e-02
5.491015315055847168e-01 -3.166039532516151667e-04 6.538423150777816772e-02
5.492688417434692383e-01 -2.576354600023478270e-04 6.538423150777816772e-02
5.494156479835510254e-01 -2.059138350887224078e-04 6.538423150777816772e-02
5.495427250862121582e-01 -1.611427433090284467e-04 6.538423150777816772e-02
5.496510267257690430e-01 -1.229844201589003205e-04 6.538423150777816772e-02
5.497416257858276367e-01 -9.105909703066572547e-05 6.538423150777816772e-02
5.498157143592834473e-01 -6.494435365311801434e-05 6.538423150777816772e-02
5.498746633529663086e-01 -4.417460513650439680e-05 6.538423150777816772e-02
5.499199032783508301e-01 -2.824051443894859403e-05 6.538423150777816772e-02
5.499529242515563965e-01 -1.658836845308542252e-05 6.538423150777816772e-02
5.499755740165710449e-01 -8.619535947218537331e-06 6.538423150777816772e-02
5.499895811080932617e-01 -3.689901859615929425e-06 6.538423150777816772e-02
5.499968528747558594e-01 -1.109227014239877462e-06 6.538423150777816772e-02
5.499996542930603027e-01 -1.406388037139549851e-07 6.538423150777816772e-02
