3.855951428413391113e-01 -4.129043519496917725e-01 6.538423150777816772e-02
3.855966627597808838e-01 -4.129041433334350586e-01 6.538423150777816772e-02
3.856070339679718018e-01 -4.129026830196380615e-01 6.538423150777816772e-02
3.856343626976013184e-01 -4.128988385200500488e-01 6.538423150777816772e-02
3.856859803199768066e-01 -4.128915667533874512e-01 6.538423150777816772e-02
3.857684731483459473e-01 -4.128799736499786377e-01 6.538423150777816772e-02
3.858876228332519531e-01 -4.128632247447967529e-01 6.538423150777816772e-02
3.860485255718231201e-01 -4.128405749797821045e-01 6.538423150777816772e-02
3.862555027008056641e-01 -4.128114581108093262e-01 6.538423150777816772e-02
3.865121901035308838e-01 -4.127753376960754395e-01 6.538423150777816772e-02
3.868215084075927734e-01 -4.127317965030670166e-01 6.538423150777816772e-02
3.871857225894927979e-01 -4.126805365085601807e-01 6.538423150777816772e-02
3.876063227653503418e-01 -4.126212894916534424e-01 6.538423150777816772e-02
3.880842924118041992e-01 -4.125539660453796387e-01 6.538423150777816772e-02
3.886198401451110840e-01 -4.124785363674163818e-01 6.538423150777816772e-02
3.892126083374023438e-01 -4.123950004577636719e-01 6.538423150777816772e-02
3.898616135120391846e-01 -4.123035371303558350e-01 6.538423150777816772e-02
3.905652463436126709e-01 -4.122043251991271973e-01 6.538423150777816772e-02
3.913213014602661133e-01 -4.120976924896240234e-01 6.538423150777816772e-02
3.921270072460174561e-01 -4.119839966297149658e-01 6.538423150777816772e-02
3.929790854454040527e-01 -4.118637442588806152e-01 6.538423150777816772e-02
3.938735723495483398e-01 -4.117374420166015625e-01 6.538423150777816772e-02
3.948061168193817139e-01 -4.116057157516479492e-01 6.538423150777816772e-02
3.957717418670654297e-01 -4.114692211151123047e-01 6.538423150777816772e-02
3.967649638652801514e-01 -4.113287627696990967e-01 6.538423150777816772e-02
3.977798819541931152e-01 -4.111851453781127930e-01 6.538423150777816772e-02
3.988100588321685791e-01 -4.110392630100250244e-01 6.538423150777816772e-02
3.998485505580902100e-01 -4.108920991420745850e-01 6.538423150777816772e-02
4.008880257606506348e-01 -4.107446670532226562e-01 6.538423150777816772e-02
4.019206762313842773e-01 -4.105980396270751953e-01 6.538423150777816772e-02
4.029383063316345215e-01 -4.104533493518829346e-01 6.538423150777816772e-02
4.039323329925537109e-01 -4.103118479251861572e-01 6.538423150777816772e-02
4.048974215984344482e-01 -4.101742208003997803e-01 6.538423150777816772e-02
4.058322608470916748e-01 -4.100407361984252930e-01 6.538423150777816772e-02
4.067359566688537598e-01 -4.099115431308746338e-01 6.538423150777816772e-02
4.076078236103057861e-01 -4.097867012023925781e-01 6.538423150777816772e-02
4.084474742412567139e-01 -4.096663296222686768e-01 6.538423150777816772e-02
4.092545509338378906e-01 -4.095505177974700928e-01 6.538423150777816772e-02
4.100290536880493164e-01 -4.094392955303192139e-01 6.538423150777816772e-02
4.107711017131805420e-01 -4.093326032161712646e-01 6.538423150777816772e-02
4.114809930324554443e-01 -4.092305004596710205e-01 6.538423150777816772e-02
4.121592342853546143e-01 -4.091329276561737061e-01 6.538423150777816772e-02
4.128065109252929688e-01 -4.090397655963897705e-01 6.538423150777816772e-02
4.134236872196197510e-01 -4.089509844779968262e-01 6.538423150777816772e-02
4.140118360519409180e-01 -4.088664054870605469e-01 6.538423150777816772e-02
4.145721197128295898e-01 -4.087859094142913818e-01 6.538423150777816772e-02
4.151059687137603760e-01 -4.087093472480773926e-01 6.538423150777816772e-02
4.156148731708526611e-01 -4.086364805698394775e-01 6.538423150777816772e-02
4.161005616188049316e-01 -4.085671305656433105e-01 6.538423150777816772e-02
4.165649116039276123e-01 -4.085010588169097900e-01 6.538423150777816772e-02
4.170099198818206787e-01 -4.084379971027374268e-01 6.538423150777816772e-02
4.174377620220184326e-01 -4.083777070045471191e-01 6.538423150777816772e-02
4.178507328033447266e-01 -4.083198308944702148e-01 6.538423150777816772e-02
4.182513058185577393e-01 -4.082640707492828369e-01 6.538423150777816772e-02
4.186420738697052002e-01 -4.082100987434387207e-01 6.538423150777816772e-02
4.190257191658020020e-01 -4.081575572490692139e-01 6.538423150777816772e-02
4.194051325321197510e-01 -4.081060588359832764e-01 6.538423150777816772e-02
4.197833240032196045e-01 -4.080552160739898682e-01 6.538423150777816772e-02
4.201633632183074951e-01 -4.080046415328979492e-01 6.538423150777816772e-02
4.205484986305236816e-01 -4.079538583755493164e-01 6.538423150777816772e-02
4.209420680999755859e-01 -4.079024791717529297e-01 6.538423150777816772e-02
4.213475286960601807e-01 -4.078500270843505859e-01 6.538423150777816772e-02
4.217680096626281738e-01 -4.077960252761840820e-01 6.538423150777816772e-02
4.222042858600616455e-01 -4.077403843402862549e-01 6.538423150777816772e-02
4.226562380790710449e-01 -4.076829552650451660e-01 6.538423150777816772e-02
4.231236279010772705e-01 -4.076237082481384277e-01 6.538423150777816772e-02
4.236062169075012207e-01 -4.075625836849212646e-01 6.538423150777816772e-02
4.241037070751190186e-01 -4.074994921684265137e-01 6.538423150777816772e-02
4.246157407760620117e-01 -4.074344336986541748e-01 6.538423150777816772e-02
4.251419305801391602e-01 -4.073673784732818604e-01 6.538423150777816772e-02
4.256817996501922607e-01 -4.072982370853424072e-01 6.538423150777816772e-02
4.262348413467407227e-01 -4.072270095348358154e-01 6.538423150777816772e-02
4.268004894256591797e-01 -4.071536958217620850e-01 6.538423150777816772e-02
4.273781180381774902e-01 -4.070782959461212158e-01 6.538423150777816772e-02
4.279671013355255127e-01 -4.070007801055908203e-01 6.538423150777816772e-02
4.285667240619659424e-01 -4.069211483001708984e-01 6.538423150777816772e-02
4.291762411594390869e-01 -4.068394303321838379e-01 6.538423150777816772e-02
4.297948777675628662e-01 -4.067556560039520264e-01 6.538423150777816772e-02
4.304217398166656494e-01 -4.066697955131530762e-01 6.538423150777816772e-02
4.310560226440429688e-01 -4.065819084644317627e-01 6.538423150777816772e-02
4.316967427730560303e-01 -4.064920246601104736e-01 6.538423150777816772e-02
4.323430061340332031e-01 -4.064002037048339844e-01 6.538423150777816772e-02
4.329937398433685303e-01 -4.063064455986022949e-01 6.538423150777816772e-02
4.336479306221008301e-01 -4.062108397483825684e-01 6.538423150777816772e-02
4.343045353889465332e-01 -4.061134457588195801e-01 6.538423150777816772e-02
4.349623918533325195e-01 -4.060142934322357178e-01 6.538423150777816772e-02
4.356203675270080566e-01 -4.059134721755981445e-01 6.538423150777816772e-02
4.362773001194000244e-01 -4.058110117912292480e-01 6.538423150777816772e-02
4.369319379329681396e-01 -4.057070612907409668e-01 6.538423150777816772e-02
4.375830590724945068e-01 -4.056016206741333008e-01 6.538423150777816772e-02
4.382293522357940674e-01 -4.054948389530181885e-01 6.538423150777816772e-02
4.388695359230041504e-01 -4.053867757320404053e-01 6.538423150777816772e-02
4.395022392272949219e-01 -4.052775204181671143e-01 6.538423150777816772e-02
4.401268064975738525e-01 -4.051672518253326416e-01 6.538423150777816772e-02
4.407435655593872070e-01 -4.050562679767608643e-01 6.538423150777816772e-02
4.413529634475708008e-01 -4.049448370933532715e-01 6.538423150777816772e-02
4.419555068016052246e-01 -4.048332571983337402e-01 6.538423150777816772e-02
4.425516128540039062e-01 -4.047217965126037598e-01 6.538423150777816772e-02
4.431418180465698242e-01 -4.046108126640319824e-01 6.538423150777816772e-02
4.437266290187835693e-01 -4.045005142688751221e-01 6.538423150777816772e-02
4.443065524101257324e-01 -4.043911993503570557e-01 6.538423150777816772e-02
4.448821544647216797e-01 -4.042831659317016602e-01 6.538423150777816772e-02
4.454539716243743896e-01 -4.041767120361328125e-01 6.538423150777816772e-02
4.460225403308868408e-01 -4.040720462799072266e-01 6.538423150777816772e-02
4.465884864330291748e-01 -4.039695262908935547e-01 6.538423150777816772e-02
4.471523463726043701e-01 -4.038693606853485107e-01 6.538423150777816772e-02
4.477147459983825684e-01 -4.037718474864959717e-01 6.538423150777816772e-02
4.482763409614562988e-01 -4.036772549152374268e-01 6.538423150777816772e-02
4.488376677036285400e-01 -4.035858213901519775e-01 6.538423150777816772e-02
4.493994414806365967e-01 -4.034978747367858887e-01 6.538423150777816772e-02
4.499622881412506104e-01 -4.034136533737182617e-01 6.538423150777816772e-02
4.505268633365631104e-01 -4.033333957195281982e-01 6.538423150777816772e-02
4.510938227176666260e-01 -4.032573699951171875e-01 6.538423150777816772e-02
4.516638517379760742e-01 -4.031858444213867188e-01 6.538423150777816772e-02
4.522376656532287598e-01 -4.031191170215606689e-01 6.538423150777816772e-02
4.528159499168395996e-01 -4.030573666095733643e-01 6.538423150777816772e-02
4.533993899822235107e-01 -4.030009210109710693e-01 6.538423150777816772e-02
4.539887607097625732e-01 -4.029499888420104980e-01 6.538423150777816772e-02
4.545847475528717041e-01 -4.029048681259155273e-01 6.538423150777816772e-02
4.551880955696105957e-01 -4.028657376766204834e-01 6.538423150777816772e-02
4.557995796203613281e-01 -4.028329253196716309e-01 6.538423150777816772e-02
4.564199149608612061e-01 -4.028066396713256836e-01 6.538423150777816772e-02
4.570498764514923096e-01 -4.027871489524841309e-01 6.538423150777816772e-02
4.576900899410247803e-01 -4.027745723724365234e-01 6.538423150777816772e-02
4.583398401737213135e-01 -4.027681946754455566e-01 6.538423150777816772e-02
4.589977860450744629e-01 -4.027668833732604980e-01 6.538423150777816772e-02
4.590026736259460449e-01 -4.027672410011291504e-01 6.538423150777816772e-02
4.590353965759277344e-01 -4.027695953845977783e-01 6.538423150777816772e-02
4.591195881366729736e-01 -4.027758836746215820e-01 6.538423150777816772e-02
4.592744410037994385e-01 -4.027877748012542725e-01 6.538423150777816772e-02
4.595148563385009766e-01 -4.028068482875823975e-01 6.538423150777816772e-02
4.598516225814819336e-01 -4.028344750404357910e-01 6.538423150777816772e-02
4.617882072925567627e-01 -4.033711254596710205e-01 6.538423150777816772e-02
4.691519737243652344e-01 -4.054334163665771484e-01 6.538423150777816772e-02
4.754202365875244141e-01 -4.072413146495819092e-01 6.538423150777816772e-02
4.788461327552795410e-01 -4.081596434116363525e-01 6.538423150777816772e-02
4.829257726669311523e-01 -4.090169668197631836e-01 6.538423150777816772e-02
4.882158935070037842e-01 -4.102215766906738281e-01 6.538423150777816772e-02
4.881983399391174316e-01 -4.102174639701843262e-01 6.538423150777816772e-02
4.880857765674591064e-01 -4.101909995079040527e-01 6.538423150777816772e-02
4.878107905387878418e-01 -4.101260602474212646e-01 6.538423150777816772e-02
4.873343706130981445e-01 -4.100129902362823486e-01 6.538423150777816772e-02
4.866443872451782227e-01 -4.098481833934783936e-01 6.538423150777816772e-02
4.857536554336547852e-01 -4.096337258815765381e-01 6.538423150777816772e-02
4.846983850002288818e-01 -4.093769490718841553e-01 6.538423150777816772e-02
4.835363030433654785e-01 -4.090901315212249756e-01 6.538423150777816772e-02
4.823450744152069092e-01 -4.087899923324584961e-01 6.538423150777816772e-02
4.812185466289520264e-01 -4.084970355033874512e-01 6.538423150777816772e-02
4.812176823616027832e-01 -4.084919393062591553e-01 6.538423150777816772e-02
4.812119305133819580e-01 -4.084578752517700195e-01 6.538423150777816772e-02
4.811972081661224365e-01 -4.083704352378845215e-01 6.538423150777816772e-02
4.811701774597167969e-01 -4.082100093364715576e-01 6.538423150777816772e-02
4.811283349990844727e-01 -4.079616069793701172e-01 6.538423150777816772e-02
4.810699820518493652e-01 -4.076147079467773438e-01 6.538423150777816772e-02
4.810684025287628174e-01 -4.076035022735595703e-01 6.538423150777816772e-02
4.810580909252166748e-01 -4.075306653976440430e-01 6.538423150777816772e-02
4.810324311256408691e-01 -4.073494076728820801e-01 6.538423150777816772e-02
4.809869229793548584e-01 -4.070284068584442139e-01 6.538423150777816772e-02
4.809190928936004639e-01 -4.065510928630828857e-01 6.538423150777816772e-02
4.808285236358642578e-01 -4.059147536754608154e-01 6.538423150777816772e-02
4.808253943920135498e-01 -4.059039056301116943e-01 6.538423150777816772e-02
4.808049499988555908e-01 -4.058332741260528564e-01 6.538423150777816772e-02
4.807541668415069580e-01 -4.056575298309326172e-01 6.538423150777816772e-02
4.806643128395080566e-01 -4.053462147712707520e-01 6.538423150777816772e-02
4.805308580398559570e-01 -4.048832058906555176e-01 6.538423150777816772e-02
4.803532660007476807e-01 -4.042657613754272461e-01 6.538423150777816772e-02
4.803513884544372559e-01 -4.042546153068542480e-01 6.538423150777816772e-02
4.803391993045806885e-01 -4.041821956634521484e-01 6.538423150777816772e-02
4.803088307380676270e-01 -4.040019214153289795e-01 6.538423150777816772e-02
4.802551269531250000e-01 -4.036826193332672119e-01 6.538423150777816772e-02
4.801752865314483643e-01 -4.032076895236968994e-01 6.538423150777816772e-02
4.800689220428466797e-01 -4.025744199752807617e-01 6.538423150777816772e-02
4.800646007061004639e-01 -4.025597274303436279e-01 6.538423150777816772e-02
4.800368249416351318e-01 -4.024649262428283691e-01 6.538423150777816772e-02
4.799683988094329834e-01 -4.022315740585327148e-01 6.538423150777816772e-02
4.798488318920135498e-01 -4.018235802650451660e-01 6.538423150777816772e-02
4.796738326549530029e-01 -4.012260735034942627e-01 6.538423150777816772e-02
4.794448912143707275e-01 -4.004439413547515869e-01 6.538423150777816772e-02
4.794447124004364014e-01 -4.004357755184173584e-01 6.538423150777816772e-02
4.794435203075408936e-01 -4.003818035125732422e-01 6.538423150777816772e-02
4.794405698776245117e-01 -4.002446532249450684e-01 6.538423150777816772e-02
4.794352948665618896e-01 -3.999958932399749756e-01 6.538423150777816772e-02
4.794273972511291504e-01 -3.996156156063079834e-01 6.538423150777816772e-02
4.794168472290039062e-01 -3.990921378135681152e-01 6.538423150777816772e-02
4.794147014617919922e-01 -3.990849554538726807e-01 6.538423150777816772e-02
4.794004559516906738e-01 -3.990374207496643066e-01 6.538423150777816772e-02
4.793640673160552979e-01 -3.989163339138031006e-01 6.538423150777816772e-02
4.792976677417755127e-01 -3.986963033676147461e-01 6.538423150777816772e-02
4.791955351829528809e-01 -3.983591198921203613e-01 6.538423150777816772e-02
4.790539443492889404e-01 -3.978937268257141113e-01 6.538423150777816772e-02
4.790500998497009277e-01 -3.978764116764068604e-01 6.538423150777816772e-02
4.790254533290863037e-01 -3.977651894092559814e-01 6.538423150777816772e-02
4.789651334285736084e-01 -3.974930047988891602e-01 6.538423150777816772e-02
4.788604676723480225e-01 -3.970204591751098633e-01 6.538423150777816772e-02
4.787085354328155518e-01 -3.963342905044555664e-01 6.538423150777816772e-02
4.785118997097015381e-01 -3.954455256462097168e-01 6.538423150777816772e-02
4.785121977329254150e-01 -3.954374492168426514e-01 6.538423150777816772e-02
4.785141944885253906e-01 -3.953840136528015137e-01 6.538423150777816772e-02
4.785193204879760742e-01 -3.952481746673583984e-01 6.538423150777816772e-02
4.785288274288177490e-01 -3.950016200542449951e-01 6.538423150777816772e-02
4.785436093807220459e-01 -3.946244716644287109e-01 6.538423150777816772e-02
4.785644412040710449e-01 -3.941048979759216309e-01 6.538423150777816772e-02
4.785631000995635986e-01 -3.940969109535217285e-01 6.538423150777816772e-02
4.785542190074920654e-01 -3.940441310405731201e-01 6.538423150777816772e-02
4.785315990447998047e-01 -3.939099013805389404e-01 6.538423150777816772e-02
4.784905314445495605e-01 -3.936663269996643066e-01 6.538423150777816772e-02
4.784276783466339111e-01 -3.932937383651733398e-01 6.538423150777816772e-02
4.783410429954528809e-01 -3.927805423736572266e-01 6.538423150777816772e-02
4.783391952514648438e-01 -3.927726447582244873e-01 6.538423150777816772e-02
4.783269166946411133e-01 -3.927204906940460205e-01 6.538423150777816772e-02
4.782955348491668701e-01 -3.925879001617431641e-01 6.538423150777816772e-02
4.782381355762481689e-01 -3.923474252223968506e-01 6.538423150777816772e-02
4.781496822834014893e-01 -3.919797837734222412e-01 6.538423150777816772e-02
4.780266880989074707e-01 -3.914737105369567871e-01 6.538423150777816772e-02
4.780257344245910645e-01 -3.914656043052673340e-01 6.538423150777816772e-02
4.780193865299224854e-01 -3.914119899272918701e-01 6.538423150777816772e-02
4.780032336711883545e-01 -3.912757337093353271e-01 6.538423150777816772e-02
4.779738783836364746e-01 -3.910286128520965576e-01 6.538423150777816772e-02
4.779288470745086670e-01 -3.906508386135101318e-01 6.538423150777816772e-02
4.778666198253631592e-01 -3.901309072971343994e-01 6.538423150777816772e-02
4.777866303920745850e-01 -3.894650340080261230e-01 6.538423150777816772e-02
4.776890277862548828e-01 -3.886569142341613770e-01 6.538423150777816772e-02
4.775749146938323975e-01 -3.877174556255340576e-01 6.538423150777816772e-02
4.774460494518280029e-01 -3.866642415523529053e-01 6.538423150777816772e-02
4.773050546646118164e-01 -3.855213522911071777e-01 6.538423150777816772e-02
4.771550893783569336e-01 -3.843189775943756104e-01 6.538423150777816772e-02
4.770001173019409180e-01 -3.830929994583129883e-01 6.538423150777816772e-02
4.768446087837219238e-01 -3.818847239017486572e-01 6.538423150777816772e-02
4.766934514045715332e-01 -3.807377219200134277e-01 6.538423150777816772e-02
4.765493571758270264e-01 -3.796713650226593018e-01 6.538423150777816772e-02
4.765483438968658447e-01 -3.796632587909698486e-01 6.538423150777816772e-02
4.765417575836181641e-01 -3.796096742153167725e-01 6.538423150777816772e-02
4.765249192714691162e-01 -3.794734776020050049e-01 6.538423150777816772e-02
4.764943122863769531e-01 -3.792264759540557861e-01 6.538423150777816772e-02
4.764474332332611084e-01 -3.788488805294036865e-01 6.538423150777816772e-02
4.763827621936798096e-01 -3.783291876316070557e-01 6.538423150777816772e-02
4.762997031211853027e-01 -3.776636421680450439e-01 6.538423150777816772e-02
4.761985540390014648e-01 -3.768559098243713379e-01 6.538423150777816772e-02
4.760804772377014160e-01 -3.759168684482574463e-01 6.538423150777816772e-02
4.759474992752075195e-01 -3.748641312122344971e-01 6.538423150777816772e-02
4.758023619651794434e-01 -3.737217783927917480e-01 6.538423150777816772e-02
4.756485223770141602e-01 -3.725199401378631592e-01 6.538423150777816772e-02
4.754902124404907227e-01 -3.712944686412811279e-01 6.538423150777816772e-02
4.753322303295135498e-01 -3.700866997241973877e-01 6.538423150777816772e-02
4.751797616481781006e-01 -3.689401745796203613e-01 6.538423150777816772e-02
4.750355482101440430e-01 -3.678742051124572754e-01 6.538423150777816772e-02
4.749005734920501709e-01 -3.668914735317230225e-01 6.538423150777816772e-02
4.747755229473114014e-01 -3.659920692443847656e-01 6.538423150777816772e-02
4.746608436107635498e-01 -3.651738464832305908e-01 6.538423150777816772e-02
4.745567142963409424e-01 -3.644326031208038330e-01 6.538423150777816772e-02
4.744630455970764160e-01 -3.637620508670806885e-01 6.538423150777816772e-02
4.743795394897460938e-01 -3.631539046764373779e-01 6.538423150777816772e-02
4.743056893348693848e-01 -3.625981509685516357e-01 6.538423150777816772e-02
4.742407202720642090e-01 -3.620829284191131592e-01 6.538423150777816772e-02
4.741837382316589355e-01 -3.615948259830474854e-01 6.538423150777816772e-02
4.741335809230804443e-01 -3.611187636852264404e-01 6.538423150777816772e-02
4.740889668464660645e-01 -3.606383204460144043e-01 6.538423150777816772e-02
4.740484356880187988e-01 -3.601356446743011475e-01 6.538423150777816772e-02
4.740104079246520996e-01 -3.595919907093048096e-01 6.538423150777816772e-02
4.739738404750823975e-01 -3.589990139007568359e-01 6.538423150777816772e-02
4.739386141300201416e-01 -3.583619296550750732e-01 6.538423150777816772e-02
4.739046692848205566e-01 -3.576871752738952637e-01 6.538423150777816772e-02
4.738719165325164795e-01 -3.569813966751098633e-01 6.538423150777816772e-02
4.738403856754302979e-01 -3.562516272068023682e-01 6.538423150777816772e-02
4.738101363182067871e-01 -3.555051684379577637e-01 6.538423150777816772e-02
4.737812280654907227e-01 -3.547495305538177490e-01 6.538423150777816772e-02
4.737537503242492676e-01 -3.539924919605255127e-01 6.538423150777816772e-02
4.737278223037719727e-01 -3.532420694828033447e-01 6.538423150777816772e-02
4.737034738063812256e-01 -3.525052368640899658e-01 6.538423150777816772e-02
4.736799299716949463e-01 -3.517822921276092529e-01 6.538423150777816772e-02
4.736562967300415039e-01 -3.510712981224060059e-01 6.538423150777816772e-02
4.736315608024597168e-01 -3.503702282905578613e-01 6.538423150777816772e-02
4.736046791076660156e-01 -3.496769368648529053e-01 6.538423150777816772e-02
4.735747277736663818e-01 -3.489893078804016113e-01 6.538423150777816772e-02
4.735406339168548584e-01 -3.483049869537353516e-01 6.538423150777816772e-02
4.735014140605926514e-01 -3.476216793060302734e-01 6.538423150777816772e-02
4.734560549259185791e-01 -3.469370007514953613e-01 6.538423150777816772e-02
4.734035134315490723e-01 -3.462485074996948242e-01 6.538423150777816772e-02
4.733448028564453125e-01 -3.455551564693450928e-01 6.538423150777816772e-02
4.732836782932281494e-01 -3.448577821254730225e-01 6.538423150777816772e-02
4.732240140438079834e-01 -3.441573679447174072e-01 6.538423150777816772e-02
4.731697440147399902e-01 -3.434549570083618164e-01 6.538423150777816772e-02
4.731247723102569580e-01 -3.427516222000122070e-01 6.538423150777816772e-02
4.730930626392364502e-01 -3.420484066009521484e-01 6.538423150777816772e-02
4.730785191059112549e-01 -3.413464426994323730e-01 6.538423150777816772e-02
4.730850458145141602e-01 -3.406468033790588379e-01 6.538423150777816772e-02
4.731166064739227295e-01 -3.399506211280822754e-01 6.538423150777816772e-02
4.731765091419219971e-01 -3.392589092254638672e-01 6.538423150777816772e-02
4.732643663883209229e-01 -3.385716974735260010e-01 6.538423150777816772e-02
4.733783602714538574e-01 -3.378886878490447998e-01 6.538423150777816772e-02
4.735167026519775391e-01 -3.372094929218292236e-01 6.538423150777816772e-02
4.736775755882263184e-01 -3.365337848663330078e-01 6.538423150777816772e-02
4.738591611385345459e-01 -3.358612060546875000e-01 6.538423150777816772e-02
4.740596115589141846e-01 -3.351913690567016602e-01 6.538423150777816772e-02
4.742771387100219727e-01 -3.345238864421844482e-01 6.538423150777816772e-02
4.745098948478698730e-01 -3.338584005832672119e-01 6.538423150777816772e-02
4.747560918331146240e-01 -3.331944942474365234e-01 6.538423150777816772e-02
4.750138819217681885e-01 -3.325317502021789551e-01 6.538423150777816772e-02
4.752814471721649170e-01 -3.318697512149810791e-01 6.538423150777816772e-02
4.755569994449615479e-01 -3.312080800533294678e-01 6.538423150777816772e-02
4.758386611938476562e-01 -3.305462896823883057e-01 6.538423150777816772e-02
4.761245846748352051e-01 -3.298839628696441650e-01 6.538423150777816772e-02
4.764121174812316895e-01 -3.292208313941955566e-01 6.538423150777816772e-02
4.766979813575744629e-01 -3.285567760467529297e-01 6.538423150777816772e-02
4.769788682460784912e-01 -3.278916776180267334e-01 6.538423150777816772e-02
4.772514998912811279e-01 -3.272254765033721924e-01 6.538423150777816772e-02
4.775125384330749512e-01 -3.265579938888549805e-01 6.538423150777816772e-02
4.777587056159973145e-01 -3.258891701698303223e-01 6.538423150777816772e-02
4.779866933822631836e-01 -3.252188563346862793e-01 6.538423150777816772e-02
4.781931936740875244e-01 -3.245470225811004639e-01 6.538423150777816772e-02
4.783748984336853027e-01 -3.238735496997833252e-01 6.538423150777816772e-02
4.785285294055938721e-01 -3.231983184814453125e-01 6.538423150777816772e-02
4.786507785320281982e-01 -3.225212395191192627e-01 6.538423150777816772e-02
4.787383377552032471e-01 -3.218422532081604004e-01 6.538423150777816772e-02
4.787878990173339844e-01 -3.211612403392791748e-01 6.538423150777816772e-02
4.787962436676025391e-01 -3.204781413078308105e-01 6.538423150777816772e-02
4.787631034851074219e-01 -3.197929561138153076e-01 6.538423150777816772e-02
4.786937534809112549e-01 -3.191060125827789307e-01 6.538423150777816772e-02
4.785938858985900879e-01 -3.184176087379455566e-01 6.538423150777816772e-02
4.784692823886871338e-01 -3.177280128002166748e-01 6.538423150777816772e-02
4.783256947994232178e-01 -3.170375525951385498e-01 6.538423150777816772e-02
4.781688749790191650e-01 -3.163464963436126709e-01 6.538423150777816772e-02
4.780045747756958008e-01 -3.156551718711853027e-01 6.538423150777816772e-02
4.778385460376739502e-01 -3.149638473987579346e-01 6.538423150777816772e-02
4.776765108108520508e-01 -3.142728209495544434e-01 6.538423150777816772e-02
4.775237739086151123e-01 -3.135823905467987061e-01 6.538423150777816772e-02
4.773811697959899902e-01 -3.128925561904907227e-01 6.538423150777816772e-02
4.772474765777587891e-01 -3.122031390666961670e-01 6.538423150777816772e-02
4.771214425563812256e-01 -3.115140795707702637e-01 6.538423150777816772e-02
4.770017564296722412e-01 -3.108251690864562988e-01 6.538423150777816772e-02
4.768871963024139404e-01 -3.101363182067871094e-01 6.538423150777816772e-02
4.767764806747436523e-01 -3.094474077224731445e-01 6.538423150777816772e-02
4.766683280467987061e-01 -3.087582886219024658e-01 6.538423150777816772e-02
4.765614569187164307e-01 -3.080688416957855225e-01 6.538423150777816772e-02
4.764546155929565430e-01 -3.073789179325103760e-01 6.538423150777816772e-02
4.763467609882354736e-01 -3.066885173320770264e-01 6.538423150777816772e-02
4.762370884418487549e-01 -3.059978485107421875e-01 6.538423150777816772e-02
4.761250019073486328e-01 -3.053070902824401855e-01 6.538423150777816772e-02
4.760097563266754150e-01 -3.046165108680725098e-01 6.538423150777816772e-02
4.758906960487365723e-01 -3.039263188838958740e-01 6.538423150777816772e-02
4.757671356201171875e-01 -3.032367229461669922e-01 6.538423150777816772e-02
4.756383895874023438e-01 -3.025479912757873535e-01 6.538423150777816772e-02
4.755038022994995117e-01 -3.018603324890136719e-01 6.538423150777816772e-02
4.753626883029937744e-01 -3.011739552021026611e-01 6.538423150777816772e-02
4.752144515514373779e-01 -3.004890680313110352e-01 6.538423150777816772e-02
4.750596582889556885e-01 -2.998056113719940186e-01 6.538423150777816772e-02
4.748995900154113770e-01 -2.991234362125396729e-01 6.538423150777816772e-02
4.747354090213775635e-01 -2.984422743320465088e-01 6.538423150777816772e-02
4.745683670043945312e-01 -2.977619767189025879e-01 6.538423150777816772e-02
4.743997156620025635e-01 -2.970823645591735840e-01 6.538423150777816772e-02
4.742306470870971680e-01 -2.964031696319580078e-01 6.538423150777816772e-02
4.740624129772186279e-01 -2.957242727279663086e-01 6.538423150777816772e-02
4.738962650299072266e-01 -2.950454354286193848e-01 6.538423150777816772e-02
4.737333953380584717e-01 -2.943664491176605225e-01 6.538423150777816772e-02
4.735742807388305664e-01 -2.936871945858001709e-01 6.538423150777816772e-02
4.734177291393280029e-01 -2.930076420307159424e-01 6.538423150777816772e-02
4.732622802257537842e-01 -2.923277914524078369e-01 6.538423150777816772e-02
4.731063842773437500e-01 -2.916475534439086914e-01 6.538423150777816772e-02
4.729486405849456787e-01 -2.909669876098632812e-01 6.538423150777816772e-02
4.727875292301177979e-01 -2.902860641479492188e-01 6.538423150777816772e-02
4.726215600967407227e-01 -2.896047532558441162e-01 6.538423150777816772e-02
4.724492728710174561e-01 -2.889230549335479736e-01 6.538423150777816772e-02
4.722691476345062256e-01 -2.882409691810607910e-01 6.538423150777816772e-02
4.720799922943115234e-01 -2.875584661960601807e-01 6.538423150777816772e-02
4.718841612339019775e-01 -2.868756949901580811e-01 6.538423150777816772e-02
4.716863334178924561e-01 -2.861929535865783691e-01 6.538423150777816772e-02
4.714911580085754395e-01 -2.855104804039001465e-01 6.538423150777816772e-02
4.713033437728881836e-01 -2.848284840583801270e-01 6.538423150777816772e-02
4.711276590824127197e-01 -2.841472625732421875e-01 6.538423150777816772e-02
4.709688127040863037e-01 -2.834670245647430420e-01 6.538423150777816772e-02
4.708315432071685791e-01 -2.827880382537841797e-01 6.538423150777816772e-02
4.707206189632415771e-01 -2.821105420589447021e-01 6.538423150777816772e-02
4.706408381462097168e-01 -2.814347743988037109e-01 6.538423150777816772e-02
4.705955982208251953e-01 -2.807607352733612061e-01 6.538423150777816772e-02
4.705847203731536865e-01 -2.800878286361694336e-01 6.538423150777816772e-02
4.706073999404907227e-01 -2.794153988361358643e-01 6.538423150777816772e-02
4.706626832485198975e-01 -2.787427604198455811e-01 6.538423150777816772e-02
4.707496762275695801e-01 -2.780692875385284424e-01 6.538423150777816772e-02
4.708672761917114258e-01 -2.773943245410919189e-01 6.538423150777816772e-02
4.710143804550170898e-01 -2.767172157764434814e-01 6.538423150777816772e-02
4.711897969245910645e-01 -2.760373950004577637e-01 6.538423150777816772e-02
4.713921844959259033e-01 -2.753541767597198486e-01 6.538423150777816772e-02
4.716202020645141602e-01 -2.746670246124267578e-01 6.538423150777816772e-02
4.718722999095916748e-01 -2.739753127098083496e-01 6.538423150777816772e-02
4.721468985080718994e-01 -2.732785344123840332e-01 6.538423150777816772e-02
4.724422991275787354e-01 -2.725760936737060547e-01 6.538423150777816772e-02
4.727566838264465332e-01 -2.718674540519714355e-01 6.538423150777816772e-02
4.730872809886932373e-01 -2.711524367332458496e-01 6.538423150777816772e-02
4.734264314174652100e-01 -2.704326808452606201e-01 6.538423150777816772e-02
4.737648069858551025e-01 -2.697106301784515381e-01 6.538423150777816772e-02
4.740933775901794434e-01 -2.689885497093200684e-01 6.538423150777816772e-02
4.744033217430114746e-01 -2.682687938213348389e-01 6.538423150777816772e-02
4.746861457824707031e-01 -2.675535976886749268e-01 6.538423150777816772e-02
4.749337136745452881e-01 -2.668451964855194092e-01 6.538423150777816772e-02
4.751381874084472656e-01 -2.661457359790802002e-01 6.538423150777816772e-02
4.752920567989349365e-01 -2.654573619365692139e-01 6.538423150777816772e-02
4.753881990909576416e-01 -2.647821009159088135e-01 6.538423150777816772e-02
4.754199087619781494e-01 -2.641220092773437500e-01 6.538423150777816772e-02
4.753808081150054932e-01 -2.634790241718292236e-01 6.538423150777816772e-02
4.752650558948516846e-01 -2.628550231456756592e-01 6.538423150777816772e-02
4.750671386718750000e-01 -2.622518539428710938e-01 6.538423150777816772e-02
4.747827351093292236e-01 -2.616711258888244629e-01 6.538423150777816772e-02
4.744192957878112793e-01 -2.611114680767059326e-01 6.538423150777816772e-02
4.739935100078582764e-01 -2.605691254138946533e-01 6.538423150777816772e-02
4.735216498374938965e-01 -2.600403428077697754e-01 6.538423150777816772e-02
4.730194211006164551e-01 -2.595214843750000000e-01 6.538423150777816772e-02
4.725017547607421875e-01 -2.590090334415435791e-01 6.538423150777816772e-02
4.719828069210052490e-01 -2.584995627403259277e-01 6.538423150777816772e-02
4.714759588241577148e-01 -2.579897344112396240e-01 6.538423150777816772e-02
4.709936976432800293e-01 -2.574763596057891846e-01 6.538423150777816772e-02
4.705475270748138428e-01 -2.569563984870910645e-01 6.538423150777816772e-02
4.701420664787292480e-01 -2.564280927181243896e-01 6.538423150777816772e-02
4.697609841823577881e-01 -2.558938562870025635e-01 6.538423150777816772e-02
4.693852663040161133e-01 -2.553567886352539062e-01 6.538423150777816772e-02
4.689981639385223389e-01 -2.548195719718933105e-01 6.538423150777816772e-02
4.685853421688079834e-01 -2.542846798896789551e-01 6.538423150777816772e-02
4.681350886821746826e-01 -2.537540793418884277e-01 6.538423150777816772e-02
4.676384925842285156e-01 -2.532294392585754395e-01 6.538423150777816772e-02
4.670897424221038818e-01 -2.527119219303131104e-01 6.538423150777816772e-02
4.664862155914306641e-01 -2.522023022174835205e-01 6.538423150777816772e-02
4.658297598361968994e-01 -2.517006695270538330e-01 6.538423150777816772e-02
4.651456177234649658e-01 -2.512036263942718506e-01 6.538423150777816772e-02
4.644745588302612305e-01 -2.507053613662719727e-01 6.538423150777816772e-02
4.638502895832061768e-01 -2.502009868621826172e-01 6.538423150777816772e-02
4.632978737354278564e-01 -2.496869415044784546e-01 6.538423150777816772e-02
4.628329873085021973e-01 -2.491609156131744385e-01 6.538423150777816772e-02
4.624611139297485352e-01 -2.486220747232437134e-01 6.538423150777816772e-02
4.621769785881042480e-01 -2.480710744857788086e-01 6.538423150777816772e-02
4.619635939598083496e-01 -2.475102543830871582e-01 6.538423150777816772e-02
4.662174880504608154e-01 -2.381296157836914062e-01 6.538423150777816772e-02
4.660452306270599365e-01 -2.375648468732833862e-01 6.538423150777816772e-02
4.658674299716949463e-01 -2.370021343231201172e-01 6.538423150777816772e-02
4.656837880611419678e-01 -2.364415824413299561e-01 6.538423150777816772e-02
4.654940366744995117e-01 -2.358832955360412598e-01 6.538423150777816772e-02
4.652981162071228027e-01 -2.353273183107376099e-01 6.538423150777816772e-02
4.650962352752685547e-01 -2.347735464572906494e-01 6.538423150777816772e-02
4.648886919021606445e-01 -2.342219054698944092e-01 6.538423150777816772e-02
4.646756947040557861e-01 -2.336723059415817261e-01 6.538423150777816772e-02
4.644575119018554688e-01 -2.331246286630630493e-01 6.538423150777816772e-02
4.642344415187835693e-01 -2.325787991285324097e-01 6.538423150777816772e-02
4.640066921710968018e-01 -2.320347279310226440e-01 6.538423150777816772e-02
4.637745618820190430e-01 -2.314922958612442017e-01 6.538423150777816772e-02
4.635382890701293945e-01 -2.309514433145523071e-01 6.538423150777816772e-02
4.632981419563293457e-01 -2.304120510816574097e-01 6.538423150777816772e-02
4.630543589591979980e-01 -2.298740297555923462e-01 6.538423150777816772e-02
4.628072381019592285e-01 -2.293372899293899536e-01 6.538423150777816772e-02
4.625569880008697510e-01 -2.288017272949218750e-01 6.538423150777816772e-02
4.623039066791534424e-01 -2.282672673463821411e-01 6.538423150777816772e-02
4.620482623577117920e-01 -2.277338057756423950e-01 6.538423150777816772e-02
4.617902636528015137e-01 -2.272012531757354736e-01 6.538423150777816772e-02
4.615301787853240967e-01 -2.266695052385330200e-01 6.538423150777816772e-02
4.612683057785034180e-01 -2.261384725570678711e-01 6.538423150777816772e-02
4.610048830509185791e-01 -2.256080657243728638e-01 6.538423150777816772e-02
4.607401788234710693e-01 -2.250781953334808350e-01 6.538423150777816772e-02
4.604744017124176025e-01 -2.245487570762634277e-01 6.538423150777816772e-02
4.602078795433044434e-01 -2.240196615457534790e-01 6.538423150777816772e-02
4.599408209323883057e-01 -2.234908044338226318e-01 6.538423150777816772e-02
4.596735239028930664e-01 -2.229621112346649170e-01 6.538423150777816772e-02
4.594062268733978271e-01 -2.224334776401519775e-01 6.538423150777816772e-02
4.591391682624816895e-01 -2.219048142433166504e-01 6.538423150777816772e-02
4.588726460933685303e-01 -2.213760167360305786e-01 6.538423150777816772e-02
4.586068689823150635e-01 -2.208469957113265991e-01 6.538423150777816772e-02
4.583421647548675537e-01 -2.203176766633987427e-01 6.538423150777816772e-02
4.580787420272827148e-01 -2.197879403829574585e-01 6.538423150777816772e-02
4.578168690204620361e-01 -2.192576974630355835e-01 6.538423150777816772e-02
4.575567841529846191e-01 -2.187268584966659546e-01 6.538423150777816772e-02
4.572987854480743408e-01 -2.181953340768814087e-01 6.538423150777816772e-02
4.570431113243103027e-01 -2.176630347967147827e-01 6.538423150777816772e-02
4.567897915840148926e-01 -2.171299308538436890e-01 6.538423150777816772e-02
4.565386176109313965e-01 -2.165960967540740967e-01 6.538423150777816772e-02
4.562894701957702637e-01 -2.160615622997283936e-01 6.538423150777816772e-02
4.560421407222747803e-01 -2.155263870954513550e-01 6.538423150777816772e-02
4.557964503765106201e-01 -2.149906158447265625e-01 6.538423150777816772e-02
4.555522203445434570e-01 -2.144543230533599854e-01 6.538423150777816772e-02
4.553093016147613525e-01 -2.139175534248352051e-01 6.538423150777816772e-02
4.550674855709075928e-01 -2.133803516626358032e-01 6.538423150777816772e-02
4.548266530036926270e-01 -2.128427773714065552e-01 6.538423150777816772e-02
4.545865654945373535e-01 -2.123048901557922363e-01 6.538423150777816772e-02
4.543470740318298340e-01 -2.117667198181152344e-01 6.538423150777816772e-02
4.541079998016357422e-01 -2.112283408641815186e-01 6.538423150777816772e-02
4.538691639900207520e-01 -2.106897979974746704e-01 6.538423150777816772e-02
4.536303877830505371e-01 -2.101511508226394653e-01 6.538423150777816772e-02
4.533915221691131592e-01 -2.096124440431594849e-01 6.538423150777816772e-02
4.531523585319519043e-01 -2.090737372636795044e-01 6.538423150777816772e-02
4.529127180576324463e-01 -2.085350751876831055e-01 6.538423150777816772e-02
4.526724815368652344e-01 -2.079965025186538696e-01 6.538423150777816772e-02
4.524314105510711670e-01 -2.074581086635589600e-01 6.538423150777816772e-02
4.521893262863159180e-01 -2.069199085235595703e-01 6.538423150777816772e-02
4.519461095333099365e-01 -2.063819766044616699e-01 6.538423150777816772e-02
4.517015516757965088e-01 -2.058443576097488403e-01 6.538423150777816772e-02
4.514554738998413086e-01 -2.053070962429046631e-01 6.538423150777816772e-02
4.512077271938323975e-01 -2.047702670097351074e-01 6.538423150777816772e-02
4.509580731391906738e-01 -2.042338997125625610e-01 6.538423150777816772e-02
4.507063925266265869e-01 -2.036980688571929932e-01 6.538423150777816772e-02
4.504525065422058105e-01 -2.031628042459487915e-01 6.538423150777816772e-02
4.501962363719940186e-01 -2.026281803846359253e-01 6.538423150777816772e-02
4.499373733997344971e-01 -2.020942419767379761e-01 6.538423150777816772e-02
4.496757686138153076e-01 -2.015610337257385254e-01 6.538423150777816772e-02
4.494112432003021240e-01 -2.010286152362823486e-01 6.538423150777816772e-02
4.491436183452606201e-01 -2.004970461130142212e-01 6.538423150777816772e-02
4.488727450370788574e-01 -1.999663710594177246e-01 6.538423150777816772e-02
4.485984444618225098e-01 -1.994366347789764404e-01 6.538423150777816772e-02
4.483209848403930664e-01 -1.989077776670455933e-01 6.538423150777816772e-02
4.480408132076263428e-01 -1.983796656131744385e-01 6.538423150777816772e-02
4.477584064006805420e-01 -1.978521943092346191e-01 6.538423150777816772e-02
4.474741518497467041e-01 -1.973252445459365845e-01 6.538423150777816772e-02
4.471884965896606445e-01 -1.967986971139907837e-01 6.538423150777816772e-02
4.469019472599029541e-01 -1.962724179029464722e-01 6.538423150777816772e-02
4.466148614883422852e-01 -1.957463175058364868e-01 6.538423150777816772e-02
4.463277757167816162e-01 -1.952202767133712769e-01 6.538423150777816772e-02
4.460410475730895996e-01 -1.946941465139389038e-01 6.538423150777816772e-02
4.457551836967468262e-01 -1.941678375005722046e-01 6.538423150777816772e-02
4.454706013202667236e-01 -1.936412155628204346e-01 6.538423150777816772e-02
4.451877474784851074e-01 -1.931141763925552368e-01 6.538423150777816772e-02
4.449070692062377930e-01 -1.925866007804870605e-01 6.538423150777816772e-02
4.446290135383605957e-01 -1.920583546161651611e-01 6.538423150777816772e-02
4.443539977073669434e-01 -1.915293335914611816e-01 6.538423150777816772e-02
4.440824985504150391e-01 -1.909994184970855713e-01 6.538423150777816772e-02
4.438149631023406982e-01 -1.904684901237487793e-01 6.538423150777816772e-02
4.435518085956573486e-01 -1.899364441633224487e-01 6.538423150777816772e-02
4.432935118675231934e-01 -1.894031316041946411e-01 6.538423150777816772e-02
4.430404901504516602e-01 -1.888684481382369995e-01 6.538423150777816772e-02
4.427931904792785645e-01 -1.883322894573211670e-01 6.538423150777816772e-02
4.425520896911621094e-01 -1.877945214509963989e-01 6.538423150777816772e-02
4.423175752162933350e-01 -1.872550398111343384e-01 6.538423150777816772e-02
4.420901238918304443e-01 -1.867137104272842407e-01 6.538423150777816772e-02
4.418701827526092529e-01 -1.861704289913177490e-01 6.538423150777816772e-02
4.416581988334655762e-01 -1.856250762939453125e-01 6.538423150777816772e-02
4.414545893669128418e-01 -1.850775331258773804e-01 6.538423150777816772e-02
4.412598311901092529e-01 -1.845276653766632080e-01 6.538423150777816772e-02
4.410743713378906250e-01 -1.839753836393356323e-01 6.538423150777816772e-02
4.408985972404479980e-01 -1.834205389022827148e-01 6.538423150777816772e-02
4.407330155372619629e-01 -1.828630417585372925e-01 6.538423150777816772e-02
4.405780434608459473e-01 -1.823027580976486206e-01 6.538423150777816772e-02
4.404341578483581543e-01 -1.817395836114883423e-01 6.538423150777816772e-02
4.403015971183776855e-01 -1.811734139919281006e-01 6.538423150777816772e-02
4.401800930500030518e-01 -1.806043535470962524e-01 6.538423150777816772e-02
4.400691390037536621e-01 -1.800325214862823486e-01 6.538423150777816772e-02
4.399682581424713135e-01 -1.794580519199371338e-01 6.538423150777816772e-02
4.398769140243530273e-01 -1.788810789585113525e-01 6.538423150777816772e-02
4.397946596145629883e-01 -1.783017218112945557e-01 6.538423150777816772e-02
4.397209584712982178e-01 -1.777200996875762939e-01 6.538423150777816772e-02
4.396553337574005127e-01 -1.771363765001296997e-01 6.538423150777816772e-02
4.395973086357116699e-01 -1.765506565570831299e-01 6.538423150777816772e-02
4.395463764667510986e-01 -1.759630739688873291e-01 6.538423150777816772e-02
4.395020604133605957e-01 -1.753737479448318481e-01 6.538423150777816772e-02
4.394638240337371826e-01 -1.747828274965286255e-01 6.538423150777816772e-02
4.394312202930450439e-01 -1.741904318332672119e-01 6.538423150777816772e-02
4.394037425518035889e-01 -1.735966950654983521e-01 6.538423150777816772e-02
4.393808543682098389e-01 -1.730017513036727905e-01 6.538423150777816772e-02
4.393621087074279785e-01 -1.724057048559188843e-01 6.538423150777816772e-02
4.393470287322998047e-01 -1.718087196350097656e-01 6.538423150777816772e-02
4.393350780010223389e-01 -1.712108850479125977e-01 6.538423150777816772e-02
4.393257498741149902e-01 -1.706123799085617065e-01 6.538423150777816772e-02
4.393185973167419434e-01 -1.700132936239242554e-01 6.538423150777816772e-02
4.393131136894226074e-01 -1.694137603044509888e-01 6.538423150777816772e-02
4.393087923526763916e-01 -1.688139289617538452e-01 6.538423150777816772e-02
4.393051564693450928e-01 -1.682139188051223755e-01 6.538423150777816772e-02
4.393016993999481201e-01 -1.676138490438461304e-01 6.538423150777816772e-02
4.392979145050048828e-01 -1.670138686895370483e-01 6.538423150777816772e-02
4.392933249473571777e-01 -1.664140969514846802e-01 6.538423150777816772e-02
4.392874538898468018e-01 -1.658146679401397705e-01 6.538423150777816772e-02
4.392797648906707764e-01 -1.652157008647918701e-01 6.538423150777816772e-02
4.392698109149932861e-01 -1.646173298358917236e-01 6.538423150777816772e-02
4.392570853233337402e-01 -1.640196740627288818e-01 6.538423150777816772e-02
4.392413198947906494e-01 -1.634228080511093140e-01 6.538423150777816772e-02
4.392226636409759521e-01 -1.628267168998718262e-01 6.538423150777816772e-02
4.392012357711791992e-01 -1.622313559055328369e-01 6.538423150777816772e-02
4.391771554946899414e-01 -1.616366654634475708e-01 6.538423150777816772e-02
4.391505718231201172e-01 -1.610426455736160278e-01 6.538423150777816772e-02
4.391216337680816650e-01 -1.604492515325546265e-01 6.538423150777816772e-02
4.390904307365417480e-01 -1.598564535379409790e-01 6.538423150777816772e-02
4.390571117401123047e-01 -1.592641919851303101e-01 6.538423150777816772e-02
4.390218257904052734e-01 -1.586724668741226196e-01 6.538423150777816772e-02
4.389846622943878174e-01 -1.580812186002731323e-01 6.538423150777816772e-02
4.389458298683166504e-01 -1.574904173612594604e-01 6.538423150777816772e-02
4.389053881168365479e-01 -1.569000333547592163e-01 6.538423150777816772e-02
4.388635158538818359e-01 -1.563100367784500122e-01 6.538423150777816772e-02
4.388203322887420654e-01 -1.557203978300094604e-01 6.538423150777816772e-02
4.387759566307067871e-01 -1.551310569047927856e-01 6.538423150777816772e-02
4.387305676937103271e-01 -1.545419991016387939e-01 6.538423150777816772e-02
4.386842250823974609e-01 -1.539531946182250977e-01 6.538423150777816772e-02
4.386371076107025146e-01 -1.533645987510681152e-01 6.538423150777816772e-02
4.385893344879150391e-01 -1.527761816978454590e-01 6.538423150777816772e-02
4.385410547256469727e-01 -1.521878987550735474e-01 6.538423150777816772e-02
4.384923875331878662e-01 -1.515997201204299927e-01 6.538423150777816772e-02
4.384434819221496582e-01 -1.510116308927536011e-01 6.538423150777816772e-02
4.383944571018218994e-01 -1.504235714673995972e-01 6.538423150777816772e-02
4.383454322814941406e-01 -1.498355120420455933e-01 6.538423150777816772e-02
4.382965564727783203e-01 -1.492474377155303955e-01 6.538423150777816772e-02
4.382479786872863770e-01 -1.486592888832092285e-01 6.538423150777816772e-02
4.381997883319854736e-01 -1.480710357427597046e-01 6.538423150777816772e-02
4.381521642208099365e-01 -1.474826633930206299e-01 6.538423150777816772e-02
4.381051957607269287e-01 -1.468941122293472290e-01 6.538423150777816772e-02
4.380590319633483887e-01 -1.463053822517395020e-01 6.538423150777816772e-02
4.380136728286743164e-01 -1.457164436578750610e-01 6.538423150777816772e-02
4.379691183567047119e-01 -1.451272964477539062e-01 6.538423150777816772e-02
4.379252791404724121e-01 -1.445379704236984253e-01 6.538423150777816772e-02
4.378821253776550293e-01 -1.439484655857086182e-01 6.538423150777816772e-02
4.378396570682525635e-01 -1.433587968349456787e-01 6.538423150777816772e-02
4.377977848052978516e-01 -1.427689641714096069e-01 6.538423150777816772e-02
4.377565085887908936e-01 -1.421789675951004028e-01 6.538423150777816772e-02
4.377157986164093018e-01 -1.415888220071792603e-01 6.538423150777816772e-02
4.376755654811859131e-01 -1.409985572099685669e-01 6.538423150777816772e-02
4.376358389854431152e-01 -1.404081434011459351e-01 6.538423150777816772e-02
4.375965297222137451e-01 -1.398176103830337524e-01 6.538423150777816772e-02
4.375576078891754150e-01 -1.392269730567932129e-01 6.538423150777816772e-02
4.375190734863281250e-01 -1.386362165212631226e-01 6.538423150777816772e-02
4.374808371067047119e-01 -1.380453556776046753e-01 6.538423150777816772e-02
4.374428987503051758e-01 -1.374544203281402588e-01 6.538423150777816772e-02
4.374052286148071289e-01 -1.368633955717086792e-01 6.538423150777816772e-02
4.373677372932434082e-01 -1.362722963094711304e-01 6.538423150777816772e-02
4.373304247856140137e-01 -1.356811225414276123e-01 6.538423150777816772e-02
4.372932612895965576e-01 -1.350898891687393188e-01 6.538423150777816772e-02
4.372561872005462646e-01 -1.344986110925674438e-01 6.538423150777816772e-02
4.372191727161407471e-01 -1.339072883129119873e-01 6.538423150777816772e-02
4.371821880340576172e-01 -1.333159357309341431e-01 6.538423150777816772e-02
4.371451735496520996e-01 -1.327245533466339111e-01 6.538423150777816772e-02
4.371081292629241943e-01 -1.321331411600112915e-01 6.538423150777816772e-02
4.370709955692291260e-01 -1.315417289733886719e-01 6.538423150777816772e-02
4.370337128639221191e-01 -1.309503167867660522e-01 6.538423150777816772e-02
4.369962811470031738e-01 -1.303589046001434326e-01 6.538423150777816772e-02
4.369586408138275146e-01 -1.297674924135208130e-01 6.538423150777816772e-02
4.369207918643951416e-01 -1.291761249303817749e-01 6.538423150777816772e-02
4.368826448917388916e-01 -1.285847723484039307e-01 6.538423150777816772e-02
4.368442595005035400e-01 -1.279934495687484741e-01 6.538423150777816772e-02
4.368056654930114746e-01 -1.274021565914154053e-01 6.538423150777816772e-02
4.367668330669403076e-01 -1.268108934164047241e-01 6.538423150777816772e-02
4.367277920246124268e-01 -1.262196749448776245e-01 6.538423150777816772e-02
4.366886019706726074e-01 -1.256284862756729126e-01 6.538423150777816772e-02
4.366492033004760742e-01 -1.250373572111129761e-01 6.538423150777816772e-02
4.366096854209899902e-01 -1.244462579488754272e-01 6.538423150777816772e-02
4.365700483322143555e-01 -1.238552108407020569e-01 6.538423150777816772e-02
4.365302920341491699e-01 -1.232642158865928650e-01 6.538423150777816772e-02
4.364904463291168213e-01 -1.226732730865478516e-01 6.538423150777816772e-02
4.364505112171173096e-01 -1.220823824405670166e-01 6.538423150777816772e-02
4.364105165004730225e-01 -1.214915513992309570e-01 6.538423150777816772e-02
4.363704919815063477e-01 -1.209007799625396729e-01 6.538423150777816772e-02
4.363304376602172852e-01 -1.203100755810737610e-01 6.538423150777816772e-02
4.362903535366058350e-01 -1.197194308042526245e-01 6.538423150777816772e-02
4.362502992153167725e-01 -1.191288530826568604e-01 6.538423150777816772e-02
4.362102746963500977e-01 -1.185383498668670654e-01 6.538423150777816772e-02
4.361702799797058105e-01 -1.179479211568832397e-01 6.538423150777816772e-02
4.361303448677062988e-01 -1.173575595021247864e-01 6.538423150777816772e-02
4.360904693603515625e-01 -1.167672872543334961e-01 6.538423150777816772e-02
4.360507130622863770e-01 -1.161770820617675781e-01 6.538423150777816772e-02
4.360110461711883545e-01 -1.155869662761688232e-01 6.538423150777816772e-02
4.359715282917022705e-01 -1.149969398975372314e-01 6.538423150777816772e-02
4.359321296215057373e-01 -1.144069954752922058e-01 6.538423150777816772e-02
4.358929097652435303e-01 -1.138171479105949402e-01 6.538423150777816772e-02
4.358538687229156494e-01 -1.132273823022842407e-01 6.538423150777816772e-02
4.358150362968444824e-01 -1.126377210021018982e-01 6.538423150777816772e-02
4.357764124870300293e-01 -1.120481565594673157e-01 6.538423150777816772e-02
4.357379972934722900e-01 -1.114586815237998962e-01 6.538422405719757080e-02
4.356998205184936523e-01 -1.108693033456802368e-01 6.538422405719757080e-02
4.356618225574493408e-01 -1.102799996733665466e-01 6.538422405719757080e-02
4.356239736080169678e-01 -1.096907556056976318e-01 6.538422405719757080e-02
4.355862438678741455e-01 -1.091015413403511047e-01 6.538422405719757080e-02
4.355486333370208740e-01 -1.085123494267463684e-01 6.538422405719757080e-02
4.355110824108123779e-01 -1.079231575131416321e-01 6.538422405719757080e-02
4.354735612869262695e-01 -1.073339432477951050e-01 6.538422405719757080e-02
4.354360401630401611e-01 -1.067446991801261902e-01 6.538422405719757080e-02
4.353984594345092773e-01 -1.061553955078125000e-01 6.538422405719757080e-02
4.353608489036560059e-01 -1.055660247802734375e-01 6.538422405719757080e-02
4.353231489658355713e-01 -1.049765646457672119e-01 6.538422405719757080e-02
4.352853298187255859e-01 -1.043869927525520325e-01 6.538422405719757080e-02
4.352473318576812744e-01 -1.037972941994667053e-01 6.538422405719757080e-02
4.352091848850250244e-01 -1.032074540853500366e-01 6.538422405719757080e-02
4.351707994937896729e-01 -1.026174500584602356e-01 6.538422405719757080e-02
4.351321756839752197e-01 -1.020272672176361084e-01 6.538422405719757080e-02
4.350932538509368896e-01 -1.014368832111358643e-01 6.538422405719757080e-02
4.350540339946746826e-01 -1.008462831377983093e-01 6.538422405719757080e-02
4.350144863128662109e-01 -1.002554520964622498e-01 6.538422405719757080e-02
4.349745810031890869e-01 -9.966436773538589478e-02 6.538422405719757080e-02
4.349342584609985352e-01 -9.907300770282745361e-02 6.538422405719757080e-02
4.348934888839721680e-01 -9.848136454820632935e-02 6.538422405719757080e-02
4.348522722721099854e-01 -9.788940846920013428e-02 6.538422405719757080e-02
4.348105490207672119e-01 -9.729713201522827148e-02 6.538422405719757080e-02
4.347683191299438477e-01 -9.670451283454895020e-02 6.538422405719757080e-02
4.347255229949951172e-01 -9.611152857542037964e-02 6.538422405719757080e-02
4.346821606159210205e-01 -9.551816433668136597e-02 6.538422405719757080e-02
4.346381425857543945e-01 -9.492441266775131226e-02 6.538422405719757080e-02
4.345934987068176270e-01 -9.433023631572723389e-02 6.538423150777816772e-02
4.345481991767883301e-01 -9.373564273118972778e-02 6.538423150777816772e-02
4.345023334026336670e-01 -9.314069151878356934e-02 6.538423150777816772e-02
4.344559907913208008e-01 -9.254544228315353394e-02 6.538423150777816772e-02
4.344092905521392822e-01 -9.194997698068618774e-02 6.538423150777816772e-02
4.343623518943786621e-01 -9.135435521602630615e-02 6.538423150777816772e-02
4.343152642250061035e-01 -9.075865149497985840e-02 6.538423150777816772e-02
4.342681467533111572e-01 -9.016293287277221680e-02 6.538423150777816772e-02
4.342210888862609863e-01 -8.956726640462875366e-02 6.538423150777816772e-02
4.341742098331451416e-01 -8.897173404693603516e-02 6.538423150777816772e-02
4.341276288032531738e-01 -8.837639540433883667e-02 6.538423150777816772e-02
4.340814054012298584e-01 -8.778131753206253052e-02 6.538423150777816772e-02
4.340357184410095215e-01 -8.718658238649368286e-02 6.538423150777816772e-02
4.339905977249145508e-01 -8.659224212169647217e-02 6.538423150777816772e-02
4.339462220668792725e-01 -8.599838614463806152e-02 6.538423150777816772e-02
4.339026212692260742e-01 -8.540507405996322632e-02 6.538423150777816772e-02
4.338599741458892822e-01 -8.481237292289733887e-02 6.538423150777816772e-02
4.338183701038360596e-01 -8.422035723924636841e-02 6.538423150777816772e-02
4.337778687477111816e-01 -8.362909406423568726e-02 6.538423150777816772e-02
4.337386488914489746e-01 -8.303865045309066772e-02 6.538423150777816772e-02
4.337007403373718262e-01 -8.244910836219787598e-02 6.538423150777816772e-02
4.336643218994140625e-01 -8.186052739620208740e-02 6.538423150777816772e-02
4.336294531822204590e-01 -8.127297461032867432e-02 6.538423150777816772e-02
4.335962831974029541e-01 -8.068652451038360596e-02 6.538423150777816772e-02
4.335648417472839355e-01 -8.010125160217285156e-02 6.538423150777816772e-02
4.335353374481201172e-01 -7.951721549034118652e-02 6.538423150777816772e-02
4.335078001022338867e-01 -7.893449813127517700e-02 6.538423150777816772e-02
4.334823489189147949e-01 -7.835315167903900146e-02 6.538423150777816772e-02
4.334591329097747803e-01 -7.777326554059982300e-02 6.538423150777816772e-02
4.334382116794586182e-01 -7.719489932060241699e-02 6.538423150777816772e-02
4.334196448326110840e-01 -7.661811262369155884e-02 6.538423150777816772e-02
4.334034323692321777e-01 -7.604283839464187622e-02 6.538423150777816772e-02
4.333891272544860840e-01 -7.546882331371307373e-02 6.538423150777816772e-02
4.333763718605041504e-01 -7.489580661058425903e-02 6.538423150777816772e-02
4.333646893501281738e-01 -7.432352751493453979e-02 6.538423150777816772e-02
4.333537817001342773e-01 -7.375172525644302368e-02 6.538423150777816772e-02
4.333431720733642578e-01 -7.318013161420822144e-02 6.538423150777816772e-02
4.333325028419494629e-01 -7.260849326848983765e-02 6.538423150777816772e-02
4.333213865756988525e-01 -7.203654944896697998e-02 6.538423150777816772e-02
4.333093762397766113e-01 -7.146403938531875610e-02 6.538423150777816772e-02
4.332961440086364746e-01 -7.089069485664367676e-02 6.538423150777816772e-02
4.332812428474426270e-01 -7.031626254320144653e-02 6.538423150777816772e-02
4.332643151283264160e-01 -6.974048167467117310e-02 6.538423150777816772e-02
4.332449138164520264e-01 -6.916309148073196411e-02 6.538423150777816772e-02
4.332227110862731934e-01 -6.858382374048233032e-02 6.538423150777816772e-02
4.331972599029541016e-01 -6.800242513418197632e-02 6.538423150777816772e-02
4.331681728363037109e-01 -6.741862744092941284e-02 6.538423150777816772e-02
4.331350326538085938e-01 -6.683217734098434448e-02 6.538423150777816772e-02
4.330975115299224854e-01 -6.624281406402587891e-02 6.538423150777816772e-02
4.330551326274871826e-01 -6.565026938915252686e-02 6.538423150777816772e-02
4.330075681209564209e-01 -6.505428999662399292e-02 6.538423150777816772e-02
4.329543709754943848e-01 -6.445460766553878784e-02 6.538423150777816772e-02
4.328951835632324219e-01 -6.385096907615661621e-02 6.538423150777816772e-02
4.328295886516571045e-01 -6.324310600757598877e-02 6.538423150777816772e-02
4.327571988105773926e-01 -6.263075768947601318e-02 6.538423150777816772e-02
4.326775968074798584e-01 -6.201367452740669250e-02 6.538423150777816772e-02
4.325903952121734619e-01 -6.139158457517623901e-02 6.538423150777816772e-02
4.324952363967895508e-01 -6.076423078775405884e-02 6.538423150777816772e-02
4.323916733264923096e-01 -6.013135239481925964e-02 6.538423150777816772e-02
4.322793185710906982e-01 -5.949268490076065063e-02 6.538423150777816772e-02
4.321580231189727783e-01 -5.884809419512748718e-02 6.538423150777816772e-02
4.320286810398101807e-01 -5.819822847843170166e-02 6.538423150777816772e-02
4.318928122520446777e-01 -5.754406377673149109e-02 6.538423150777816772e-02
4.317519068717956543e-01 -5.688657239079475403e-02 6.538423150777816772e-02
4.316074252128601074e-01 -5.622673034667968750e-02 6.538423150777816772e-02
4.314608573913574219e-01 -5.556550994515419006e-02 6.538423150777816772e-02
4.313136637210845947e-01 -5.490388721227645874e-02 6.538423150777816772e-02
4.311673343181610107e-01 -5.424283072352409363e-02 6.538423150777816772e-02
4.310233592987060547e-01 -5.358332023024559021e-02 6.538423150777816772e-02
4.308831989765167236e-01 -5.292632803320884705e-02 6.538423150777816772e-02
4.307483434677124023e-01 -5.227282643318176270e-02 6.538423150777816772e-02
4.306202530860900879e-01 -5.162379145622253418e-02 6.538423150777816772e-02
4.305004179477691650e-01 -5.098019167780876160e-02 6.538423150777816772e-02
4.303902983665466309e-01 -5.034301057457923889e-02 6.538423150777816772e-02
4.302914142608642578e-01 -4.971321299672126770e-02 6.538423150777816772e-02
4.302051961421966553e-01 -4.909177497029304504e-02 6.538423150777816772e-02
4.301331341266632080e-01 -4.847967624664306641e-02 6.538423150777816772e-02
4.300767481327056885e-01 -4.787788540124893188e-02 6.538423150777816772e-02
4.300374388694763184e-01 -4.728737473487854004e-02 6.538423150777816772e-02
4.300167560577392578e-01 -4.670912399888038635e-02 6.538423150777816772e-02
4.300161302089691162e-01 -4.614410176873207092e-02 6.538423150777816772e-02
4.300370812416076660e-01 -4.559328407049179077e-02 6.538423150777816772e-02
4.300810396671295166e-01 -4.505764693021774292e-02 6.538423150777816772e-02
4.301494956016540527e-01 -4.453815892338752747e-02 6.538423150777816772e-02
4.302439689636230469e-01 -4.403579980134963989e-02 6.538423150777816772e-02
4.303658902645111084e-01 -4.355154186487197876e-02 6.538423150777816772e-02
4.305167496204376221e-01 -4.308635741472244263e-02 6.538423150777816772e-02
4.306980073451995850e-01 -4.264121875166893005e-02 6.538423150777816772e-02
4.309111833572387695e-01 -4.221710562705993652e-02 6.538423150777816772e-02
4.311577677726745605e-01 -4.181497916579246521e-02 6.538423150777816772e-02
4.314382076263427734e-01 -4.143521189689636230e-02 6.538423150777816772e-02
4.317513704299926758e-01 -4.107699170708656311e-02 6.538423150777816772e-02
4.320957660675048828e-01 -4.073937237262725830e-02 6.538423150777816772e-02
4.324699938297271729e-01 -4.042140766978263855e-02 6.538423150777816772e-02
4.328725934028625488e-01 -4.012215137481689453e-02 6.538423150777816772e-02
4.333021044731140137e-01 -3.984065726399421692e-02 6.538423150777816772e-02
4.337571561336517334e-01 -3.957597538828849792e-02 6.538423150777816772e-02
4.342362582683563232e-01 -3.932716324925422668e-02 6.538423150777816772e-02
4.347379803657531738e-01 -3.909327462315559387e-02 6.538423150777816772e-02
4.352608919143676758e-01 -3.887336328625679016e-02 6.538423150777816772e-02
4.358035624027252197e-01 -3.866648301482200623e-02 6.538423150777816772e-02
4.363645613193511963e-01 -3.847168385982513428e-02 6.538423150777816772e-02
4.369424283504486084e-01 -3.828802332282066345e-02 6.538423150777816772e-02
4.375357329845428467e-01 -3.811455518007278442e-02 6.538423150777816772e-02
4.381430447101593018e-01 -3.795033320784568787e-02 6.538423150777816772e-02
4.387629330158233643e-01 -3.779440745711326599e-02 6.538423150777816772e-02
4.393939375877380371e-01 -3.764583542943000793e-02 6.538423150777816772e-02
4.400346279144287109e-01 -3.750366717576980591e-02 6.538423150777816772e-02
4.406836032867431641e-01 -3.736696019768714905e-02 6.538423150777816772e-02
4.413393735885620117e-01 -3.723476827144622803e-02 6.538423150777816772e-02
4.420005381107330322e-01 -3.710614144802093506e-02 6.538423150777816772e-02
4.426656365394592285e-01 -3.698013350367546082e-02 6.538423150777816772e-02
4.433332383632659912e-01 -3.685580193996429443e-02 6.538423150777816772e-02
4.440019130706787109e-01 -3.673219680786132812e-02 6.538423150777816772e-02
4.446702301502227783e-01 -3.660837560892105103e-02 6.538423150777816772e-02
4.453367590904235840e-01 -3.648338466882705688e-02 6.538423150777816772e-02
4.460000097751617432e-01 -3.635628521442413330e-02 6.538423150777816772e-02
4.466586112976074219e-01 -3.622613102197647095e-02 6.538423150777816772e-02
4.473111033439636230e-01 -3.609196841716766357e-02 6.538423150777816772e-02
4.479560256004333496e-01 -3.595285490155220032e-02 6.538423150777816772e-02
4.485921859741210938e-01 -3.580795601010322571e-02 6.538422405719757080e-02
4.492193460464477539e-01 -3.565717488527297974e-02 6.538422405719757080e-02
4.498379230499267578e-01 -3.550076857209205627e-02 6.538422405719757080e-02
4.504483342170715332e-01 -3.533899039030075073e-02 6.538422405719757080e-02
4.510509669780731201e-01 -3.517208620905876160e-02 6.538422405719757080e-02
4.516462087631225586e-01 -3.500031679868698120e-02 6.538422405719757080e-02
4.522344172000885010e-01 -3.482392802834510803e-02 6.538422405719757080e-02
4.528160393238067627e-01 -3.464317321777343750e-02 6.538422405719757080e-02
4.533914327621459961e-01 -3.445830568671226501e-02 6.538422405719757080e-02
4.539609849452972412e-01 -3.426957502961158752e-02 6.538422405719757080e-02
4.545251131057739258e-01 -3.407723456621170044e-02 6.538422405719757080e-02
4.550841748714447021e-01 -3.388153761625289917e-02 6.538422405719757080e-02
4.556385576725006104e-01 -3.368273377418518066e-02 6.538422405719757080e-02
4.561886489391326904e-01 -3.348108008503913879e-02 6.538422405719757080e-02
4.567348659038543701e-01 -3.327682241797447205e-02 6.538422405719757080e-02
4.572775959968566895e-01 -3.307021781802177429e-02 6.538422405719757080e-02
4.578171968460083008e-01 -3.286151587963104248e-02 6.538422405719757080e-02
4.583540856838226318e-01 -3.265097364783287048e-02 6.538422405719757080e-02
4.588886201381683350e-01 -3.243883326649665833e-02 6.538422405719757080e-02
4.594212174415588379e-01 -3.222535923123359680e-02 6.538422405719757080e-02
4.599522650241851807e-01 -3.201079368591308594e-02 6.538422405719757080e-02
4.604821205139160156e-01 -3.179539367556571960e-02 6.538422405719757080e-02
4.610112309455871582e-01 -3.157941251993179321e-02 6.538422405719757080e-02
4.615399241447448730e-01 -3.136309981346130371e-02 6.538422405719757080e-02
4.620686173439025879e-01 -3.114671260118484497e-02 6.538422405719757080e-02
4.625976979732513428e-01 -3.093049861490726471e-02 6.538422405719757080e-02
4.631275534629821777e-01 -3.071471117436885834e-02 6.538422405719757080e-02
4.636585712432861328e-01 -3.049960546195507050e-02 6.538422405719757080e-02
4.641911387443542480e-01 -3.028543107211589813e-02 6.538422405719757080e-02
4.647256135940551758e-01 -3.007244132459163666e-02 6.538422405719757080e-02
4.652624428272247314e-01 -2.986089140176773071e-02 6.538422405719757080e-02
4.658017456531524658e-01 -2.965090051293373108e-02 6.538422405719757080e-02
4.663434922695159912e-01 -2.944242395460605621e-02 6.538422405719757080e-02
4.668875038623809814e-01 -2.923539839684963226e-02 6.538422405719757080e-02
4.674336910247802734e-01 -2.902976237237453461e-02 6.538422405719757080e-02
4.679819047451019287e-01 -2.882545441389083862e-02 6.538422405719757080e-02
4.685320556163787842e-01 -2.862241119146347046e-02 6.538422405719757080e-02
4.690840244293212891e-01 -2.842057123780250549e-02 6.538422405719757080e-02
4.696376919746398926e-01 -2.821987122297286987e-02 6.538422405719757080e-02
4.701929390430450439e-01 -2.802024781703948975e-02 6.538422405719757080e-02
4.707496166229248047e-01 -2.782163769006729126e-02 6.538422405719757080e-02
4.713076353073120117e-01 -2.762398123741149902e-02 6.538422405719757080e-02
4.718669056892395020e-01 -2.742721326649188995e-02 6.538422405719757080e-02
4.724272489547729492e-01 -2.723127231001853943e-02 6.538422405719757080e-02
4.729885756969451904e-01 -2.703609317541122437e-02 6.538422405719757080e-02
4.735507965087890625e-01 -2.684161439538002014e-02 6.538422405719757080e-02
4.741137325763702393e-01 -2.664777263998985291e-02 6.538422405719757080e-02
4.746773242950439453e-01 -2.645450271666049957e-02 6.538422405719757080e-02
4.752414524555206299e-01 -2.626174502074718475e-02 6.538422405719757080e-02
4.758059680461883545e-01 -2.606943249702453613e-02 6.538422405719757080e-02
4.763707816600799561e-01 -2.587750181555747986e-02 6.538422405719757080e-02
4.769357442855834961e-01 -2.568589150905609131e-02 6.538422405719757080e-02
4.775007963180541992e-01 -2.549453638494014740e-02 6.538422405719757080e-02
4.780657589435577393e-01 -2.530337125062942505e-02 6.538422405719757080e-02
4.786305725574493408e-01 -2.511233277618885040e-02 6.538422405719757080e-02
4.791951179504394531e-01 -2.492135949432849884e-02 6.538422405719757080e-02
4.797592461109161377e-01 -2.473038248717784882e-02 6.538422405719757080e-02
4.803228676319122314e-01 -2.453934028744697571e-02 6.538422405719757080e-02
4.808858633041381836e-01 -2.434816770255565643e-02 6.538422405719757080e-02
4.814481139183044434e-01 -2.415680140256881714e-02 6.538422405719757080e-02
4.820095300674438477e-01 -2.396517246961593628e-02 6.538422405719757080e-02
4.825699627399444580e-01 -2.377323992550373077e-02 6.538421660661697388e-02
4.831295609474182129e-01 -2.358096465468406677e-02 6.538421660661697388e-02
4.836883246898651123e-01 -2.338835783302783966e-02 6.538421660661697388e-02
4.842464029788970947e-01 -2.319541759788990021e-02 6.538421660661697388e-02
4.848037958145141602e-01 -2.300214394927024841e-02 6.538421660661697388e-02
4.853606224060058594e-01 -2.280853874981403351e-02 6.538421660661697388e-02
4.859169721603393555e-01 -2.261459827423095703e-02 6.538421660661697388e-02
4.864729046821594238e-01 -2.242032624781131744e-02 6.538421660661697388e-02
4.870285093784332275e-01 -2.222572267055511475e-02 6.538421660661697388e-02
4.875838756561279297e-01 -2.203078754246234894e-02 6.538421660661697388e-02
4.881390333175659180e-01 -2.183552272617816925e-02 6.538421660661697388e-02
4.886940717697143555e-01 -2.163993008434772491e-02 6.538421660661697388e-02
4.892491102218627930e-01 -2.144401147961616516e-02 6.538421660661697388e-02
4.898041784763336182e-01 -2.124776877462863922e-02 6.538421660661697388e-02
4.903593361377716064e-01 -2.105120569467544556e-02 6.538421660661697388e-02
4.909147024154663086e-01 -2.085432596504688263e-02 6.538421660661697388e-02
4.914703071117401123e-01 -2.065712958574295044e-02 6.538421660661697388e-02
4.920262396335601807e-01 -2.045962400734424591e-02 6.538421660661697388e-02
4.925825297832489014e-01 -2.026181109249591827e-02 6.538421660661697388e-02
4.931392967700958252e-01 -2.006369642913341522e-02 6.538421660661697388e-02
4.936966001987457275e-01 -1.986528374254703522e-02 6.538421660661697388e-02
4.942544698715209961e-01 -1.966658048331737518e-02 6.538421660661697388e-02
4.948129653930664062e-01 -1.946759037673473358e-02 6.538421660661697388e-02
4.953722059726715088e-01 -1.926832087337970734e-02 6.538421660661697388e-02
4.959321916103363037e-01 -1.906877756118774414e-02 6.538421660661697388e-02
4.964930117130279541e-01 -1.886896975338459015e-02 6.538421660661697388e-02
4.970547258853912354e-01 -1.866890303790569305e-02 6.538421660661697388e-02
4.976173639297485352e-01 -1.846858486533164978e-02 6.538421660661697388e-02
4.981810152530670166e-01 -1.826802454888820648e-02 6.538421660661697388e-02
4.987457096576690674e-01 -1.806723140180110931e-02 6.538421660661697388e-02
4.993115067481994629e-01 -1.786620728671550751e-02 6.538422405719757080e-02
4.998783469200134277e-01 -1.766500063240528107e-02 6.538422405719757080e-02
5.004460215568542480e-01 -1.746365986764431000e-02 6.538422405719757080e-02
5.010144114494323730e-01 -1.726224087178707123e-02 6.538422405719757080e-02
5.015832781791687012e-01 -1.706079952418804169e-02 6.538422405719757080e-02
5.021525025367736816e-01 -1.685938797891139984e-02 6.538422405719757080e-02
5.027218461036682129e-01 -1.665806025266647339e-02 6.538422405719757080e-02
5.032911896705627441e-01 -1.645687036216259003e-02 6.538422405719757080e-02
5.038603544235229492e-01 -1.625586673617362976e-02 6.538422405719757080e-02
5.044291615486145020e-01 -1.605509966611862183e-02 6.538422405719757080e-02
5.049974918365478516e-01 -1.585461758077144623e-02 6.538422405719757080e-02
5.055651664733886719e-01 -1.565446890890598297e-02 6.538422405719757080e-02
5.061320066452026367e-01 -1.545469835400581360e-02 6.538422405719757080e-02
5.066978931427001953e-01 -1.525535248219966888e-02 6.538422405719757080e-02
5.072627067565917969e-01 -1.505647320300340652e-02 6.538422405719757080e-02
5.078262686729431152e-01 -1.485810428857803345e-02 6.538422405719757080e-02
5.083884000778198242e-01 -1.466028671711683273e-02 6.538422405719757080e-02
5.089490413665771484e-01 -1.446305867284536362e-02 6.538422405719757080e-02
5.095080733299255371e-01 -1.426645927131175995e-02 6.538422405719757080e-02
5.100653171539306641e-01 -1.407052576541900635e-02 6.538422405719757080e-02
5.106206536293029785e-01 -1.387529261410236359e-02 6.538422405719757080e-02
5.111739635467529297e-01 -1.368079427629709244e-02 6.538422405719757080e-02
5.117251873016357422e-01 -1.348706241697072983e-02 6.538422405719757080e-02
5.122742056846618652e-01 -1.329412776976823807e-02 6.538422405719757080e-02
5.128208398818969727e-01 -1.310202013701200485e-02 6.538422405719757080e-02
5.133650302886962891e-01 -1.291076559573411942e-02 6.538422405719757080e-02
5.139067173004150391e-01 -1.272039208561182022e-02 6.538422405719757080e-02
5.144457817077636719e-01 -1.253092102706432343e-02 6.538422405719757080e-02
5.149821639060974121e-01 -1.234237663447856903e-02 6.538422405719757080e-02
5.155157446861267090e-01 -1.215477939695119858e-02 6.538422405719757080e-02
5.160463452339172363e-01 -1.196814514696598053e-02 6.538423150777816772e-02
5.165742635726928711e-01 -1.178245712071657181e-02 6.538423150777816772e-02
5.170998573303222656e-01 -1.159755047410726547e-02 6.538423150777816772e-02
5.176236033439636230e-01 -1.141323521733283997e-02 6.538423150777816772e-02
5.181460976600646973e-01 -1.122932415455579758e-02 6.538423150777816772e-02
5.186678767204284668e-01 -1.104563381522893906e-02 6.538423150777816772e-02
5.191894173622131348e-01 -1.086198631674051285e-02 6.538423150777816772e-02
5.197111964225769043e-01 -1.067820470780134201e-02 6.538423150777816772e-02
5.202338099479675293e-01 -1.049411948770284653e-02 6.538423150777816772e-02
5.207576155662536621e-01 -1.030956115573644638e-02 6.538423150777816772e-02
5.212831497192382812e-01 -1.012436859309673309e-02 6.538423150777816772e-02
5.218108892440795898e-01 -9.938383474946022034e-03 6.538423150777816772e-02
5.223411917686462402e-01 -9.751450270414352417e-03 6.538423150777816772e-02
5.228745937347412109e-01 -9.563420899212360382e-03 6.538423150777816772e-02
5.234113931655883789e-01 -9.374151006340980530e-03 6.538423150777816772e-02
5.239520668983459473e-01 -9.183499962091445923e-03 6.538423150777816772e-02
5.244970321655273438e-01 -8.991332724690437317e-03 6.538423150777816772e-02
5.250465869903564453e-01 -8.797521702945232391e-03 6.538423150777816772e-02
5.256011486053466797e-01 -8.601940236985683441e-03 6.538423150777816772e-02
5.261610150337219238e-01 -8.404470048844814301e-03 6.538423150777816772e-02
5.267265439033508301e-01 -8.204997517168521881e-03 6.538423150777816772e-02
5.272980332374572754e-01 -8.003414608538150787e-03 6.538423150777816772e-02
5.278757810592651367e-01 -7.799617946147918701e-03 6.538423150777816772e-02
5.284600853919982910e-01 -7.593512535095214844e-03 6.538423150777816772e-02
5.290511846542358398e-01 -7.385006174445152283e-03 6.538423150777816772e-02
5.296493172645568848e-01 -7.174014579504728317e-03 6.538423150777816772e-02
5.302547812461853027e-01 -6.960459519177675247e-03 6.538423150777816772e-02
5.308676958084106445e-01 -6.744268350303173065e-03 6.538423150777816772e-02
5.314882993698120117e-01 -6.525375414639711380e-03 6.538423150777816772e-02
5.321167707443237305e-01 -6.303720641881227493e-03 6.538423150777816772e-02
5.327532291412353516e-01 -6.079251877963542938e-03 6.538423150777816772e-02
5.333978533744812012e-01 -5.851951427757740021e-03 6.538423150777816772e-02
5.340492725372314453e-01 -5.622233729809522629e-03 6.538423150777816772e-02
5.347055196762084961e-01 -5.390835925936698914e-03 6.538423150777816772e-02
5.353645086288452148e-01 -5.158482119441032410e-03 6.538423150777816772e-02
5.360242724418640137e-01 -4.925871733576059341e-03 6.538423150777816772e-02
5.366828441619873047e-01 -4.693683236837387085e-03 6.538423150777816772e-02
5.373384356498718262e-01 -4.462568555027246475e-03 6.538423150777816772e-02
5.379891395568847656e-01 -4.233156796544790268e-03 6.538423150777816772e-02
5.386334061622619629e-01 -4.006050992757081985e-03 6.538423150777816772e-02
5.392694473266601562e-01 -3.781828563660383224e-03 6.538423150777816772e-02
5.398958325386047363e-01 -3.561040619388222694e-03 6.538423150777816772e-02
5.405109524726867676e-01 -3.344211494550108910e-03 6.538423150777816772e-02
5.411134362220764160e-01 -3.131837816908955574e-03 6.538423150777816772e-02
5.417019724845886230e-01 -2.924388274550437927e-03 6.538423150777816772e-02
5.422753691673278809e-01 -2.722302451729774475e-03 6.538423150777816772e-02
5.428323149681091309e-01 -2.525991527363657951e-03 6.538423150777816772e-02
5.433718562126159668e-01 -2.335835946723818779e-03 6.538423150777816772e-02
5.438929200172424316e-01 -2.152186119928956032e-03 6.538423150777816772e-02
5.443946123123168945e-01 -1.975361490622162819e-03 6.538423150777816772e-02
5.448761582374572754e-01 -1.805650186724960804e-03 6.538423150777816772e-02
5.453367829322814941e-01 -1.643307739868760109e-03 6.538423150777816772e-02
5.457758903503417969e-01 -1.488556852564215660e-03 6.538423150777816772e-02
5.461929440498352051e-01 -1.341587514616549015e-03 6.538423150777816772e-02
5.465874671936035156e-01 -1.202555140480399132e-03 6.538423150777816772e-02
5.469591021537780762e-01 -1.071581267751753330e-03 6.538423150777816772e-02
5.473076701164245605e-01 -9.487519273534417152e-04 6.538423150777816772e-02
5.476329326629638672e-01 -8.341176435351371765e-04 6.538423150777816772e-02
5.479349493980407715e-01 -7.276929100044071674e-04 6.538423150777816772e-02
5.482137203216552734e-01 -6.294550839811563492e-04 6.538423150777816772e-02
5.484694242477416992e-01 -5.393444444052875042e-04 6.538423150777816772e-02
5.487023591995239258e-01 -4.572631441988050938e-04 6.538423150777816772e-02
5.489128828048706055e-01 -3.830748028121888638e-04 6.538423150777816772e-02
5.491015315055847168e-01 -3.166039532516151667e-04 6.538423150777816772e-02
5.492688417434692383e-01 -2.576354600023478270e-04 6.538423150777816772e-02
5.494156479835510254e-01 -2.059138350887224078e-04 6.538423150777816772e-02
5.495427250862121582e-01 -1.611427433090284467e-04 6.538423150777816772e-02
5.496510267257690430e-01 -1.229844201589003205e-04 6.538423150777816772e-02
5.497416257858276367e-01 -9.105909703066572547e-05 6.538423150777816772e-02
5.498157143592834473e-01 -6.494435365311801434e-05 6.538423150777816772e-02
5.498746633529663086e-01 -4.417460513650439680e-05 6.538423150777816772e-02
5.499199032783508301e-01 -2.824051443894859403e-05 6.538423150777816772e-02
5.499529242515563965e-01 -1.658836845308542252e-05 6.538423150777816772e-02
5.499755740165710449e-01 -8.619535947218537331e-06 6.538423150777816772e-02
5.499895811080932617e-01 -3.689901859615929425e-06 6.538423150777816772e-02
5.499968528747558594e-01 -1.109227014239877462e-06 6.538423150777816772e-02
5.499996542930603027e-01 -1.406388037139549851e-07 6.538423150777816772e-02
