0.000000000000000000e+00 0.000000000000000000e+00 0.000000000000000000e+00
0.000000000000000000e+00 0.000000000000000000e+00 0.000000000000000000e+00
0.000000000000000000e+00 0.000000000000000000e+00 0.000000000000000000e+00
0.000000000000000000e+00 0.000000000000000000e+00 0.000000000000000000e+00
0.000000000000000000e+00 0.000000000000000000e+00 0.000000000000000000e+00
0.000000000000000000e+00 0.000000000000000000e+00 0.000000000000000000e+00
0.000000000000000000e+00 0.000000000000000000e+00 0.000000000000000000e+00
0.000000000000000000e+00 0.000000000000000000e+00 0.000000000000000000e+00
0.000000000000000000e+00 0.000000000000000000e+00 0.000000000000000000e+00
0.000000000000000000e+00 0.000000000000000000e+00 0.000000000000000000e+00
0.000000000000000000e+00 0.000000000000000000e+00 0.000000000000000000e+00
0.000000000000000000e+00 0.000000000000000000e+00 0.000000000000000000e+00
0.000000000000000000e+00 0.000000000000000000e+00 0.000000000000000000e+00
0.000000000000000000e+00 0.000000000000000000e+00 0.000000000000000000e+00
0.000000000000000000e+00 0.000000000000000000e+00 0.000000000000000000e+00
0.000000000000000000e+00 0.000000000000000000e+00 0.000000000000000000e+00
0.000000000000000000e+00 0.000000000000000000e+00 0.000000000000000000e+00
0.000000000000000000e+00 0.000000000000000000e+00 0.000000000000000000e+00
0.000000000000000000e+00 0.000000000000000000e+00 0.000000000000000000e+00
0.000000000000000000e+00 0.000000000000000000e+00 0.000000000000000000e+00
0.000000000000000000e+00 0.000000000000000000e+00 0.000000000000000000e+00
0.000000000000000000e+00 0.000000000000000000e+00 0.000000000000000000e+00
0.000000000000000000e+00 0.000000000000000000e+00 0.000000000000000000e+00
0.000000000000000000e+00 0.000000000000000000e+00 0.000000000000000000e+00
0.000000000000000000e+00 0.000000000000000000e+00 0.000000000000000000e+00
0.000000000000000000e+00 0.000000000000000000e+00 0.000000000000000000e+00
0.000000000000000000e+00 0.000000000000000000e+00 0.000000000000000000e+00
0.000000000000000000e+00 0.000000000000000000e+00 0.000000000000000000e+00
0.000000000000000000e+00 0.000000000000000000e+00 0.000000000000000000e+00
0.000000000000000000e+00 0.000000000000000000e+00 0.000000000000000000e+00
0.000000000000000000e+00 0.000000000000000000e+00 0.000000000000000000e+00
0.000000000000000000e+00 0.000000000000000000e+00 0.000000000000000000e+00
0.000000000000000000e+00 0.000000000000000000e+00 0.000000000000000000e+00
0.000000000000000000e+00 0.000000000000000000e+00 0.000000000000000000e+00
0.000000000000000000e+00 0.000000000000000000e+00 0.000000000000000000e+00
0.000000000000000000e+00 0.000000000000000000e+00 0.000000000000000000e+00
0.000000000000000000e+00 0.000000000000000000e+00 0.000000000000000000e+00
0.000000000000000000e+00 0.000000000000000000e+00 0.000000000000000000e+00
0.000000000000000000e+00 0.000000000000000000e+00 0.000000000000000000e+00
0.000000000000000000e+00 0.000000000000000000e+00 0.000000000000000000e+00
0.000000000000000000e+00 0.000000000000000000e+00 0.000000000000000000e+00
0.000000000000000000e+00 0.000000000000000000e+00 0.000000000000000000e+00
0.000000000000000000e+00 0.000000000000000000e+00 0.000000000000000000e+00
0.000000000000000000e+00 0.000000000000000000e+00 0.000000000000000000e+00
0.000000000000000000e+00 0.000000000000000000e+00 0.000000000000000000e+00
0.000000000000000000e+00 0.000000000000000000e+00 0.000000000000000000e+00
0.000000000000000000e+00 0.000000000000000000e+00 0.000000000000000000e+00
0.000000000000000000e+00 0.000000000000000000e+00 0.000000000000000000e+00
0.000000000000000000e+00 0.000000000000000000e+00 0.000000000000000000e+00
0.000000000000000000e+00 0.000000000000000000e+00 0.000000000000000000e+00
0.000000000000000000e+00 0.000000000000000000e+00 0.000000000000000000e+00
0.000000000000000000e+00 0.000000000000000000e+00 0.000000000000000000e+00
0.000000000000000000e+00 0.000000000000000000e+00 0.000000000000000000e+00
0.000000000000000000e+00 0.000000000000000000e+00 0.000000000000000000e+00
0.000000000000000000e+00 0.000000000000000000e+00 0.000000000000000000e+00
0.000000000000000000e+00 0.000000000000000000e+00 0.000000000000000000e+00
0.000000000000000000e+00 0.000000000000000000e+00 0.000000000000000000e+00
0.000000000000000000e+00 0.000000000000000000e+00 0.000000000000000000e+00
0.000000000000000000e+00 0.000000000000000000e+00 0.000000000000000000e+00
0.000000000000000000e+00 0.000000000000000000e+00 0.000000000000000000e+00
0.000000000000000000e+00 0.000000000000000000e+00 0.000000000000000000e+00
0.000000000000000000e+00 0.000000000000000000e+00 0.000000000000000000e+00
0.000000000000000000e+00 0.000000000000000000e+00 0.000000000000000000e+00
0.000000000000000000e+00 0.000000000000000000e+00 0.000000000000000000e+00
0.000000000000000000e+00 0.000000000000000000e+00 0.000000000000000000e+00
0.000000000000000000e+00 0.000000000000000000e+00 0.000000000000000000e+00
0.000000000000000000e+00 0.000000000000000000e+00 0.000000000000000000e+00
0.000000000000000000e+00 0.000000000000000000e+00 0.000000000000000000e+00
0.000000000000000000e+00 0.000000000000000000e+00 0.000000000000000000e+00
0.000000000000000000e+00 0.000000000000000000e+00 0.000000000000000000e+00
0.000000000000000000e+00 0.000000000000000000e+00 0.000000000000000000e+00
0.000000000000000000e+00 0.000000000000000000e+00 0.000000000000000000e+00
0.000000000000000000e+00 0.000000000000000000e+00 0.000000000000000000e+00
0.000000000000000000e+00 0.000000000000000000e+00 0.000000000000000000e+00
0.000000000000000000e+00 0.000000000000000000e+00 0.000000000000000000e+00
0.000000000000000000e+00 0.000000000000000000e+00 0.000000000000000000e+00
0.000000000000000000e+00 0.000000000000000000e+00 0.000000000000000000e+00
0.000000000000000000e+00 0.000000000000000000e+00 0.000000000000000000e+00
0.000000000000000000e+00 0.000000000000000000e+00 0.000000000000000000e+00
0.000000000000000000e+00 0.000000000000000000e+00 0.000000000000000000e+00
0.000000000000000000e+00 0.000000000000000000e+00 0.000000000000000000e+00
0.000000000000000000e+00 0.000000000000000000e+00 0.000000000000000000e+00
0.000000000000000000e+00 0.000000000000000000e+00 0.000000000000000000e+00
0.000000000000000000e+00 0.000000000000000000e+00 0.000000000000000000e+00
0.000000000000000000e+00 0.000000000000000000e+00 0.000000000000000000e+00
0.000000000000000000e+00 0.000000000000000000e+00 0.000000000000000000e+00
0.000000000000000000e+00 0.000000000000000000e+00 0.000000000000000000e+00
0.000000000000000000e+00 0.000000000000000000e+00 0.000000000000000000e+00
0.000000000000000000e+00 0.000000000000000000e+00 0.000000000000000000e+00
0.000000000000000000e+00 0.000000000000000000e+00 0.000000000000000000e+00
0.000000000000000000e+00 0.000000000000000000e+00 0.000000000000000000e+00
0.000000000000000000e+00 0.000000000000000000e+00 0.000000000000000000e+00
0.000000000000000000e+00 0.000000000000000000e+00 0.000000000000000000e+00
0.000000000000000000e+00 0.000000000000000000e+00 0.000000000000000000e+00
0.000000000000000000e+00 0.000000000000000000e+00 0.000000000000000000e+00
0.000000000000000000e+00 0.000000000000000000e+00 0.000000000000000000e+00
0.000000000000000000e+00 0.000000000000000000e+00 0.000000000000000000e+00
0.000000000000000000e+00 0.000000000000000000e+00 0.000000000000000000e+00
0.000000000000000000e+00 0.000000000000000000e+00 0.000000000000000000e+00
0.000000000000000000e+00 0.000000000000000000e+00 0.000000000000000000e+00
0.000000000000000000e+00 0.000000000000000000e+00 0.000000000000000000e+00
0.000000000000000000e+00 0.000000000000000000e+00 0.000000000000000000e+00
0.000000000000000000e+00 0.000000000000000000e+00 0.000000000000000000e+00
0.000000000000000000e+00 0.000000000000000000e+00 0.000000000000000000e+00
0.000000000000000000e+00 0.000000000000000000e+00 0.000000000000000000e+00
0.000000000000000000e+00 0.000000000000000000e+00 0.000000000000000000e+00
0.000000000000000000e+00 0.000000000000000000e+00 0.000000000000000000e+00
0.000000000000000000e+00 0.000000000000000000e+00 0.000000000000000000e+00
0.000000000000000000e+00 0.000000000000000000e+00 0.000000000000000000e+00
0.000000000000000000e+00 0.000000000000000000e+00 0.000000000000000000e+00
0.000000000000000000e+00 0.000000000000000000e+00 0.000000000000000000e+00
0.000000000000000000e+00 0.000000000000000000e+00 0.000000000000000000e+00
0.000000000000000000e+00 0.000000000000000000e+00 0.000000000000000000e+00
0.000000000000000000e+00 0.000000000000000000e+00 0.000000000000000000e+00
0.000000000000000000e+00 0.000000000000000000e+00 0.000000000000000000e+00
0.000000000000000000e+00 0.000000000000000000e+00 0.000000000000000000e+00
0.000000000000000000e+00 0.000000000000000000e+00 0.000000000000000000e+00
0.000000000000000000e+00 0.000000000000000000e+00 0.000000000000000000e+00
0.000000000000000000e+00 0.000000000000000000e+00 0.000000000000000000e+00
0.000000000000000000e+00 0.000000000000000000e+00 0.000000000000000000e+00
0.000000000000000000e+00 0.000000000000000000e+00 0.000000000000000000e+00
0.000000000000000000e+00 0.000000000000000000e+00 0.000000000000000000e+00
0.000000000000000000e+00 0.000000000000000000e+00 0.000000000000000000e+00
0.000000000000000000e+00 0.000000000000000000e+00 0.000000000000000000e+00
0.000000000000000000e+00 0.000000000000000000e+00 0.000000000000000000e+00
0.000000000000000000e+00 0.000000000000000000e+00 0.000000000000000000e+00
0.000000000000000000e+00 0.000000000000000000e+00 0.000000000000000000e+00
2.740603923797607422e+00 9.023711085319519043e-01 0.000000000000000000e+00
3.209747076034545898e+00 1.115711569786071777e+00 0.000000000000000000e+00
3.489253997802734375e+00 1.204952478408813477e+00 0.000000000000000000e+00
3.544337987899780273e+00 1.189158797264099121e+00 0.000000000000000000e+00
3.580635547637939453e+00 7.377711534500122070e-01 0.000000000000000000e+00
3.669630050659179688e+00 3.667947351932525635e-01 0.000000000000000000e+00
3.778123855590820312e+00 3.013368546962738037e-01 0.000000000000000000e+00
4.006944179534912109e+00 2.167790979146957397e-01 0.000000000000000000e+00
4.113542556762695312e+00 3.726093173027038574e-01 0.000000000000000000e+00
4.057873249053955078e+00 3.083398640155792236e-01 0.000000000000000000e+00
4.145991802215576172e+00 1.953100413084030151e-01 0.000000000000000000e+00
4.377294063568115234e+00 2.605927884578704834e-01 0.000000000000000000e+00
4.195755481719970703e+00 4.995744675397872925e-02 0.000000000000000000e+00
4.235622406005859375e+00 4.147413372993469238e-02 0.000000000000000000e+00
4.307113647460937500e+00 8.547565340995788574e-02 0.000000000000000000e+00
4.235664367675781250e+00 -3.212133795022964478e-02 0.000000000000000000e+00
4.213739871978759766e+00 4.192473739385604858e-02 0.000000000000000000e+00
4.190273761749267578e+00 1.167239919304847717e-01 0.000000000000000000e+00
4.166505813598632812e+00 1.474812030792236328e-01 0.000000000000000000e+00
4.182238578796386719e+00 1.388932317495346069e-01 0.000000000000000000e+00
4.181081771850585938e+00 1.704759597778320312e-01 0.000000000000000000e+00
4.175720214843750000e+00 2.056486308574676514e-01 0.000000000000000000e+00
4.179263114929199219e+00 2.208005189895629883e-01 0.000000000000000000e+00
4.178244113922119141e+00 2.520861029624938965e-01 0.000000000000000000e+00
4.176994800567626953e+00 2.635319530963897705e-01 0.000000000000000000e+00
4.164060115814208984e+00 2.931615412235260010e-01 0.000000000000000000e+00
4.168622493743896484e+00 3.249592781066894531e-01 0.000000000000000000e+00
4.168667316436767578e+00 3.522987365722656250e-01 0.000000000000000000e+00
4.166611671447753906e+00 3.749396204948425293e-01 0.000000000000000000e+00
4.166806697845458984e+00 4.015497565269470215e-01 0.000000000000000000e+00
4.172687530517578125e+00 4.760356843471527100e-01 0.000000000000000000e+00
4.209282875061035156e+00 5.787498354911804199e-01 0.000000000000000000e+00
4.184716224670410156e+00 5.579867959022521973e-01 0.000000000000000000e+00
4.185023307800292969e+00 6.036869883537292480e-01 0.000000000000000000e+00
4.184998512268066406e+00 6.454331874847412109e-01 0.000000000000000000e+00
4.185000896453857422e+00 6.896946430206298828e-01 0.000000000000000000e+00
4.185000419616699219e+00 7.316750884056091309e-01 0.000000000000000000e+00
4.165018081665039062e+00 7.468242645263671875e-01 0.000000000000000000e+00
4.170094966888427734e+00 7.871615290641784668e-01 0.000000000000000000e+00
4.174303054809570312e+00 8.333109617233276367e-01 0.000000000000000000e+00
4.174356460571289062e+00 8.712872862815856934e-01 0.000000000000000000e+00
4.165709018707275391e+00 8.945432305335998535e-01 0.000000000000000000e+00
4.157957077026367188e+00 9.160116314888000488e-01 0.000000000000000000e+00
4.165933609008789062e+00 9.529986977577209473e-01 0.000000000000000000e+00
4.165334224700927734e+00 9.600470066070556641e-01 0.000000000000000000e+00
4.157057285308837891e+00 9.190619587898254395e-01 0.000000000000000000e+00
4.117466449737548828e+00 8.659982681274414062e-01 0.000000000000000000e+00
4.080149173736572266e+00 8.469630479812622070e-01 0.000000000000000000e+00
4.062832355499267578e+00 8.117060661315917969e-01 0.000000000000000000e+00
4.081928253173828125e+00 8.217087388038635254e-01 0.000000000000000000e+00
4.075429916381835938e+00 7.924268841743469238e-01 0.000000000000000000e+00
4.040533065795898438e+00 7.194706201553344727e-01 0.000000000000000000e+00
3.978511095046997070e+00 6.167286634445190430e-01 0.000000000000000000e+00
3.888042211532592773e+00 5.404331684112548828e-01 0.000000000000000000e+00
3.965341806411743164e+00 5.124380588531494141e-01 0.000000000000000000e+00
3.964273691177368164e+00 4.548575878143310547e-01 0.000000000000000000e+00
3.986783504486083984e+00 4.243916571140289307e-01 0.000000000000000000e+00
3.989316463470458984e+00 3.714993596076965332e-01 0.000000000000000000e+00
3.984580755233764648e+00 3.084170818328857422e-01 0.000000000000000000e+00
3.982609987258911133e+00 2.506657838821411133e-01 0.000000000000000000e+00
3.982624292373657227e+00 1.973941028118133545e-01 0.000000000000000000e+00
3.997197866439819336e+00 1.638471186161041260e-01 0.000000000000000000e+00
4.012828350067138672e+00 1.521697938442230225e-01 0.000000000000000000e+00
4.005124092102050781e+00 1.421480774879455566e-01 0.000000000000000000e+00
4.006220340728759766e+00 1.338439583778381348e-01 0.000000000000000000e+00
3.961051702499389648e+00 1.152248382568359375e-01 0.000000000000000000e+00
3.954669475555419922e+00 1.405487060546875000e-01 0.000000000000000000e+00
3.919636964797973633e+00 1.877103745937347412e-01 0.000000000000000000e+00
3.892194271087646484e+00 2.551435828208923340e-01 0.000000000000000000e+00
3.863484621047973633e+00 2.495826631784439087e-01 0.000000000000000000e+00
3.821285486221313477e+00 2.491171807050704956e-01 0.000000000000000000e+00
3.816241979598999023e+00 2.206891775131225586e-01 0.000000000000000000e+00
3.824463605880737305e+00 2.867268025875091553e-01 0.000000000000000000e+00
3.793152570724487305e+00 2.504999041557312012e-01 0.000000000000000000e+00
3.809422731399536133e+00 2.893681228160858154e-01 0.000000000000000000e+00
3.798860073089599609e+00 2.913759946823120117e-01 0.000000000000000000e+00
3.706783771514892578e+00 3.185401260852813721e-01 0.000000000000000000e+00
-1.192576661705970764e-01 -1.149258855730295181e-02 0.000000000000000000e+00
0.000000000000000000e+00 0.000000000000000000e+00 0.000000000000000000e+00
0.000000000000000000e+00 0.000000000000000000e+00 0.000000000000000000e+00
0.000000000000000000e+00 0.000000000000000000e+00 0.000000000000000000e+00
0.000000000000000000e+00 0.000000000000000000e+00 0.000000000000000000e+00
0.000000000000000000e+00 0.000000000000000000e+00 0.000000000000000000e+00
0.000000000000000000e+00 0.000000000000000000e+00 0.000000000000000000e+00
0.000000000000000000e+00 0.000000000000000000e+00 0.000000000000000000e+00
0.000000000000000000e+00 0.000000000000000000e+00 0.000000000000000000e+00
0.000000000000000000e+00 0.000000000000000000e+00 0.000000000000000000e+00
0.000000000000000000e+00 0.000000000000000000e+00 0.000000000000000000e+00
0.000000000000000000e+00 0.000000000000000000e+00 0.000000000000000000e+00
0.000000000000000000e+00 0.000000000000000000e+00 0.000000000000000000e+00
0.000000000000000000e+00 0.000000000000000000e+00 0.000000000000000000e+00
0.000000000000000000e+00 0.000000000000000000e+00 0.000000000000000000e+00
0.000000000000000000e+00 0.000000000000000000e+00 0.000000000000000000e+00
0.000000000000000000e+00 0.000000000000000000e+00 0.000000000000000000e+00
0.000000000000000000e+00 0.000000000000000000e+00 0.000000000000000000e+00
0.000000000000000000e+00 0.000000000000000000e+00 0.000000000000000000e+00
0.000000000000000000e+00 0.000000000000000000e+00 0.000000000000000000e+00
0.000000000000000000e+00 0.000000000000000000e+00 0.000000000000000000e+00
0.000000000000000000e+00 0.000000000000000000e+00 0.000000000000000000e+00
0.000000000000000000e+00 0.000000000000000000e+00 0.000000000000000000e+00
0.000000000000000000e+00 0.000000000000000000e+00 0.000000000000000000e+00
0.000000000000000000e+00 0.000000000000000000e+00 0.000000000000000000e+00
0.000000000000000000e+00 0.000000000000000000e+00 0.000000000000000000e+00
0.000000000000000000e+00 0.000000000000000000e+00 0.000000000000000000e+00
2.927113533020019531e+00 3.972536027431488037e-01 0.000000000000000000e+00
2.854581832885742188e+00 3.726409375667572021e-01 0.000000000000000000e+00
2.813789844512939453e+00 2.708839476108551025e-01 0.000000000000000000e+00
2.787789344787597656e+00 2.769210934638977051e-01 0.000000000000000000e+00
2.809188604354858398e+00 1.933862119913101196e-01 0.000000000000000000e+00
2.812857627868652344e+00 6.285256147384643555e-02 0.000000000000000000e+00
2.746433496475219727e+00 8.734669536352157593e-02 0.000000000000000000e+00
2.659158706665039062e+00 -2.837160415947437286e-02 0.000000000000000000e+00
2.731358051300048828e+00 -4.312136024236679077e-02 0.000000000000000000e+00
2.413665294647216797e+00 -2.469696551561355591e-01 0.000000000000000000e+00
2.081688880920410156e+00 -4.385792911052703857e-01 0.000000000000000000e+00
2.401636123657226562e+00 -3.705446720123291016e-01 0.000000000000000000e+00
2.423527956008911133e+00 -4.202673137187957764e-01 0.000000000000000000e+00
2.476723670959472656e+00 -4.400068819522857666e-01 0.000000000000000000e+00
2.549033164978027344e+00 -4.707595407962799072e-01 0.000000000000000000e+00
2.542087793350219727e+00 -4.892739355564117432e-01 0.000000000000000000e+00
2.461603641510009766e+00 -4.714675247669219971e-01 0.000000000000000000e+00
2.455043554306030273e+00 -4.158020019531250000e-01 0.000000000000000000e+00
2.439065456390380859e+00 -4.162923991680145264e-01 0.000000000000000000e+00
2.404719591140747070e+00 -2.934249341487884521e-01 0.000000000000000000e+00
2.405040264129638672e+00 -2.273110300302505493e-01 0.000000000000000000e+00
2.372748613357543945e+00 -1.058189570903778076e-01 0.000000000000000000e+00
2.296143293380737305e+00 7.177948206663131714e-02 0.000000000000000000e+00
2.213458776473999023e+00 5.285022035241127014e-02 0.000000000000000000e+00
2.241448640823364258e+00 1.470267176628112793e-01 0.000000000000000000e+00
2.203814029693603516e+00 3.112034797668457031e-01 0.000000000000000000e+00
2.174554109573364258e+00 4.348420202732086182e-01 0.000000000000000000e+00
1.965019345283508301e+00 4.235926866531372070e-01 0.000000000000000000e+00
1.811395406723022461e+00 4.541239738464355469e-01 0.000000000000000000e+00
1.789183259010314941e+00 5.707376599311828613e-01 0.000000000000000000e+00
1.746086955070495605e+00 6.148858070373535156e-01 0.000000000000000000e+00
1.730027198791503906e+00 7.022566199302673340e-01 0.000000000000000000e+00
1.705133676528930664e+00 7.531790733337402344e-01 0.000000000000000000e+00
1.750832915306091309e+00 8.316842317581176758e-01 0.000000000000000000e+00
1.750185489654541016e+00 8.829571604728698730e-01 0.000000000000000000e+00
1.745641112327575684e+00 8.999633789062500000e-01 0.000000000000000000e+00
1.730779767036437988e+00 8.944354653358459473e-01 0.000000000000000000e+00
1.539791107177734375e+00 5.113788247108459473e-01 0.000000000000000000e+00
1.440732955932617188e+00 2.486648224294185638e-02 0.000000000000000000e+00
1.517363190650939941e+00 3.071147501468658447e-01 0.000000000000000000e+00
1.518050432205200195e+00 1.886237859725952148e-01 0.000000000000000000e+00
1.547747611999511719e+00 1.000533029437065125e-01 0.000000000000000000e+00
1.533790111541748047e+00 9.415683150291442871e-02 0.000000000000000000e+00
1.517663836479187012e+00 1.251137554645538330e-01 0.000000000000000000e+00
1.460614681243896484e+00 1.238348037004470825e-01 0.000000000000000000e+00
1.494973897933959961e+00 9.722322970628738403e-02 0.000000000000000000e+00
1.464534044265747070e+00 1.611515283584594727e-01 0.000000000000000000e+00
1.410959005355834961e+00 3.205899894237518311e-01 0.000000000000000000e+00
1.427989482879638672e+00 2.998746633529663086e-01 0.000000000000000000e+00
1.414464950561523438e+00 3.871486485004425049e-01 0.000000000000000000e+00
1.404100656509399414e+00 4.779857993125915527e-01 0.000000000000000000e+00
1.408926367759704590e+00 5.299665927886962891e-01 0.000000000000000000e+00
1.413327932357788086e+00 5.886260867118835449e-01 0.000000000000000000e+00
1.413181066513061523e+00 6.660583019256591797e-01 0.000000000000000000e+00
1.419372558593750000e+00 7.234848737716674805e-01 0.000000000000000000e+00
1.464416384696960449e+00 6.468991041183471680e-01 0.000000000000000000e+00
1.452799916267395020e+00 6.831169128417968750e-01 0.000000000000000000e+00
1.447481393814086914e+00 7.041146755218505859e-01 0.000000000000000000e+00
1.441902399063110352e+00 7.338753938674926758e-01 0.000000000000000000e+00
1.469064235687255859e+00 7.531382441520690918e-01 0.000000000000000000e+00
1.475954651832580566e+00 7.727980613708496094e-01 0.000000000000000000e+00
1.488282203674316406e+00 7.681901454925537109e-01 0.000000000000000000e+00
1.503979682922363281e+00 7.892564535140991211e-01 0.000000000000000000e+00
1.486662149429321289e+00 8.168002963066101074e-01 0.000000000000000000e+00
1.459174752235412598e+00 8.113988637924194336e-01 0.000000000000000000e+00
1.434948444366455078e+00 8.129336237907409668e-01 0.000000000000000000e+00
1.329944133758544922e+00 8.631318211555480957e-01 0.000000000000000000e+00
1.109358549118041992e+00 8.950916528701782227e-01 0.000000000000000000e+00
1.124361276626586914e+00 9.093987941741943359e-01 0.000000000000000000e+00
9.928361177444458008e-01 9.572721123695373535e-01 0.000000000000000000e+00
9.585708379745483398e-01 9.728133082389831543e-01 0.000000000000000000e+00
8.698952794075012207e-01 9.093073010444641113e-01 0.000000000000000000e+00
7.068368792533874512e-01 8.843699097633361816e-01 0.000000000000000000e+00
6.502481698989868164e-01 7.753951549530029297e-01 0.000000000000000000e+00
4.785028100013732910e-01 6.677420139312744141e-01 0.000000000000000000e+00
4.436210393905639648e-01 6.620203852653503418e-01 0.000000000000000000e+00
3.444131314754486084e-01 5.831930041313171387e-01 0.000000000000000000e+00
2.169113606214523315e-01 4.918098151683807373e-01 0.000000000000000000e+00
1.219485849142074585e-01 4.478915929794311523e-01 0.000000000000000000e+00
1.119744181632995605e-01 3.580437004566192627e-01 0.000000000000000000e+00
2.292466163635253906e-01 2.544201910495758057e-01 0.000000000000000000e+00
1.238589137792587280e-01 1.958658546209335327e-01 0.000000000000000000e+00
1.541963964700698853e-01 1.530235707759857178e-01 0.000000000000000000e+00
2.192546725273132324e-01 9.731404483318328857e-02 0.000000000000000000e+00
3.209230899810791016e-01 1.183208972215652466e-01 0.000000000000000000e+00
2.144989520311355591e-01 5.623831599950790405e-02 0.000000000000000000e+00
2.460910677909851074e-01 4.434866830706596375e-03 0.000000000000000000e+00
2.949994504451751709e-01 3.004840202629566193e-02 0.000000000000000000e+00
3.069228231906890869e-01 1.029549445956945419e-02 0.000000000000000000e+00
3.257973194122314453e-01 1.350237522274255753e-02 0.000000000000000000e+00
3.741387724876403809e-01 1.519163232296705246e-02 0.000000000000000000e+00
3.660757839679718018e-01 4.583226144313812256e-02 0.000000000000000000e+00
3.540692627429962158e-01 8.095487952232360840e-02 0.000000000000000000e+00
3.116967976093292236e-01 9.620310366153717041e-02 0.000000000000000000e+00
2.819785475730895996e-01 1.678609997034072876e-01 0.000000000000000000e+00
2.474597692489624023e-01 4.050725996494293213e-01 0.000000000000000000e+00
1.694391965866088867e-01 6.822223663330078125e-01 0.000000000000000000e+00
1.326353549957275391e-01 8.134477138519287109e-01 0.000000000000000000e+00
1.054460480809211731e-01 9.142829179763793945e-01 0.000000000000000000e+00
8.489978313446044922e-02 1.164593935012817383e+00 0.000000000000000000e+00
5.984458699822425842e-02 1.535205841064453125e+00 0.000000000000000000e+00
2.231042645871639252e-02 1.793606162071228027e+00 0.000000000000000000e+00
3.951179981231689453e-02 1.845564484596252441e+00 0.000000000000000000e+00
5.256293714046478271e-02 1.854443907737731934e+00 0.000000000000000000e+00
-3.570321947336196899e-03 1.805734395980834961e+00 0.000000000000000000e+00
0.000000000000000000e+00 1.794797897338867188e+00 0.000000000000000000e+00
2.254049666225910187e-02 1.801913022994995117e+00 0.000000000000000000e+00
1.122015118598937988e-01 1.707502007484436035e+00 0.000000000000000000e+00
1.101874038577079773e-01 1.605093717575073242e+00 0.000000000000000000e+00
1.570927053689956665e-01 1.638814687728881836e+00 0.000000000000000000e+00
1.607715189456939697e-01 1.676198601722717285e+00 0.000000000000000000e+00
2.096642851829528809e-01 1.709246635437011719e+00 0.000000000000000000e+00
2.412928342819213867e-01 1.706663012504577637e+00 0.000000000000000000e+00
2.522428929805755615e-01 1.686413407325744629e+00 0.000000000000000000e+00
2.937836349010467529e-01 1.695333838462829590e+00 0.000000000000000000e+00
3.271988034248352051e-01 1.732019424438476562e+00 0.000000000000000000e+00
3.430006504058837891e-01 1.734344720840454102e+00 0.000000000000000000e+00
3.466179668903350830e-01 1.740808725357055664e+00 0.000000000000000000e+00
3.365527987480163574e-01 1.800706624984741211e+00 0.000000000000000000e+00
3.618698120117187500e-01 1.801809549331665039e+00 0.000000000000000000e+00
3.067002892494201660e-01 1.828873276710510254e+00 0.000000000000000000e+00
2.593212425708770752e-01 1.832351088523864746e+00 0.000000000000000000e+00
2.315475195646286011e-01 1.844520926475524902e+00 0.000000000000000000e+00
2.123392075300216675e-01 1.886240363121032715e+00 0.000000000000000000e+00
2.063496559858322144e-01 1.918870329856872559e+00 0.000000000000000000e+00
2.225864827632904053e-01 1.955541133880615234e+00 0.000000000000000000e+00
2.605815529823303223e-01 2.059582233428955078e+00 0.000000000000000000e+00
3.055269420146942139e-01 2.178621530532836914e+00 0.000000000000000000e+00
2.537553906440734863e-01 2.093722581863403320e+00 0.000000000000000000e+00
1.905693560838699341e-01 2.121358871459960938e+00 0.000000000000000000e+00
1.595996916294097900e-01 2.114464521408081055e+00 0.000000000000000000e+00
1.481450349092483521e-01 2.042609214782714844e+00 0.000000000000000000e+00
1.150234714150428772e-01 2.103165864944458008e+00 0.000000000000000000e+00
1.145124956965446472e-01 2.077928304672241211e+00 0.000000000000000000e+00
9.124280512332916260e-02 2.074803352355957031e+00 0.000000000000000000e+00
1.122753545641899109e-01 2.122822999954223633e+00 0.000000000000000000e+00
9.575930237770080566e-02 2.120417594909667969e+00 0.000000000000000000e+00
8.508716523647308350e-02 2.199460029602050781e+00 0.000000000000000000e+00
6.277451664209365845e-02 2.188744068145751953e+00 0.000000000000000000e+00
2.207558602094650269e-02 2.273877620697021484e+00 0.000000000000000000e+00
-1.918191276490688324e-02 2.262758255004882812e+00 0.000000000000000000e+00
-1.002309843897819519e-01 2.272851467132568359e+00 0.000000000000000000e+00
-1.922188140451908112e-02 2.199002027511596680e+00 0.000000000000000000e+00
-9.246549755334854126e-02 2.230372428894042969e+00 0.000000000000000000e+00
1.047875210642814636e-01 2.171494483947753906e+00 0.000000000000000000e+00
1.019809693098068237e-01 2.181805133819580078e+00 0.000000000000000000e+00
6.808760017156600952e-02 2.199472427368164062e+00 0.000000000000000000e+00
9.875527769327163696e-02 2.179838657379150391e+00 0.000000000000000000e+00
1.237714961171150208e-01 2.178561449050903320e+00 0.000000000000000000e+00
1.473939865827560425e-01 2.183146953582763672e+00 0.000000000000000000e+00
1.771375387907028198e-01 2.167259454727172852e+00 0.000000000000000000e+00
2.012451589107513428e-01 2.162595272064208984e+00 0.000000000000000000e+00
1.687953919172286987e-01 2.123133659362792969e+00 0.000000000000000000e+00
2.010175734758377075e-01 2.163820028305053711e+00 0.000000000000000000e+00
2.218915969133377075e-01 2.162096261978149414e+00 0.000000000000000000e+00
2.369815111160278320e-01 2.162140846252441406e+00 0.000000000000000000e+00
2.523948550224304199e-01 2.162141084671020508e+00 0.000000000000000000e+00
2.680290043354034424e-01 2.162141084671020508e+00 0.000000000000000000e+00
2.894108295440673828e-01 2.145309209823608398e+00 0.000000000000000000e+00
2.478610873222351074e-01 2.062861204147338867e+00 0.000000000000000000e+00
2.727138400077819824e-01 2.121786355972290039e+00 0.000000000000000000e+00
2.488592714071273804e-01 2.125413656234741211e+00 0.000000000000000000e+00
2.061241418123245239e-01 2.130590200424194336e+00 0.000000000000000000e+00
1.662081778049468994e-01 2.140411853790283203e+00 0.000000000000000000e+00
1.780486851930618286e-01 2.134643793106079102e+00 0.000000000000000000e+00
1.292207092046737671e-01 2.142722845077514648e+00 0.000000000000000000e+00
1.375485658645629883e-01 2.135338068008422852e+00 0.000000000000000000e+00
1.082976907491683960e-01 2.137440919876098633e+00 0.000000000000000000e+00
9.058077633380889893e-02 2.133887529373168945e+00 0.000000000000000000e+00
6.737739592790603638e-02 2.091701507568359375e+00 0.000000000000000000e+00
-9.437882900238037109e-02 1.989673256874084473e+00 0.000000000000000000e+00
-1.496376562863588333e-02 1.932527661323547363e+00 0.000000000000000000e+00
-4.561742767691612244e-02 1.917796850204467773e+00 0.000000000000000000e+00
-7.105817645788192749e-02 1.899672627449035645e+00 0.000000000000000000e+00
-9.094168990850448608e-02 1.866910457611083984e+00 0.000000000000000000e+00
-1.041477173566818237e-01 1.806701183319091797e+00 0.000000000000000000e+00
-2.032588869333267212e-01 1.791606068611145020e+00 0.000000000000000000e+00
-3.061572611331939697e-01 1.708681583404541016e+00 0.000000000000000000e+00
-3.291934132575988770e-01 1.693687558174133301e+00 0.000000000000000000e+00
-3.400342762470245361e-01 1.658745050430297852e+00 0.000000000000000000e+00
-3.808079063892364502e-01 1.632503151893615723e+00 0.000000000000000000e+00
-3.809993863105773926e-01 1.492840290069580078e+00 0.000000000000000000e+00
-3.894225656986236572e-01 1.396661758422851562e+00 0.000000000000000000e+00
-4.046474993228912354e-01 1.352630734443664551e+00 0.000000000000000000e+00
-3.808058798313140869e-01 1.206085801124572754e+00 0.000000000000000000e+00
-3.823727369308471680e-01 1.177736759185791016e+00 0.000000000000000000e+00
-3.919398486614227295e-01 1.197681546211242676e+00 0.000000000000000000e+00
-3.917472362518310547e-01 1.161726236343383789e+00 0.000000000000000000e+00
-3.768692612648010254e-01 1.075260400772094727e+00 0.000000000000000000e+00
-4.060352742671966553e-01 1.041853308677673340e+00 0.000000000000000000e+00
-4.573434889316558838e-01 7.927192449569702148e-01 0.000000000000000000e+00
-4.846959114074707031e-01 5.734353661537170410e-01 0.000000000000000000e+00
-4.530522525310516357e-01 5.262274146080017090e-01 0.000000000000000000e+00
-5.286280512809753418e-01 4.283013939857482910e-01 0.000000000000000000e+00
-5.781579017639160156e-01 3.159346580505371094e-01 0.000000000000000000e+00
-5.693917274475097656e-01 -3.501763567328453064e-02 0.000000000000000000e+00
-5.270912647247314453e-01 -3.048018515110015869e-01 0.000000000000000000e+00
-6.159166693687438965e-01 -4.999817609786987305e-01 0.000000000000000000e+00
-6.260044574737548828e-01 -7.004377245903015137e-01 0.000000000000000000e+00
-5.878897905349731445e-01 -8.915712833404541016e-01 0.000000000000000000e+00
-2.296948730945587158e-01 -1.062314033508300781e+00 0.000000000000000000e+00
-3.764697909355163574e-01 -1.136127471923828125e+00 0.000000000000000000e+00
-4.130168855190277100e-01 -1.108630061149597168e+00 0.000000000000000000e+00
-4.001719355583190918e-01 -1.176684379577636719e+00 0.000000000000000000e+00
-3.655751049518585205e-01 -1.166865110397338867e+00 0.000000000000000000e+00
-2.232851386070251465e-01 -9.977356195449829102e-01 0.000000000000000000e+00
-5.060508847236633301e-01 -8.030073642730712891e-01 0.000000000000000000e+00
-5.614057779312133789e-01 -6.377158164978027344e-01 0.000000000000000000e+00
-5.709000825881958008e-01 -5.030506253242492676e-01 0.000000000000000000e+00
-6.645350456237792969e-01 -3.256456851959228516e-01 0.000000000000000000e+00
-8.211241960525512695e-01 -1.474996283650398254e-02 0.000000000000000000e+00
-8.304200172424316406e-01 7.924904115498065948e-03 0.000000000000000000e+00
-9.072381258010864258e-01 1.874096989631652832e-01 0.000000000000000000e+00
-9.836265444755554199e-01 3.697147071361541748e-01 0.000000000000000000e+00
-1.033767700195312500e+00 5.721791982650756836e-01 0.000000000000000000e+00
-1.103134751319885254e+00 7.150468230247497559e-01 0.000000000000000000e+00
-1.121110796928405762e+00 8.079050183296203613e-01 0.000000000000000000e+00
-1.183255434036254883e+00 9.293618798255920410e-01 0.000000000000000000e+00
-1.239451885223388672e+00 1.064082860946655273e+00 0.000000000000000000e+00
-1.249545693397521973e+00 9.524281024932861328e-01 0.000000000000000000e+00
-9.400125145912170410e-01 2.797248065471649170e-01 0.000000000000000000e+00
-9.657343029975891113e-01 3.365526795387268066e-01 0.000000000000000000e+00
-1.003702044486999512e+00 3.732016980648040771e-01 0.000000000000000000e+00
-1.059094190597534180e+00 3.037357926368713379e-01 0.000000000000000000e+00
-1.057302355766296387e+00 2.103458046913146973e-01 0.000000000000000000e+00
-1.032095551490783691e+00 3.046422265470027924e-02 0.000000000000000000e+00
-8.464980721473693848e-01 -3.706157505512237549e-01 0.000000000000000000e+00
-5.606496334075927734e-01 -4.558904767036437988e-01 0.000000000000000000e+00
-3.574980497360229492e-01 -4.468103349208831787e-01 0.000000000000000000e+00
-2.621408700942993164e-01 -6.726208329200744629e-01 0.000000000000000000e+00
-3.104719705879688263e-02 -7.336861491203308105e-01 0.000000000000000000e+00
1.315678209066390991e-01 -8.289873003959655762e-01 0.000000000000000000e+00
2.877972424030303955e-01 -9.662632346153259277e-01 0.000000000000000000e+00
4.649009406566619873e-01 -1.077421903610229492e+00 0.000000000000000000e+00
6.314470767974853516e-01 -1.078504443168640137e+00 0.000000000000000000e+00
6.368542313575744629e-01 -8.207458257675170898e-01 0.000000000000000000e+00
6.059959530830383301e-01 -7.440056800842285156e-01 0.000000000000000000e+00
8.259946852922439575e-02 -3.798099756240844727e-01 0.000000000000000000e+00
-3.795030117034912109e-01 4.302981868386268616e-02 0.000000000000000000e+00
-8.917613625526428223e-01 4.515184164047241211e-01 0.000000000000000000e+00
-1.183749198913574219e+00 8.038787245750427246e-01 0.000000000000000000e+00
-1.322028636932373047e+00 1.791336774826049805e+00 0.000000000000000000e+00
-1.501213908195495605e+00 2.914676427841186523e+00 0.000000000000000000e+00
-1.746856808662414551e+00 4.001760959625244141e+00 0.000000000000000000e+00
-2.253448009490966797e+00 4.075670242309570312e+00 0.000000000000000000e+00
-2.375933170318603516e+00 4.450490951538085938e+00 0.000000000000000000e+00
-2.041701078414916992e+00 4.183309555053710938e+00 0.000000000000000000e+00
-2.135899782180786133e+00 4.057507514953613281e+00 0.000000000000000000e+00
-2.140941381454467773e+00 4.077703475952148438e+00 0.000000000000000000e+00
-2.139073371887207031e+00 4.079098224639892578e+00 0.000000000000000000e+00
-2.134104490280151367e+00 4.083453178405761719e+00 0.000000000000000000e+00
-2.127403974533081055e+00 4.082773208618164062e+00 0.000000000000000000e+00
-2.124857425689697266e+00 4.088658809661865234e+00 0.000000000000000000e+00
-2.112020015716552734e+00 4.088310718536376953e+00 0.000000000000000000e+00
-1.926418423652648926e+00 4.176794052124023438e+00 0.000000000000000000e+00
-1.876841187477111816e+00 4.116942405700683594e+00 0.000000000000000000e+00
-1.519021153450012207e+00 4.007904052734375000e+00 0.000000000000000000e+00
-1.261864900588989258e+00 3.524020671844482422e+00 0.000000000000000000e+00
-1.451272249221801758e+00 3.196356058120727539e+00 0.000000000000000000e+00
-1.454758882522583008e+00 3.541760206222534180e+00 0.000000000000000000e+00
-1.484271407127380371e+00 3.488982677459716797e+00 0.000000000000000000e+00
-1.461197495460510254e+00 3.390100479125976562e+00 0.000000000000000000e+00
-1.446941494941711426e+00 3.390467882156372070e+00 0.000000000000000000e+00
-1.389544725418090820e+00 3.232633352279663086e+00 0.000000000000000000e+00
-1.222338676452636719e+00 3.132893085479736328e+00 0.000000000000000000e+00
-1.153767228126525879e+00 2.984594345092773438e+00 0.000000000000000000e+00
-1.117200374603271484e+00 2.797457933425903320e+00 0.000000000000000000e+00
-1.079206705093383789e+00 2.506942033767700195e+00 0.000000000000000000e+00
-1.010387420654296875e+00 2.500692129135131836e+00 0.000000000000000000e+00
-9.696936011314392090e-01 2.444802522659301758e+00 0.000000000000000000e+00
-1.016844153404235840e+00 2.428623199462890625e+00 0.000000000000000000e+00
-1.054445743560791016e+00 2.484657049179077148e+00 0.000000000000000000e+00
-1.084059596061706543e+00 2.698476314544677734e+00 0.000000000000000000e+00
-9.491528868675231934e-01 3.129606246948242188e+00 0.000000000000000000e+00
-9.432132244110107422e-01 3.283209562301635742e+00 0.000000000000000000e+00
-1.026943564414978027e+00 3.190680503845214844e+00 0.000000000000000000e+00
-1.013521194458007812e+00 3.261409521102905273e+00 0.000000000000000000e+00
-9.858766794204711914e-01 3.329754352569580078e+00 0.000000000000000000e+00
-5.852291584014892578e-01 3.182014703750610352e+00 0.000000000000000000e+00
-2.960855066776275635e-01 3.097460985183715820e+00 0.000000000000000000e+00
-4.300021529197692871e-01 3.172351837158203125e+00 0.000000000000000000e+00
-3.152828812599182129e-01 3.154287815093994141e+00 0.000000000000000000e+00
-1.729494482278823853e-01 3.127721786499023438e+00 0.000000000000000000e+00
-4.248105734586715698e-02 3.147134304046630859e+00 0.000000000000000000e+00
8.372158557176589966e-02 3.127248525619506836e+00 0.000000000000000000e+00
1.744809597730636597e-01 3.076098680496215820e+00 0.000000000000000000e+00
5.240174755454063416e-02 2.824839830398559570e+00 0.000000000000000000e+00
1.211571916937828064e-01 2.695696830749511719e+00 0.000000000000000000e+00
1.078015193343162537e-01 2.671231746673583984e+00 0.000000000000000000e+00
1.503139585256576538e-01 2.705244302749633789e+00 0.000000000000000000e+00
2.273357361555099487e-01 2.732250452041625977e+00 0.000000000000000000e+00
2.483987361192703247e-01 2.724691152572631836e+00 0.000000000000000000e+00
2.164254635572433472e-01 2.697290897369384766e+00 0.000000000000000000e+00
1.673971861600875854e-01 2.730868101119995117e+00 0.000000000000000000e+00
9.351578354835510254e-02 2.747230768203735352e+00 0.000000000000000000e+00
6.934224069118499756e-02 2.757411718368530273e+00 0.000000000000000000e+00
8.565746247768402100e-02 2.762685537338256836e+00 0.000000000000000000e+00
5.943024531006813049e-02 2.750843524932861328e+00 0.000000000000000000e+00
2.532153017818927765e-02 2.771736621856689453e+00 0.000000000000000000e+00
-3.516352176666259766e-02 3.065363645553588867e+00 0.000000000000000000e+00
-3.125122562050819397e-02 2.890333652496337891e+00 0.000000000000000000e+00
-4.746498540043830872e-02 2.859246253967285156e+00 0.000000000000000000e+00
3.419413045048713684e-02 2.569660425186157227e+00 0.000000000000000000e+00
-1.008496526628732681e-02 2.624604940414428711e+00 0.000000000000000000e+00
9.571852162480354309e-03 2.445494890213012695e+00 0.000000000000000000e+00
2.195674693211913109e-03 2.507979154586791992e+00 0.000000000000000000e+00
3.422110574319958687e-03 2.509797096252441406e+00 0.000000000000000000e+00
2.895957604050636292e-02 2.446647167205810547e+00 0.000000000000000000e+00
4.179585725069046021e-02 2.414603710174560547e+00 0.000000000000000000e+00
7.172925025224685669e-02 2.374652624130249023e+00 0.000000000000000000e+00
6.177743151783943176e-02 2.326203346252441406e+00 0.000000000000000000e+00
8.570670336484909058e-02 2.293342590332031250e+00 0.000000000000000000e+00
7.123880088329315186e-02 2.214104890823364258e+00 0.000000000000000000e+00
3.436376526951789856e-02 2.168988227844238281e+00 0.000000000000000000e+00
1.393967028707265854e-02 2.124464750289916992e+00 0.000000000000000000e+00
6.413489580154418945e-03 2.058032751083374023e+00 0.000000000000000000e+00
-1.600052975118160248e-02 2.003371238708496094e+00 0.000000000000000000e+00
-1.694114692509174347e-02 2.034877061843872070e+00 0.000000000000000000e+00
-3.636921197175979614e-02 2.054573774337768555e+00 0.000000000000000000e+00
-4.408406466245651245e-02 2.063171863555908203e+00 0.000000000000000000e+00
-4.922793060541152954e-02 2.068665266036987305e+00 0.000000000000000000e+00
-5.771236121654510498e-02 2.062854051589965820e+00 0.000000000000000000e+00
-4.797802120447158813e-02 2.026211500167846680e+00 0.000000000000000000e+00
-3.129894286394119263e-02 1.939726591110229492e+00 0.000000000000000000e+00
1.296956464648246765e-02 1.899693608283996582e+00 0.000000000000000000e+00
8.328781276941299438e-02 1.720401287078857422e+00 0.000000000000000000e+00
7.342812418937683105e-02 1.753510355949401855e+00 0.000000000000000000e+00
1.213145032525062561e-01 1.645323991775512695e+00 0.000000000000000000e+00
1.358347684144973755e-01 1.307571291923522949e+00 0.000000000000000000e+00
1.811847090721130371e-01 1.118070840835571289e+00 0.000000000000000000e+00
1.062438115477561951e-01 8.123074173927307129e-01 0.000000000000000000e+00
1.752503067255020142e-01 3.780018985271453857e-01 0.000000000000000000e+00
1.790358424186706543e-01 2.273190021514892578e-01 0.000000000000000000e+00
1.194600537419319153e-01 9.050363674759864807e-03 0.000000000000000000e+00
1.858534663915634155e-01 -3.110272437334060669e-02 0.000000000000000000e+00
1.854291111230850220e-01 -2.097930163145065308e-01 0.000000000000000000e+00
1.796780526638031006e-01 -3.721764385700225830e-01 0.000000000000000000e+00
1.181215867400169373e-01 -3.396787345409393311e-01 0.000000000000000000e+00
3.082525543868541718e-02 -2.282206565141677856e-01 0.000000000000000000e+00
1.452691480517387390e-02 -2.353675067424774170e-01 0.000000000000000000e+00
-2.243858389556407928e-02 -1.786477714776992798e-01 0.000000000000000000e+00
-3.125106543302536011e-02 -1.128494367003440857e-01 0.000000000000000000e+00
-5.561860743910074234e-03 -7.954826951026916504e-02 0.000000000000000000e+00
1.705273799598217010e-02 -7.252924144268035889e-02 0.000000000000000000e+00
-7.610511034727096558e-02 1.223524510860443115e-01 0.000000000000000000e+00
-1.240259334444999695e-01 2.423734366893768311e-01 0.000000000000000000e+00
-3.107062280178070068e-01 6.177675724029541016e-01 0.000000000000000000e+00
-3.019188046455383301e-01 7.201918363571166992e-01 0.000000000000000000e+00
-3.702256977558135986e-01 9.240175485610961914e-01 0.000000000000000000e+00
-3.450985550880432129e-01 1.037979960441589355e+00 0.000000000000000000e+00
-3.262338936328887939e-01 1.208441257476806641e+00 0.000000000000000000e+00
-1.801168471574783325e-01 1.364482641220092773e+00 0.000000000000000000e+00
-3.141256570816040039e-01 1.546577453613281250e+00 0.000000000000000000e+00
-3.060766458511352539e-01 1.506186008453369141e+00 0.000000000000000000e+00
-2.248157709836959839e-01 1.400786042213439941e+00 0.000000000000000000e+00
-2.305359095335006714e-01 1.327224135398864746e+00 0.000000000000000000e+00
-2.407706975936889648e-01 1.410047411918640137e+00 0.000000000000000000e+00
-2.321386784315109253e-01 1.409189939498901367e+00 0.000000000000000000e+00
-2.138534039258956909e-01 1.425254106521606445e+00 0.000000000000000000e+00
-1.816837787628173828e-01 1.432652592658996582e+00 0.000000000000000000e+00
-2.688404619693756104e-01 1.440562963485717773e+00 0.000000000000000000e+00
-2.763612568378448486e-01 1.440104246139526367e+00 0.000000000000000000e+00
-3.847033977508544922e-01 1.410931706428527832e+00 0.000000000000000000e+00
-4.789478182792663574e-01 1.242757439613342285e+00 0.000000000000000000e+00
-3.818822205066680908e-01 1.085661172866821289e+00 0.000000000000000000e+00
-2.928933799266815186e-01 7.162549495697021484e-01 0.000000000000000000e+00
-4.024016261100769043e-01 1.032932400703430176e+00 0.000000000000000000e+00
-3.972792327404022217e-01 1.034932255744934082e+00 0.000000000000000000e+00
-3.838307559490203857e-01 1.045866131782531738e+00 0.000000000000000000e+00
-3.246306478977203369e-01 1.087449669837951660e+00 0.000000000000000000e+00
-2.518677115440368652e-01 9.581849575042724609e-01 0.000000000000000000e+00
-2.164444178342819214e-01 8.072996139526367188e-01 0.000000000000000000e+00
-1.388069689273834229e-01 6.748334169387817383e-01 0.000000000000000000e+00
-7.831068336963653564e-02 5.599835515022277832e-01 0.000000000000000000e+00
-1.652325503528118134e-02 4.551299512386322021e-01 0.000000000000000000e+00
2.211115695536136627e-02 4.231840968132019043e-01 0.000000000000000000e+00
1.087516620755195618e-01 3.060173094272613525e-01 0.000000000000000000e+00
1.650692373514175415e-01 2.004114389419555664e-01 0.000000000000000000e+00
2.575724124908447266e-01 2.952795475721359253e-03 0.000000000000000000e+00
3.282960951328277588e-01 -1.556097269058227539e-01 0.000000000000000000e+00
3.879754841327667236e-01 -2.764289379119873047e-01 0.000000000000000000e+00
3.919752240180969238e-01 -3.755979537963867188e-01 0.000000000000000000e+00
4.991092681884765625e-01 -5.285965204238891602e-01 0.000000000000000000e+00
4.542692005634307861e-01 -3.081544339656829834e-01 0.000000000000000000e+00
3.017607927322387695e-01 -6.358420848846435547e-02 0.000000000000000000e+00
2.243874371051788330e-01 -2.717530354857444763e-02 0.000000000000000000e+00
2.102755755186080933e-01 -1.994702592492103577e-02 0.000000000000000000e+00
1.750853657722473145e-01 -7.290057092905044556e-02 0.000000000000000000e+00
1.208817400038242340e-02 2.015668712556362152e-02 0.000000000000000000e+00
-2.626643702387809753e-02 8.300964534282684326e-02 0.000000000000000000e+00
-7.661204785108566284e-02 2.112359553575515747e-01 0.000000000000000000e+00
-1.605925261974334717e-01 2.995218336582183838e-01 0.000000000000000000e+00
-2.354460805654525757e-01 3.611009716987609863e-01 0.000000000000000000e+00
-3.104857206344604492e-01 4.425097107887268066e-01 0.000000000000000000e+00
-3.914570212364196777e-01 5.266791582107543945e-01 0.000000000000000000e+00
-4.291320145130157471e-01 4.635509550571441650e-01 0.000000000000000000e+00
-4.903723597526550293e-01 5.389742851257324219e-01 0.000000000000000000e+00
-5.415605902671813965e-01 6.539809703826904297e-01 0.000000000000000000e+00
-4.409580230712890625e-01 6.575441360473632812e-01 0.000000000000000000e+00
-5.423303842544555664e-01 7.666130065917968750e-01 0.000000000000000000e+00
-5.258838534355163574e-01 8.360952138900756836e-01 0.000000000000000000e+00
-5.666456818580627441e-01 8.771221041679382324e-01 0.000000000000000000e+00
-5.867836475372314453e-01 9.393571615219116211e-01 0.000000000000000000e+00
-6.059210896492004395e-01 1.001348733901977539e+00 0.000000000000000000e+00
-6.225299239158630371e-01 1.055066585540771484e+00 0.000000000000000000e+00
-6.325988173484802246e-01 1.086868643760681152e+00 0.000000000000000000e+00
-6.066876053810119629e-01 9.980077147483825684e-01 0.000000000000000000e+00
-5.265846252441406250e-01 7.233865261077880859e-01 0.000000000000000000e+00
-5.194301605224609375e-01 7.686269879341125488e-01 0.000000000000000000e+00
-4.683233797550201416e-01 7.995026111602783203e-01 0.000000000000000000e+00
-4.849852621555328369e-01 7.774786353111267090e-01 0.000000000000000000e+00
-4.304418265819549561e-01 7.559911012649536133e-01 0.000000000000000000e+00
-3.291831910610198975e-01 6.172297000885009766e-01 0.000000000000000000e+00
-3.016336858272552490e-01 4.753966927528381348e-01 0.000000000000000000e+00
-2.571149170398712158e-01 5.034998059272766113e-01 0.000000000000000000e+00
-1.909573078155517578e-01 4.412279725074768066e-01 0.000000000000000000e+00
-1.433626562356948853e-01 3.769018054008483887e-01 0.000000000000000000e+00
-8.911687135696411133e-02 3.106755316257476807e-01 0.000000000000000000e+00
-3.615818172693252563e-02 2.487447410821914673e-01 0.000000000000000000e+00
0.000000000000000000e+00 1.856809705495834351e-01 0.000000000000000000e+00
8.432383835315704346e-02 3.380710631608963013e-02 0.000000000000000000e+00
1.106882393360137939e-01 1.931564882397651672e-02 0.000000000000000000e+00
1.710267215967178345e-01 -4.574706777930259705e-02 0.000000000000000000e+00
2.005526721477508545e-01 -7.105657458305358887e-02 0.000000000000000000e+00
1.853931248188018799e-01 -1.433801949024200439e-01 0.000000000000000000e+00
1.845841407775878906e-01 -9.119811654090881348e-02 0.000000000000000000e+00
1.579802110791206360e-02 3.026974759995937347e-02 0.000000000000000000e+00
-1.057708486914634705e-01 5.757819488644599915e-02 0.000000000000000000e+00
-2.099114060401916504e-01 1.218434795737266541e-01 0.000000000000000000e+00
-3.861848711967468262e-01 2.121134847402572632e-01 0.000000000000000000e+00
-5.564864873886108398e-01 2.044414728879928589e-01 0.000000000000000000e+00
-7.271426320075988770e-01 2.671242654323577881e-01 0.000000000000000000e+00
-9.823449850082397461e-01 2.929846644401550293e-01 0.000000000000000000e+00
-1.206175208091735840e+00 3.802731931209564209e-01 0.000000000000000000e+00
-1.494206905364990234e+00 5.552049279212951660e-01 0.000000000000000000e+00
-1.644589185714721680e+00 6.496632695198059082e-01 0.000000000000000000e+00
-1.718033313751220703e+00 7.468620538711547852e-01 0.000000000000000000e+00
-1.713676810264587402e+00 8.220368623733520508e-01 0.000000000000000000e+00
-1.909116506576538086e+00 1.020396590232849121e+00 0.000000000000000000e+00
-2.137519359588623047e+00 1.148306727409362793e+00 0.000000000000000000e+00
-2.275305986404418945e+00 1.289782643318176270e+00 0.000000000000000000e+00
-2.629054546356201172e+00 1.345421195030212402e+00 0.000000000000000000e+00
-2.612423896789550781e+00 1.407784223556518555e+00 0.000000000000000000e+00
-2.944639921188354492e+00 1.360943913459777832e+00 0.000000000000000000e+00
-2.895808696746826172e+00 1.241541147232055664e+00 0.000000000000000000e+00
-2.852199316024780273e+00 1.213242411613464355e+00 0.000000000000000000e+00
-2.830919742584228516e+00 1.250720858573913574e+00 0.000000000000000000e+00
-2.820998191833496094e+00 1.257799506187438965e+00 0.000000000000000000e+00
-2.821102142333984375e+00 1.259227991104125977e+00 0.000000000000000000e+00
-2.815455436706542969e+00 1.257867574691772461e+00 0.000000000000000000e+00
-2.746546506881713867e+00 1.240978002548217773e+00 0.000000000000000000e+00
-2.613226175308227539e+00 1.208258748054504395e+00 0.000000000000000000e+00
-2.285190582275390625e+00 9.662557840347290039e-01 0.000000000000000000e+00
-2.006532430648803711e+00 8.287253379821777344e-01 0.000000000000000000e+00
-1.706274747848510742e+00 6.580706834793090820e-01 0.000000000000000000e+00
-1.728641152381896973e+00 5.532370805740356445e-01 0.000000000000000000e+00
-1.685940980911254883e+00 4.393730759620666504e-01 0.000000000000000000e+00
-1.714030623435974121e+00 3.810573816299438477e-01 0.000000000000000000e+00
-1.750214576721191406e+00 2.817305922508239746e-01 0.000000000000000000e+00
-1.650838851928710938e+00 1.446499228477478027e-01 0.000000000000000000e+00
-1.556141853332519531e+00 1.570896245539188385e-02 0.000000000000000000e+00
-1.395839333534240723e+00 -5.102969333529472351e-02 0.000000000000000000e+00
-1.547411561012268066e+00 -9.134671837091445923e-02 0.000000000000000000e+00
-1.472819924354553223e+00 -1.394890546798706055e-01 0.000000000000000000e+00
-1.381540656089782715e+00 -1.454332768917083740e-01 0.000000000000000000e+00
-1.420141220092773438e+00 -1.928760409355163574e-01 0.000000000000000000e+00
-1.346056938171386719e+00 -2.080212384462356567e-01 0.000000000000000000e+00
-1.041072368621826172e+00 -1.525684744119644165e-01 0.000000000000000000e+00
-1.190895676612854004e+00 -2.143415212631225586e-01 0.000000000000000000e+00
-1.145249128341674805e+00 -1.785938441753387451e-01 0.000000000000000000e+00
-1.125288248062133789e+00 -1.831213831901550293e-01 0.000000000000000000e+00
-1.148485302925109863e+00 -1.944821476936340332e-01 0.000000000000000000e+00
-1.149205803871154785e+00 -1.991205811500549316e-01 0.000000000000000000e+00
-1.204691410064697266e+00 -2.273758798837661743e-01 0.000000000000000000e+00
-1.192010045051574707e+00 -2.585613429546356201e-01 0.000000000000000000e+00
-1.202362179756164551e+00 -2.290487438440322876e-01 0.000000000000000000e+00
-1.214440107345581055e+00 -2.338912934064865112e-01 0.000000000000000000e+00
-1.259701967239379883e+00 -1.314644366502761841e-01 0.000000000000000000e+00
-1.260081052780151367e+00 -8.838969469070434570e-02 0.000000000000000000e+00
-1.241722941398620605e+00 -8.947031199932098389e-02 0.000000000000000000e+00
-1.241215825080871582e+00 -8.703199028968811035e-02 0.000000000000000000e+00
-1.224343895912170410e+00 -4.501806572079658508e-02 0.000000000000000000e+00
-1.180229783058166504e+00 -3.697205567732453346e-03 0.000000000000000000e+00
-1.193816781044006348e+00 3.454369958490133286e-03 0.000000000000000000e+00
-1.154546141624450684e+00 6.591386348009109497e-02 0.000000000000000000e+00
-1.164218306541442871e+00 4.221293702721595764e-02 0.000000000000000000e+00
-1.177847027778625488e+00 8.074738085269927979e-02 0.000000000000000000e+00
-1.164724111557006836e+00 6.984668225049972534e-02 0.000000000000000000e+00
-1.132601618766784668e+00 -5.819091107696294785e-03 0.000000000000000000e+00
-1.024114370346069336e+00 -1.801957041025161743e-01 0.000000000000000000e+00
-1.050042510032653809e+00 -1.190886870026588440e-01 0.000000000000000000e+00
-1.069272041320800781e+00 -1.260322779417037964e-01 0.000000000000000000e+00
-1.068441867828369141e+00 -1.621517390012741089e-01 0.000000000000000000e+00
-1.047485113143920898e+00 -2.001232206821441650e-01 0.000000000000000000e+00
-9.763156175613403320e-01 -2.128623574972152710e-01 0.000000000000000000e+00
-9.655082225799560547e-01 -2.073490619659423828e-01 0.000000000000000000e+00
-9.682304263114929199e-01 -2.822235822677612305e-01 0.000000000000000000e+00
-9.579777121543884277e-01 -3.057090044021606445e-01 0.000000000000000000e+00
-9.257161617279052734e-01 -3.509399890899658203e-01 0.000000000000000000e+00
-8.911542296409606934e-01 -3.791540563106536865e-01 0.000000000000000000e+00
-8.747162222862243652e-01 -4.235486686229705811e-01 0.000000000000000000e+00
-8.609167933464050293e-01 -4.526033699512481689e-01 0.000000000000000000e+00
-8.147485256195068359e-01 -4.667643606662750244e-01 0.000000000000000000e+00
-6.109986901283264160e-01 -4.870274364948272705e-01 0.000000000000000000e+00
-6.817897558212280273e-01 -5.362985134124755859e-01 0.000000000000000000e+00
-6.450537443161010742e-01 -5.041239857673645020e-01 0.000000000000000000e+00
-6.181077957153320312e-01 -4.616076946258544922e-01 0.000000000000000000e+00
-5.952222347259521484e-01 -4.060688912868499756e-01 0.000000000000000000e+00
-5.839565992355346680e-01 -3.614589571952819824e-01 0.000000000000000000e+00
-6.053404211997985840e-01 -2.990212142467498779e-01 0.000000000000000000e+00
-5.903351306915283203e-01 -3.066155016422271729e-01 0.000000000000000000e+00
-5.699886679649353027e-01 -2.613916695117950439e-01 0.000000000000000000e+00
-5.518316626548767090e-01 -2.302242368459701538e-01 0.000000000000000000e+00
-5.484385490417480469e-01 -1.902209818363189697e-01 0.000000000000000000e+00
-5.600485801696777344e-01 -1.742927730083465576e-01 0.000000000000000000e+00
-5.705949664115905762e-01 -1.500843465328216553e-01 0.000000000000000000e+00
-5.885987877845764160e-01 -1.311226934194564819e-01 0.000000000000000000e+00
-6.253905892372131348e-01 -9.799313545227050781e-02 0.000000000000000000e+00
-6.470323801040649414e-01 -7.879269123077392578e-02 0.000000000000000000e+00
-6.710150837898254395e-01 -5.657782405614852905e-02 0.000000000000000000e+00
-6.918351054191589355e-01 -1.717891544103622437e-02 0.000000000000000000e+00
-6.381148695945739746e-01 -2.447565831243991852e-02 0.000000000000000000e+00
-5.846554040908813477e-01 -4.342210665345191956e-02 0.000000000000000000e+00
-5.626240372657775879e-01 -1.543465629220008850e-02 0.000000000000000000e+00
-5.185194611549377441e-01 -1.159552671015262604e-02 0.000000000000000000e+00
-5.394397377967834473e-01 8.820079267024993896e-03 0.000000000000000000e+00
-5.159893035888671875e-01 1.862295530736446381e-02 0.000000000000000000e+00
-5.201886296272277832e-01 3.297490766271948814e-03 0.000000000000000000e+00
-5.863516926765441895e-01 -3.138102963566780090e-02 0.000000000000000000e+00
-5.613498687744140625e-01 -2.612936310470104218e-03 0.000000000000000000e+00
-5.761561393737792969e-01 -1.968852942809462547e-03 0.000000000000000000e+00
-5.890228152275085449e-01 -1.385215437039732933e-03 0.000000000000000000e+00
-6.038115620613098145e-01 -2.476513618603348732e-03 0.000000000000000000e+00
-6.155556440353393555e-01 -2.627560868859291077e-03 0.000000000000000000e+00
-6.274386644363403320e-01 0.000000000000000000e+00 0.000000000000000000e+00
-6.389421224594116211e-01 0.000000000000000000e+00 0.000000000000000000e+00
-6.511339545249938965e-01 3.640989074483513832e-03 0.000000000000000000e+00
-6.688599586486816406e-01 2.748245745897293091e-02 0.000000000000000000e+00
-6.809062361717224121e-01 3.203357756137847900e-02 0.000000000000000000e+00
-6.984266042709350586e-01 5.321115627884864807e-02 0.000000000000000000e+00
-7.070375680923461914e-01 4.230640083551406860e-02 0.000000000000000000e+00
-7.219732999801635742e-01 5.272757261991500854e-02 0.000000000000000000e+00
-7.384914159774780273e-01 6.989432126283645630e-02 0.000000000000000000e+00
-7.628964781761169434e-01 1.126375868916511536e-01 0.000000000000000000e+00
-7.728017568588256836e-01 1.061569377779960632e-01 0.000000000000000000e+00
-7.886762619018554688e-01 1.208584606647491455e-01 0.000000000000000000e+00
-8.045095205307006836e-01 1.353175193071365356e-01 0.000000000000000000e+00
-8.208704590797424316e-01 1.502527147531509399e-01 0.000000000000000000e+00
-8.364619612693786621e-01 1.644894927740097046e-01 0.000000000000000000e+00
-8.500313162803649902e-01 1.785672605037689209e-01 0.000000000000000000e+00
-8.627432584762573242e-01 1.919965296983718872e-01 0.000000000000000000e+00
-8.672589063644409180e-01 2.039780467748641968e-01 0.000000000000000000e+00
-8.814332485198974609e-01 2.181294560432434082e-01 0.000000000000000000e+00
-8.782753348350524902e-01 2.302693873643875122e-01 0.000000000000000000e+00
-8.121384382247924805e-01 1.794270128011703491e-01 0.000000000000000000e+00
-8.645199537277221680e-01 2.232194691896438599e-01 0.000000000000000000e+00
-8.537519574165344238e-01 2.146211415529251099e-01 0.000000000000000000e+00
-8.216487765312194824e-01 2.078476101160049438e-01 0.000000000000000000e+00
-8.302117586135864258e-01 2.145338207483291626e-01 0.000000000000000000e+00
-8.198442459106445312e-01 2.182745635509490967e-01 0.000000000000000000e+00
-8.140219449996948242e-01 2.169533669948577881e-01 0.000000000000000000e+00
-8.423664569854736328e-01 2.814505696296691895e-01 0.000000000000000000e+00
-9.879460930824279785e-01 4.112148284912109375e-01 0.000000000000000000e+00
-1.138699531555175781e+00 5.007445812225341797e-01 0.000000000000000000e+00
-1.352383732795715332e+00 5.411843657493591309e-01 0.000000000000000000e+00
-1.565834283828735352e+00 5.972843170166015625e-01 0.000000000000000000e+00
-1.782352089881896973e+00 7.451624274253845215e-01 0.000000000000000000e+00
-1.932248353958129883e+00 8.620932698249816895e-01 0.000000000000000000e+00
-2.103597164154052734e+00 1.038238406181335449e+00 0.000000000000000000e+00
-2.196460962295532227e+00 1.269186973571777344e+00 0.000000000000000000e+00
-2.454558372497558594e+00 1.402182340621948242e+00 0.000000000000000000e+00
-2.300029277801513672e+00 1.498850941658020020e+00 0.000000000000000000e+00
-2.314650535583496094e+00 1.531186819076538086e+00 0.000000000000000000e+00
-2.350537061691284180e+00 1.491758227348327637e+00 0.000000000000000000e+00
-2.311060190200805664e+00 1.487247228622436523e+00 0.000000000000000000e+00
-2.345017671585083008e+00 1.496735811233520508e+00 0.000000000000000000e+00
-2.470551252365112305e+00 1.476134419441223145e+00 0.000000000000000000e+00
-2.412337064743041992e+00 1.417968511581420898e+00 0.000000000000000000e+00
-2.471267700195312500e+00 1.352812767028808594e+00 0.000000000000000000e+00
-2.491117000579833984e+00 1.263476014137268066e+00 0.000000000000000000e+00
-2.518232583999633789e+00 1.223966002464294434e+00 0.000000000000000000e+00
-2.700891017913818359e+00 1.259997844696044922e+00 0.000000000000000000e+00
-2.772238731384277344e+00 1.319762349128723145e+00 0.000000000000000000e+00
-3.008794546127319336e+00 1.416739940643310547e+00 0.000000000000000000e+00
-3.817570924758911133e+00 1.789969205856323242e+00 0.000000000000000000e+00
-3.378955125808715820e+00 1.551306962966918945e+00 0.000000000000000000e+00
-3.332577228546142578e+00 1.516932010650634766e+00 0.000000000000000000e+00
-3.282757759094238281e+00 1.501423716545104980e+00 0.000000000000000000e+00
-3.208720445632934570e+00 1.504345774650573730e+00 0.000000000000000000e+00
-2.933922290802001953e+00 1.436534762382507324e+00 0.000000000000000000e+00
-2.245050191879272461e+00 1.243889093399047852e+00 0.000000000000000000e+00
-1.662751197814941406e+00 8.130916953086853027e-01 0.000000000000000000e+00
-1.636831641197204590e+00 6.830130815505981445e-01 0.000000000000000000e+00
-1.614102840423583984e+00 5.438070297241210938e-01 0.000000000000000000e+00
-1.539040207862854004e+00 3.260265588760375977e-01 0.000000000000000000e+00
-1.392701625823974609e+00 2.835545837879180908e-01 0.000000000000000000e+00
-1.370989799499511719e+00 1.533307582139968872e-01 0.000000000000000000e+00
-1.264498591423034668e+00 -1.335141528397798538e-02 0.000000000000000000e+00
-1.255177736282348633e+00 -1.267286986112594604e-01 0.000000000000000000e+00
-1.140021443367004395e+00 -2.436744570732116699e-01 0.000000000000000000e+00
-1.070917487144470215e+00 -3.242845237255096436e-01 0.000000000000000000e+00
-9.444598555564880371e-01 -3.485146760940551758e-01 0.000000000000000000e+00
-8.702934980392456055e-01 -3.449027240276336670e-01 0.000000000000000000e+00
-8.740005493164062500e-01 -4.111036956310272217e-01 0.000000000000000000e+00
-7.613402605056762695e-01 -3.722277879714965820e-01 0.000000000000000000e+00
-7.538359761238098145e-01 -4.447593092918395996e-01 0.000000000000000000e+00
-7.346776723861694336e-01 -4.880466163158416748e-01 0.000000000000000000e+00
-6.388901472091674805e-01 -4.652131497859954834e-01 0.000000000000000000e+00
-5.045801997184753418e-01 -4.038873016834259033e-01 0.000000000000000000e+00
-3.844039738178253174e-01 -3.533183038234710693e-01 0.000000000000000000e+00
-3.638567626476287842e-01 -4.008088409900665283e-01 0.000000000000000000e+00
-4.978533089160919189e-01 -1.729877889156341553e-01 0.000000000000000000e+00
-5.186822414398193359e-01 -1.196301430463790894e-01 0.000000000000000000e+00
-6.397513747215270996e-01 1.471672356128692627e-01 0.000000000000000000e+00
-6.082276701927185059e-01 4.102440476417541504e-01 0.000000000000000000e+00
-5.987693071365356445e-01 7.554963827133178711e-01 0.000000000000000000e+00
-7.222065925598144531e-01 1.069788455963134766e+00 0.000000000000000000e+00
-8.008259534835815430e-01 1.426883935928344727e+00 0.000000000000000000e+00
-1.011767268180847168e+00 1.586962699890136719e+00 0.000000000000000000e+00
-1.141845941543579102e+00 1.776898384094238281e+00 0.000000000000000000e+00
-1.148591995239257812e+00 1.764906883239746094e+00 0.000000000000000000e+00
-1.228011488914489746e+00 1.686969280242919922e+00 0.000000000000000000e+00
-1.240201950073242188e+00 1.328851103782653809e+00 0.000000000000000000e+00
-1.310933351516723633e+00 1.524553656578063965e+00 0.000000000000000000e+00
-1.393766641616821289e+00 1.220798373222351074e+00 0.000000000000000000e+00
-1.314588189125061035e+00 1.322172999382019043e+00 0.000000000000000000e+00
-1.308189511299133301e+00 1.311878561973571777e+00 0.000000000000000000e+00
-1.203513741493225098e+00 9.522612094879150391e-01 0.000000000000000000e+00
-1.189968585968017578e+00 9.318603873252868652e-01 0.000000000000000000e+00
-1.065840601921081543e+00 8.952980041503906250e-01 0.000000000000000000e+00
-1.045190215110778809e+00 9.208734631538391113e-01 0.000000000000000000e+00
-1.100127577781677246e+00 9.440155625343322754e-01 0.000000000000000000e+00
-9.557190537452697754e-01 8.922749161720275879e-01 0.000000000000000000e+00
-9.987411499023437500e-01 8.540976047515869141e-01 0.000000000000000000e+00
-9.335590004920959473e-01 8.760001063346862793e-01 0.000000000000000000e+00
-6.953672170639038086e-01 8.107920885086059570e-01 0.000000000000000000e+00
-6.398187279701232910e-01 7.804432511329650879e-01 0.000000000000000000e+00
-4.300699532032012939e-01 7.261141538619995117e-01 0.000000000000000000e+00
-2.568976879119873047e-01 6.719173789024353027e-01 0.000000000000000000e+00
1.064869612455368042e-01 6.196392178535461426e-01 0.000000000000000000e+00
3.823981285095214844e-01 6.877647042274475098e-01 0.000000000000000000e+00
4.469658434391021729e-01 5.719152688980102539e-01 0.000000000000000000e+00
6.820845603942871094e-01 4.289355874061584473e-01 0.000000000000000000e+00
8.622007369995117188e-01 4.698301255702972412e-01 0.000000000000000000e+00
1.096640944480895996e+00 4.151723086833953857e-01 0.000000000000000000e+00
1.294412851333618164e+00 3.708899319171905518e-01 0.000000000000000000e+00
1.211724638938903809e+00 3.806768953800201416e-01 0.000000000000000000e+00
1.081014037132263184e+00 3.715878129005432129e-01 0.000000000000000000e+00
9.958486557006835938e-01 3.870817422866821289e-01 0.000000000000000000e+00
5.154354572296142578e-01 4.475886821746826172e-01 0.000000000000000000e+00
4.309312999248504639e-01 3.228457272052764893e-01 0.000000000000000000e+00
2.480133920907974243e-01 4.699969589710235596e-01 0.000000000000000000e+00
-1.853880882263183594e-01 6.118698716163635254e-01 0.000000000000000000e+00
-4.087961316108703613e-01 6.740710139274597168e-01 0.000000000000000000e+00
-8.193307518959045410e-01 8.621244430541992188e-01 0.000000000000000000e+00
-1.389736771583557129e+00 1.068718552589416504e+00 0.000000000000000000e+00
-1.534269452095031738e+00 1.148910880088806152e+00 0.000000000000000000e+00
-1.853828072547912598e+00 1.279434442520141602e+00 0.000000000000000000e+00
-1.999001026153564453e+00 1.385824799537658691e+00 0.000000000000000000e+00
-2.024118423461914062e+00 1.473520874977111816e+00 0.000000000000000000e+00
-1.803741812705993652e+00 1.445198059082031250e+00 0.000000000000000000e+00
-9.952246546745300293e-01 1.399351239204406738e+00 0.000000000000000000e+00
-1.558639645576477051e+00 1.440520405769348145e+00 0.000000000000000000e+00
-1.390550971031188965e+00 1.399820327758789062e+00 0.000000000000000000e+00
-1.312935590744018555e+00 1.447423338890075684e+00 0.000000000000000000e+00
-1.343505382537841797e+00 1.476833939552307129e+00 0.000000000000000000e+00
-1.398778438568115234e+00 1.566760182380676270e+00 0.000000000000000000e+00
-1.418734431266784668e+00 1.640350937843322754e+00 0.000000000000000000e+00
-1.468258738517761230e+00 1.852042317390441895e+00 0.000000000000000000e+00
-1.494644284248352051e+00 2.034297466278076172e+00 0.000000000000000000e+00
-1.543682575225830078e+00 2.155222177505493164e+00 0.000000000000000000e+00
-1.635578036308288574e+00 2.629888772964477539e+00 0.000000000000000000e+00
-1.600600600242614746e+00 2.406829833984375000e+00 0.000000000000000000e+00
-1.578599333763122559e+00 2.331906318664550781e+00 0.000000000000000000e+00
-1.578676581382751465e+00 2.332131385803222656e+00 0.000000000000000000e+00
-1.578677892684936523e+00 2.332141876220703125e+00 0.000000000000000000e+00
-1.572523355484008789e+00 2.310365438461303711e+00 0.000000000000000000e+00
-1.524077296257019043e+00 2.328420400619506836e+00 0.000000000000000000e+00
-1.382417201995849609e+00 2.385325670242309570e+00 0.000000000000000000e+00
-1.395536184310913086e+00 2.429247617721557617e+00 0.000000000000000000e+00
-1.300763964653015137e+00 2.453382492065429688e+00 0.000000000000000000e+00
-1.104267001152038574e+00 2.478466510772705078e+00 0.000000000000000000e+00
-1.218906283378601074e+00 2.500430345535278320e+00 0.000000000000000000e+00
-1.051833868026733398e+00 2.566742897033691406e+00 0.000000000000000000e+00
-1.177417278289794922e+00 3.022290229797363281e+00 0.000000000000000000e+00
-1.798845052719116211e+00 3.672682762145996094e+00 0.000000000000000000e+00
-1.657728314399719238e+00 3.665087223052978516e+00 0.000000000000000000e+00
-1.658438682556152344e+00 3.787807703018188477e+00 0.000000000000000000e+00
-1.569766044616699219e+00 3.521807670593261719e+00 0.000000000000000000e+00
-1.561020255088806152e+00 3.506244897842407227e+00 0.000000000000000000e+00
-1.498635649681091309e+00 3.494275331497192383e+00 0.000000000000000000e+00
-1.420369148254394531e+00 3.462390899658203125e+00 0.000000000000000000e+00
-1.261861681938171387e+00 3.393918514251708984e+00 0.000000000000000000e+00
-1.123296022415161133e+00 3.295827388763427734e+00 0.000000000000000000e+00
-8.945903778076171875e-01 3.163618326187133789e+00 0.000000000000000000e+00
-8.603761792182922363e-01 2.966304540634155273e+00 0.000000000000000000e+00
-7.861197590827941895e-01 2.686458587646484375e+00 0.000000000000000000e+00
-8.505397439002990723e-01 2.308708429336547852e+00 0.000000000000000000e+00
-7.625738382339477539e-01 2.067827701568603516e+00 0.000000000000000000e+00
-6.578112840652465820e-01 1.919051289558410645e+00 0.000000000000000000e+00
-4.358502626419067383e-01 1.713848590850830078e+00 0.000000000000000000e+00
-3.333303332328796387e-01 1.750267267227172852e+00 0.000000000000000000e+00
-1.626239269971847534e-01 1.744735836982727051e+00 0.000000000000000000e+00
-7.886705547571182251e-02 1.715930461883544922e+00 0.000000000000000000e+00
6.807535141706466675e-02 1.588261008262634277e+00 0.000000000000000000e+00
1.435627192258834839e-01 1.536301136016845703e+00 0.000000000000000000e+00
2.267453223466873169e-01 1.417346477508544922e+00 0.000000000000000000e+00
2.708989083766937256e-01 1.313480019569396973e+00 0.000000000000000000e+00
2.272409498691558838e-01 1.256444334983825684e+00 0.000000000000000000e+00
3.664967715740203857e-01 1.243945479393005371e+00 0.000000000000000000e+00
4.055683910846710205e-01 1.211095333099365234e+00 0.000000000000000000e+00
4.602910578250885010e-01 1.228407382965087891e+00 0.000000000000000000e+00
5.435373783111572266e-01 1.249009609222412109e+00 0.000000000000000000e+00
5.958946943283081055e-01 1.245867371559143066e+00 0.000000000000000000e+00
6.700508594512939453e-01 1.273106575012207031e+00 0.000000000000000000e+00
7.411347031593322754e-01 1.287788271903991699e+00 0.000000000000000000e+00
6.845604777336120605e-01 1.226568579673767090e+00 0.000000000000000000e+00
3.397869169712066650e-01 1.190810680389404297e+00 0.000000000000000000e+00
5.622814893722534180e-01 1.216880202293395996e+00 0.000000000000000000e+00
3.058155775070190430e-01 1.210744619369506836e+00 0.000000000000000000e+00
2.690722644329071045e-01 1.154105663299560547e+00 0.000000000000000000e+00
2.764480113983154297e-01 1.175148129463195801e+00 0.000000000000000000e+00
1.688004732131958008e-01 1.153709888458251953e+00 0.000000000000000000e+00
-3.934469446539878845e-02 1.029304027557373047e+00 0.000000000000000000e+00
-2.788816206157207489e-02 1.082195758819580078e+00 0.000000000000000000e+00
-8.860579691827297211e-03 1.069835066795349121e+00 0.000000000000000000e+00
1.557602733373641968e-01 9.357361197471618652e-01 0.000000000000000000e+00
1.756281219422817230e-02 1.005400538444519043e+00 0.000000000000000000e+00
-1.905807852745056152e-02 9.693168997764587402e-01 0.000000000000000000e+00
-4.490167833864688873e-03 8.918498158454895020e-01 0.000000000000000000e+00
3.413865715265274048e-02 7.709345221519470215e-01 0.000000000000000000e+00
8.213598281145095825e-02 7.548710107803344727e-01 0.000000000000000000e+00
1.734314560890197754e-01 6.901077628135681152e-01 0.000000000000000000e+00
2.864680886268615723e-01 6.227809190750122070e-01 0.000000000000000000e+00
4.698153436183929443e-01 5.113101601600646973e-01 0.000000000000000000e+00
4.965724349021911621e-01 3.226895332336425781e-01 0.000000000000000000e+00
5.515075325965881348e-01 2.436889111995697021e-01 0.000000000000000000e+00
6.552071571350097656e-01 1.189044937491416931e-01 0.000000000000000000e+00
7.484244108200073242e-01 6.971899885684251785e-03 0.000000000000000000e+00
8.691298365592956543e-01 -1.920273900032043457e-01 0.000000000000000000e+00
9.455960392951965332e-01 -2.452288419008255005e-01 0.000000000000000000e+00
9.878972172737121582e-01 -2.427362203598022461e-01 0.000000000000000000e+00
9.467818737030029297e-01 -1.611265689134597778e-01 0.000000000000000000e+00
8.136930465698242188e-01 -2.027868032455444336e-01 0.000000000000000000e+00
4.888149201869964600e-01 7.280550897121429443e-02 0.000000000000000000e+00
2.862647771835327148e-01 2.095503062009811401e-01 0.000000000000000000e+00
1.325910091400146484e-01 2.479809969663619995e-01 0.000000000000000000e+00
7.302143424749374390e-02 2.928029596805572510e-01 0.000000000000000000e+00
-7.266339659690856934e-02 3.642526268959045410e-01 0.000000000000000000e+00
-2.817331552505493164e-01 4.684756696224212646e-01 0.000000000000000000e+00
-4.235515296459197998e-01 5.556553006172180176e-01 0.000000000000000000e+00
-4.052029550075531006e-01 6.361370086669921875e-01 0.000000000000000000e+00
-2.656967341899871826e-01 6.578938364982604980e-01 0.000000000000000000e+00
-1.512572169303894043e-01 6.812449097633361816e-01 0.000000000000000000e+00
-3.974772691726684570e-01 7.643553018569946289e-01 0.000000000000000000e+00
-2.536198198795318604e-01 7.920685410499572754e-01 0.000000000000000000e+00
-1.237667351961135864e-01 7.990748882293701172e-01 0.000000000000000000e+00
-2.204221189022064209e-01 8.337510824203491211e-01 0.000000000000000000e+00
-1.921314299106597900e-01 8.805853128433227539e-01 0.000000000000000000e+00
-1.739942580461502075e-01 8.957282304763793945e-01 0.000000000000000000e+00
-1.275098919868469238e-01 8.534156084060668945e-01 0.000000000000000000e+00
-9.504708461463451385e-03 6.029809117317199707e-01 0.000000000000000000e+00
3.205009549856185913e-02 6.443368196487426758e-01 0.000000000000000000e+00
2.492090314626693726e-02 6.683643460273742676e-01 0.000000000000000000e+00
-1.706540137529373169e-01 6.793993115425109863e-01 0.000000000000000000e+00
-1.558090001344680786e-01 6.472908258438110352e-01 0.000000000000000000e+00
-2.156929820775985718e-01 6.220668554306030273e-01 0.000000000000000000e+00
-2.745606899261474609e-01 6.021470427513122559e-01 0.000000000000000000e+00
-2.681931853294372559e-01 5.729216933250427246e-01 0.000000000000000000e+00
-3.064598739147186279e-01 5.469498038291931152e-01 0.000000000000000000e+00
-2.453645914793014526e-01 4.050447046756744385e-01 0.000000000000000000e+00
-3.307865560054779053e-01 4.467034637928009033e-01 0.000000000000000000e+00
-3.713659346103668213e-01 3.996721804141998291e-01 0.000000000000000000e+00
-4.197193980216979980e-01 4.254802167415618896e-01 0.000000000000000000e+00
-4.532849788665771484e-01 4.058630168437957764e-01 0.000000000000000000e+00
-4.923757910728454590e-01 3.943884968757629395e-01 0.000000000000000000e+00
-5.251397490501403809e-01 3.744548559188842773e-01 0.000000000000000000e+00
-5.616742372512817383e-01 3.518605232238769531e-01 0.000000000000000000e+00
-5.077475905418395996e-01 3.346337974071502686e-01 0.000000000000000000e+00
-4.532635509967803955e-01 3.794121444225311279e-01 0.000000000000000000e+00
-4.529217481613159180e-01 3.413605093955993652e-01 0.000000000000000000e+00
-3.770354688167572021e-01 3.470200300216674805e-01 0.000000000000000000e+00
-2.307292073965072632e-01 3.445186018943786621e-01 0.000000000000000000e+00
-2.497562468051910400e-01 3.487889170646667480e-01 0.000000000000000000e+00
-1.640256345272064209e-01 3.620459437370300293e-01 0.000000000000000000e+00
-1.017961800098419189e-01 3.312543928623199463e-01 0.000000000000000000e+00
-3.461194038391113281e-02 3.346765339374542236e-01 0.000000000000000000e+00
3.249105811119079590e-02 3.303008079528808594e-01 0.000000000000000000e+00
1.023439392447471619e-01 3.246344327926635742e-01 0.000000000000000000e+00
1.706357300281524658e-01 3.213407993316650391e-01 0.000000000000000000e+00
2.149753868579864502e-01 3.134618699550628662e-01 0.000000000000000000e+00
2.213490903377532959e-01 3.188031613826751709e-01 0.000000000000000000e+00
1.629705578088760376e-01 3.346298038959503174e-01 0.000000000000000000e+00
2.825825512409210205e-01 3.158937096595764160e-01 0.000000000000000000e+00
2.607168853282928467e-01 3.489420711994171143e-01 0.000000000000000000e+00
1.893424093723297119e-01 3.758503198623657227e-01 0.000000000000000000e+00
1.621494740247726440e-01 4.029580354690551758e-01 0.000000000000000000e+00
1.964451670646667480e-01 3.877832591533660889e-01 0.000000000000000000e+00
1.379766911268234253e-01 3.835793435573577881e-01 0.000000000000000000e+00
6.233055889606475830e-02 3.848971426486968994e-01 0.000000000000000000e+00
-3.915475308895111084e-02 4.188172221183776855e-01 0.000000000000000000e+00
-1.114605665206909180e-01 4.009776711463928223e-01 0.000000000000000000e+00
-1.960235238075256348e-01 4.126363098621368408e-01 0.000000000000000000e+00
-2.331166565418243408e-01 4.231084585189819336e-01 0.000000000000000000e+00
-3.120760619640350342e-01 4.303356111049652100e-01 0.000000000000000000e+00
-3.876458406448364258e-01 4.332629144191741943e-01 0.000000000000000000e+00
-5.355041027069091797e-01 4.381610751152038574e-01 0.000000000000000000e+00
-5.870715975761413574e-01 4.803565144538879395e-01 0.000000000000000000e+00
-6.691446900367736816e-01 4.628090858459472656e-01 0.000000000000000000e+00
-7.586046457290649414e-01 4.716211557388305664e-01 0.000000000000000000e+00
