3.855951428413391113e-01 -4.129043519496917725e-01 6.538423150777816772e-02
3.855966627597808838e-01 -4.129041433334350586e-01 6.538423150777816772e-02
3.856070339679718018e-01 -4.129026830196380615e-01 6.538423150777816772e-02
3.856343626976013184e-01 -4.128988385200500488e-01 6.538423150777816772e-02
3.856859803199768066e-01 -4.128915667533874512e-01 6.538423150777816772e-02
3.857684731483459473e-01 -4.128799736499786377e-01 6.538423150777816772e-02
3.858876228332519531e-01 -4.128632247447967529e-01 6.538423150777816772e-02
3.860485255718231201e-01 -4.128405749797821045e-01 6.538423150777816772e-02
3.862555027008056641e-01 -4.128114581108093262e-01 6.538423150777816772e-02
3.865121901035308838e-01 -4.127753376960754395e-01 6.538423150777816772e-02
3.868215084075927734e-01 -4.127317965030670166e-01 6.538423150777816772e-02
3.871857225894927979e-01 -4.126805365085601807e-01 6.538423150777816772e-02
3.876063227653503418e-01 -4.126212894916534424e-01 6.538423150777816772e-02
3.880842924118041992e-01 -4.125539660453796387e-01 6.538423150777816772e-02
3.886198401451110840e-01 -4.124785363674163818e-01 6.538423150777816772e-02
3.892126083374023438e-01 -4.123950004577636719e-01 6.538423150777816772e-02
3.898616135120391846e-01 -4.123035371303558350e-01 6.538423150777816772e-02
3.905652463436126709e-01 -4.122043251991271973e-01 6.538423150777816772e-02
3.913213014602661133e-01 -4.120976924896240234e-01 6.538423150777816772e-02
3.921270072460174561e-01 -4.119839966297149658e-01 6.538423150777816772e-02
3.929790854454040527e-01 -4.118637442588806152e-01 6.538423150777816772e-02
3.938735723495483398e-01 -4.117374420166015625e-01 6.538423150777816772e-02
3.948061168193817139e-01 -4.116057157516479492e-01 6.538423150777816772e-02
3.957717418670654297e-01 -4.114692211151123047e-01 6.538423150777816772e-02
3.967649638652801514e-01 -4.113287627696990967e-01 6.538423150777816772e-02
3.977798819541931152e-01 -4.111851453781127930e-01 6.538423150777816772e-02
3.988100588321685791e-01 -4.110392630100250244e-01 6.538423150777816772e-02
3.998485505580902100e-01 -4.108920991420745850e-01 6.538423150777816772e-02
4.008880257606506348e-01 -4.107446670532226562e-01 6.538423150777816772e-02
4.019206762313842773e-01 -4.105980396270751953e-01 6.538423150777816772e-02
4.029383063316345215e-01 -4.104533493518829346e-01 6.538423150777816772e-02
4.039323329925537109e-01 -4.103118479251861572e-01 6.538423150777816772e-02
4.048974215984344482e-01 -4.101742208003997803e-01 6.538423150777816772e-02
4.058322608470916748e-01 -4.100407361984252930e-01 6.538423150777816772e-02
4.067359566688537598e-01 -4.099115431308746338e-01 6.538423150777816772e-02
4.076078236103057861e-01 -4.097867012023925781e-01 6.538423150777816772e-02
4.084474742412567139e-01 -4.096663296222686768e-01 6.538423150777816772e-02
4.092545509338378906e-01 -4.095505177974700928e-01 6.538423150777816772e-02
4.100290536880493164e-01 -4.094392955303192139e-01 6.538423150777816772e-02
4.107711017131805420e-01 -4.093326032161712646e-01 6.538423150777816772e-02
4.114809930324554443e-01 -4.092305004596710205e-01 6.538423150777816772e-02
4.121592342853546143e-01 -4.091329276561737061e-01 6.538423150777816772e-02
4.128065109252929688e-01 -4.090397655963897705e-01 6.538423150777816772e-02
4.134236872196197510e-01 -4.089509844779968262e-01 6.538423150777816772e-02
4.140118360519409180e-01 -4.088664054870605469e-01 6.538423150777816772e-02
4.145721197128295898e-01 -4.087859094142913818e-01 6.538423150777816772e-02
4.151059687137603760e-01 -4.087093472480773926e-01 6.538423150777816772e-02
4.156148731708526611e-01 -4.086364805698394775e-01 6.538423150777816772e-02
4.161005616188049316e-01 -4.085671305656433105e-01 6.538423150777816772e-02
4.165649116039276123e-01 -4.085010588169097900e-01 6.538423150777816772e-02
4.170099198818206787e-01 -4.084379971027374268e-01 6.538423150777816772e-02
4.174377620220184326e-01 -4.083777070045471191e-01 6.538423150777816772e-02
4.178507328033447266e-01 -4.083198308944702148e-01 6.538423150777816772e-02
4.182513058185577393e-01 -4.082640707492828369e-01 6.538423150777816772e-02
4.186420738697052002e-01 -4.082100987434387207e-01 6.538423150777816772e-02
4.190257191658020020e-01 -4.081575572490692139e-01 6.538423150777816772e-02
4.194051325321197510e-01 -4.081060588359832764e-01 6.538423150777816772e-02
4.197833240032196045e-01 -4.080552160739898682e-01 6.538423150777816772e-02
4.201633632183074951e-01 -4.080046415328979492e-01 6.538423150777816772e-02
4.205484986305236816e-01 -4.079538583755493164e-01 6.538423150777816772e-02
4.209420680999755859e-01 -4.079024791717529297e-01 6.538423150777816772e-02
4.213475286960601807e-01 -4.078500270843505859e-01 6.538423150777816772e-02
4.217680096626281738e-01 -4.077960252761840820e-01 6.538423150777816772e-02
4.222042858600616455e-01 -4.077403843402862549e-01 6.538423150777816772e-02
4.226562380790710449e-01 -4.076829552650451660e-01 6.538423150777816772e-02
4.231236279010772705e-01 -4.076237082481384277e-01 6.538423150777816772e-02
4.236062169075012207e-01 -4.075625836849212646e-01 6.538423150777816772e-02
4.241037070751190186e-01 -4.074994921684265137e-01 6.538423150777816772e-02
4.246157407760620117e-01 -4.074344336986541748e-01 6.538423150777816772e-02
4.251419305801391602e-01 -4.073673784732818604e-01 6.538423150777816772e-02
4.256817996501922607e-01 -4.072982370853424072e-01 6.538423150777816772e-02
4.262348413467407227e-01 -4.072270095348358154e-01 6.538423150777816772e-02
4.268004894256591797e-01 -4.071536958217620850e-01 6.538423150777816772e-02
4.273781180381774902e-01 -4.070782959461212158e-01 6.538423150777816772e-02
4.279671013355255127e-01 -4.070007801055908203e-01 6.538423150777816772e-02
4.285667240619659424e-01 -4.069211483001708984e-01 6.538423150777816772e-02
4.291762411594390869e-01 -4.068394303321838379e-01 6.538423150777816772e-02
4.297948777675628662e-01 -4.067556560039520264e-01 6.538423150777816772e-02
4.304217398166656494e-01 -4.066697955131530762e-01 6.538423150777816772e-02
4.310560226440429688e-01 -4.065819084644317627e-01 6.538423150777816772e-02
4.316967427730560303e-01 -4.064920246601104736e-01 6.538423150777816772e-02
4.323430061340332031e-01 -4.064002037048339844e-01 6.538423150777816772e-02
4.329937398433685303e-01 -4.063064455986022949e-01 6.538423150777816772e-02
4.336479306221008301e-01 -4.062108397483825684e-01 6.538423150777816772e-02
4.343045353889465332e-01 -4.061134457588195801e-01 6.538423150777816772e-02
4.349623918533325195e-01 -4.060142934322357178e-01 6.538423150777816772e-02
4.356203675270080566e-01 -4.059134721755981445e-01 6.538423150777816772e-02
4.362773001194000244e-01 -4.058110117912292480e-01 6.538423150777816772e-02
4.369319379329681396e-01 -4.057070612907409668e-01 6.538423150777816772e-02
4.375830590724945068e-01 -4.056016206741333008e-01 6.538423150777816772e-02
4.382293522357940674e-01 -4.054948389530181885e-01 6.538423150777816772e-02
4.388695359230041504e-01 -4.053867757320404053e-01 6.538423150777816772e-02
4.395022392272949219e-01 -4.052775204181671143e-01 6.538423150777816772e-02
4.401268064975738525e-01 -4.051672518253326416e-01 6.538423150777816772e-02
4.407435655593872070e-01 -4.050562679767608643e-01 6.538423150777816772e-02
4.413529634475708008e-01 -4.049448370933532715e-01 6.538423150777816772e-02
4.419555068016052246e-01 -4.048332571983337402e-01 6.538423150777816772e-02
4.425516128540039062e-01 -4.047217965126037598e-01 6.538423150777816772e-02
4.431418180465698242e-01 -4.046108126640319824e-01 6.538423150777816772e-02
4.437266290187835693e-01 -4.045005142688751221e-01 6.538423150777816772e-02
4.443065524101257324e-01 -4.043911993503570557e-01 6.538423150777816772e-02
4.448821544647216797e-01 -4.042831659317016602e-01 6.538423150777816772e-02
4.454539716243743896e-01 -4.041767120361328125e-01 6.538423150777816772e-02
4.460225403308868408e-01 -4.040720462799072266e-01 6.538423150777816772e-02
4.465884864330291748e-01 -4.039695262908935547e-01 6.538423150777816772e-02
4.471523463726043701e-01 -4.038693606853485107e-01 6.538423150777816772e-02
4.477147459983825684e-01 -4.037718474864959717e-01 6.538423150777816772e-02
4.482763409614562988e-01 -4.036772549152374268e-01 6.538423150777816772e-02
4.488376677036285400e-01 -4.035858213901519775e-01 6.538423150777816772e-02
4.493994414806365967e-01 -4.034978747367858887e-01 6.538423150777816772e-02
4.499622881412506104e-01 -4.034136533737182617e-01 6.538423150777816772e-02
4.505268633365631104e-01 -4.033333957195281982e-01 6.538423150777816772e-02
4.510938227176666260e-01 -4.032573699951171875e-01 6.538423150777816772e-02
4.516638517379760742e-01 -4.031858444213867188e-01 6.538423150777816772e-02
4.516757726669311523e-01 -4.031862616539001465e-01 6.538423150777816772e-02
4.517532289028167725e-01 -4.031890332698822021e-01 6.538423150777816772e-02
4.519456326961517334e-01 -4.031957685947418213e-01 6.538423150777816772e-02
4.522854983806610107e-01 -4.032073616981506348e-01 6.538423150777816772e-02
4.527894556522369385e-01 -4.032241106033325195e-01 6.538423150777816772e-02
4.534590244293212891e-01 -4.032456278800964355e-01 6.538423150777816772e-02
4.536251723766326904e-01 -4.032706022262573242e-01 6.538423150777816772e-02
4.545681774616241455e-01 -4.034121036529541016e-01 6.538423150777816772e-02
4.564973115921020508e-01 -4.037011265754699707e-01 6.538423150777816772e-02
4.590787589550018311e-01 -4.040867090225219727e-01 6.538423150777816772e-02
4.615628123283386230e-01 -4.044552147388458252e-01 6.538423150777816772e-02
4.634925425052642822e-01 -4.047394096851348877e-01 6.538423150777816772e-02
4.648867547512054443e-01 -4.049451649188995361e-01 6.538423150777816772e-02
4.659261405467987061e-01 -4.051028788089752197e-01 6.538423150777816772e-02
4.669221341609954834e-01 -4.052625596523284912e-01 6.538423150777816772e-02
4.681464731693267822e-01 -4.054634869098663330e-01 6.538423150777816772e-02
4.696173071861267090e-01 -4.056975841522216797e-01 6.538423150777816772e-02
4.712812602519989014e-01 -4.059449434280395508e-01 6.538423150777816772e-02
4.730455279350280762e-01 -4.061797559261322021e-01 6.538423150777816772e-02
4.747956991195678711e-01 -4.063755869865417480e-01 6.538423150777816772e-02
4.764705300331115723e-01 -4.065288305282592773e-01 6.538423150777816772e-02
4.780490696430206299e-01 -4.066471159458160400e-01 6.538423150777816772e-02
4.795314073562622070e-01 -4.067411422729492188e-01 6.538423150777816772e-02
4.809366762638092041e-01 -4.068246185779571533e-01 6.538423150777816772e-02
4.823009669780731201e-01 -4.069137275218963623e-01 6.538423150777816772e-02
4.836752712726593018e-01 -4.070267379283905029e-01 6.538423150777816772e-02
4.850987792015075684e-01 -4.071699976921081543e-01 6.538423150777816772e-02
4.865752756595611572e-01 -4.073290228843688965e-01 6.538423150777816772e-02
4.880996942520141602e-01 -4.074865877628326416e-01 6.538423150777816772e-02
4.896617233753204346e-01 -4.076246917247772217e-01 6.538423150777816772e-02
4.912461042404174805e-01 -4.077246189117431641e-01 6.538423150777816772e-02
4.928332567214965820e-01 -4.077669382095336914e-01 6.538423150777816772e-02
4.944019913673400879e-01 -4.077343344688415527e-01 6.538423150777816772e-02
4.959459602832794189e-01 -4.076293110847473145e-01 6.538423150777816772e-02
4.974678456783294678e-01 -4.074641466140747070e-01 6.538423150777816772e-02
4.989718496799468994e-01 -4.072513878345489502e-01 6.538423150777816772e-02
5.004635453224182129e-01 -4.070038199424743652e-01 6.538423150777816772e-02
5.019498467445373535e-01 -4.067343175411224365e-01 6.538423150777816772e-02
5.034385323524475098e-01 -4.064560234546661377e-01 6.538423150777816772e-02
5.049356818199157715e-01 -4.061816930770874023e-01 6.538423150777816772e-02
5.064412355422973633e-01 -4.059232771396636963e-01 6.538423150777816772e-02
5.079541802406311035e-01 -4.056924581527709961e-01 6.538423150777816772e-02
5.094732046127319336e-01 -4.055009186267852783e-01 6.538423150777816772e-02
5.109965205192565918e-01 -4.053602814674377441e-01 6.538423150777816772e-02
5.125220417976379395e-01 -4.052820801734924316e-01 6.538423150777816772e-02
5.140476226806640625e-01 -4.052762389183044434e-01 6.538423150777816772e-02
5.155722498893737793e-01 -4.053335487842559814e-01 6.538423150777816772e-02
5.170957446098327637e-01 -4.054328501224517822e-01 6.538423150777816772e-02
5.186179280281066895e-01 -4.055527448654174805e-01 6.538423150777816772e-02
5.201387405395507812e-01 -4.056719541549682617e-01 6.538423150777816772e-02
5.216588377952575684e-01 -4.057767093181610107e-01 6.538423150777816772e-02
5.231799483299255371e-01 -4.058659970760345459e-01 6.538423150777816772e-02
5.247039198875427246e-01 -4.059399962425231934e-01 6.538423150777816772e-02
5.262325406074523926e-01 -4.059988856315612793e-01 6.538423150777816772e-02
5.277664065361022949e-01 -4.060455858707427979e-01 6.538423150777816772e-02
5.293001532554626465e-01 -4.060966670513153076e-01 6.538423150777816772e-02
5.308264493942260742e-01 -4.061727821826934814e-01 6.538423150777816772e-02
5.323380827903747559e-01 -4.062946140766143799e-01 6.538423150777816772e-02
5.338283181190490723e-01 -4.064821302890777588e-01 6.538423150777816772e-02
5.352981090545654297e-01 -4.067441821098327637e-01 6.538423150777816772e-02
5.367552638053894043e-01 -4.070799648761749268e-01 6.538423150777816772e-02
5.382075905799865723e-01 -4.074884355068206787e-01 6.538423150777816772e-02
5.396629571914672852e-01 -4.079685509204864502e-01 6.538423150777816772e-02
5.411293506622314453e-01 -4.085192084312438965e-01 6.538423150777816772e-02
5.426146388053894043e-01 -4.091393649578094482e-01 6.538423150777816772e-02
5.441224575042724609e-01 -4.098172485828399658e-01 6.538423150777816772e-02
5.456402897834777832e-01 -4.104993045330047607e-01 6.538423150777816772e-02
5.471516251564025879e-01 -4.111218154430389404e-01 6.538423150777816772e-02
5.486398339271545410e-01 -4.116210639476776123e-01 6.538423150777816772e-02
5.500884056091308594e-01 -4.119333028793334961e-01 6.538423150777816772e-02
5.514808893203735352e-01 -4.119948446750640869e-01 6.538423150777816772e-02
5.528010725975036621e-01 -4.117437899112701416e-01 6.538423150777816772e-02
5.540453195571899414e-01 -4.111710786819458008e-01 6.538423150777816772e-02
5.552240610122680664e-01 -4.103271961212158203e-01 6.538423150777816772e-02
5.563485026359558105e-01 -4.092657864093780518e-01 6.538423150777816772e-02
5.574297308921813965e-01 -4.080404937267303467e-01 6.538423150777816772e-02
5.584789514541625977e-01 -4.067050218582153320e-01 6.538423150777816772e-02
5.595073103904724121e-01 -4.053129851818084717e-01 6.538423150777816772e-02
5.605268478393554688e-01 -4.039178192615509033e-01 6.538423150777816772e-02
5.615549683570861816e-01 -4.025713205337524414e-01 6.538423150777816772e-02
5.626106262207031250e-01 -4.013249278068542480e-01 6.538423150777816772e-02
5.637128353118896484e-01 -4.002299904823303223e-01 6.538423150777816772e-02
5.648806095123291016e-01 -3.993378579616546631e-01 6.538423150777816772e-02
5.661330223083496094e-01 -3.986999094486236572e-01 6.538423150777816772e-02
5.674887299537658691e-01 -3.983664810657501221e-01 6.538423150777816772e-02
5.689463019371032715e-01 -3.983313739299774170e-01 6.538423150777816772e-02
5.704743266105651855e-01 -3.985034525394439697e-01 6.538423150777816772e-02
5.720388293266296387e-01 -3.987845480442047119e-01 6.538423150777816772e-02
5.736058354377746582e-01 -3.990765213966369629e-01 6.538423150777816772e-02
5.751483440399169922e-01 -3.993002772331237793e-01 6.538423150777816772e-02
5.766686797142028809e-01 -3.994587063789367676e-01 6.538423150777816772e-02
5.781771540641784668e-01 -3.995768427848815918e-01 6.538423150777816772e-02
5.796840786933898926e-01 -3.996797204017639160e-01 6.538423150777816772e-02
5.811992287635803223e-01 -3.997913599014282227e-01 6.538423150777816772e-02
5.827225446701049805e-01 -3.999212086200714111e-01 6.538423150777816772e-02
5.842469930648803711e-01 -4.000675678253173828e-01 6.538423150777816772e-02
5.857651233673095703e-01 -4.002285301685333252e-01 6.538423150777816772e-02
5.872696042060852051e-01 -4.004021286964416504e-01 6.538423150777816772e-02
5.887590050697326660e-01 -4.005827605724334717e-01 6.538423150777816772e-02
5.902437567710876465e-01 -4.007572531700134277e-01 6.538423150777816772e-02
5.917357206344604492e-01 -4.009116291999816895e-01 6.538423150777816772e-02
5.932466387748718262e-01 -4.010318815708160400e-01 6.538423150777816772e-02
5.947884321212768555e-01 -4.011039733886718750e-01 6.538423150777816772e-02
5.963729023933410645e-01 -4.011138975620269775e-01 6.538423150777816772e-02
5.980091094970703125e-01 -4.010515511035919189e-01 6.538423150777816772e-02
5.996750593185424805e-01 -4.009497165679931641e-01 6.538423150777816772e-02
6.013294458389282227e-01 -4.008677899837493896e-01 6.538423150777816772e-02
6.029307842254638672e-01 -4.008655548095703125e-01 6.538423150777816772e-02
6.044375896453857422e-01 -4.010028541088104248e-01 6.538423150777816772e-02
6.058081984519958496e-01 -4.013394713401794434e-01 6.538423150777816772e-02
6.070011854171752930e-01 -4.019351601600646973e-01 6.538423150777816772e-02
6.079922318458557129e-01 -4.028242528438568115e-01 6.538423150777816772e-02
6.088041663169860840e-01 -4.039712250232696533e-01 6.538423150777816772e-02
6.094679832458496094e-01 -4.053286015987396240e-01 6.538423150777816772e-02
6.100145578384399414e-01 -4.068489074707031250e-01 6.538423150777816772e-02
6.104748845100402832e-01 -4.084846973419189453e-01 6.538423150777816772e-02
6.108798384666442871e-01 -4.101884961128234863e-01 6.538423150777816772e-02
6.112607121467590332e-01 -4.119128584861755371e-01 6.538423150777816772e-02
6.116541028022766113e-01 -4.136101603507995605e-01 6.538423150777816772e-02
6.121009588241577148e-01 -4.152327179908752441e-01 6.538423150777816772e-02
6.126425862312316895e-01 -4.167329072952270508e-01 6.538423150777816772e-02
6.133200526237487793e-01 -4.180629849433898926e-01 6.538423150777816772e-02
6.141746044158935547e-01 -4.191752970218658447e-01 6.538423150777816772e-02
6.152473092079162598e-01 -4.200222790241241455e-01 6.538424640893936157e-02
6.165580749511718750e-01 -4.205785095691680908e-01 6.538424640893936157e-02
6.180456876754760742e-01 -4.209042191505432129e-01 6.538424640893936157e-02
6.196297407150268555e-01 -4.210797548294067383e-01 6.538424640893936157e-02
6.212298274040222168e-01 -4.211855232715606689e-01 6.538424640893936157e-02
6.227712631225585938e-01 -4.212992191314697266e-01 6.538423895835876465e-02
6.242512464523315430e-01 -4.214691221714019775e-01 6.538423895835876465e-02
6.257157921791076660e-01 -4.217223227024078369e-01 6.538423895835876465e-02
6.272118687629699707e-01 -4.220858812332153320e-01 6.538423895835876465e-02
6.287859678268432617e-01 -4.225859940052032471e-01 6.538423895835876465e-02
6.304326653480529785e-01 -4.231769740581512451e-01 6.538423895835876465e-02
6.320545673370361328e-01 -4.236840903759002686e-01 6.538423895835876465e-02
6.335444450378417969e-01 -4.239190518856048584e-01 6.538423895835876465e-02
6.347950100898742676e-01 -4.236935675144195557e-01 6.538423895835876465e-02
6.357241272926330566e-01 -4.228676259517669678e-01 6.538423895835876465e-02
6.363828182220458984e-01 -4.215538501739501953e-01 6.538423895835876465e-02
6.368656754493713379e-01 -4.199488162994384766e-01 6.538423895835876465e-02
6.372671723365783691e-01 -4.182488620281219482e-01 6.538423895835876465e-02
6.376798748970031738e-01 -4.166432023048400879e-01 6.538423150777816772e-02
6.381571292877197266e-01 -4.151893258094787598e-01 6.538423150777816772e-02
6.387165784835815430e-01 -4.138238430023193359e-01 6.538423150777816772e-02
6.393746733665466309e-01 -4.124794900417327881e-01 6.538423150777816772e-02
6.401478052139282227e-01 -4.110888838768005371e-01 6.538422405719757080e-02
6.410055160522460938e-01 -4.096219241619110107e-01 6.538422405719757080e-02
6.418046355247497559e-01 -4.081380963325500488e-01 6.538422405719757080e-02
6.423847079277038574e-01 -4.067103862762451172e-01 6.538422405719757080e-02
6.425854563713073730e-01 -4.054118096828460693e-01 6.538422405719757080e-02
6.422678828239440918e-01 -4.043064713478088379e-01 6.538423150777816772e-02
6.414543986320495605e-01 -4.033902287483215332e-01 6.538423150777816772e-02
6.402383446693420410e-01 -4.026291370391845703e-01 6.538423150777816772e-02
6.387137770652770996e-01 -4.019889533519744873e-01 6.538423150777816772e-02
6.369747519493103027e-01 -4.014354050159454346e-01 6.538423150777816772e-02
6.351153850555419922e-01 -4.009342193603515625e-01 6.538423150777816772e-02
6.332296133041381836e-01 -4.004511833190917969e-01 6.538422405719757080e-02
6.313986182212829590e-01 -3.999541997909545898e-01 6.538422405719757080e-02
6.296784877777099609e-01 -3.994156718254089355e-01 6.538422405719757080e-02
6.281222701072692871e-01 -3.988084197044372559e-01 6.538422405719757080e-02
6.267831325531005859e-01 -3.981053233146667480e-01 6.538422405719757080e-02
6.257140636444091797e-01 -3.972792327404022217e-01 6.538422405719757080e-02
6.249682903289794922e-01 -3.963030278682708740e-01 6.538422405719757080e-02
6.245924830436706543e-01 -3.951528668403625488e-01 6.538423895835876465e-02
6.245651841163635254e-01 -3.938413858413696289e-01 6.538423895835876465e-02
6.248235702514648438e-01 -3.924030661582946777e-01 6.538423895835876465e-02
6.253043413162231445e-01 -3.908726871013641357e-01 6.538423895835876465e-02
6.259440779685974121e-01 -3.892850279808044434e-01 6.538423895835876465e-02
6.266794204711914062e-01 -3.876749277114868164e-01 6.538423895835876465e-02
6.274470686912536621e-01 -3.860772252082824707e-01 6.538423150777816772e-02
6.281886100769042969e-01 -3.845171928405761719e-01 6.538423150777816772e-02
6.288590431213378906e-01 -3.829950392246246338e-01 6.538423150777816772e-02
6.294157505035400391e-01 -3.815066516399383545e-01 6.538423150777816772e-02
6.298158764839172363e-01 -3.800480067729949951e-01 6.538423150777816772e-02
6.300166845321655273e-01 -3.786150515079498291e-01 6.538423150777816772e-02
6.299755573272705078e-01 -3.772037327289581299e-01 6.538423150777816772e-02
6.296533346176147461e-01 -3.758105933666229248e-01 6.538421660661697388e-02
6.290860772132873535e-01 -3.744297623634338379e-01 6.538421660661697388e-02
6.283661127090454102e-01 -3.730569481849670410e-01 6.538421660661697388e-02
6.275883913040161133e-01 -3.716870844364166260e-01 6.538420915603637695e-02
6.268475651741027832e-01 -3.703144490718841553e-01 6.538423895835876465e-02
6.261936426162719727e-01 -3.689379692077636719e-01 6.538423895835876465e-02
6.255803704261779785e-01 -3.675594031810760498e-01 6.538423895835876465e-02
6.249489784240722656e-01 -3.661819100379943848e-01 6.538423895835876465e-02
6.242406964302062988e-01 -3.648086488246917725e-01 6.538423895835876465e-02
6.234172582626342773e-01 -3.634412884712219238e-01 6.538427621126174927e-02
6.225662231445312500e-01 -3.620758056640625000e-01 6.538427621126174927e-02
6.218285560607910156e-01 -3.607040345668792725e-01 6.538428366184234619e-02
6.213446855545043945e-01 -3.593183159828186035e-01 6.538428366184234619e-02
6.212514638900756836e-01 -3.579114377498626709e-01 6.538423150777816772e-02
6.215528249740600586e-01 -3.564822077751159668e-01 6.538423150777816772e-02
6.221184730529785156e-01 -3.550376594066619873e-01 6.538423150777816772e-02
6.228097081184387207e-01 -3.535848259925842285e-01 6.538423150777816772e-02
6.234865784645080566e-01 -3.521319329738616943e-01 6.538423150777816772e-02
6.240550875663757324e-01 -3.506822586059570312e-01 6.538423150777816772e-02
6.245414018630981445e-01 -3.492377400398254395e-01 6.538423150777816772e-02
6.249957680702209473e-01 -3.477983176708221436e-01 6.538423150777816772e-02
6.254684329032897949e-01 -3.463639914989471436e-01 6.538423150777816772e-02
6.260002255439758301e-01 -3.449340462684631348e-01 6.538408994674682617e-02
6.265700459480285645e-01 -3.435042202472686768e-01 6.538408249616622925e-02
6.271139383316040039e-01 -3.420673906803131104e-01 6.538408249616622925e-02
6.275693178176879883e-01 -3.406166434288024902e-01 6.538408249616622925e-02
6.278766393661499023e-01 -3.391444981098175049e-01 6.538428366184234619e-02
6.280096769332885742e-01 -3.376499116420745850e-01 6.538428366184234619e-02
6.280040144920349121e-01 -3.361364305019378662e-01 6.538428366184234619e-02
6.278977990150451660e-01 -3.346087336540222168e-01 6.538428366184234619e-02
6.277290582656860352e-01 -3.330715000629425049e-01 6.538428366184234619e-02
6.275359392166137695e-01 -3.315294086933135986e-01 6.538428366184234619e-02
6.273565292358398438e-01 -3.299871385097503662e-01 6.538428366184234619e-02
6.272246241569519043e-01 -3.284489512443542480e-01 6.538423150777816772e-02
6.271383166313171387e-01 -3.269159495830535889e-01 6.538423150777816772e-02
6.270821690559387207e-01 -3.253878653049468994e-01 6.538423150777816772e-02
6.270402073860168457e-01 -3.238644301891326904e-01 6.538423150777816772e-02
6.269963383674621582e-01 -3.223454058170318604e-01 6.538423150777816772e-02
6.269346475601196289e-01 -3.208304643630981445e-01 6.538423150777816772e-02
6.268391013145446777e-01 -3.193194866180419922e-01 6.538424640893936157e-02
6.266992688179016113e-01 -3.178117573261260986e-01 6.538424640893936157e-02
6.265152692794799805e-01 -3.163063824176788330e-01 6.538424640893936157e-02
6.262883543968200684e-01 -3.148023188114166260e-01 6.538424640893936157e-02
6.260198354721069336e-01 -3.132985532283782959e-01 6.538424640893936157e-02
6.257110238075256348e-01 -3.117940425872802734e-01 6.538424640893936157e-02
6.253632307052612305e-01 -3.102877140045166016e-01 6.538424640893936157e-02
6.249794363975524902e-01 -3.087787926197052002e-01 6.538420170545578003e-02
6.245834827423095703e-01 -3.072679638862609863e-01 6.538420170545578003e-02
6.242104768753051758e-01 -3.057571351528167725e-01 6.538420170545578003e-02
6.238957643508911133e-01 -3.042481243610382080e-01 6.538420170545578003e-02
6.236749291419982910e-01 -3.027427494525909424e-01 6.538420170545578003e-02
6.235833168029785156e-01 -3.012428879737854004e-01 6.538420170545578003e-02
6.236562728881835938e-01 -2.997482419013977051e-01 6.538405269384384155e-02
6.239058971405029297e-01 -2.982637286186218262e-01 6.538405269384384155e-02
6.242824792861938477e-01 -2.967850565910339355e-01 6.538405269384384155e-02
6.247266530990600586e-01 -2.953095138072967529e-01 6.538404524326324463e-02
6.251788735389709473e-01 -2.938343882560729980e-01 6.538404524326324463e-02
6.255887150764465332e-01 -2.923583388328552246e-01 6.538444757461547852e-02
6.259546279907226562e-01 -2.908793985843658447e-01 6.538444757461547852e-02
6.263082027435302734e-01 -2.893997728824615479e-01 6.538444757461547852e-02
6.266788244247436523e-01 -2.879207134246826172e-01 6.538444757461547852e-02
6.270961165428161621e-01 -2.864428758621215820e-01 6.538434326648712158e-02
6.275498270988464355e-01 -2.849671244621276855e-01 6.538434326648712158e-02
6.279853582382202148e-01 -2.834907472133636475e-01 6.538435071706771851e-02
6.283440589904785156e-01 -2.820114493370056152e-01 6.538435071706771851e-02
6.285647153854370117e-01 -2.805287539958953857e-01 6.538418680429458618e-02
6.286127567291259766e-01 -2.790371477603912354e-01 6.538417935371398926e-02
6.285139322280883789e-01 -2.775375843048095703e-01 6.538417935371398926e-02
6.283119916915893555e-01 -2.760294973850250244e-01 6.538417935371398926e-02
6.280507445335388184e-01 -2.745123505592346191e-01 6.538417935371398926e-02
6.277738213539123535e-01 -2.729855775833129883e-01 6.538417935371398926e-02
6.275250315666198730e-01 -2.714486420154571533e-01 6.538417935371398926e-02
6.273454427719116211e-01 -2.699010074138641357e-01 6.538419425487518311e-02
6.272387504577636719e-01 -2.683472633361816406e-01 6.538419425487518311e-02
6.271632909774780273e-01 -2.667966485023498535e-01 6.538419425487518311e-02
6.270761489868164062e-01 -2.652586400508880615e-01 6.538419425487518311e-02
6.269345283508300781e-01 -2.637428045272827148e-01 6.538419425487518311e-02
6.266956329345703125e-01 -2.622587084770202637e-01 6.538419425487518311e-02
6.263166666030883789e-01 -2.608158588409423828e-01 6.538419425487518311e-02
6.257724761962890625e-01 -2.594215869903564453e-01 6.538434326648712158e-02
6.250869631767272949e-01 -2.580644488334655762e-01 6.538435071706771851e-02
6.243185997009277344e-01 -2.567309141159057617e-01 6.538435071706771851e-02
6.235209703445434570e-01 -2.554064989089965820e-01 6.538435071706771851e-02
6.227439045906066895e-01 -2.540748417377471924e-01 6.538421660661697388e-02
6.220089197158813477e-01 -2.527348399162292480e-01 6.538421660661697388e-02
6.213026046752929688e-01 -2.513857185840606689e-01 6.538422405719757080e-02
6.206125020980834961e-01 -2.500292360782623291e-01 6.538422405719757080e-02
6.199266910552978516e-01 -2.486703395843505859e-01 6.538395583629608154e-02
6.192340850830078125e-01 -2.473060488700866699e-01 6.538395583629608154e-02
6.185306906700134277e-01 -2.459464669227600098e-01 6.538394838571548462e-02
6.178128123283386230e-01 -2.445990592241287231e-01 6.538394838571548462e-02
6.170769333839416504e-01 -2.432713061571121216e-01 6.538394838571548462e-02
6.163163781166076660e-01 -2.419662773609161377e-01 6.538423150777816772e-02
6.155474781990051270e-01 -2.406783699989318848e-01 6.538423150777816772e-02
6.147781014442443848e-01 -2.393888682126998901e-01 6.538423150777816772e-02
6.140202879905700684e-01 -2.380811870098114014e-01 6.538423150777816772e-02
6.132860779762268066e-01 -2.367387712001800537e-01 6.538423150777816772e-02
6.125875711441040039e-01 -2.353450506925582886e-01 6.538423150777816772e-02
6.119385361671447754e-01 -2.338841408491134644e-01 6.538435071706771851e-02
6.113303899765014648e-01 -2.323624491691589355e-01 6.538435071706771851e-02
6.107287406921386719e-01 -2.308323085308074951e-01 6.538435071706771851e-02
6.100936532020568848e-01 -2.293504327535629272e-01 6.538435071706771851e-02
6.093854308128356934e-01 -2.279736101627349854e-01 6.538435816764831543e-02
6.085641980171203613e-01 -2.267585843801498413e-01 6.538435816764831543e-02
6.075901389122009277e-01 -2.257620990276336670e-01 6.538435816764831543e-02
6.064263582229614258e-01 -2.250346392393112183e-01 6.538425385951995850e-02
6.050884723663330078e-01 -2.245581895112991333e-01 6.538425385951995850e-02
6.036139130592346191e-01 -2.242770642042160034e-01 6.538425385951995850e-02
6.020421981811523438e-01 -2.241347134113311768e-01 6.538425385951995850e-02
6.004130244255065918e-01 -2.240745723247528076e-01 6.538425385951995850e-02
5.987658500671386719e-01 -2.240401059389114380e-01 6.538425385951995850e-02
5.971415042877197266e-01 -2.239744216203689575e-01 6.538407504558563232e-02
5.955640673637390137e-01 -2.238403558731079102e-01 6.538407504558563232e-02
5.957282185554504395e-01 -2.237698882818222046e-01 6.538407504558563232e-02
5.966543555259704590e-01 -2.233718931674957275e-01 6.538407504558563232e-02
5.985301136970520020e-01 -2.225641459226608276e-01 6.538407504558563232e-02
6.009954214096069336e-01 -2.214983850717544556e-01 6.538407504558563232e-02
6.032961606979370117e-01 -2.204954326152801514e-01 6.538407504558563232e-02
6.050477623939514160e-01 -2.197257280349731445e-01 6.538407504558563232e-02
6.051101684570312500e-01 -2.196802645921707153e-01 6.538407504558563232e-02
6.054928302764892578e-01 -2.193989753723144531e-01 6.538407504558563232e-02
6.063733100891113281e-01 -2.187434285879135132e-01 6.538407504558563232e-02
6.077852249145507812e-01 -2.176731824874877930e-01 6.538407504558563232e-02
6.096323132514953613e-01 -2.162366509437561035e-01 6.538407504558563232e-02
6.117010712623596191e-01 -2.145619541406631470e-01 6.538407504558563232e-02
6.136792302131652832e-01 -2.128458768129348755e-01 6.538407504558563232e-02
6.153476834297180176e-01 -2.112655937671661377e-01 6.538407504558563232e-02
6.167054772377014160e-01 -2.099050730466842651e-01 6.538407504558563232e-02
6.178036332130432129e-01 -2.088164389133453369e-01 6.538407504558563232e-02
6.187286972999572754e-01 -2.080276012420654297e-01 6.538407504558563232e-02
6.195991039276123047e-01 -2.075448334217071533e-01 6.538407504558563232e-02
6.205609440803527832e-01 -2.073552906513214111e-01 6.538407504558563232e-02
6.217604279518127441e-01 -2.074253559112548828e-01 6.538407504558563232e-02
6.231878399848937988e-01 -2.076812237501144409e-01 6.538407504558563232e-02
6.247585415840148926e-01 -2.080377489328384399e-01 6.538407504558563232e-02
6.263825893402099609e-01 -2.084132283926010132e-01 6.538407504558563232e-02
6.279672980308532715e-01 -2.087307423353195190e-01 6.538407504558563232e-02
6.294751167297363281e-01 -2.089757323265075684e-01 6.538407504558563232e-02
6.309397816658020020e-01 -2.092071622610092163e-01 6.538407504558563232e-02
6.324006319046020508e-01 -2.094874829053878784e-01 6.538407504558563232e-02
6.338983774185180664e-01 -2.098783105611801147e-01 6.538407504558563232e-02
6.354553699493408203e-01 -2.103985100984573364e-01 6.538407504558563232e-02
6.370233893394470215e-01 -2.109129130840301514e-01 6.538407504558563232e-02
6.385378837585449219e-01 -2.112513333559036255e-01 6.538407504558563232e-02
6.399337053298950195e-01 -2.112438529729843140e-01 6.538407504558563232e-02
6.411511301994323730e-01 -2.107353657484054565e-01 6.538407504558563232e-02
6.422012448310852051e-01 -2.097614109516143799e-01 6.538407504558563232e-02
6.431455016136169434e-01 -2.084910720586776733e-01 6.538407504558563232e-02
6.440462470054626465e-01 -2.070961743593215942e-01 6.538407504558563232e-02
6.449657678604125977e-01 -2.057478427886962891e-01 6.538407504558563232e-02
6.459383964538574219e-01 -2.045422792434692383e-01 6.538407504558563232e-02
6.469424366950988770e-01 -2.034265697002410889e-01 6.538407504558563232e-02
6.479495763778686523e-01 -2.023302018642425537e-01 6.538407504558563232e-02
6.489315629005432129e-01 -2.011826932430267334e-01 6.538407504558563232e-02
6.498680114746093750e-01 -1.999318599700927734e-01 6.538407504558563232e-02
6.507895588874816895e-01 -1.986421942710876465e-01 6.538407504558563232e-02
6.517468690872192383e-01 -1.974238753318786621e-01 6.538407504558563232e-02
6.527906060218811035e-01 -1.963871866464614868e-01 6.538407504558563232e-02
6.539701819419860840e-01 -1.956395804882049561e-01 6.538407504558563232e-02
6.552988886833190918e-01 -1.952061355113983154e-01 6.538407504558563232e-02
6.567491888999938965e-01 -1.950189024209976196e-01 6.538407504558563232e-02
6.582911610603332520e-01 -1.950049102306365967e-01 6.538407504558563232e-02
6.598950624465942383e-01 -1.950911879539489746e-01 6.538407504558563232e-02
6.615311503410339355e-01 -1.952047795057296753e-01 6.538407504558563232e-02
6.631695032119750977e-01 -1.952727288007736206e-01 6.538407504558563232e-02
6.647834777832031250e-01 -1.952345818281173706e-01 6.538407504558563232e-02
6.663649678230285645e-01 -1.951058804988861084e-01 6.538407504558563232e-02
6.679129004478454590e-01 -1.949307471513748169e-01 6.538407504558563232e-02
6.694262623786926270e-01 -1.947533786296844482e-01 6.538407504558563232e-02
6.709040403366088867e-01 -1.946179270744323730e-01 6.538407504558563232e-02
6.723451614379882812e-01 -1.945685744285583496e-01 6.538407504558563232e-02
6.737486124038696289e-01 -1.946493238210678101e-01 6.538407504558563232e-02
6.751195788383483887e-01 -1.948872059583663940e-01 6.538407504558563232e-02
6.764743328094482422e-01 -1.952781379222869873e-01 6.538407504558563232e-02
6.778304576873779297e-01 -1.958147138357162476e-01 6.538407504558563232e-02
6.792054772377014160e-01 -1.964894980192184448e-01 6.538407504558563232e-02
6.806168556213378906e-01 -1.972950845956802368e-01 6.538407504558563232e-02
6.820821166038513184e-01 -1.982240378856658936e-01 6.538407504558563232e-02
6.836152076721191406e-01 -1.992635726928710938e-01 6.538407504558563232e-02
6.851891875267028809e-01 -2.003407925367355347e-01 6.538407504558563232e-02
6.867517828941345215e-01 -2.013454735279083252e-01 6.538407504558563232e-02
6.882504820823669434e-01 -2.021667808294296265e-01 6.538407504558563232e-02
6.896326541900634766e-01 -2.026939094066619873e-01 6.538407504558563232e-02
6.908456087112426758e-01 -2.028160244226455688e-01 6.538407504558563232e-02
6.918367743492126465e-01 -2.024223655462265015e-01 6.538407504558563232e-02
6.925816535949707031e-01 -2.014640718698501587e-01 6.538407504558563232e-02
6.931417584419250488e-01 -2.000827640295028687e-01 6.538407504558563232e-02
6.935951709747314453e-01 -1.984564960002899170e-01 6.538407504558563232e-02
6.940199136734008789e-01 -1.967633217573165894e-01 6.538407504558563232e-02
6.944885849952697754e-01 -1.951686739921569824e-01 6.538407504558563232e-02
6.950147151947021484e-01 -1.937051713466644287e-01 6.538407504558563232e-02
6.955769062042236328e-01 -1.923258751630783081e-01 6.538407504558563232e-02
6.961529850959777832e-01 -1.909827888011932373e-01 6.538407504558563232e-02
6.967211961746215820e-01 -1.896281689405441284e-01 6.538407504558563232e-02
6.972708106040954590e-01 -1.882358789443969727e-01 6.538407504558563232e-02
6.978099942207336426e-01 -1.868163794279098511e-01 6.538407504558563232e-02
6.983487010002136230e-01 -1.853836476802825928e-01 6.538407504558563232e-02
6.988970041275024414e-01 -1.839516758918762207e-01 6.538407504558563232e-02
6.994631290435791016e-01 -1.825322955846786499e-01 6.538407504558563232e-02
7.000457048416137695e-01 -1.811260282993316650e-01 6.538407504558563232e-02
7.006404399871826172e-01 -1.797296404838562012e-01 6.538407504558563232e-02
7.012428045272827148e-01 -1.783398538827896118e-01 6.538407504558563232e-02
7.018484473228454590e-01 -1.769534349441528320e-01 6.538407504558563232e-02
7.024528980255126953e-01 -1.755671203136444092e-01 6.538407504558563232e-02
7.030518054962158203e-01 -1.741776913404464722e-01 6.538407504558563232e-02
7.036435604095458984e-01 -1.727836877107620239e-01 6.538407504558563232e-02
7.042312026023864746e-01 -1.713864654302597046e-01 6.538407504558563232e-02
7.048181891441345215e-01 -1.699876636266708374e-01 6.538407504558563232e-02
7.054079174995422363e-01 -1.685889065265655518e-01 6.538407504558563232e-02
7.060037851333618164e-01 -1.671918183565139771e-01 6.538407504558563232e-02
7.066092491149902344e-01 -1.657980382442474365e-01 6.538407504558563232e-02
7.072271108627319336e-01 -1.644089818000793457e-01 6.538407504558563232e-02
7.078529000282287598e-01 -1.630237996578216553e-01 6.538407504558563232e-02
7.084785699844360352e-01 -1.616404354572296143e-01 6.538407504558563232e-02
7.090958356857299805e-01 -1.602568477392196655e-01 6.538407504558563232e-02
7.096965312957763672e-01 -1.588710099458694458e-01 6.538407504558563232e-02
7.102841138839721680e-01 -1.574826836585998535e-01 6.538407504558563232e-02
7.108787298202514648e-01 -1.560946255922317505e-01 6.538407504558563232e-02
7.115024328231811523e-01 -1.547098010778427124e-01 6.538407504558563232e-02
7.121770381927490234e-01 -1.533311754465103149e-01 6.538407504558563232e-02
7.129107713699340820e-01 -1.519599407911300659e-01 6.538407504558563232e-02
7.136443257331848145e-01 -1.505889147520065308e-01 6.538407504558563232e-02
7.142982482910156250e-01 -1.492082625627517700e-01 6.538407504558563232e-02
7.147929668426513672e-01 -1.478081494569778442e-01 6.538407504558563232e-02
7.150526642799377441e-01 -1.463792175054550171e-01 6.538407504558563232e-02
7.150696516036987305e-01 -1.449196785688400269e-01 6.538407504558563232e-02
7.148979902267456055e-01 -1.434347033500671387e-01 6.538407504558563232e-02
7.145938277244567871e-01 -1.419296860694885254e-01 6.538407504558563232e-02
7.142133116722106934e-01 -1.404100060462951660e-01 6.538407504558563232e-02
7.138125896453857422e-01 -1.388810724020004272e-01 6.538407504558563232e-02
7.134478092193603516e-01 -1.373482793569564819e-01 6.538407504558563232e-02
7.131627202033996582e-01 -1.358167827129364014e-01 6.538407504558563232e-02
7.129437327384948730e-01 -1.342906504869461060e-01 6.538407504558563232e-02
7.127607464790344238e-01 -1.327736377716064453e-01 6.538407504558563232e-02
7.125834822654724121e-01 -1.312695145606994629e-01 6.538407504558563232e-02
7.123817801475524902e-01 -1.297820359468460083e-01 6.538407504558563232e-02
7.121254205703735352e-01 -1.283149719238281250e-01 6.538407504558563232e-02
7.117846608161926270e-01 -1.268719434738159180e-01 6.538407504558563232e-02
7.113528251647949219e-01 -1.254505813121795654e-01 6.538407504558563232e-02
7.108563184738159180e-01 -1.240398287773132324e-01 6.538407504558563232e-02
7.103242278099060059e-01 -1.226279214024543762e-01 6.538407504558563232e-02
7.097855806350708008e-01 -1.212031245231628418e-01 6.538407504558563232e-02
7.092695236206054688e-01 -1.197536736726760864e-01 6.538407504558563232e-02
7.088050842285156250e-01 -1.182678267359733582e-01 6.538407504558563232e-02
7.084153294563293457e-01 -1.167373359203338623e-01 6.538407504558563232e-02
7.080740928649902344e-01 -1.151826158165931702e-01 6.538407504558563232e-02
7.077308893203735352e-01 -1.136381328105926514e-01 6.538407504558563232e-02
7.073352336883544922e-01 -1.121384426951408386e-01 6.538407504558563232e-02
7.068367004394531250e-01 -1.107181012630462646e-01 6.538407504558563232e-02
7.061846256256103516e-01 -1.094116717576980591e-01 6.538407504558563232e-02
7.053288221359252930e-01 -1.082536727190017700e-01 6.538408249616622925e-02
7.042522430419921875e-01 -1.072546765208244324e-01 6.538408249616622925e-02
7.030184864997863770e-01 -1.063686907291412354e-01 6.538408249616622925e-02
7.017024755477905273e-01 -1.055414378643035889e-01 6.538408249616622925e-02
7.003793120384216309e-01 -1.047186180949211121e-01 6.538408249616622925e-02
6.991143822669982910e-01 -1.038526296615600586e-01 6.538407504558563232e-02
6.979026794433593750e-01 -1.029485985636711121e-01 6.538407504558563232e-02
6.967040300369262695e-01 -1.020361855626106262e-01 6.538407504558563232e-02
6.954784989356994629e-01 -1.011452600359916687e-01 6.538407504558563232e-02
6.941872239112854004e-01 -1.003047525882720947e-01 6.538410484790802002e-02
6.928424239158630371e-01 -9.950490295886993408e-02 6.538410484790802002e-02
6.915239691734313965e-01 -9.868413209915161133e-02 6.538410484790802002e-02
6.903165578842163086e-01 -9.777725487947463989e-02 6.538410484790802002e-02
6.893048286437988281e-01 -9.671908617019653320e-02 6.538410484790802002e-02
6.885483264923095703e-01 -9.546551853418350220e-02 6.538411974906921387e-02
6.879968643188476562e-01 -9.405814111232757568e-02 6.538411974906921387e-02
6.875762939453125000e-01 -9.256026893854141235e-02 6.538411974906921387e-02
6.872114539146423340e-01 -9.103522449731826782e-02 6.538411974906921387e-02
6.868290901184082031e-01 -8.954335749149322510e-02 6.538407504558563232e-02
6.863939166069030762e-01 -8.809963613748550415e-02 6.538407504558563232e-02
6.858971118927001953e-01 -8.668442070484161377e-02 6.538407504558563232e-02
6.853309273719787598e-01 -8.527714014053344727e-02 6.538407504558563232e-02
6.846883296966552734e-01 -8.385724574327468872e-02 6.538414210081100464e-02
6.839936375617980957e-01 -8.241563290357589722e-02 6.538414210081100464e-02
6.833435297012329102e-01 -8.096795529127120972e-02 6.538414955139160156e-02
6.828436255455017090e-01 -7.953317463397979736e-02 6.538414955139160156e-02
6.825997233390808105e-01 -7.813027501106262207e-02 6.538414955139160156e-02
6.827027201652526855e-01 -7.677570730447769165e-02 6.538407504558563232e-02
6.831426620483398438e-01 -7.546795904636383057e-02 6.538407504558563232e-02
6.838641166687011719e-01 -7.419776171445846558e-02 6.538407504558563232e-02
6.848120093345642090e-01 -7.295583188533782959e-02 6.538407504558563232e-02
6.859310865402221680e-01 -7.173285633325576782e-02 6.538407504558563232e-02
6.871662139892578125e-01 -7.051954418420791626e-02 6.538407504558563232e-02
6.884622573852539062e-01 -6.930660456418991089e-02 6.538406759500503540e-02
6.897591352462768555e-01 -6.808660179376602173e-02 6.538406759500503540e-02
6.909866333007812500e-01 -6.685601174831390381e-02 6.538406759500503540e-02
6.920732259750366211e-01 -6.561180204153060913e-02 6.538406759500503540e-02
6.929475069046020508e-01 -6.435092538595199585e-02 6.538406759500503540e-02
6.935378313064575195e-01 -6.307035684585571289e-02 6.538406759500503540e-02
6.937728524208068848e-01 -6.176705285906791687e-02 6.538406759500503540e-02
6.935888528823852539e-01 -6.043874099850654602e-02 6.538405269384384155e-02
6.930329799652099609e-01 -5.909325554966926575e-02 6.538405269384384155e-02
6.922292709350585938e-01 -5.774562805891036987e-02 6.538405269384384155e-02
6.913037300109863281e-01 -5.641103535890579224e-02 6.538405269384384155e-02
6.903820037841796875e-01 -5.510459840297698975e-02 6.538396328687667847e-02
6.895481944084167480e-01 -5.382462963461875916e-02 6.538396328687667847e-02
6.888009905815124512e-01 -5.253604054450988770e-02 6.538395583629608154e-02
6.881291866302490234e-01 -5.119964852929115295e-02 6.538395583629608154e-02
6.875213980674743652e-01 -4.977627098560333252e-02 6.538395583629608154e-02
6.869603395462036133e-01 -4.824453964829444885e-02 6.538406759500503540e-02
6.863811612129211426e-01 -4.669990390539169312e-02 6.538406759500503540e-02
6.857039928436279297e-01 -4.528364539146423340e-02 6.538406759500503540e-02
6.848479509353637695e-01 -4.413732141256332397e-02 6.538406759500503540e-02
6.837372779846191406e-01 -4.339836537837982178e-02 6.538417190313339233e-02
6.823636889457702637e-01 -4.307736828923225403e-02 6.538417190313339233e-02
6.808130145072937012e-01 -4.304038733243942261e-02 6.538417935371398926e-02
6.791731119155883789e-01 -4.314538836479187012e-02 6.538417935371398926e-02
6.775295734405517578e-01 -4.325035586953163147e-02 6.538419425487518311e-02
6.759532690048217773e-01 -4.324903339147567749e-02 6.538419425487518311e-02
6.744336485862731934e-01 -4.315704852342605591e-02 6.538419425487518311e-02
6.729468107223510742e-01 -4.301594570279121399e-02 6.538419425487518311e-02
6.714686155319213867e-01 -4.286726564168930054e-02 6.538419425487518311e-02
6.699776649475097656e-01 -4.274949803948402405e-02 6.538406759500503540e-02
6.684678792953491211e-01 -4.266339167952537537e-02 6.538406759500503540e-02
6.669479012489318848e-01 -4.258532077074050903e-02 6.538406014442443848e-02
6.654257774353027344e-01 -4.249114170670509338e-02 6.538406014442443848e-02
6.639076471328735352e-01 -4.235669225454330444e-02 6.538406759500503540e-02
6.624014377593994141e-01 -4.217044264078140259e-02 6.538406759500503540e-02
6.609030365943908691e-01 -4.194324836134910583e-02 6.538406759500503540e-02
6.594092845916748047e-01 -4.168856143951416016e-02 6.538406759500503540e-02
6.579170227050781250e-01 -4.141984507441520691e-02 6.538406759500503540e-02
6.564232110977172852e-01 -4.115056619048118591e-02 6.538406759500503540e-02
6.549246907234191895e-01 -4.089418053627014160e-02 6.538406759500503540e-02
6.534185409545898438e-01 -4.066272079944610596e-02 6.538406014442443848e-02
6.519071459770202637e-01 -4.045204445719718933e-02 6.538406014442443848e-02
6.503950953483581543e-01 -4.024779424071311951e-02 6.538406014442443848e-02
6.488873958587646484e-01 -4.003544896841049194e-02 6.538406014442443848e-02
6.473890542984008789e-01 -3.980048745870590210e-02 6.538406014442443848e-02
6.459048390388488770e-01 -3.952838853001594543e-02 6.538406014442443848e-02
6.444404721260070801e-01 -3.920466080307960510e-02 6.538407504558563232e-02
6.429960727691650391e-01 -3.882211819291114807e-02 6.538407504558563232e-02
6.415632367134094238e-01 -3.839669376611709595e-02 6.538407504558563232e-02
6.401305794715881348e-01 -3.794877603650093079e-02 6.538407504558563232e-02
6.386870145797729492e-01 -3.749874234199523926e-02 6.538407504558563232e-02
6.372210979461669922e-01 -3.706698864698410034e-02 6.538407504558563232e-02
6.357217431068420410e-01 -3.667389973998069763e-02 6.538407504558563232e-02
6.341781020164489746e-01 -3.633857518434524536e-02 6.538407504558563232e-02
6.326025128364562988e-01 -3.605024889111518860e-02 6.538407504558563232e-02
6.310282349586486816e-01 -3.576747328042984009e-02 6.538407504558563232e-02
6.294899582862854004e-01 -3.544745594263076782e-02 6.538407504558563232e-02
6.280223131179809570e-01 -3.504740819334983826e-02 6.538407504558563232e-02
6.266599893569946289e-01 -3.452453389763832092e-02 6.538407504558563232e-02
6.254376769065856934e-01 -3.383604064583778381e-02 6.538407504558563232e-02
6.243827939033508301e-01 -3.294737637042999268e-02 6.538410484790802002e-02
6.234815120697021484e-01 -3.186817467212677002e-02 6.538410484790802002e-02
6.227071881294250488e-01 -3.062301501631736755e-02 6.538410484790802002e-02
6.220328807830810547e-01 -2.923645637929439545e-02 6.538410484790802002e-02
6.214317083358764648e-01 -2.773305959999561310e-02 6.538410484790802002e-02
6.208767294883728027e-01 -2.613738924264907837e-02 6.538410484790802002e-02
6.203415393829345703e-01 -2.447422780096530914e-02 6.538406759500503540e-02
6.197979450225830078e-01 -2.278476767241954803e-02 6.538406759500503540e-02
6.192189455032348633e-01 -2.113723941147327423e-02 6.538406759500503540e-02
6.185770630836486816e-01 -1.960241794586181641e-02 6.538406759500503540e-02
6.178446412086486816e-01 -1.825107075273990631e-02 6.538406759500503540e-02
6.169942021369934082e-01 -1.715396903455257416e-02 6.538406759500503540e-02
6.159981489181518555e-01 -1.638188585638999939e-02 6.538406759500503540e-02
6.148322224617004395e-01 -1.599673926830291748e-02 6.538402289152145386e-02
6.135115027427673340e-01 -1.597500592470169067e-02 6.538402289152145386e-02
6.120702028274536133e-01 -1.624516211450099945e-02 6.538402289152145386e-02
6.105435490608215332e-01 -1.673517003655433655e-02 6.538402289152145386e-02
6.089665293693542480e-01 -1.737299375236034393e-02 6.538402289152145386e-02
6.073743104934692383e-01 -1.808659546077251434e-02 6.538402289152145386e-02
6.058023571968078613e-01 -1.880399323999881744e-02 6.538412719964981079e-02
6.042740345001220703e-01 -1.946587674319744110e-02 6.538412719964981079e-02
6.027839779853820801e-01 -2.004809677600860596e-02 6.538412719964981079e-02
6.013213396072387695e-01 -2.053242549300193787e-02 6.538412719964981079e-02
5.998751521110534668e-01 -2.090063318610191345e-02 6.538412719964981079e-02
5.984345078468322754e-01 -2.113449387252330780e-02 6.538412719964981079e-02
5.969886183738708496e-01 -2.121577598154544830e-02 6.538412719964981079e-02
5.955298542976379395e-01 -2.112818695604801178e-02 6.538373976945877075e-02
5.940505862236022949e-01 -2.089238911867141724e-02 6.538373231887817383e-02
5.925594568252563477e-01 -2.056284435093402863e-02 6.538373231887817383e-02
5.910626053810119629e-01 -2.019520848989486694e-02 6.538373231887817383e-02
5.895650386810302734e-01 -1.984499581158161163e-02 6.538368016481399536e-02
5.880731344223022461e-01 -1.954604126513004303e-02 6.538367271423339844e-02
5.865850448608398438e-01 -1.927410811185836792e-02 6.538366526365280151e-02
5.850992798805236816e-01 -1.899568177759647369e-02 6.538366526365280151e-02
5.836142301559448242e-01 -1.867724955081939697e-02 6.538365781307220459e-02
5.821201801300048828e-01 -1.829302310943603516e-02 6.538408994674682617e-02
5.806332230567932129e-01 -1.788586936891078949e-02 6.538408994674682617e-02
5.791451930999755859e-01 -1.753381267189979553e-02 6.538408249616622925e-02
5.776561498641967773e-01 -1.731525361537933350e-02 6.538408249616622925e-02
5.761680006980895996e-01 -1.730741187930107117e-02 6.538375467061996460e-02
5.746788382530212402e-01 -1.752528734505176544e-02 6.538375467061996460e-02
5.731940269470214844e-01 -1.789271645247936249e-02 6.538374722003936768e-02
5.717172622680664062e-01 -1.832624897360801697e-02 6.538374722003936768e-02
5.702524781227111816e-01 -1.874244026839733124e-02 6.538373976945877075e-02
5.688053965568542480e-01 -1.907854527235031128e-02 6.538510322570800781e-02
5.673518776893615723e-01 -1.936716772615909576e-02 6.538511812686920166e-02
5.658792257308959961e-01 -1.966678909957408905e-02 6.538512557744979858e-02
5.643695592880249023e-01 -2.003614977002143860e-02 6.538513302803039551e-02
5.628134608268737793e-01 -2.052837051451206207e-02 6.538508087396621704e-02
5.612282752990722656e-01 -2.108524739742279053e-02 6.538509577512741089e-02
5.596864819526672363e-01 -2.155885100364685059e-02 6.538510322570800781e-02
5.582556724548339844e-01 -2.179766446352005005e-02 6.538511812686920166e-02
5.569957494735717773e-01 -2.164998464286327362e-02 6.538411974906921387e-02
5.559620261192321777e-01 -2.102843113243579865e-02 6.538411974906921387e-02
5.551192760467529297e-01 -1.999710127711296082e-02 6.538411974906921387e-02
5.544303059577941895e-01 -1.864306442439556122e-02 6.538412719964981079e-02
5.538577437400817871e-01 -1.705338619649410248e-02 6.538412719964981079e-02
5.533642768859863281e-01 -1.531513407826423645e-02 6.538412719964981079e-02
5.529124736785888672e-01 -1.351537741720676422e-02 6.538412719964981079e-02
5.524650812149047852e-01 -1.173932664096355438e-02 6.538404524326324463e-02
5.519912242889404297e-01 -1.004241500049829483e-02 6.538404524326324463e-02
5.514633059501647949e-01 -8.455879986286163330e-03 6.538404524326324463e-02
5.508542060852050781e-01 -7.010280154645442963e-03 6.538404524326324463e-02
5.501368641853332520e-01 -5.736172199249267578e-03 6.538404524326324463e-02
5.492841601371765137e-01 -4.664113745093345642e-03 6.538404524326324463e-02
5.482689738273620605e-01 -3.824662184342741966e-03 6.538404524326324463e-02
5.470755100250244141e-01 -3.233070950955152512e-03 6.538387387990951538e-02
5.457246899604797363e-01 -2.841067500412464142e-03 6.538387387990951538e-02
5.442520976066589355e-01 -2.584170550107955933e-03 6.538387387990951538e-02
5.426918864250183105e-01 -2.397850621491670609e-03 6.538386642932891846e-02
5.410783290863037109e-01 -2.217578003183007240e-03 6.538386642932891846e-02
5.394456386566162109e-01 -1.978823449462652206e-03 6.538386642932891846e-02
5.378275513648986816e-01 -1.618609414435923100e-03 6.538410484790802002e-02
5.362447500228881836e-01 -1.134882913902401924e-03 6.538410484790802002e-02
5.347000360488891602e-01 -6.050894735381007195e-04 6.538410484790802002e-02
5.331951975822448730e-01 -1.120227389037609100e-04 6.538411229848861694e-02
5.317320227622985840e-01 2.615237317513674498e-04 6.538411229848861694e-02
5.303122401237487793e-01 4.327564383856952190e-04 6.538411229848861694e-02
5.289376378059387207e-01 3.188818518538028002e-04 6.538411229848861694e-02
5.276200771331787109e-01 -1.451972493669018149e-04 6.538423150777816772e-02
5.263282656669616699e-01 -8.964718435890972614e-04 6.538423150777816772e-02
5.250607728958129883e-01 -1.815778319723904133e-03 6.538423150777816772e-02
5.238048434257507324e-01 -2.783683361485600471e-03 6.538423895835876465e-02
5.225229263305664062e-01 -3.683023154735565186e-03 6.538367271423339844e-02
5.212571620941162109e-01 -4.478063900023698807e-03 6.538367271423339844e-02
5.199815034866333008e-01 -5.235332995653152466e-03 6.538366526365280151e-02
5.186948180198669434e-01 -6.027833558619022369e-03 6.538365781307220459e-02
5.174230933189392090e-01 -6.928480230271816254e-03 6.538583338260650635e-02
5.161150097846984863e-01 -7.967143319547176361e-03 6.538584083318710327e-02
5.148109793663024902e-01 -9.009803645312786102e-03 6.538584828376770020e-02
5.135275721549987793e-01 -9.883883409202098846e-03 6.538586318492889404e-02
5.122813582420349121e-01 -1.041680481284856796e-02 6.538587063550949097e-02
5.110734701156616211e-01 -1.044708024710416794e-02 6.538389623165130615e-02
5.099350810050964355e-01 -9.963154792785644531e-03 6.538389623165130615e-02
5.088447928428649902e-01 -9.061762131750583649e-03 6.538389623165130615e-02
5.077951550483703613e-01 -7.841987535357475281e-03 6.538388878107070923e-02
5.067788958549499512e-01 -6.402913480997085571e-03 6.538388878107070923e-02
5.057886838912963867e-01 -4.843622911721467972e-03 6.538388878107070923e-02
5.048162341117858887e-01 -3.263221820816397667e-03 6.538396328687667847e-02
5.038541555404663086e-01 -1.748237060382962227e-03 6.538396328687667847e-02
5.028851628303527832e-01 -3.400720597710460424e-04 6.538395583629608154e-02
5.018913745880126953e-01 9.301028330810368061e-04 6.538395583629608154e-02
5.008548498153686523e-01 2.031113952398300171e-03 6.538395583629608154e-02
4.997577071189880371e-01 2.931782742962241173e-03 6.538395583629608154e-02
4.985820353031158447e-01 3.600926604121923447e-03 6.538395583629608154e-02
4.973089993000030518e-01 4.008756950497627258e-03 6.538429856300354004e-02
4.959386289119720459e-01 4.167661070823669434e-03 6.538429856300354004e-02
4.944842159748077393e-01 4.139168653637170792e-03 6.538430601358413696e-02
4.929613173007965088e-01 3.987556323409080505e-03 6.538430601358413696e-02
4.913855195045471191e-01 3.777116769924759865e-03 6.538430601358413696e-02
4.897724390029907227e-01 3.572158748283982277e-03 6.538431346416473389e-02
4.881376922130584717e-01 3.437009640038013458e-03 6.538431346416473389e-02
4.865028858184814453e-01 3.422550158575177193e-03 6.538409739732742310e-02
4.848751127719879150e-01 3.495179349556565285e-03 6.538410484790802002e-02
4.832788705825805664e-01 3.588477382436394691e-03 6.538410484790802002e-02
4.817331433296203613e-01 3.635912435129284859e-03 6.538410484790802002e-02
4.802567362785339355e-01 3.570894710719585419e-03 6.538410484790802002e-02
4.788683950901031494e-01 3.326768288388848305e-03 6.538410484790802002e-02
4.775889217853546143e-01 2.837189240381121635e-03 6.538388878107070923e-02
4.764176905155181885e-01 2.076074713841080666e-03 6.538388878107070923e-02
4.753332138061523438e-01 1.093666302040219307e-03 6.538388878107070923e-02
4.743089973926544189e-01 -5.118217814015224576e-05 6.538388878107070923e-02
4.733187556266784668e-01 -1.299425028264522552e-03 6.538388878107070923e-02
4.723365008831024170e-01 -2.591800875961780548e-03 6.538388133049011230e-02
4.713371694087982178e-01 -3.868802217766642570e-03 6.538441032171249390e-02
4.703021943569183350e-01 -5.084059201180934906e-03 6.538441032171249390e-02
4.692417681217193604e-01 -6.237235851585865021e-03 6.538441032171249390e-02
4.681706130504608154e-01 -7.338447961956262589e-03 6.538441777229309082e-02
4.671024978160858154e-01 -8.398504927754402161e-03 6.538441777229309082e-02
4.660501182079315186e-01 -9.428996592760086060e-03 6.538442522287368774e-02
4.650250971317291260e-01 -1.044238265603780746e-02 6.538442522287368774e-02
4.640337526798248291e-01 -1.145254075527191162e-02 6.538386642932891846e-02
4.630564153194427490e-01 -1.247497089207172394e-02 6.538386642932891846e-02
4.620656371116638184e-01 -1.352464314550161362e-02 6.538386642932891846e-02
4.610373377799987793e-01 -1.461384259164333344e-02 6.538385897874832153e-02
4.599511623382568359e-01 -1.575201377272605896e-02 6.538385897874832153e-02
4.587911367416381836e-01 -1.694542728364467621e-02 6.538385897874832153e-02
4.575472176074981689e-01 -1.819413341581821442e-02 6.538318842649459839e-02
4.562715888023376465e-01 -1.946206949651241302e-02 6.538318097591400146e-02
4.550380408763885498e-01 -2.069378271698951721e-02 6.538318097591400146e-02
4.539114534854888916e-01 -2.184252813458442688e-02 6.538317352533340454e-02
4.529428482055664062e-01 -2.287190780043601990e-02 6.538316607475280762e-02
4.521676599979400635e-01 -2.375709824264049530e-02 6.538315862417221069e-02
4.516029655933380127e-01 -2.448830567300319672e-02 6.538381427526473999e-02
4.511448144912719727e-01 -2.514061518013477325e-02 6.538381427526473999e-02
4.505898058414459229e-01 -2.586632594466209412e-02 6.538380682468414307e-02
4.497689604759216309e-01 -2.679068967700004578e-02 6.538380682468414307e-02
4.485639631748199463e-01 -2.800127305090427399e-02 6.538380682468414307e-02
4.469133019447326660e-01 -2.954341098666191101e-02 6.538380682468414307e-02
4.448078274726867676e-01 -3.141481429338455200e-02 6.538444012403488159e-02
4.424774050712585449e-01 -3.346164152026176453e-02 6.538444012403488159e-02
4.403868019580841064e-01 -3.532978519797325134e-02 6.538444012403488159e-02
4.388978779315948486e-01 -3.675028309226036072e-02 6.538444012403488159e-02
4.381881356239318848e-01 -3.759124502539634705e-02 6.538444012403488159e-02
4.382278919219970703e-01 -3.787482902407646179e-02 6.538444757461547852e-02
4.393939375877380371e-01 -3.764583542943000793e-02 6.538423150777816772e-02
4.400346279144287109e-01 -3.750366717576980591e-02 6.538423150777816772e-02
4.406836032867431641e-01 -3.736696019768714905e-02 6.538423150777816772e-02
4.413393735885620117e-01 -3.723476827144622803e-02 6.538423150777816772e-02
4.420005381107330322e-01 -3.710614144802093506e-02 6.538423150777816772e-02
4.426656365394592285e-01 -3.698013350367546082e-02 6.538423150777816772e-02
4.433332383632659912e-01 -3.685580193996429443e-02 6.538423150777816772e-02
4.440019130706787109e-01 -3.673219680786132812e-02 6.538423150777816772e-02
4.446702301502227783e-01 -3.660837560892105103e-02 6.538423150777816772e-02
4.453367590904235840e-01 -3.648338466882705688e-02 6.538423150777816772e-02
4.460000097751617432e-01 -3.635628521442413330e-02 6.538423150777816772e-02
4.466586112976074219e-01 -3.622613102197647095e-02 6.538423150777816772e-02
4.473111033439636230e-01 -3.609196841716766357e-02 6.538423150777816772e-02
4.479560256004333496e-01 -3.595285490155220032e-02 6.538423150777816772e-02
4.485921859741210938e-01 -3.580795601010322571e-02 6.538422405719757080e-02
4.492193460464477539e-01 -3.565717488527297974e-02 6.538422405719757080e-02
4.498379230499267578e-01 -3.550076857209205627e-02 6.538422405719757080e-02
4.504483342170715332e-01 -3.533899039030075073e-02 6.538422405719757080e-02
4.510509669780731201e-01 -3.517208620905876160e-02 6.538422405719757080e-02
4.516462087631225586e-01 -3.500031679868698120e-02 6.538422405719757080e-02
4.522344172000885010e-01 -3.482392802834510803e-02 6.538422405719757080e-02
4.528160393238067627e-01 -3.464317321777343750e-02 6.538422405719757080e-02
4.533914327621459961e-01 -3.445830568671226501e-02 6.538422405719757080e-02
4.539609849452972412e-01 -3.426957502961158752e-02 6.538422405719757080e-02
4.545251131057739258e-01 -3.407723456621170044e-02 6.538422405719757080e-02
4.550841748714447021e-01 -3.388153761625289917e-02 6.538422405719757080e-02
4.556385576725006104e-01 -3.368273377418518066e-02 6.538422405719757080e-02
4.561886489391326904e-01 -3.348108008503913879e-02 6.538422405719757080e-02
4.567348659038543701e-01 -3.327682241797447205e-02 6.538422405719757080e-02
4.572775959968566895e-01 -3.307021781802177429e-02 6.538422405719757080e-02
4.578171968460083008e-01 -3.286151587963104248e-02 6.538422405719757080e-02
4.583540856838226318e-01 -3.265097364783287048e-02 6.538422405719757080e-02
4.588886201381683350e-01 -3.243883326649665833e-02 6.538422405719757080e-02
4.594212174415588379e-01 -3.222535923123359680e-02 6.538422405719757080e-02
4.599522650241851807e-01 -3.201079368591308594e-02 6.538422405719757080e-02
4.604821205139160156e-01 -3.179539367556571960e-02 6.538422405719757080e-02
4.610112309455871582e-01 -3.157941251993179321e-02 6.538422405719757080e-02
4.615399241447448730e-01 -3.136309981346130371e-02 6.538422405719757080e-02
4.620686173439025879e-01 -3.114671260118484497e-02 6.538422405719757080e-02
4.625976979732513428e-01 -3.093049861490726471e-02 6.538422405719757080e-02
4.631275534629821777e-01 -3.071471117436885834e-02 6.538422405719757080e-02
4.636585712432861328e-01 -3.049960546195507050e-02 6.538422405719757080e-02
4.641911387443542480e-01 -3.028543107211589813e-02 6.538422405719757080e-02
4.647256135940551758e-01 -3.007244132459163666e-02 6.538422405719757080e-02
4.652624428272247314e-01 -2.986089140176773071e-02 6.538422405719757080e-02
4.658017456531524658e-01 -2.965090051293373108e-02 6.538422405719757080e-02
4.663434922695159912e-01 -2.944242395460605621e-02 6.538422405719757080e-02
4.668875038623809814e-01 -2.923539839684963226e-02 6.538422405719757080e-02
4.674336910247802734e-01 -2.902976237237453461e-02 6.538422405719757080e-02
4.679819047451019287e-01 -2.882545441389083862e-02 6.538422405719757080e-02
4.685320556163787842e-01 -2.862241119146347046e-02 6.538422405719757080e-02
4.690840244293212891e-01 -2.842057123780250549e-02 6.538422405719757080e-02
4.696376919746398926e-01 -2.821987122297286987e-02 6.538422405719757080e-02
4.701929390430450439e-01 -2.802024781703948975e-02 6.538422405719757080e-02
4.707496166229248047e-01 -2.782163769006729126e-02 6.538422405719757080e-02
4.713076353073120117e-01 -2.762398123741149902e-02 6.538422405719757080e-02
4.718669056892395020e-01 -2.742721326649188995e-02 6.538422405719757080e-02
4.724272489547729492e-01 -2.723127231001853943e-02 6.538422405719757080e-02
4.729885756969451904e-01 -2.703609317541122437e-02 6.538422405719757080e-02
4.735507965087890625e-01 -2.684161439538002014e-02 6.538422405719757080e-02
4.741137325763702393e-01 -2.664777263998985291e-02 6.538422405719757080e-02
4.746773242950439453e-01 -2.645450271666049957e-02 6.538422405719757080e-02
4.752414524555206299e-01 -2.626174502074718475e-02 6.538422405719757080e-02
4.758059680461883545e-01 -2.606943249702453613e-02 6.538422405719757080e-02
4.763707816600799561e-01 -2.587750181555747986e-02 6.538422405719757080e-02
4.769357442855834961e-01 -2.568589150905609131e-02 6.538422405719757080e-02
4.775007963180541992e-01 -2.549453638494014740e-02 6.538422405719757080e-02
4.780657589435577393e-01 -2.530337125062942505e-02 6.538422405719757080e-02
4.786305725574493408e-01 -2.511233277618885040e-02 6.538422405719757080e-02
4.791951179504394531e-01 -2.492135949432849884e-02 6.538422405719757080e-02
4.797592461109161377e-01 -2.473038248717784882e-02 6.538422405719757080e-02
4.803228676319122314e-01 -2.453934028744697571e-02 6.538422405719757080e-02
4.808858633041381836e-01 -2.434816770255565643e-02 6.538422405719757080e-02
4.814481139183044434e-01 -2.415680140256881714e-02 6.538422405719757080e-02
4.820095300674438477e-01 -2.396517246961593628e-02 6.538422405719757080e-02
4.825699627399444580e-01 -2.377323992550373077e-02 6.538421660661697388e-02
4.831295609474182129e-01 -2.358096465468406677e-02 6.538421660661697388e-02
4.836883246898651123e-01 -2.338835783302783966e-02 6.538421660661697388e-02
4.842464029788970947e-01 -2.319541759788990021e-02 6.538421660661697388e-02
4.848037958145141602e-01 -2.300214394927024841e-02 6.538421660661697388e-02
4.853606224060058594e-01 -2.280853874981403351e-02 6.538421660661697388e-02
4.859169721603393555e-01 -2.261459827423095703e-02 6.538421660661697388e-02
4.864729046821594238e-01 -2.242032624781131744e-02 6.538421660661697388e-02
4.870285093784332275e-01 -2.222572267055511475e-02 6.538421660661697388e-02
4.875838756561279297e-01 -2.203078754246234894e-02 6.538421660661697388e-02
4.881390333175659180e-01 -2.183552272617816925e-02 6.538421660661697388e-02
4.886940717697143555e-01 -2.163993008434772491e-02 6.538421660661697388e-02
4.892491102218627930e-01 -2.144401147961616516e-02 6.538421660661697388e-02
4.898041784763336182e-01 -2.124776877462863922e-02 6.538421660661697388e-02
4.903593361377716064e-01 -2.105120569467544556e-02 6.538421660661697388e-02
4.909147024154663086e-01 -2.085432596504688263e-02 6.538421660661697388e-02
4.914703071117401123e-01 -2.065712958574295044e-02 6.538421660661697388e-02
4.920262396335601807e-01 -2.045962400734424591e-02 6.538421660661697388e-02
4.925825297832489014e-01 -2.026181109249591827e-02 6.538421660661697388e-02
4.931392967700958252e-01 -2.006369642913341522e-02 6.538421660661697388e-02
4.936966001987457275e-01 -1.986528374254703522e-02 6.538421660661697388e-02
4.942544698715209961e-01 -1.966658048331737518e-02 6.538421660661697388e-02
4.948129653930664062e-01 -1.946759037673473358e-02 6.538421660661697388e-02
4.953722059726715088e-01 -1.926832087337970734e-02 6.538421660661697388e-02
4.959321916103363037e-01 -1.906877756118774414e-02 6.538421660661697388e-02
4.964930117130279541e-01 -1.886896975338459015e-02 6.538421660661697388e-02
4.970547258853912354e-01 -1.866890303790569305e-02 6.538421660661697388e-02
4.976173639297485352e-01 -1.846858486533164978e-02 6.538421660661697388e-02
4.981810152530670166e-01 -1.826802454888820648e-02 6.538421660661697388e-02
4.987457096576690674e-01 -1.806723140180110931e-02 6.538421660661697388e-02
4.993115067481994629e-01 -1.786620728671550751e-02 6.538422405719757080e-02
4.998783469200134277e-01 -1.766500063240528107e-02 6.538422405719757080e-02
5.004460215568542480e-01 -1.746365986764431000e-02 6.538422405719757080e-02
5.010144114494323730e-01 -1.726224087178707123e-02 6.538422405719757080e-02
5.015832781791687012e-01 -1.706079952418804169e-02 6.538422405719757080e-02
5.021525025367736816e-01 -1.685938797891139984e-02 6.538422405719757080e-02
5.027218461036682129e-01 -1.665806025266647339e-02 6.538422405719757080e-02
5.032911896705627441e-01 -1.645687036216259003e-02 6.538422405719757080e-02
5.038603544235229492e-01 -1.625586673617362976e-02 6.538422405719757080e-02
5.044291615486145020e-01 -1.605509966611862183e-02 6.538422405719757080e-02
5.049974918365478516e-01 -1.585461758077144623e-02 6.538422405719757080e-02
5.055651664733886719e-01 -1.565446890890598297e-02 6.538422405719757080e-02
5.061320066452026367e-01 -1.545469835400581360e-02 6.538422405719757080e-02
5.066978931427001953e-01 -1.525535248219966888e-02 6.538422405719757080e-02
5.072627067565917969e-01 -1.505647320300340652e-02 6.538422405719757080e-02
5.078262686729431152e-01 -1.485810428857803345e-02 6.538422405719757080e-02
5.083884000778198242e-01 -1.466028671711683273e-02 6.538422405719757080e-02
5.089490413665771484e-01 -1.446305867284536362e-02 6.538422405719757080e-02
5.095080733299255371e-01 -1.426645927131175995e-02 6.538422405719757080e-02
5.100653171539306641e-01 -1.407052576541900635e-02 6.538422405719757080e-02
5.106206536293029785e-01 -1.387529261410236359e-02 6.538422405719757080e-02
5.111739635467529297e-01 -1.368079427629709244e-02 6.538422405719757080e-02
5.117251873016357422e-01 -1.348706241697072983e-02 6.538422405719757080e-02
5.122742056846618652e-01 -1.329412776976823807e-02 6.538422405719757080e-02
5.128208398818969727e-01 -1.310202013701200485e-02 6.538422405719757080e-02
5.133650302886962891e-01 -1.291076559573411942e-02 6.538422405719757080e-02
5.139067173004150391e-01 -1.272039208561182022e-02 6.538422405719757080e-02
5.144457817077636719e-01 -1.253092102706432343e-02 6.538422405719757080e-02
5.149821639060974121e-01 -1.234237663447856903e-02 6.538422405719757080e-02
5.155157446861267090e-01 -1.215477939695119858e-02 6.538422405719757080e-02
5.160463452339172363e-01 -1.196814514696598053e-02 6.538423150777816772e-02
5.165742635726928711e-01 -1.178245712071657181e-02 6.538423150777816772e-02
5.170998573303222656e-01 -1.159755047410726547e-02 6.538423150777816772e-02
5.176236033439636230e-01 -1.141323521733283997e-02 6.538423150777816772e-02
5.181460976600646973e-01 -1.122932415455579758e-02 6.538423150777816772e-02
5.186678767204284668e-01 -1.104563381522893906e-02 6.538423150777816772e-02
5.191894173622131348e-01 -1.086198631674051285e-02 6.538423150777816772e-02
5.197111964225769043e-01 -1.067820470780134201e-02 6.538423150777816772e-02
5.202338099479675293e-01 -1.049411948770284653e-02 6.538423150777816772e-02
5.207576155662536621e-01 -1.030956115573644638e-02 6.538423150777816772e-02
5.212831497192382812e-01 -1.012436859309673309e-02 6.538423150777816772e-02
5.218108892440795898e-01 -9.938383474946022034e-03 6.538423150777816772e-02
5.223411917686462402e-01 -9.751450270414352417e-03 6.538423150777816772e-02
5.228745937347412109e-01 -9.563420899212360382e-03 6.538423150777816772e-02
5.234113931655883789e-01 -9.374151006340980530e-03 6.538423150777816772e-02
5.239520668983459473e-01 -9.183499962091445923e-03 6.538423150777816772e-02
5.244970321655273438e-01 -8.991332724690437317e-03 6.538423150777816772e-02
5.250465869903564453e-01 -8.797521702945232391e-03 6.538423150777816772e-02
5.256011486053466797e-01 -8.601940236985683441e-03 6.538423150777816772e-02
5.261610150337219238e-01 -8.404470048844814301e-03 6.538423150777816772e-02
5.267265439033508301e-01 -8.204997517168521881e-03 6.538423150777816772e-02
5.272980332374572754e-01 -8.003414608538150787e-03 6.538423150777816772e-02
5.278757810592651367e-01 -7.799617946147918701e-03 6.538423150777816772e-02
5.284600853919982910e-01 -7.593512535095214844e-03 6.538423150777816772e-02
5.290511846542358398e-01 -7.385006174445152283e-03 6.538423150777816772e-02
5.296493172645568848e-01 -7.174014579504728317e-03 6.538423150777816772e-02
5.302547812461853027e-01 -6.960459519177675247e-03 6.538423150777816772e-02
5.308676958084106445e-01 -6.744268350303173065e-03 6.538423150777816772e-02
5.314882993698120117e-01 -6.525375414639711380e-03 6.538423150777816772e-02
5.321167707443237305e-01 -6.303720641881227493e-03 6.538423150777816772e-02
5.327532291412353516e-01 -6.079251877963542938e-03 6.538423150777816772e-02
5.333978533744812012e-01 -5.851951427757740021e-03 6.538423150777816772e-02
5.340492725372314453e-01 -5.622233729809522629e-03 6.538423150777816772e-02
5.347055196762084961e-01 -5.390835925936698914e-03 6.538423150777816772e-02
5.353645086288452148e-01 -5.158482119441032410e-03 6.538423150777816772e-02
5.360242724418640137e-01 -4.925871733576059341e-03 6.538423150777816772e-02
5.366828441619873047e-01 -4.693683236837387085e-03 6.538423150777816772e-02
5.373384356498718262e-01 -4.462568555027246475e-03 6.538423150777816772e-02
5.379891395568847656e-01 -4.233156796544790268e-03 6.538423150777816772e-02
5.386334061622619629e-01 -4.006050992757081985e-03 6.538423150777816772e-02
5.392694473266601562e-01 -3.781828563660383224e-03 6.538423150777816772e-02
5.398958325386047363e-01 -3.561040619388222694e-03 6.538423150777816772e-02
5.405109524726867676e-01 -3.344211494550108910e-03 6.538423150777816772e-02
5.411134362220764160e-01 -3.131837816908955574e-03 6.538423150777816772e-02
5.417019724845886230e-01 -2.924388274550437927e-03 6.538423150777816772e-02
5.422753691673278809e-01 -2.722302451729774475e-03 6.538423150777816772e-02
5.428323149681091309e-01 -2.525991527363657951e-03 6.538423150777816772e-02
5.433718562126159668e-01 -2.335835946723818779e-03 6.538423150777816772e-02
5.438929200172424316e-01 -2.152186119928956032e-03 6.538423150777816772e-02
5.443946123123168945e-01 -1.975361490622162819e-03 6.538423150777816772e-02
5.448761582374572754e-01 -1.805650186724960804e-03 6.538423150777816772e-02
5.453367829322814941e-01 -1.643307739868760109e-03 6.538423150777816772e-02
5.457758903503417969e-01 -1.488556852564215660e-03 6.538423150777816772e-02
5.461929440498352051e-01 -1.341587514616549015e-03 6.538423150777816772e-02
5.465874671936035156e-01 -1.202555140480399132e-03 6.538423150777816772e-02
5.469591021537780762e-01 -1.071581267751753330e-03 6.538423150777816772e-02
5.473076701164245605e-01 -9.487519273534417152e-04 6.538423150777816772e-02
5.476329326629638672e-01 -8.341176435351371765e-04 6.538423150777816772e-02
5.479349493980407715e-01 -7.276929100044071674e-04 6.538423150777816772e-02
5.482137203216552734e-01 -6.294550839811563492e-04 6.538423150777816772e-02
5.484694242477416992e-01 -5.393444444052875042e-04 6.538423150777816772e-02
5.487023591995239258e-01 -4.572631441988050938e-04 6.538423150777816772e-02
5.489128828048706055e-01 -3.830748028121888638e-04 6.538423150777816772e-02
5.491015315055847168e-01 -3.166039532516151667e-04 6.538423150777816772e-02
5.492688417434692383e-01 -2.576354600023478270e-04 6.538423150777816772e-02
5.494156479835510254e-01 -2.059138350887224078e-04 6.538423150777816772e-02
5.495427250862121582e-01 -1.611427433090284467e-04 6.538423150777816772e-02
5.496510267257690430e-01 -1.229844201589003205e-04 6.538423150777816772e-02
5.497416257858276367e-01 -9.105909703066572547e-05 6.538423150777816772e-02
5.498157143592834473e-01 -6.494435365311801434e-05 6.538423150777816772e-02
5.498746633529663086e-01 -4.417460513650439680e-05 6.538423150777816772e-02
5.499199032783508301e-01 -2.824051443894859403e-05 6.538423150777816772e-02
5.499529242515563965e-01 -1.658836845308542252e-05 6.538423150777816772e-02
5.499755740165710449e-01 -8.619535947218537331e-06 6.538423150777816772e-02
5.499895811080932617e-01 -3.689901859615929425e-06 6.538423150777816772e-02
5.499968528747558594e-01 -1.109227014239877462e-06 6.538423150777816772e-02
5.499996542930603027e-01 -1.406388037139549851e-07 6.538423150777816772e-02
