3.855574429035186768e-01 -4.129272997379302979e-01 6.538051366806030273e-02
3.855575919151306152e-01 -4.129272401332855225e-01 6.538051366806030273e-02
3.855587244033813477e-01 -4.129267632961273193e-01 6.538051366806030273e-02
3.855617046356201172e-01 -4.129254817962646484e-01 6.538051366806030273e-02
3.855674862861633301e-01 -4.129230380058288574e-01 6.538051366806030273e-02
3.855769336223602295e-01 -4.129190444946289062e-01 6.538051366806030273e-02
3.855908513069152832e-01 -4.129131138324737549e-01 6.538051366806030273e-02
3.856100738048553467e-01 -4.129049777984619141e-01 6.538051366806030273e-02
3.856354355812072754e-01 -4.128942489624023438e-01 6.538051366806030273e-02
3.856676220893859863e-01 -4.128806591033935547e-01 6.538051366806030273e-02
3.857074379920959473e-01 -4.128638505935668945e-01 6.538051366806030273e-02
3.857555091381072998e-01 -4.128435552120208740e-01 6.538051366806030273e-02
3.858126103878021240e-01 -4.128195047378540039e-01 6.538051366806030273e-02
3.858793079853057861e-01 -4.127914309501647949e-01 6.538051366806030273e-02
3.859562873840332031e-01 -4.127590656280517578e-01 6.538051366806030273e-02
3.860441148281097412e-01 -4.127221703529357910e-01 6.538051366806030273e-02
3.861433863639831543e-01 -4.126805067062377930e-01 6.538051366806030273e-02
3.862546086311340332e-01 -4.126338660717010498e-01 6.538051366806030273e-02
3.863783776760101318e-01 -4.125820696353912354e-01 6.538051366806030273e-02
3.865151107311248779e-01 -4.125248789787292480e-01 6.538051366806030273e-02
3.866653144359588623e-01 -4.124621450901031494e-01 6.538051366806030273e-02
3.868294656276702881e-01 -4.123936593532562256e-01 6.538051366806030273e-02
3.870079219341278076e-01 -4.123193025588989258e-01 6.538051366806030273e-02
3.872011005878448486e-01 -4.122388958930969238e-01 6.538051366806030273e-02
3.874093890190124512e-01 -4.121523201465606689e-01 6.538051366806030273e-02
3.876330852508544922e-01 -4.120594561100006104e-01 6.538051366806030273e-02
3.878725767135620117e-01 -4.119601547718048096e-01 6.538051366806030273e-02
3.881281316280364990e-01 -4.118543565273284912e-01 6.538051366806030273e-02
3.883999884128570557e-01 -4.117419719696044922e-01 6.538051366806030273e-02
3.886884450912475586e-01 -4.116228818893432617e-01 6.538051366806030273e-02
3.889937102794647217e-01 -4.114970564842224121e-01 6.538051366806030273e-02
3.893159627914428711e-01 -4.113644361495971680e-01 6.538051366806030273e-02
3.896553814411163330e-01 -4.112249314785003662e-01 6.538051366806030273e-02
3.900121450424194336e-01 -4.110785424709320068e-01 6.538051366806030273e-02
3.903863430023193359e-01 -4.109252393245697021e-01 6.538051366806030273e-02
3.907781243324279785e-01 -4.107649922370910645e-01 6.538051366806030273e-02
3.911875784397125244e-01 -4.105978012084960938e-01 6.538051366806030273e-02
3.916147053241729736e-01 -4.104236960411071777e-01 6.538051366806030273e-02
3.920596241950988770e-01 -4.102426767349243164e-01 6.538051366806030273e-02
3.925222754478454590e-01 -4.100547730922698975e-01 6.538051366806030273e-02
3.930027186870574951e-01 -4.098599851131439209e-01 6.538051366806030273e-02
3.935008645057678223e-01 -4.096584320068359375e-01 6.538051366806030273e-02
3.940167129039764404e-01 -4.094501137733459473e-01 6.538051366806030273e-02
3.945501446723937988e-01 -4.092351198196411133e-01 6.538051366806030273e-02
3.951011300086975098e-01 -4.090135395526885986e-01 6.538051366806030273e-02
3.956694900989532471e-01 -4.087854325771331787e-01 6.538051366806030273e-02
3.962551355361938477e-01 -4.085509181022644043e-01 6.538051366806030273e-02
3.968578875064849854e-01 -4.083100855350494385e-01 6.538051366806030273e-02
3.974775671958923340e-01 -4.080630838871002197e-01 6.538051366806030273e-02
3.981139957904815674e-01 -4.078099727630615234e-01 6.538051366806030273e-02
3.987669050693511963e-01 -4.075509607791900635e-01 6.538051366806030273e-02
3.994361162185668945e-01 -4.072861671447753906e-01 6.538051366806030273e-02
4.001213610172271729e-01 -4.070157110691070557e-01 6.538051366806030273e-02
4.008223116397857666e-01 -4.067398011684417725e-01 6.538051366806030273e-02
4.015387296676635742e-01 -4.064585864543914795e-01 6.538051366806030273e-02
4.022702574729919434e-01 -4.061722755432128906e-01 6.538051366806030273e-02
4.030165672302246094e-01 -4.058810174465179443e-01 6.538051366806030273e-02
4.037773013114929199e-01 -4.055850505828857422e-01 6.538051366806030273e-02
4.045520722866058350e-01 -4.052845537662506104e-01 6.538051366806030273e-02
4.053404927253723145e-01 -4.049797654151916504e-01 6.538051366806030273e-02
4.061421453952789307e-01 -4.046709239482879639e-01 6.538051366806030273e-02
4.069566130638122559e-01 -4.043582081794738770e-01 6.538051366806030273e-02
4.077834188938140869e-01 -4.040419161319732666e-01 6.538051366806030273e-02
4.086221158504486084e-01 -4.037222564220428467e-01 6.538051366806030273e-02
4.094721674919128418e-01 -4.033995270729064941e-01 6.538051366806030273e-02
4.103331267833709717e-01 -4.030739963054656982e-01 6.538051366806030273e-02
4.112044572830200195e-01 -4.027459025382995605e-01 6.538051366806030273e-02
4.120855927467346191e-01 -4.024155735969543457e-01 6.538051366806030273e-02
4.129759967327117920e-01 -4.020832479000091553e-01 6.538051366806030273e-02
4.138750433921813965e-01 -4.017492830753326416e-01 6.538051366806030273e-02
4.147822260856628418e-01 -4.014139771461486816e-01 6.538051366806030273e-02
4.156968593597412109e-01 -4.010775983333587646e-01 6.538051366806030273e-02
4.166183173656463623e-01 -4.007405340671539307e-01 6.538051366806030273e-02
4.175460040569305420e-01 -4.004030823707580566e-01 6.538051366806030273e-02
4.184792041778564453e-01 -4.000655710697174072e-01 6.538051366806030273e-02
4.194172918796539307e-01 -3.997283875942230225e-01 6.538051366806030273e-02
4.203595519065856934e-01 -3.993918597698211670e-01 6.538051366806030273e-02
4.213052690029144287e-01 -3.990563452243804932e-01 6.538051366806030273e-02
4.222536981105804443e-01 -3.987222313880920410e-01 6.538051366806030273e-02
4.232041239738464355e-01 -3.983898758888244629e-01 6.538051366806030273e-02
4.241558015346527100e-01 -3.980596661567687988e-01 6.538051366806030273e-02
4.251079261302947998e-01 -3.977320194244384766e-01 6.538051366806030273e-02
4.260597527027130127e-01 -3.974072933197021484e-01 6.538051366806030273e-02
4.270104169845581055e-01 -3.970859050750732422e-01 6.538051366806030273e-02
4.279591739177703857e-01 -3.967682719230651855e-01 6.538051366806030273e-02
4.289051294326782227e-01 -3.964548110961914062e-01 6.538051366806030273e-02
4.298474788665771484e-01 -3.961459696292877197e-01 6.538051366806030273e-02
4.307853281497955322e-01 -3.958421349525451660e-01 6.538051366806030273e-02
4.317178428173065186e-01 -3.955437541007995605e-01 6.538051366806030273e-02
4.326443374156951904e-01 -3.952511250972747803e-01 6.538051366806030273e-02
4.335645437240600586e-01 -3.949641883373260498e-01 6.538051366806030273e-02
4.344782233238220215e-01 -3.946828842163085938e-01 6.538051366806030273e-02
4.353850781917572021e-01 -3.944071531295776367e-01 6.538051366806030273e-02
4.362848997116088867e-01 -3.941369354724884033e-01 6.538051366806030273e-02
4.371775090694427490e-01 -3.938721716403961182e-01 6.538051366806030273e-02
4.380626082420349121e-01 -3.936128020286560059e-01 6.538051366806030273e-02
4.389400184154510498e-01 -3.933587074279785156e-01 6.538051366806030273e-02
4.398095309734344482e-01 -3.931098878383636475e-01 6.538051366806030273e-02
4.406709671020507812e-01 -3.928661644458770752e-01 6.538051366806030273e-02
4.415240883827209473e-01 -3.926275372505187988e-01 6.538051366806030273e-02
4.423687458038330078e-01 -3.923938870429992676e-01 6.538051366806030273e-02
4.432047605514526367e-01 -3.921651244163513184e-01 6.538051366806030273e-02
4.440319538116455078e-01 -3.919411599636077881e-01 6.538051366806030273e-02
4.448501765727996826e-01 -3.917218744754791260e-01 6.538051366806030273e-02
4.456592500209808350e-01 -3.915072083473205566e-01 6.538051366806030273e-02
4.464590251445770264e-01 -3.912970125675201416e-01 6.538051366806030273e-02
4.472493529319763184e-01 -3.910912275314331055e-01 6.538051366806030273e-02
4.480301439762115479e-01 -3.908897042274475098e-01 6.538051366806030273e-02
4.488012194633483887e-01 -3.906923532485961914e-01 6.538051366806030273e-02
4.495624601840972900e-01 -3.904990851879119873e-01 6.538051366806030273e-02
4.503137767314910889e-01 -3.903096914291381836e-01 6.538051366806030273e-02
4.510550498962402344e-01 -3.901241421699523926e-01 6.538051366806030273e-02
4.517861902713775635e-01 -3.899422883987426758e-01 6.538051366806030273e-02
4.525070488452911377e-01 -3.897639811038970947e-01 6.538051366806030273e-02
4.532175958156585693e-01 -3.895890712738037109e-01 6.538051366806030273e-02
4.539177417755126953e-01 -3.894174993038177490e-01 6.538051366806030273e-02
4.546073675155639648e-01 -3.892490565776824951e-01 6.538051366806030273e-02
4.552864432334899902e-01 -3.890836238861083984e-01 6.538051366806030273e-02
4.559548795223236084e-01 -3.889210820198059082e-01 6.538051366806030273e-02
4.566126465797424316e-01 -3.887612521648406982e-01 6.538051366806030273e-02
4.572596848011016846e-01 -3.886040151119232178e-01 6.538051366806030273e-02
4.578959047794342041e-01 -3.884491920471191406e-01 6.538051366806030273e-02
4.585213363170623779e-01 -3.882966637611389160e-01 6.538051366806030273e-02
4.591358900070190430e-01 -3.881462514400482178e-01 6.538051366806030273e-02
4.597395956516265869e-01 -3.879977762699127197e-01 6.538051366806030273e-02
4.603323936462402344e-01 -3.878510892391204834e-01 6.538051366806030273e-02
4.609142541885375977e-01 -3.877060413360595703e-01 6.538051366806030273e-02
4.614852070808410645e-01 -3.875624835491180420e-01 6.538051366806030273e-02
4.620452225208282471e-01 -3.874201774597167969e-01 6.538051366806030273e-02
4.625943005084991455e-01 -3.872790038585662842e-01 6.538051366806030273e-02
4.631325006484985352e-01 -3.871387541294097900e-01 6.538051366806030273e-02
4.636597633361816406e-01 -3.869993090629577637e-01 6.538051366806030273e-02
4.641761779785156250e-01 -3.868604004383087158e-01 6.538051366806030273e-02
4.646817147731781006e-01 -3.867219090461730957e-01 6.538051366806030273e-02
4.651764035224914551e-01 -3.865836262702941895e-01 6.538051366806030273e-02
4.651828110218048096e-01 -3.865803182125091553e-01 6.538051366806030273e-02
4.652252495288848877e-01 -3.865585327148437500e-01 6.538051366806030273e-02
4.653330445289611816e-01 -3.865033686161041260e-01 6.538051366806030273e-02
4.655285775661468506e-01 -3.864037692546844482e-01 6.538051366806030273e-02
4.658274054527282715e-01 -3.862522542476654053e-01 6.538051366806030273e-02
4.662386775016784668e-01 -3.860448598861694336e-01 6.538051366806030273e-02
4.667653739452362061e-01 -3.857809603214263916e-01 6.538051366806030273e-02
4.674045741558074951e-01 -3.854631483554840088e-01 6.538051366806030273e-02
4.681477248668670654e-01 -3.850969672203063965e-01 6.538051366806030273e-02
4.689809978008270264e-01 -3.846909403800964355e-01 6.538051366806030273e-02
4.698854386806488037e-01 -3.842562139034271240e-01 6.538051366806030273e-02
4.708374142646789551e-01 -3.838066160678863525e-01 6.538051366806030273e-02
4.718087017536163330e-01 -3.833582997322082520e-01 6.538051366806030273e-02
4.727669954299926758e-01 -3.829297721385955811e-01 6.538051366806030273e-02
4.736835956573486328e-01 -3.825359642505645752e-01 6.538051366806030273e-02
4.745472967624664307e-01 -3.821785748004913330e-01 6.538051366806030273e-02
4.753514230251312256e-01 -3.818563520908355713e-01 6.538051366806030273e-02
4.760912358760833740e-01 -3.815669119358062744e-01 6.538051366806030273e-02
4.767638146877288818e-01 -3.813070058822631836e-01 6.538051366806030273e-02
4.773679375648498535e-01 -3.810723423957824707e-01 6.538051366806030273e-02
4.779040813446044922e-01 -3.808577656745910645e-01 6.538051366806030273e-02
4.783743321895599365e-01 -3.806572854518890381e-01 6.538051366806030273e-02
4.787823259830474854e-01 -3.804639875888824463e-01 6.538051366806030273e-02
4.791330993175506592e-01 -3.802702724933624268e-01 6.538051366806030273e-02
4.794331192970275879e-01 -3.800677657127380371e-01 6.538051366806030273e-02
4.796901047229766846e-01 -3.798473775386810303e-01 6.538051366806030273e-02
4.799130856990814209e-01 -3.795993328094482422e-01 6.538051366806030273e-02
4.801121652126312256e-01 -3.793133497238159180e-01 6.538051366806030273e-02
4.802963435649871826e-01 -3.789830207824707031e-01 6.538051366806030273e-02
4.804714322090148926e-01 -3.786091506481170654e-01 6.538051366806030273e-02
4.806422591209411621e-01 -3.781934380531311035e-01 6.538051366806030273e-02
4.808129668235778809e-01 -3.777379691600799561e-01 6.538051366806030273e-02
4.809871017932891846e-01 -3.772451579570770264e-01 6.538051366806030273e-02
4.811675250530242920e-01 -3.767178058624267578e-01 6.538051366806030273e-02
4.813565313816070557e-01 -3.761589527130126953e-01 6.538051366806030273e-02
4.815558195114135742e-01 -3.755720853805541992e-01 6.538051366806030273e-02
4.817665219306945801e-01 -3.749608397483825684e-01 6.538051366806030273e-02
4.819892644882202148e-01 -3.743292987346649170e-01 6.538051366806030273e-02
4.822241365909576416e-01 -3.736816644668579102e-01 6.538051366806030273e-02
4.824707508087158203e-01 -3.730225563049316406e-01 6.538051366806030273e-02
4.827282130718231201e-01 -3.723567128181457520e-01 6.538051366806030273e-02
4.829952120780944824e-01 -3.716892302036285400e-01 6.538051366806030273e-02
4.832699894905090332e-01 -3.710253536701202393e-01 6.538051366806030273e-02
4.835504293441772461e-01 -3.703705966472625732e-01 6.538051366806030273e-02
4.838339984416961670e-01 -3.697304129600524902e-01 6.538051366806030273e-02
4.841181039810180664e-01 -3.691069483757019043e-01 6.538051366806030273e-02
4.844004809856414795e-01 -3.684992492198944092e-01 6.538051366806030273e-02
4.846789538860321045e-01 -3.679062724113464355e-01 6.538051366806030273e-02
4.849516153335571289e-01 -3.673267960548400879e-01 6.538051366806030273e-02
4.852167069911956787e-01 -3.667595684528350830e-01 6.538051366806030273e-02
4.854725599288940430e-01 -3.662031590938568115e-01 6.538051366806030273e-02
4.857177734375000000e-01 -3.656561672687530518e-01 6.538051366806030273e-02
4.859510660171508789e-01 -3.651170134544372559e-01 6.538051366806030273e-02
4.861712455749511719e-01 -3.645840883255004883e-01 6.538051366806030273e-02
4.863773286342620850e-01 -3.640556931495666504e-01 6.538051366806030273e-02
4.865684509277343750e-01 -3.635300695896148682e-01 6.538051366806030273e-02
4.867438971996307373e-01 -3.630053400993347168e-01 6.538051366806030273e-02
4.869030117988586426e-01 -3.624795973300933838e-01 6.538051366806030273e-02
4.870453476905822754e-01 -3.619509041309356689e-01 6.538051366806030273e-02
4.871704876422882080e-01 -3.614171743392944336e-01 6.538051366806030273e-02
4.872781634330749512e-01 -3.608763515949249268e-01 6.538051366806030273e-02
4.873683750629425049e-01 -3.603264987468719482e-01 6.538051366806030273e-02
4.874422550201416016e-01 -3.597674369812011719e-01 6.538051366806030273e-02
4.875014126300811768e-01 -3.591997921466827393e-01 6.538051366806030273e-02
4.875473976135253906e-01 -3.586241900920867920e-01 6.538051366806030273e-02
4.875817000865936279e-01 -3.580412566661834717e-01 6.538051366806030273e-02
4.876058101654052734e-01 -3.574516773223876953e-01 6.538051366806030273e-02
4.876211285591125488e-01 -3.568561673164367676e-01 6.538051366806030273e-02
4.876290559768676758e-01 -3.562554121017456055e-01 6.538051366806030273e-02
4.876309335231781006e-01 -3.556502163410186768e-01 6.538051366806030273e-02
4.876280128955841064e-01 -3.550413250923156738e-01 6.538051366806030273e-02
4.876216053962707520e-01 -3.544294834136962891e-01 6.538051366806030273e-02
4.876129329204559326e-01 -3.538155555725097656e-01 6.538051366806030273e-02
4.876031577587127686e-01 -3.532003164291381836e-01 6.538051366806030273e-02
4.875935018062591553e-01 -3.525846600532531738e-01 6.538051366806030273e-02
4.875850081443786621e-01 -3.519693911075592041e-01 6.538051366806030273e-02
4.875788390636444092e-01 -3.513554334640502930e-01 6.538051366806030273e-02
4.875760674476623535e-01 -3.507436513900756836e-01 6.538051366806030273e-02
4.875772893428802490e-01 -3.501345813274383545e-01 6.538051366806030273e-02
4.875822365283966064e-01 -3.495282232761383057e-01 6.538051366806030273e-02
4.875904917716979980e-01 -3.489243090152740479e-01 6.538051366806030273e-02
4.876017272472381592e-01 -3.483226597309112549e-01 6.538051366806030273e-02
4.876155853271484375e-01 -3.477231264114379883e-01 6.538051366806030273e-02
4.876316785812377930e-01 -3.471254408359527588e-01 6.538051366806030273e-02
4.876497089862823486e-01 -3.465294241905212402e-01 6.538051366806030273e-02
4.876693189144134521e-01 -3.459348678588867188e-01 6.538051366806030273e-02
4.876902103424072266e-01 -3.453415036201477051e-01 6.538051366806030273e-02
4.877120852470397949e-01 -3.447491526603698730e-01 6.538051366806030273e-02
4.877346456050872803e-01 -3.441575467586517334e-01 6.538051366806030273e-02
4.877575933933258057e-01 -3.435664474964141846e-01 6.538051366806030273e-02
4.877806603908538818e-01 -3.429756462574005127e-01 6.538051366806030273e-02
4.878035783767700195e-01 -3.423848450183868408e-01 6.538051366806030273e-02
4.878261089324951172e-01 -3.417938053607940674e-01 6.538051366806030273e-02
4.878479540348052979e-01 -3.412022888660430908e-01 6.538051366806030273e-02
4.878689348697662354e-01 -3.406100273132324219e-01 6.538051366806030273e-02
4.878889620304107666e-01 -3.400169909000396729e-01 6.538051366806030273e-02
4.879081547260284424e-01 -3.394231498241424561e-01 6.538051366806030273e-02
4.879266321659088135e-01 -3.388286232948303223e-01 6.538051366806030273e-02
4.879444241523742676e-01 -3.382334411144256592e-01 6.538051366806030273e-02
4.879616796970367432e-01 -3.376376926898956299e-01 6.538051366806030273e-02
4.879784286022186279e-01 -3.370414078235626221e-01 6.538051366806030273e-02
4.879947900772094727e-01 -3.364446759223937988e-01 6.538051366806030273e-02
4.880108237266540527e-01 -3.358475565910339355e-01 6.538051366806030273e-02
4.880266189575195312e-01 -3.352501094341278076e-01 6.538051366806030273e-02
4.880422353744506836e-01 -3.346523642539978027e-01 6.538051366806030273e-02
4.880577325820922852e-01 -3.340544700622558594e-01 6.538051366806030273e-02
4.880731999874114990e-01 -3.334564566612243652e-01 6.538051366806030273e-02
4.880886971950531006e-01 -3.328583538532257080e-01 6.538051366806030273e-02
4.881042838096618652e-01 -3.322603106498718262e-01 6.538051366806030273e-02
4.881199896335601807e-01 -3.316623568534851074e-01 6.538051366806030273e-02
4.881359338760375977e-01 -3.310646116733551025e-01 6.538051366806030273e-02
4.881520867347717285e-01 -3.304670453071594238e-01 6.538051366806030273e-02
4.881685078144073486e-01 -3.298697471618652344e-01 6.538051366806030273e-02
4.881850779056549072e-01 -3.292726576328277588e-01 6.538051366806030273e-02
4.882018566131591797e-01 -3.286757767200469971e-01 6.538051366806030273e-02
4.882187247276306152e-01 -3.280790448188781738e-01 6.538051366806030273e-02
4.882357418537139893e-01 -3.274824917316436768e-01 6.538051366806030273e-02
4.882528185844421387e-01 -3.268860876560211182e-01 6.538051366806030273e-02
4.882699251174926758e-01 -3.262898027896881104e-01 6.538051366806030273e-02
4.882870912551879883e-01 -3.256936371326446533e-01 6.538051366806030273e-02
4.883042275905609131e-01 -3.250975310802459717e-01 6.538051366806030273e-02
4.883213341236114502e-01 -3.245015144348144531e-01 6.538051366806030273e-02
4.883384108543395996e-01 -3.239055275917053223e-01 6.538051366806030273e-02
4.883553981781005859e-01 -3.233095705509185791e-01 6.538051366806030273e-02
4.883722960948944092e-01 -3.227135837078094482e-01 6.538051366806030273e-02
4.883890748023986816e-01 -3.221176266670227051e-01 6.538051366806030273e-02
4.884057044982910156e-01 -3.215216100215911865e-01 6.538051366806030273e-02
4.884221553802490234e-01 -3.209255337715148926e-01 6.538051366806030273e-02
4.884384572505950928e-01 -3.203293681144714355e-01 6.538051366806030273e-02
4.884546101093292236e-01 -3.197331428527832031e-01 6.538051366806030273e-02
4.884706139564514160e-01 -3.191368579864501953e-01 6.538051366806030273e-02
4.884864687919616699e-01 -3.185405135154724121e-01 6.538051366806030273e-02
4.885022640228271484e-01 -3.179441392421722412e-01 6.538051366806030273e-02
4.885179102420806885e-01 -3.173477053642272949e-01 6.538051366806030273e-02
4.885334968566894531e-01 -3.167512118816375732e-01 6.538051366806030273e-02
4.885490238666534424e-01 -3.161546885967254639e-01 6.538051366806030273e-02
4.885644912719726562e-01 -3.155581653118133545e-01 6.538051366806030273e-02
4.885798990726470947e-01 -3.149615824222564697e-01 6.538051366806030273e-02
4.885952770709991455e-01 -3.143649995326995850e-01 6.538051366806030273e-02
4.886106550693511963e-01 -3.137683868408203125e-01 6.538051366806030273e-02
4.886260330677032471e-01 -3.131718039512634277e-01 6.538051366806030273e-02
4.886414110660552979e-01 -3.125751912593841553e-01 6.538051366806030273e-02
4.886567890644073486e-01 -3.119785785675048828e-01 6.538051366806030273e-02
4.886721968650817871e-01 -3.113819956779479980e-01 6.538051366806030273e-02
4.886876642704010010e-01 -3.107854425907135010e-01 6.538051366806030273e-02
4.887031912803649902e-01 -3.101888895034790039e-01 6.538051366806030273e-02
4.887187182903289795e-01 -3.095923662185668945e-01 6.538051366806030273e-02
4.887343049049377441e-01 -3.089958727359771729e-01 6.538051366806030273e-02
4.887499213218688965e-01 -3.083993792533874512e-01 6.538051366806030273e-02
4.887655377388000488e-01 -3.078029155731201172e-01 6.538051366806030273e-02
4.887812137603759766e-01 -3.072064518928527832e-01 6.538051366806030273e-02
4.887968897819519043e-01 -3.066099882125854492e-01 6.538051366806030273e-02
4.888125658035278320e-01 -3.060135543346405029e-01 6.538051366806030273e-02
4.888282716274261475e-01 -3.054171204566955566e-01 6.538051366806030273e-02
4.888439774513244629e-01 -3.048206865787506104e-01 6.538051366806030273e-02
4.888597130775451660e-01 -3.042242527008056641e-01 6.538051366806030273e-02
4.888754189014434814e-01 -3.036278486251831055e-01 6.538051366806030273e-02
4.888911247253417969e-01 -3.030314147472381592e-01 6.538051366806030273e-02
4.889068305492401123e-01 -3.024350106716156006e-01 6.538051366806030273e-02
4.889225065708160400e-01 -3.018385767936706543e-01 6.538051366806030273e-02
4.889381825923919678e-01 -3.012421727180480957e-01 6.538051366806030273e-02
4.889538586139678955e-01 -3.006457388401031494e-01 6.538051366806030273e-02
4.889695048332214355e-01 -3.000493049621582031e-01 6.538051366806030273e-02
4.889851510524749756e-01 -2.994528710842132568e-01 6.538051366806030273e-02
4.890007674694061279e-01 -2.988564074039459229e-01 6.538051366806030273e-02
4.890163838863372803e-01 -2.982599735260009766e-01 6.538051366806030273e-02
4.890320003032684326e-01 -2.976635098457336426e-01 6.538051366806030273e-02
4.890476167201995850e-01 -2.970670461654663086e-01 6.538051366806030273e-02
4.890632331371307373e-01 -2.964705824851989746e-01 6.538051366806030273e-02
4.890788793563842773e-01 -2.958741188049316406e-01 6.538051366806030273e-02
4.890944957733154297e-01 -2.952776551246643066e-01 6.538051366806030273e-02
4.891101419925689697e-01 -2.946811914443969727e-01 6.538051366806030273e-02
4.891257882118225098e-01 -2.940847277641296387e-01 6.538051366806030273e-02
4.891414344310760498e-01 -2.934882342815399170e-01 6.538051366806030273e-02
4.891571104526519775e-01 -2.928917706012725830e-01 6.538051366806030273e-02
4.891728162765502930e-01 -2.922952771186828613e-01 6.538051366806030273e-02
4.891885221004486084e-01 -2.916987836360931396e-01 6.538051366806030273e-02
4.892042577266693115e-01 -2.911023199558258057e-01 6.538051366806030273e-02
4.892199933528900146e-01 -2.905058264732360840e-01 6.538051366806030273e-02
4.892357587814331055e-01 -2.899093329906463623e-01 6.538051366806030273e-02
4.892515540122985840e-01 -2.893128395080566406e-01 6.538051366806030273e-02
4.892673194408416748e-01 -2.887163758277893066e-01 6.538051366806030273e-02
4.892830848693847656e-01 -2.881198823451995850e-01 6.538051366806030273e-02
4.892988502979278564e-01 -2.875234186649322510e-01 6.538051366806030273e-02
4.893146157264709473e-01 -2.869269251823425293e-01 6.538051366806030273e-02
4.893303215503692627e-01 -2.863304615020751953e-01 6.538051366806030273e-02
4.893460273742675781e-01 -2.857339978218078613e-01 6.538051366806030273e-02
4.893616735935211182e-01 -2.851375341415405273e-01 6.538051366806030273e-02
4.893773198127746582e-01 -2.845410704612731934e-01 6.538051366806030273e-02
4.893928766250610352e-01 -2.839446365833282471e-01 6.538051366806030273e-02
4.894084036350250244e-01 -2.833482027053833008e-01 6.538051366806030273e-02
4.894238710403442383e-01 -2.827517688274383545e-01 6.538051366806030273e-02
4.894392788410186768e-01 -2.821553647518157959e-01 6.538051366806030273e-02
4.894545972347259521e-01 -2.815589308738708496e-01 6.538051366806030273e-02
4.894698560237884521e-01 -2.809625566005706787e-01 6.538051366806030273e-02
4.894850552082061768e-01 -2.803661525249481201e-01 6.538051366806030273e-02
4.895002245903015137e-01 -2.797697782516479492e-01 6.538051366806030273e-02
4.895153641700744629e-01 -2.791734039783477783e-01 6.538051366806030273e-02
4.895305335521697998e-01 -2.785769999027252197e-01 6.538051366806030273e-02
4.895457327365875244e-01 -2.779806256294250488e-01 6.538051366806030273e-02
4.895609617233276367e-01 -2.773842215538024902e-01 6.538051366806030273e-02
4.895762801170349121e-01 -2.767878174781799316e-01 6.538051366806030273e-02
4.895916879177093506e-01 -2.761913836002349854e-01 6.538051366806030273e-02
4.896072149276733398e-01 -2.755949497222900391e-01 6.538051366806030273e-02
4.896228611469268799e-01 -2.749984860420227051e-01 6.538051366806030273e-02
4.896386861801147461e-01 -2.744019925594329834e-01 6.538051366806030273e-02
4.896546900272369385e-01 -2.738054692745208740e-01 6.538051366806030273e-02
4.896709024906158447e-01 -2.732089161872863770e-01 6.538051366806030273e-02
4.896873235702514648e-01 -2.726123332977294922e-01 6.538051366806030273e-02
4.897040128707885742e-01 -2.720157206058502197e-01 6.538051366806030273e-02
4.897209703922271729e-01 -2.714190483093261719e-01 6.538051366806030273e-02
4.897381663322448730e-01 -2.708223462104797363e-01 6.538051366806030273e-02
4.897555410861968994e-01 -2.702256143093109131e-01 6.538051366806030273e-02
4.897730350494384766e-01 -2.696288824081420898e-01 6.538051366806030273e-02
4.897905290126800537e-01 -2.690321207046508789e-01 6.538051366806030273e-02
4.898079931735992432e-01 -2.684353888034820557e-01 6.538051366806030273e-02
4.898252785205841064e-01 -2.678386867046356201e-01 6.538051366806030273e-02
4.898423552513122559e-01 -2.672419846057891846e-01 6.538051366806030273e-02
4.898591339588165283e-01 -2.666453719139099121e-01 6.538051366806030273e-02
4.898755252361297607e-01 -2.660487890243530273e-01 6.538051366806030273e-02
4.898914396762847900e-01 -2.654522955417633057e-01 6.538051366806030273e-02
4.899068176746368408e-01 -2.648558616638183594e-01 6.538051366806030273e-02
4.899215996265411377e-01 -2.642595469951629639e-01 6.538051366806030273e-02
4.899356365203857422e-01 -2.636633217334747314e-01 6.538051366806030273e-02
4.899488985538482666e-01 -2.630672454833984375e-01 6.538051366806030273e-02
4.899612665176391602e-01 -2.624712884426116943e-01 6.538051366806030273e-02
4.899727106094360352e-01 -2.618754804134368896e-01 6.538051366806030273e-02
4.899831414222717285e-01 -2.612798213958740234e-01 6.538051366806030273e-02
4.899925589561462402e-01 -2.606842815876007080e-01 6.538051366806030273e-02
4.900011420249938965e-01 -2.600888609886169434e-01 6.538051366806030273e-02
4.900090098381042480e-01 -2.594934403896331787e-01 6.538051366806030273e-02
4.900162220001220703e-01 -2.588980197906494141e-01 6.538051366806030273e-02
4.900229573249816895e-01 -2.583025097846984863e-01 6.538051366806030273e-02
4.900293350219726562e-01 -2.577069103717803955e-01 6.538051366806030273e-02
4.900354444980621338e-01 -2.571111321449279785e-01 6.538051366806030273e-02
4.900414645671844482e-01 -2.565151751041412354e-01 6.538051366806030273e-02
4.900474548339843750e-01 -2.559189200401306152e-01 6.538051366806030273e-02
4.900535643100738525e-01 -2.553223371505737305e-01 6.538051366806030273e-02
4.900599420070648193e-01 -2.547254264354705811e-01 6.538051366806030273e-02
4.900666773319244385e-01 -2.541280984878540039e-01 6.538051366806030273e-02
4.900738894939422607e-01 -2.535302937030792236e-01 6.538051366806030273e-02
4.900817275047302246e-01 -2.529319822788238525e-01 6.538051366806030273e-02
4.900902807712554932e-01 -2.523331344127655029e-01 6.538051366806030273e-02
4.900996983051300049e-01 -2.517336606979370117e-01 6.538051366806030273e-02
4.901100695133209229e-01 -2.511335611343383789e-01 6.538051366806030273e-02
4.901212155818939209e-01 -2.505329549312591553e-01 6.538051366806030273e-02
4.901329278945922852e-01 -2.499320358037948608e-01 6.538051366806030273e-02
4.901449680328369141e-01 -2.493310123682022095e-01 6.538051366806030273e-02
4.901570677757263184e-01 -2.487300485372543335e-01 6.538051366806030273e-02
4.901690483093261719e-01 -2.481293380260467529e-01 6.538051366806030273e-02
4.901806414127349854e-01 -2.475290745496749878e-01 6.538051366806030273e-02
4.901916384696960449e-01 -2.469294369220733643e-01 6.538051366806030273e-02
4.902017712593078613e-01 -2.463306188583374023e-01 6.538051366806030273e-02
4.902108311653137207e-01 -2.457328140735626221e-01 6.538051366806030273e-02
4.902185797691345215e-01 -2.451362013816833496e-01 6.538051366806030273e-02
4.902247786521911621e-01 -2.445409744977951050e-01 6.538051366806030273e-02
4.902292191982269287e-01 -2.439473271369934082e-01 6.538051366806030273e-02
4.902316331863403320e-01 -2.433554232120513916e-01 6.538051366806030273e-02
4.902318120002746582e-01 -2.427654713392257690e-01 6.538051366806030273e-02
4.902295172214508057e-01 -2.421776652336120605e-01 6.538051366806030273e-02
4.902244806289672852e-01 -2.415921390056610107e-01 6.538051366806030273e-02
4.902170598506927490e-01 -2.410087883472442627e-01 6.538051366806030273e-02
4.902091622352600098e-01 -2.404263466596603394e-01 6.538051366806030273e-02
4.902029037475585938e-01 -2.398434132337570190e-01 6.538051366806030273e-02
4.902004599571228027e-01 -2.392585873603820801e-01 6.538051366806030273e-02
4.902039766311645508e-01 -2.386704683303833008e-01 6.538051366806030273e-02
4.902156293392181396e-01 -2.380776256322860718e-01 6.538051366806030273e-02
4.902375936508178711e-01 -2.374786734580993652e-01 6.538051366806030273e-02
4.902719855308532715e-01 -2.368721961975097656e-01 6.538051366806030273e-02
4.903209507465362549e-01 -2.362567931413650513e-01 6.538051366806030273e-02
4.903867244720458984e-01 -2.356310635805130005e-01 6.538051366806030273e-02
4.904701709747314453e-01 -2.349944114685058594e-01 6.538052856922149658e-02
4.905649125576019287e-01 -2.343506366014480591e-01 6.538052856922149658e-02
4.906618893146514893e-01 -2.337053567171096802e-01 6.538052856922149658e-02
4.907519817352294922e-01 -2.330641448497772217e-01 6.538052856922149658e-02
4.908261597156524658e-01 -2.324325889348983765e-01 6.538052856922149658e-02
4.908752739429473877e-01 -2.318162471055984497e-01 6.538052856922149658e-02
4.908902943134307861e-01 -2.312206923961639404e-01 6.538052856922149658e-02
4.908621311187744141e-01 -2.306514978408813477e-01 6.538052856922149658e-02
4.907816946506500244e-01 -2.301142513751983643e-01 6.538052856922149658e-02
4.906398952007293701e-01 -2.296144962310791016e-01 6.538052856922149658e-02
4.904282689094543457e-01 -2.291574180126190186e-01 6.538051366806030273e-02
4.901465773582458496e-01 -2.287431210279464722e-01 6.538051366806030273e-02
4.898007512092590332e-01 -2.283679097890853882e-01 6.538051366806030273e-02
4.893967509269714355e-01 -2.280279994010925293e-01 6.538051366806030273e-02
4.889406263828277588e-01 -2.277196347713470459e-01 6.538051366806030273e-02
4.884383380413055420e-01 -2.274390310049057007e-01 6.538051366806030273e-02
4.878959357738494873e-01 -2.271824330091476440e-01 6.538051366806030273e-02
4.873193800449371338e-01 -2.269461005926132202e-01 6.538051366806030273e-02
4.867146909236907959e-01 -2.267262488603591919e-01 6.538051366806030273e-02
4.860878884792327881e-01 -2.265191227197647095e-01 6.538051366806030273e-02
4.854449629783630371e-01 -2.263209670782089233e-01 6.538051366806030273e-02
4.847919046878814697e-01 -2.261280417442321777e-01 6.538051366806030273e-02
4.841347634792327881e-01 -2.259365916252136230e-01 6.538051366806030273e-02
4.834794998168945312e-01 -2.257428765296936035e-01 6.538051366806030273e-02
4.828321635723114014e-01 -2.255431264638900757e-01 6.538051366806030273e-02
4.821986854076385498e-01 -2.253336459398269653e-01 6.538051366806030273e-02
4.815838634967803955e-01 -2.251115441322326660e-01 6.538051366806030273e-02
4.809872508049011230e-01 -2.248774468898773193e-01 6.538051366806030273e-02
4.804072380065917969e-01 -2.246327847242355347e-01 6.538051366806030273e-02
4.798421859741210938e-01 -2.243790030479431152e-01 6.538051366806030273e-02
4.792905151844024658e-01 -2.241175472736358643e-01 6.538051366806030273e-02
4.787505269050598145e-01 -2.238498330116271973e-01 6.538051366806030273e-02
4.782206118106842041e-01 -2.235772758722305298e-01 6.538051366806030273e-02
4.776991307735443115e-01 -2.233012914657592773e-01 6.538051366806030273e-02
4.771845042705535889e-01 -2.230232656002044678e-01 6.538051366806030273e-02
4.766750335693359375e-01 -2.227445989847183228e-01 6.538051366806030273e-02
4.761691093444824219e-01 -2.224666625261306763e-01 6.538051366806030273e-02
4.756651222705841064e-01 -2.221908271312713623e-01 6.538051366806030273e-02
4.751614332199096680e-01 -2.219184637069702148e-01 6.538051366806030273e-02
4.746563732624053955e-01 -2.216508984565734863e-01 6.538051366806030273e-02
4.741483628749847412e-01 -2.213894873857498169e-01 6.538051366806030273e-02
4.736357331275939941e-01 -2.211354970932006836e-01 6.538051366806030273e-02
4.731177985668182373e-01 -2.208889126777648926e-01 6.538051366806030273e-02
4.725949466228485107e-01 -2.206479310989379883e-01 6.538051366806030273e-02
4.720677733421325684e-01 -2.204106599092483521e-01 6.538051366806030273e-02
4.715367257595062256e-01 -2.201752513647079468e-01 6.538051366806030273e-02
4.710023701190948486e-01 -2.199398577213287354e-01 6.538051366806030273e-02
4.704652130603790283e-01 -2.197027057409286499e-01 6.538051366806030273e-02
4.699257612228393555e-01 -2.194620072841644287e-01 6.538051366806030273e-02
4.693845510482788086e-01 -2.192160338163375854e-01 6.538051366806030273e-02
4.688421189785003662e-01 -2.189630717039108276e-01 6.538051366806030273e-02
4.682989716529846191e-01 -2.187014818191528320e-01 6.538051366806030273e-02
4.677556753158569336e-01 -2.184296101331710815e-01 6.538051366806030273e-02
4.672127068042755127e-01 -2.181458920240402222e-01 6.538051366806030273e-02
4.666706323623657227e-01 -2.178487777709960938e-01 6.538051366806030273e-02
4.661299884319305420e-01 -2.175367474555969238e-01 6.538051366806030273e-02
4.655912816524505615e-01 -2.172083407640457153e-01 6.538051366806030273e-02
4.650550186634063721e-01 -2.168627232313156128e-01 6.538051366806030273e-02
4.645209908485412598e-01 -2.165035307407379150e-01 6.538051366806030273e-02
4.639887511730194092e-01 -2.161364406347274780e-01 6.538051366806030273e-02
4.634578227996826172e-01 -2.157670557498931885e-01 6.538051366806030273e-02
4.629277884960174561e-01 -2.154008746147155762e-01 6.538051366806030273e-02
4.623981118202209473e-01 -2.150432765483856201e-01 6.538051366806030273e-02
4.618683755397796631e-01 -2.146995663642883301e-01 6.538051366806030273e-02
4.613380432128906250e-01 -2.143748700618743896e-01 6.538051366806030273e-02
4.608066976070404053e-01 -2.140742242336273193e-01 6.538051366806030273e-02
4.602737724781036377e-01 -2.138025313615798950e-01 6.538051366806030273e-02
4.597388207912445068e-01 -2.135645747184753418e-01 6.538051366806030273e-02
4.592013359069824219e-01 -2.133649438619613647e-01 6.538051366806030273e-02
4.586607813835144043e-01 -2.132081091403961182e-01 6.538051366806030273e-02
4.581166803836822510e-01 -2.130984216928482056e-01 6.538051366806030273e-02
4.575684964656829834e-01 -2.130400091409683228e-01 6.538051366806030273e-02
4.570156037807464600e-01 -2.130368649959564209e-01 6.538052111864089966e-02
4.564579129219055176e-01 -2.130893766880035400e-01 6.538052111864089966e-02
4.558956623077392578e-01 -2.131896167993545532e-01 6.538052111864089966e-02
4.553292393684387207e-01 -2.133286148309707642e-01 6.538052111864089966e-02
4.547591209411621094e-01 -2.134977281093597412e-01 6.538052111864089966e-02
4.541856944561004639e-01 -2.136885523796081543e-01 6.538052111864089966e-02
4.536094665527343750e-01 -2.138930261135101318e-01 6.538052111864089966e-02
4.530308842658996582e-01 -2.141034156084060669e-01 6.538052111864089966e-02
4.524503946304321289e-01 -2.143123298883438110e-01 6.538052111864089966e-02
4.518685638904571533e-01 -2.145127356052398682e-01 6.538052111864089966e-02
4.512858688831329346e-01 -2.146980166435241699e-01 6.538052111864089966e-02
4.507028162479400635e-01 -2.148619443178176880e-01 6.538052111864089966e-02
4.501200020313262939e-01 -2.149986922740936279e-01 6.538051366806030273e-02
4.495378732681274414e-01 -2.151068747043609619e-01 6.538051366806030273e-02
4.489567279815673828e-01 -2.151963561773300171e-01 6.538051366806030273e-02
4.483768343925476074e-01 -2.152781784534454346e-01 6.538051366806030273e-02
4.477983415126800537e-01 -2.153624296188354492e-01 6.538051366806030273e-02
4.472214281558990479e-01 -2.154581546783447266e-01 6.538051366806030273e-02
4.466461837291717529e-01 -2.155732661485671997e-01 6.538051366806030273e-02
4.460727274417877197e-01 -2.157144993543624878e-01 6.538051366806030273e-02
4.455009996891021729e-01 -2.158873081207275391e-01 6.538051366806030273e-02
4.449309706687927246e-01 -2.160958498716354370e-01 6.538051366806030273e-02
4.443625807762145996e-01 -2.163428515195846558e-01 6.538051366806030273e-02
4.437956511974334717e-01 -2.166295647621154785e-01 6.538051366806030273e-02
4.432300031185150146e-01 -2.169557660818099976e-01 6.538050621747970581e-02
4.426651597023010254e-01 -2.173146903514862061e-01 6.538050621747970581e-02
4.421002864837646484e-01 -2.176838219165802002e-01 6.538050621747970581e-02
4.415344893932342529e-01 -2.180402278900146484e-01 6.538050621747970581e-02
4.409670829772949219e-01 -2.183645814657211304e-01 6.538050621747970581e-02
4.403974711894989014e-01 -2.186414301395416260e-01 6.538050621747970581e-02
4.398252665996551514e-01 -2.188594341278076172e-01 6.538050621747970581e-02
4.392502307891845703e-01 -2.190117239952087402e-01 6.538050621747970581e-02
4.386723339557647705e-01 -2.190960347652435303e-01 6.538050621747970581e-02
4.380916953086853027e-01 -2.191151380538940430e-01 6.538050621747970581e-02
4.375086724758148193e-01 -2.190769314765930176e-01 6.538050621747970581e-02
4.369238615036010742e-01 -2.189948707818984985e-01 6.538050621747970581e-02
4.357538223266601562e-01 -2.187759727239608765e-01 6.538051366806030273e-02
4.351730942726135254e-01 -2.186619490385055542e-01 6.538051366806030273e-02
4.345961213111877441e-01 -2.185457199811935425e-01 6.538051366806030273e-02
4.340230822563171387e-01 -2.184269875288009644e-01 6.538051366806030273e-02
4.334541261196136475e-01 -2.183054685592651367e-01 6.538051366806030273e-02
4.328894615173339844e-01 -2.181808948516845703e-01 6.538051366806030273e-02
4.323292672634124756e-01 -2.180529832839965820e-01 6.538051366806030273e-02
4.317737221717834473e-01 -2.179214358329772949e-01 6.538051366806030273e-02
4.312229752540588379e-01 -2.177859991788864136e-01 6.538051366806030273e-02
4.306772649288177490e-01 -2.176463752985000610e-01 6.538051366806030273e-02
4.301367104053497314e-01 -2.175022959709167480e-01 6.538051366806030273e-02
4.296015202999114990e-01 -2.173534780740737915e-01 6.538051366806030273e-02
4.290718436241149902e-01 -2.171996384859085083e-01 6.538051366806030273e-02
4.285479187965393066e-01 -2.170404940843582153e-01 6.538051366806030273e-02
4.280298948287963867e-01 -2.168757617473602295e-01 6.538051366806030273e-02
4.275179207324981689e-01 -2.167051881551742554e-01 6.538051366806030273e-02
4.270122349262237549e-01 -2.165284603834152222e-01 6.538051366806030273e-02
4.265129566192626953e-01 -2.163453102111816406e-01 6.538051366806030273e-02
4.260203242301940918e-01 -2.161554694175720215e-01 6.538051366806030273e-02
4.255344867706298828e-01 -2.159586399793624878e-01 6.538051366806030273e-02
4.250555932521820068e-01 -2.157545387744903564e-01 6.538051366806030273e-02
4.245838820934295654e-01 -2.155429124832153320e-01 6.538051366806030273e-02
4.241195023059844971e-01 -2.153234630823135376e-01 6.538051366806030273e-02
4.236626327037811279e-01 -2.150959074497222900e-01 6.538051366806030273e-02
4.232134521007537842e-01 -2.148599773645401001e-01 6.538051366806030273e-02
4.227721393108367920e-01 -2.146153897047042847e-01 6.538051366806030273e-02
4.223388731479644775e-01 -2.143618613481521606e-01 6.538051366806030273e-02
4.219136834144592285e-01 -2.140993326902389526e-01 6.538051366806030273e-02
4.214965403079986572e-01 -2.138278931379318237e-01 6.538051366806030273e-02
4.210873246192932129e-01 -2.135476469993591309e-01 6.538051366806030273e-02
4.206859767436981201e-01 -2.132587134838104248e-01 6.538051366806030273e-02
4.202923774719238281e-01 -2.129611968994140625e-01 6.538051366806030273e-02
4.199064970016479492e-01 -2.126551866531372070e-01 6.538051366806030273e-02
4.195282459259033203e-01 -2.123408317565917969e-01 6.538051366806030273e-02
4.191575348377227783e-01 -2.120181918144226074e-01 6.538051366806030273e-02
4.187943041324615479e-01 -2.116874009370803833e-01 6.538051366806030273e-02
4.184384644031524658e-01 -2.113485634326934814e-01 6.538051366806030273e-02
4.180898964405059814e-01 -2.110017985105514526e-01 6.538051366806030273e-02
4.177486002445220947e-01 -2.106471806764602661e-01 6.538051366806030273e-02
4.174144268035888672e-01 -2.102848440408706665e-01 6.538051366806030273e-02
4.170873463153839111e-01 -2.099148929119110107e-01 6.538051366806030273e-02
4.167672693729400635e-01 -2.095374166965484619e-01 6.538051366806030273e-02
4.164540767669677734e-01 -2.091525495052337646e-01 6.538051366806030273e-02
4.161477386951446533e-01 -2.087603658437728882e-01 6.538051366806030273e-02
4.158481657505035400e-01 -2.083610147237777710e-01 6.538051366806030273e-02
4.155552685260772705e-01 -2.079545706510543823e-01 6.538051366806030273e-02
4.152689874172210693e-01 -2.075411379337310791e-01 6.538051366806030273e-02
4.149892330169677734e-01 -2.071208506822586060e-01 6.538051366806030273e-02
4.147159159183502197e-01 -2.066937983036041260e-01 6.538051366806030273e-02
4.144489467144012451e-01 -2.062600851058959961e-01 6.538051366806030273e-02
4.141882956027984619e-01 -2.058198302984237671e-01 6.538051366806030273e-02
4.139338433742523193e-01 -2.053731381893157959e-01 6.538051366806030273e-02
4.136855304241180420e-01 -2.049201130867004395e-01 6.538051366806030273e-02
4.134432673454284668e-01 -2.044608592987060547e-01 6.538051366806030273e-02
4.132069945335388184e-01 -2.039954811334609985e-01 6.538051366806030273e-02
4.129765927791595459e-01 -2.035240828990936279e-01 6.538051366806030273e-02
4.127520322799682617e-01 -2.030467838048934937e-01 6.538051366806030273e-02
4.125331938266754150e-01 -2.025637030601501465e-01 6.538051366806030273e-02
4.123200178146362305e-01 -2.020749151706695557e-01 6.538051366806030273e-02
4.121124446392059326e-01 -2.015805393457412720e-01 6.538051366806030273e-02
4.119103550910949707e-01 -2.010806798934936523e-01 6.538051366806030273e-02
4.117136895656585693e-01 -2.005754560232162476e-01 6.538051366806030273e-02
4.115223884582519531e-01 -2.000649720430374146e-01 6.538051366806030273e-02
4.113363623619079590e-01 -1.995493322610855103e-01 6.538051366806030273e-02
4.111555218696594238e-01 -1.990286260843276978e-01 6.538051366806030273e-02
4.109797775745391846e-01 -1.985029876232147217e-01 6.538051366806030273e-02
4.108090698719024658e-01 -1.979725062847137451e-01 6.538051366806030273e-02
4.106433391571044922e-01 -1.974372863769531250e-01 6.538051366806030273e-02
4.104824662208557129e-01 -1.968974471092224121e-01 6.538051366806030273e-02
4.103264212608337402e-01 -1.963530927896499634e-01 6.538051366806030273e-02
4.101750552654266357e-01 -1.958043277263641357e-01 6.538051366806030273e-02
4.100283682346343994e-01 -1.952512413263320923e-01 6.538051366806030273e-02
4.098862111568450928e-01 -1.946939677000045776e-01 6.538051366806030273e-02
4.097485542297363281e-01 -1.941325962543487549e-01 6.538051366806030273e-02
4.096153080463409424e-01 -1.935672461986541748e-01 6.538051366806030273e-02
4.094864130020141602e-01 -1.929980218410491943e-01 6.538051366806030273e-02
4.093617498874664307e-01 -1.924250125885009766e-01 6.538051366806030273e-02
4.092412292957305908e-01 -1.918483376502990723e-01 6.538051366806030273e-02
4.091248512268066406e-01 -1.912681013345718384e-01 6.538051366806030273e-02
4.090124666690826416e-01 -1.906844079494476318e-01 6.538051366806030273e-02
4.089040160179138184e-01 -1.900973767042160034e-01 6.538051366806030273e-02
4.087994098663330078e-01 -1.895070970058441162e-01 6.538051366806030273e-02
4.086985886096954346e-01 -1.889136731624603271e-01 6.538051366806030273e-02
4.086014926433563232e-01 -1.883172392845153809e-01 6.538051366806030273e-02
4.085080027580261230e-01 -1.877178698778152466e-01 6.538051366806030273e-02
4.084180593490600586e-01 -1.871156841516494751e-01 6.538051366806030273e-02
4.083315730094909668e-01 -1.865107864141464233e-01 6.538051366806030273e-02
4.082484841346740723e-01 -1.859032809734344482e-01 6.538051366806030273e-02
4.081687033176422119e-01 -1.852932721376419067e-01 6.538051366806030273e-02
4.080921709537506104e-01 -1.846808791160583496e-01 6.538051366806030273e-02
4.080187678337097168e-01 -1.840661913156509399e-01 6.538051366806030273e-02
4.079484343528747559e-01 -1.834493279457092285e-01 6.538051366806030273e-02
4.078811109066009521e-01 -1.828303784132003784e-01 6.538051366806030273e-02
4.078167080879211426e-01 -1.822094768285751343e-01 6.538051366806030273e-02
4.077551364898681641e-01 -1.815866976976394653e-01 6.538051366806030273e-02
4.076963365077972412e-01 -1.809621602296829224e-01 6.538051366806030273e-02
4.076402187347412109e-01 -1.803359836339950562e-01 6.538051366806030273e-02
4.075866937637329102e-01 -1.797082424163818359e-01 6.538051366806030273e-02
4.075357019901275635e-01 -1.790790706872940063e-01 6.538051366806030273e-02
4.074871540069580078e-01 -1.784485578536987305e-01 6.538051366806030273e-02
4.074409604072570801e-01 -1.778168231248855591e-01 6.538051366806030273e-02
4.073970615863800049e-01 -1.771839559078216553e-01 6.538051366806030273e-02
4.073553979396820068e-01 -1.765500754117965698e-01 6.538051366806030273e-02
4.073158502578735352e-01 -1.759152859449386597e-01 6.538051366806030273e-02
4.072783589363098145e-01 -1.752796769142150879e-01 6.538051366806030273e-02
4.072428345680236816e-01 -1.746433675289154053e-01 6.538051366806030273e-02
4.072092473506927490e-01 -1.740064620971679688e-01 6.538051366806030273e-02
4.071774482727050781e-01 -1.733690649271011353e-01 6.538051366806030273e-02
4.071473777294158936e-01 -1.727312952280044556e-01 6.538051366806030273e-02
4.071190059185028076e-01 -1.720932275056838989e-01 6.538051366806030273e-02
4.070921838283538818e-01 -1.714549958705902100e-01 6.538051366806030273e-02
4.070669114589691162e-01 -1.708166748285293579e-01 6.538051366806030273e-02
4.070430397987365723e-01 -1.701784133911132812e-01 6.538051366806030273e-02
4.070205092430114746e-01 -1.695402711629867554e-01 6.538051366806030273e-02
4.069992601871490479e-01 -1.689023822546005249e-01 6.538051366806030273e-02
4.069792032241821289e-01 -1.682648360729217529e-01 6.538051366806030273e-02
4.069602787494659424e-01 -1.676277518272399902e-01 6.538051366806030273e-02
4.069423675537109375e-01 -1.669912338256835938e-01 6.538051366806030273e-02
4.069254398345947266e-01 -1.663553714752197266e-01 6.538051366806030273e-02
4.069093763828277588e-01 -1.657202839851379395e-01 6.538051366806030273e-02
4.068940877914428711e-01 -1.650860607624053955e-01 6.538051366806030273e-02
4.068795740604400635e-01 -1.644528359174728394e-01 6.538051366806030273e-02
4.068656563758850098e-01 -1.638206839561462402e-01 6.538051366806030273e-02
4.068523347377777100e-01 -1.631897091865539551e-01 6.538051366806030273e-02
4.068394899368286133e-01 -1.625600457191467285e-01 6.538051366806030273e-02
4.068270623683929443e-01 -1.619317680597305298e-01 6.538051366806030273e-02
4.068149626255035400e-01 -1.613050103187561035e-01 6.538051366806030273e-02
4.068031013011932373e-01 -1.606798470020294189e-01 6.538051366806030273e-02
4.067914485931396484e-01 -1.600563973188400269e-01 6.538051366806030273e-02
4.067798554897308350e-01 -1.594347655773162842e-01 6.538051366806030273e-02
4.067682921886444092e-01 -1.588150560855865479e-01 6.538051366806030273e-02
4.067566692829132080e-01 -1.581973731517791748e-01 6.538051366806030273e-02
4.067449271678924561e-01 -1.575818210840225220e-01 6.538051366806030273e-02
4.067329466342926025e-01 -1.569685041904449463e-01 6.538051366806030273e-02
4.067206680774688721e-01 -1.563575118780136108e-01 6.538051366806030273e-02
4.067080318927764893e-01 -1.557489633560180664e-01 6.538051366806030273e-02
4.066950380802154541e-01 -1.551428139209747314e-01 6.538051366806030273e-02
4.066816568374633789e-01 -1.545390188694000244e-01 6.538051366806030273e-02
4.066678881645202637e-01 -1.539375483989715576e-01 6.538051366806030273e-02
4.066537916660308838e-01 -1.533383429050445557e-01 6.538051366806030273e-02
4.066393375396728516e-01 -1.527413576841354370e-01 6.538051366806030273e-02
4.066245555877685547e-01 -1.521465480327606201e-01 6.538051366806030273e-02
4.066093862056732178e-01 -1.515538543462753296e-01 6.538051366806030273e-02
4.065939188003540039e-01 -1.509632468223571777e-01 6.538051366806030273e-02
4.065781235694885254e-01 -1.503746658563613892e-01 6.538051366806030273e-02
4.065620005130767822e-01 -1.497880667448043823e-01 6.538051366806030273e-02
4.065455496311187744e-01 -1.492034047842025757e-01 6.538051366806030273e-02
4.065288007259368896e-01 -1.486206352710723877e-01 6.538051366806030273e-02
4.065117239952087402e-01 -1.480397135019302368e-01 6.538051366806030273e-02
4.064943790435791016e-01 -1.474605798721313477e-01 6.538051366806030273e-02
4.064767360687255859e-01 -1.468832045793533325e-01 6.538051366806030273e-02
4.064587950706481934e-01 -1.463075280189514160e-01 6.538051366806030273e-02
4.064405560493469238e-01 -1.457335203886032104e-01 6.538051366806030273e-02
4.064220488071441650e-01 -1.451611071825027466e-01 6.538051366806030273e-02
4.064033031463623047e-01 -1.445902734994888306e-01 6.538051366806030273e-02
4.063842594623565674e-01 -1.440209448337554932e-01 6.538051366806030273e-02
4.063649773597717285e-01 -1.434530913829803467e-01 6.538051366806030273e-02
4.063454270362854004e-01 -1.428866684436798096e-01 6.538051366806030273e-02
4.063256382942199707e-01 -1.423216164112091064e-01 6.538051366806030273e-02
4.063056111335754395e-01 -1.417579054832458496e-01 6.538051366806030273e-02
4.062853753566741943e-01 -1.411954909563064575e-01 6.538051366806030273e-02
4.062648713588714600e-01 -1.406342983245849609e-01 6.538051366806030273e-02
4.062441587448120117e-01 -1.400743126869201660e-01 6.538051366806030273e-02
4.062232375144958496e-01 -1.395154744386672974e-01 6.538051366806030273e-02
4.062020778656005859e-01 -1.389577388763427734e-01 6.538051366806030273e-02
4.061807394027709961e-01 -1.384010612964630127e-01 6.538051366806030273e-02
4.061591923236846924e-01 -1.378453969955444336e-01 6.538051366806030273e-02
4.061374664306640625e-01 -1.372907012701034546e-01 6.538051366806030273e-02
4.061155319213867188e-01 -1.367369294166564941e-01 6.538051366806030273e-02
4.060934484004974365e-01 -1.361840367317199707e-01 6.538051366806030273e-02
4.060711562633514404e-01 -1.356319636106491089e-01 6.538051366806030273e-02
4.060487151145935059e-01 -1.350806951522827148e-01 6.538051366806030273e-02
4.060260951519012451e-01 -1.345301568508148193e-01 6.538051366806030273e-02
4.060033261775970459e-01 -1.339803189039230347e-01 6.538051366806030273e-02
4.059804081916809082e-01 -1.334311217069625854e-01 6.538051366806030273e-02
4.059573411941528320e-01 -1.328825354576110840e-01 6.538051366806030273e-02
4.059341251850128174e-01 -1.323345154523849487e-01 6.538051366806030273e-02
4.059107899665832520e-01 -1.317870169878005981e-01 6.538051366806030273e-02
4.058873355388641357e-01 -1.312399804592132568e-01 6.538051366806030273e-02
4.058637320995330811e-01 -1.306933760643005371e-01 6.538051366806030273e-02
4.058400392532348633e-01 -1.301471441984176636e-01 6.538051366806030273e-02
4.058162271976470947e-01 -1.296012550592422485e-01 6.538051366806030273e-02
4.057922959327697754e-01 -1.290556788444519043e-01 6.538051366806030273e-02
4.057683050632476807e-01 -1.285103261470794678e-01 6.538051366806030273e-02
4.057441949844360352e-01 -1.279651969671249390e-01 6.538051366806030273e-02
4.057199954986572266e-01 -1.274202167987823486e-01 6.538051366806030273e-02
4.056957066059112549e-01 -1.268753707408905029e-01 6.538051366806030273e-02
4.056713581085205078e-01 -1.263305842876434326e-01 6.538051366806030273e-02
4.056469500064849854e-01 -1.257858425378799438e-01 6.538051366806030273e-02
4.056224822998046875e-01 -1.252410709857940674e-01 6.538051366806030273e-02
4.055979549884796143e-01 -1.246962472796440125e-01 6.538051366806030273e-02
4.055733680725097656e-01 -1.241513267159461975e-01 6.538051366806030273e-02
4.055487215518951416e-01 -1.236062571406364441e-01 6.538051366806030273e-02
4.055240750312805176e-01 -1.230610013008117676e-01 6.538051366806030273e-02
4.054993689060211182e-01 -1.225155144929885864e-01 6.538051366806030273e-02
4.054746329784393311e-01 -1.219697520136833191e-01 6.538051366806030273e-02
4.054498970508575439e-01 -1.214236766099929810e-01 6.538051366806030273e-02
4.054251313209533691e-01 -1.208772361278533936e-01 6.538051366806030273e-02
4.054003655910491943e-01 -1.203303933143615723e-01 6.538051366806030273e-02
4.053755998611450195e-01 -1.197831109166145325e-01 6.538051366806030273e-02
4.053508341312408447e-01 -1.192353293299674988e-01 6.538051366806030273e-02
4.053260982036590576e-01 -1.186870262026786804e-01 6.538051366806030273e-02
4.053013622760772705e-01 -1.181381419301033020e-01 6.538051366806030273e-02
4.052766263484954834e-01 -1.175886392593383789e-01 6.538051366806030273e-02
4.052519500255584717e-01 -1.170384809374809265e-01 6.538051366806030273e-02
4.052272737026214600e-01 -1.164876222610473633e-01 6.538051366806030273e-02
4.052026867866516113e-01 -1.159360259771347046e-01 6.538051366806030273e-02
4.051780998706817627e-01 -1.153836324810981750e-01 6.538051366806030273e-02
4.051536023616790771e-01 -1.148304194211959839e-01 6.538051366806030273e-02
4.051291346549987793e-01 -1.142763346433639526e-01 6.538051366806030273e-02
4.051047265529632568e-01 -1.137213408946990967e-01 6.538051366806030273e-02
4.050804078578948975e-01 -1.131653934717178345e-01 6.538051366806030273e-02
4.050561785697937012e-01 -1.126084476709365845e-01 6.538051366806030273e-02
4.050320088863372803e-01 -1.120504736900329590e-01 6.538051366806030273e-02
4.050079286098480225e-01 -1.114914491772651672e-01 6.538051366806030273e-02
4.049839377403259277e-01 -1.109314188361167908e-01 6.538051366806030273e-02
4.049600064754486084e-01 -1.103704199194908142e-01 6.538051366806030273e-02
4.049361944198608398e-01 -1.098084971308708191e-01 6.538051366806030273e-02
4.049124717712402344e-01 -1.092456951737403870e-01 6.538051366806030273e-02
4.048888087272644043e-01 -1.086820513010025024e-01 6.538051366806030273e-02
4.048652350902557373e-01 -1.081176027655601501e-01 6.538051366806030273e-02
4.048417508602142334e-01 -1.075524017214775085e-01 6.538051366806030273e-02
4.048183560371398926e-01 -1.069864854216575623e-01 6.538051366806030273e-02
4.047950208187103271e-01 -1.064198836684226990e-01 6.538051366806030273e-02
4.047717750072479248e-01 -1.058526486158370972e-01 6.538051366806030273e-02
4.047486186027526855e-01 -1.052848175168037415e-01 6.538051366806030273e-02
4.047255516052246094e-01 -1.047164350748062134e-01 6.538051366806030273e-02
4.047025442123413086e-01 -1.041475310921669006e-01 6.538051366806030273e-02
4.046796262264251709e-01 -1.035781577229499817e-01 6.538051366806030273e-02
4.046567678451538086e-01 -1.030083373188972473e-01 6.538051366806030273e-02
4.046340286731719971e-01 -1.024381220340728760e-01 6.538051366806030273e-02
4.046113193035125732e-01 -1.018675565719604492e-01 6.538051366806030273e-02
4.045887291431427002e-01 -1.012966632843017578e-01 6.538051366806030273e-02
4.045661985874176025e-01 -1.007254868745803833e-01 6.538051366806030273e-02
4.045437276363372803e-01 -1.001540720462799072e-01 6.538051366806030273e-02
4.045213460922241211e-01 -9.958244860172271729e-02 6.538051366806030273e-02
4.044990539550781250e-01 -9.901065379381179810e-02 6.538051366806030273e-02
4.044768214225769043e-01 -9.843873977661132812e-02 6.538051366806030273e-02
4.044546484947204590e-01 -9.786672145128250122e-02 6.538051366806030273e-02
4.044325649738311768e-01 -9.729465842247009277e-02 6.538051366806030273e-02
4.044105708599090576e-01 -9.672257304191589355e-02 6.538051366806030273e-02
4.043886065483093262e-01 -9.615050256252288818e-02 6.538051366806030273e-02
4.043667614459991455e-01 -9.557849168777465820e-02 6.538051366806030273e-02
4.043449461460113525e-01 -9.500656276941299438e-02 6.538051366806030273e-02
4.043232202529907227e-01 -9.443476796150207520e-02 6.538051366806030273e-02
4.043015539646148682e-01 -9.386312961578369141e-02 6.538051366806030273e-02
4.042799472808837891e-01 -9.329169243574142456e-02 6.538051366806030273e-02
4.042584300041198730e-01 -9.272049367427825928e-02 6.538051366806030273e-02
4.042369723320007324e-01 -9.214954823255538940e-02 6.538051366806030273e-02
4.042155742645263672e-01 -9.157891571521759033e-02 6.538051366806030273e-02
4.041942358016967773e-01 -9.100861102342605591e-02 6.538051366806030273e-02
4.041729867458343506e-01 -9.043868631124496460e-02 6.538051366806030273e-02
4.041517972946166992e-01 -8.986915647983551025e-02 6.538051366806030273e-02
4.041306376457214355e-01 -8.930006623268127441e-02 6.538051366806030273e-02
4.041095674037933350e-01 -8.873144537210464478e-02 6.538051366806030273e-02
4.040885567665100098e-01 -8.816333115100860596e-02 6.538051366806030273e-02
4.040676057338714600e-01 -8.759574592113494873e-02 6.538051366806030273e-02
4.040467143058776855e-01 -8.702873438596725464e-02 6.538051366806030273e-02
4.040258824825286865e-01 -8.646231889724731445e-02 6.538051366806030273e-02
4.040050804615020752e-01 -8.589653670787811279e-02 6.538051366806030273e-02
4.039843678474426270e-01 -8.533141762018203735e-02 6.538051366806030273e-02
4.039637148380279541e-01 -8.476699143648147583e-02 6.538051366806030273e-02
4.039430916309356689e-01 -8.420328795909881592e-02 6.538051366806030273e-02
4.039225280284881592e-01 -8.364034444093704224e-02 6.538051366806030273e-02
4.039020538330078125e-01 -8.307818323373794556e-02 6.538051366806030273e-02
4.038815796375274658e-01 -8.251684159040451050e-02 6.538051366806030273e-02
4.038611948490142822e-01 -8.195634186267852783e-02 6.538051366806030273e-02
4.038408398628234863e-01 -8.139671385288238525e-02 6.538051366806030273e-02
4.038205444812774658e-01 -8.083799481391906738e-02 6.538051366806030273e-02
4.038003087043762207e-01 -8.028019964694976807e-02 6.538051366806030273e-02
4.037801027297973633e-01 -7.972337305545806885e-02 6.538051366806030273e-02
4.037599563598632812e-01 -7.916752994060516357e-02 6.538051366806030273e-02
4.037398397922515869e-01 -7.861270010471343994e-02 6.538051366806030273e-02
4.037197828292846680e-01 -7.805892080068588257e-02 6.538051366806030273e-02
4.036997556686401367e-01 -7.750620692968368530e-02 6.538051366806030273e-02
4.036797881126403809e-01 -7.695458829402923584e-02 6.538051366806030273e-02
4.036598503589630127e-01 -7.640410214662551880e-02 6.538051366806030273e-02
4.036399722099304199e-01 -7.585475593805313110e-02 6.538051366806030273e-02
4.036201238632202148e-01 -7.530658692121505737e-02 6.538051366806030273e-02
4.036003053188323975e-01 -7.475961744785308838e-02 6.538051366806030273e-02
4.035805165767669678e-01 -7.421387732028961182e-02 6.538051366806030273e-02
4.035607874393463135e-01 -7.366938143968582153e-02 6.538051366806030273e-02
4.035410881042480469e-01 -7.312615960836410522e-02 6.538051366806030273e-02
4.035214185714721680e-01 -7.258423417806625366e-02 6.538051366806030273e-02
4.035017788410186768e-01 -7.204363495111465454e-02 6.538051366806030273e-02
4.034821689128875732e-01 -7.150438427925109863e-02 6.538051366806030273e-02
4.034625887870788574e-01 -7.096649706363677979e-02 6.538051366806030273e-02
4.034430682659149170e-01 -7.042999565601348877e-02 6.538051366806030273e-02
4.034235477447509766e-01 -6.989490985870361328e-02 6.538051366806030273e-02
4.034040570259094238e-01 -6.936125457286834717e-02 6.538051366806030273e-02
4.033845961093902588e-01 -6.882905960083007812e-02 6.538051366806030273e-02
4.033651649951934814e-01 -6.829833984375000000e-02 6.538051366806030273e-02
4.033457338809967041e-01 -6.776911020278930664e-02 6.538051366806030273e-02
4.033263325691223145e-01 -6.724130362272262573e-02 6.538051366806030273e-02
4.033069610595703125e-01 -6.671482324600219727e-02 6.538051366806030273e-02
4.032875895500183105e-01 -6.618956476449966431e-02 6.538051366806030273e-02
4.032682478427886963e-01 -6.566543132066726685e-02 6.538051366806030273e-02
4.032489061355590820e-01 -6.514231115579605103e-02 6.538051366806030273e-02
4.032295644283294678e-01 -6.462010741233825684e-02 6.538051366806030273e-02
4.032102227210998535e-01 -6.409873068332672119e-02 6.538051366806030273e-02
4.031908810138702393e-01 -6.357806921005249023e-02 6.538051366806030273e-02
4.031715393066406250e-01 -6.305803358554840088e-02 6.538051366806030273e-02
4.031521677970886230e-01 -6.253851950168609619e-02 6.538051366806030273e-02
4.031327962875366211e-01 -6.201943755149841309e-02 6.538051366806030273e-02
4.031134247779846191e-01 -6.150068715214729309e-02 6.538051366806030273e-02
4.030940234661102295e-01 -6.098217517137527466e-02 6.538051366806030273e-02
4.030745923519134521e-01 -6.046380847692489624e-02 6.538051366806030273e-02
4.030551612377166748e-01 -5.994549021124839783e-02 6.538051366806030273e-02
4.030356705188751221e-01 -5.942713096737861633e-02 6.538051366806030273e-02
4.030161798000335693e-01 -5.890863761305809021e-02 6.538051366806030273e-02
4.029966592788696289e-01 -5.838992074131965637e-02 6.538051366806030273e-02
4.029770791530609131e-01 -5.787088721990585327e-02 6.538051366806030273e-02
4.029574692249298096e-01 -5.735145509243011475e-02 6.538051366806030273e-02
4.029377996921539307e-01 -5.683152750134468079e-02 6.538051366806030273e-02
4.029181301593780518e-01 -5.631101876497268677e-02 6.538051366806030273e-02
4.028983712196350098e-01 -5.578984692692756653e-02 6.538051366806030273e-02
4.028785824775695801e-01 -5.526792630553245544e-02 6.538051366806030273e-02
4.028587341308593750e-01 -5.474516749382019043e-02 6.538051366806030273e-02
4.028388559818267822e-01 -5.422148853540420532e-02 6.538051366806030273e-02
4.028188884258270264e-01 -5.369680374860763550e-02 6.538051366806030273e-02
4.027988910675048828e-01 -5.317103862762451172e-02 6.538051366806030273e-02
4.027788043022155762e-01 -5.264410749077796936e-02 6.538051366806030273e-02
4.027586579322814941e-01 -5.211592838168144226e-02 6.538051366806030273e-02
4.027384519577026367e-01 -5.158642679452896118e-02 6.538051366806030273e-02
4.027181863784790039e-01 -5.105552077293395996e-02 6.538051366806030273e-02
4.026978313922882080e-01 -5.052313581109046936e-02 6.538051366806030273e-02
4.026773869991302490e-01 -4.998919367790222168e-02 6.538051366806030273e-02
4.026568830013275146e-01 -4.945361986756324768e-02 6.538051366806030273e-02
4.026363193988800049e-01 -4.891633987426757812e-02 6.538051366806030273e-02
4.026156663894653320e-01 -4.837727919220924377e-02 6.538051366806030273e-02
4.025948941707611084e-01 -4.783637076616287231e-02 6.538051366806030273e-02
4.025740623474121094e-01 -4.729354009032249451e-02 6.538051366806030273e-02
4.025531709194183350e-01 -4.674871638417243958e-02 6.538051366806030273e-02
4.025321602821350098e-01 -4.620182886719703674e-02 6.538051366806030273e-02
4.025110602378845215e-01 -4.565281420946121216e-02 6.538051366806030273e-02
4.024898409843444824e-01 -4.510160535573959351e-02 6.538051366806030273e-02
4.024685621261596680e-01 -4.454813152551651001e-02 6.538051366806030273e-02
4.024471640586853027e-01 -4.399233311414718628e-02 6.538051366806030273e-02
4.024256765842437744e-01 -4.343414306640625000e-02 6.538051366806030273e-02
4.024040997028350830e-01 -4.287350177764892578e-02 6.538051366806030273e-02
4.023824036121368408e-01 -4.231034591794013977e-02 6.538051366806030273e-02
4.023606181144714355e-01 -4.174461588263511658e-02 6.538051366806030273e-02
4.023387134075164795e-01 -4.117624834179878235e-02 6.538051366806030273e-02
4.023166894912719727e-01 -4.060519114136695862e-02 6.538051366806030273e-02
4.022945761680603027e-01 -4.003138840198516846e-02 6.538051366806030273e-02
4.022723436355590820e-01 -3.945477679371833801e-02 6.538051366806030273e-02
4.022499918937683105e-01 -3.887530788779258728e-02 6.538051366806030273e-02
4.022275209426879883e-01 -3.829292953014373779e-02 6.538051366806030273e-02
4.022049605846405029e-01 -3.770758211612701416e-02 6.538051366806030273e-02
4.021822512149810791e-01 -3.711922466754913330e-02 6.538051366806030273e-02
4.021594524383544922e-01 -3.652779757976531982e-02 6.538051366806030273e-02
4.021365046501159668e-01 -3.593325614929199219e-02 6.538051366806030273e-02
4.021134674549102783e-01 -3.533555567264556885e-02 6.538051366806030273e-02
4.020902812480926514e-01 -3.473464772105216980e-02 6.538051366806030273e-02
4.020669758319854736e-01 -3.413049131631851196e-02 6.538051366806030273e-02
4.020435512065887451e-01 -3.352303430438041687e-02 6.538051366806030273e-02
4.020200073719024658e-01 -3.291224315762519836e-02 6.538051366806030273e-02
4.019963145256042480e-01 -3.229806944727897644e-02 6.538051366806030273e-02
4.019725322723388672e-01 -3.168047964572906494e-02 6.538051366806030273e-02
4.019485712051391602e-01 -3.105942904949188232e-02 6.538051366806030273e-02
4.019245207309722900e-01 -3.043488599359989166e-02 6.538051366806030273e-02
4.019003212451934814e-01 -2.980681322515010834e-02 6.538051366806030273e-02
4.018760025501251221e-01 -2.917517535388469696e-02 6.538051366806030273e-02
4.018515348434448242e-01 -2.853993885219097137e-02 6.538051366806030273e-02
4.018269479274749756e-01 -2.790107205510139465e-02 6.538051366806030273e-02
4.018022418022155762e-01 -2.725854516029357910e-02 6.538051366806030273e-02
4.017773866653442383e-01 -2.661232836544513702e-02 6.538051366806030273e-02
4.017523825168609619e-01 -2.596239186823368073e-02 6.538051366806030273e-02
4.017272591590881348e-01 -2.530871331691741943e-02 6.538051366806030273e-02
4.017019867897033691e-01 -2.465126477181911469e-02 6.538051366806030273e-02
4.016765952110290527e-01 -2.399002388119697571e-02 6.538051366806030273e-02
4.016510546207427979e-01 -2.332506142556667328e-02 6.538051366806030273e-02
4.016254246234893799e-01 -2.265670709311962128e-02 6.538051366806030273e-02
4.015996456146240234e-01 -2.198533341288566589e-02 6.538051366806030273e-02
4.015738070011138916e-01 -2.131129987537860870e-02 6.538051366806030273e-02
4.015478789806365967e-01 -2.063496969640254974e-02 6.538051366806030273e-02
4.015218913555145264e-01 -1.995669864118099213e-02 6.538051366806030273e-02
4.014958441257476807e-01 -1.927683688700199127e-02 6.538051366806030273e-02
4.014697670936584473e-01 -1.859573461115360260e-02 6.538051366806030273e-02
4.014436602592468262e-01 -1.791373081505298615e-02 6.538051366806030273e-02
4.014175236225128174e-01 -1.723116636276245117e-02 6.538051366806030273e-02
4.013913869857788086e-01 -1.654837280511856079e-02 6.538051366806030273e-02
4.013652801513671875e-01 -1.586567983031272888e-02 6.538051366806030273e-02
4.013391733169555664e-01 -1.518341153860092163e-02 6.538051366806030273e-02
4.013131260871887207e-01 -1.450188830494880676e-02 6.538051366806030273e-02
4.012871086597442627e-01 -1.382142398506402969e-02 6.538051366806030273e-02
4.012611508369445801e-01 -1.314232870936393738e-02 6.538051366806030273e-02
4.012352824211120605e-01 -1.246490795165300369e-02 6.538051366806030273e-02
4.012094736099243164e-01 -1.178946066647768021e-02 6.538051366806030273e-02
4.011837840080261230e-01 -1.111628394573926926e-02 6.538051366806030273e-02
4.011581540107727051e-01 -1.044566649943590164e-02 6.538051366806030273e-02
4.011326730251312256e-01 -9.777894243597984314e-03 6.538051366806030273e-02
4.011073112487792969e-01 -9.113247506320476532e-03 6.538051366806030273e-02
4.010820686817169189e-01 -8.452001027762889862e-03 6.538051366806030273e-02
4.010569751262664795e-01 -7.794425357133150101e-03 6.538051366806030273e-02
4.010320603847503662e-01 -7.140784058719873428e-03 6.538051366806030273e-02
4.010072648525238037e-01 -6.491337437182664871e-03 6.538051366806030273e-02
4.009826779365539551e-01 -5.846339277923107147e-03 6.538051366806030273e-02
4.009582698345184326e-01 -5.206038709729909897e-03 6.538051366806030273e-02
4.009340405464172363e-01 -4.570678807795047760e-03 6.538051366806030273e-02
4.009100198745727539e-01 -3.940497059375047684e-03 6.538051366806030273e-02
4.008862078189849854e-01 -3.315726993605494499e-03 6.538051366806030273e-02
4.008626341819763184e-01 -2.696595154702663422e-03 6.538051366806030273e-02
4.008392691612243652e-01 -2.083322731778025627e-03 6.538051366806030273e-02
4.008161425590515137e-01 -1.476125675253570080e-03 6.538051366806030273e-02
4.007932543754577637e-01 -8.752142312005162239e-04 6.538051366806030273e-02
4.007706046104431152e-01 -2.807926794048398733e-04 6.538051366806030273e-02
4.007482230663299561e-01 3.069402009714394808e-04 6.538051366806030273e-02
4.007261097431182861e-01 8.877915097400546074e-04 6.538051366806030273e-02
4.007042944431304932e-01 1.461574225686490536e-03 6.538051366806030273e-02
4.006827175617218018e-01 2.028106944635510445e-03 6.538051366806030273e-02
4.006614387035369873e-01 2.587214810773730278e-03 6.538051366806030273e-02
4.006404578685760498e-01 3.138728206977248192e-03 6.538051366806030273e-02
4.006197750568389893e-01 3.682484151795506477e-03 6.538051366806030273e-02
4.005993902683258057e-01 4.218325018882751465e-03 6.538051366806030273e-02
4.005793035030364990e-01 4.746099933981895447e-03 6.538051366806030273e-02
4.005595445632934570e-01 5.265663843601942062e-03 6.538051366806030273e-02
4.005400836467742920e-01 5.776877980679273605e-03 6.538051366806030273e-02
4.005209803581237793e-01 6.279610097408294678e-03 6.538051366806030273e-02
4.005021750926971436e-01 6.773733999580144882e-03 6.538051366806030273e-02
4.004837274551391602e-01 7.259129080921411514e-03 6.538051366806030273e-02
4.004656076431274414e-01 7.735682185739278793e-03 6.538051366806030273e-02
4.004478454589843750e-01 8.203285746276378632e-03 6.538051366806030273e-02
4.004304111003875732e-01 8.661840111017227173e-03 6.538051366806030273e-02
4.004133343696594238e-01 9.111250750720500946e-03 6.538051366806030273e-02
4.003966152667999268e-01 9.551430121064186096e-03 6.538051366806030273e-02
4.003802239894866943e-01 9.982296265661716461e-03 6.538051366806030273e-02
4.003642201423645020e-01 1.040377561002969742e-02 6.538051366806030273e-02
4.003485739231109619e-01 1.081580016762018204e-02 6.538051366806030273e-02
4.003332853317260742e-01 1.121831033378839493e-02 6.538051366806030273e-02
4.003183543682098389e-01 1.161124929785728455e-02 6.538051366806030273e-02
4.003037810325622559e-01 1.199457235634326935e-02 6.538051366806030273e-02
4.002895951271057129e-01 1.236823759973049164e-02 6.538051366806030273e-02
4.002757668495178223e-01 1.273221150040626526e-02 6.538051366806030273e-02
4.002623260021209717e-01 1.308646798133850098e-02 6.538051366806030273e-02
4.002492427825927734e-01 1.343098655343055725e-02 6.538051366806030273e-02
4.002365171909332275e-01 1.376575604081153870e-02 6.538051366806030273e-02
4.002241790294647217e-01 1.409076899290084839e-02 6.538051366806030273e-02
4.002122282981872559e-01 1.440602913498878479e-02 6.538051366806030273e-02
4.002006053924560547e-01 1.471154391765594482e-02 6.538051366806030273e-02
4.001893997192382812e-01 1.500733010470867157e-02 6.538051366806030273e-02
4.001785218715667725e-01 1.529341097921133041e-02 6.538051366806030273e-02
4.001680314540863037e-01 1.556981727480888367e-02 6.538051366806030273e-02
4.001579284667968750e-01 1.583658531308174133e-02 6.538051366806030273e-02
4.001481533050537109e-01 1.609376259148120880e-02 6.538051366806030273e-02
4.001387655735015869e-01 1.634140126407146454e-02 6.538051366806030273e-02
4.001297056674957275e-01 1.657956279814243317e-02 6.538051366806030273e-02
4.001210331916809082e-01 1.680831238627433777e-02 6.538051366806030273e-02
4.001127183437347412e-01 1.702772825956344604e-02 6.538051366806030273e-02
4.001047313213348389e-01 1.723789051175117493e-02 6.538051366806030273e-02
4.000971019268035889e-01 1.743889413774013519e-02 6.538051366806030273e-02
4.000898301601409912e-01 1.763083226978778839e-02 6.538051366806030273e-02
4.000828862190246582e-01 1.781381666660308838e-02 6.538051366806030273e-02
4.000762999057769775e-01 1.798795722424983978e-02 6.538051366806030273e-02
4.000700116157531738e-01 1.815337873995304108e-02 6.538051366806030273e-02
4.000640809535980225e-01 1.831020787358283997e-02 6.538051366806030273e-02
4.000584483146667480e-01 1.845858618617057800e-02 6.538051366806030273e-02
4.000531136989593506e-01 1.859865710139274597e-02 6.538051366806030273e-02
4.000481367111206055e-01 1.873057335615158081e-02 6.538051366806030273e-02
4.000434279441833496e-01 1.885449886322021484e-02 6.538051366806030273e-02
4.000390172004699707e-01 1.897060312330722809e-02 6.538051366806030273e-02
4.000349044799804688e-01 1.907906308770179749e-02 6.538051366806030273e-02
4.000310897827148438e-01 1.918006688356399536e-02 6.538051366806030273e-02
4.000275433063507080e-01 1.927380822598934174e-02 6.538051366806030273e-02
4.000242352485656738e-01 1.936048828065395355e-02 6.538051366806030273e-02
4.000212252140045166e-01 1.944032125174999237e-02 6.538051366806030273e-02
4.000184535980224609e-01 1.951352693140506744e-02 6.538051366806030273e-02
4.000159204006195068e-01 1.958033069968223572e-02 6.538051366806030273e-02
4.000136256217956543e-01 1.964096911251544952e-02 6.538051366806030273e-02
4.000115394592285156e-01 1.969568990170955658e-02 6.538051366806030273e-02
4.000096917152404785e-01 1.974474452435970306e-02 6.538051366806030273e-02
4.000080227851867676e-01 1.978839747607707977e-02 6.538051366806030273e-02
4.000065624713897705e-01 1.982691697776317596e-02 6.538051366806030273e-02
4.000052809715270996e-01 1.986058428883552551e-02 6.538051366806030273e-02
4.000041782855987549e-01 1.988968625664710999e-02 6.538051366806030273e-02
4.000032544136047363e-01 1.991452090442180634e-02 6.538051366806030273e-02
4.000024497509002686e-01 1.993539556860923767e-02 6.538051366806030273e-02
4.000017940998077393e-01 1.995262317359447479e-02 6.538051366806030273e-02
4.000012874603271484e-01 1.996652968227863312e-02 6.538051366806030273e-02
4.000008702278137207e-01 1.997744478285312653e-02 6.538051366806030273e-02
4.000005424022674561e-01 1.998571306467056274e-02 6.538051366806030273e-02
4.000003337860107422e-01 1.999168284237384796e-02 6.538051366806030273e-02
4.000001549720764160e-01 1.999571733176708221e-02 6.538051366806030273e-02
4.000000655651092529e-01 1.999818161129951477e-02 6.538051366806030273e-02
4.000000357627868652e-01 1.999945752322673798e-02 6.538051366806030273e-02
4.000000059604644775e-01 1.999993063509464264e-02 6.538051366806030273e-02
