0.000000000000000000e+00 0.000000000000000000e+00 0.000000000000000000e+00
0.000000000000000000e+00 0.000000000000000000e+00 0.000000000000000000e+00
0.000000000000000000e+00 0.000000000000000000e+00 0.000000000000000000e+00
-7.883456945419311523e-01 -4.163871705532073975e-01 0.000000000000000000e+00
-1.360649168491363525e-01 -6.764314323663711548e-02 0.000000000000000000e+00
-1.944395829923450947e-03 -1.009373925626277924e-03 0.000000000000000000e+00
0.000000000000000000e+00 0.000000000000000000e+00 0.000000000000000000e+00
0.000000000000000000e+00 0.000000000000000000e+00 0.000000000000000000e+00
0.000000000000000000e+00 0.000000000000000000e+00 0.000000000000000000e+00
0.000000000000000000e+00 0.000000000000000000e+00 0.000000000000000000e+00
0.000000000000000000e+00 0.000000000000000000e+00 0.000000000000000000e+00
8.772277832031250000e-01 -6.637440919876098633e-01 0.000000000000000000e+00
1.076822996139526367e+00 -6.127194762229919434e-01 0.000000000000000000e+00
1.470686197280883789e+00 -5.297415852546691895e-01 0.000000000000000000e+00
1.767044782638549805e+00 -5.456374287605285645e-01 0.000000000000000000e+00
2.032166957855224609e+00 -4.382186532020568848e-01 0.000000000000000000e+00
1.991458296775817871e+00 -3.468060195446014404e-01 0.000000000000000000e+00
1.995470404624938965e+00 -2.117735594511032104e-01 0.000000000000000000e+00
1.987083792686462402e+00 -1.786752603948116302e-02 0.000000000000000000e+00
1.946339607238769531e+00 1.192922741174697876e-01 0.000000000000000000e+00
1.966977834701538086e+00 1.928449571132659912e-01 0.000000000000000000e+00
1.899456024169921875e+00 3.258531987667083740e-01 0.000000000000000000e+00
1.948789238929748535e+00 4.253139495849609375e-01 0.000000000000000000e+00
1.944570899009704590e+00 5.628300309181213379e-01 0.000000000000000000e+00
1.947715401649475098e+00 6.826771497726440430e-01 0.000000000000000000e+00
1.968267798423767090e+00 7.425622344017028809e-01 0.000000000000000000e+00
2.041761875152587891e+00 6.208731532096862793e-01 0.000000000000000000e+00
2.106783628463745117e+00 2.994909882545471191e-01 0.000000000000000000e+00
2.088100910186767578e+00 4.544120132923126221e-01 0.000000000000000000e+00
2.072634220123291016e+00 4.668484926223754883e-01 0.000000000000000000e+00
2.090452194213867188e+00 3.763613104820251465e-01 0.000000000000000000e+00
2.078458070755004883e+00 3.781502842903137207e-01 0.000000000000000000e+00
2.094382762908935547e+00 3.479776680469512939e-01 0.000000000000000000e+00
2.108655691146850586e+00 3.042518198490142822e-01 0.000000000000000000e+00
2.162381410598754883e+00 3.085848689079284668e-01 0.000000000000000000e+00
2.218728065490722656e+00 2.989077866077423096e-01 0.000000000000000000e+00
2.174447536468505859e+00 2.396735548973083496e-01 0.000000000000000000e+00
2.172678947448730469e+00 2.090428024530410767e-01 0.000000000000000000e+00
2.172594785690307617e+00 1.833205223083496094e-01 0.000000000000000000e+00
2.168263673782348633e+00 1.727135926485061646e-01 0.000000000000000000e+00
2.597814500331878662e-01 2.468580380082130432e-02 0.000000000000000000e+00
-5.000591278076171875e-02 -6.592933088541030884e-03 0.000000000000000000e+00
0.000000000000000000e+00 0.000000000000000000e+00 0.000000000000000000e+00
0.000000000000000000e+00 0.000000000000000000e+00 0.000000000000000000e+00
0.000000000000000000e+00 0.000000000000000000e+00 0.000000000000000000e+00
2.216389417648315430e+00 3.337546586990356445e-01 0.000000000000000000e+00
2.142197132110595703e+00 3.554613292217254639e-01 0.000000000000000000e+00
2.156021356582641602e+00 3.899630010128021240e-01 0.000000000000000000e+00
2.176533460617065430e+00 4.324699640274047852e-01 0.000000000000000000e+00
2.194546222686767578e+00 4.678366184234619141e-01 0.000000000000000000e+00
2.241286516189575195e+00 4.945791959762573242e-01 0.000000000000000000e+00
2.250587940216064453e+00 4.943259656429290771e-01 0.000000000000000000e+00
2.239378213882446289e+00 5.368596315383911133e-01 0.000000000000000000e+00
2.249047756195068359e+00 5.617985725402832031e-01 0.000000000000000000e+00
2.288015127182006836e+00 5.308883190155029297e-01 0.000000000000000000e+00
2.309134244918823242e+00 5.072994232177734375e-01 0.000000000000000000e+00
2.316226243972778320e+00 5.112762451171875000e-01 0.000000000000000000e+00
2.375859022140502930e+00 4.338703453540802002e-01 0.000000000000000000e+00
2.400562047958374023e+00 4.231251478195190430e-01 0.000000000000000000e+00
2.395207643508911133e+00 4.275967776775360107e-01 0.000000000000000000e+00
2.394206285476684570e+00 4.173510968685150146e-01 0.000000000000000000e+00
2.388369083404541016e+00 3.875868022441864014e-01 0.000000000000000000e+00
2.391664981842041016e+00 3.745982050895690918e-01 0.000000000000000000e+00
2.433121442794799805e+00 4.573566317558288574e-01 0.000000000000000000e+00
2.434361696243286133e+00 4.626999497413635254e-01 0.000000000000000000e+00
2.458232402801513672e+00 4.671545922756195068e-01 0.000000000000000000e+00
2.491555452346801758e+00 5.234586000442504883e-01 0.000000000000000000e+00
2.505288124084472656e+00 5.853699445724487305e-01 0.000000000000000000e+00
2.456964492797851562e+00 6.489663124084472656e-01 0.000000000000000000e+00
2.456349611282348633e+00 6.975383162498474121e-01 0.000000000000000000e+00
2.433390140533447266e+00 7.823383808135986328e-01 0.000000000000000000e+00
2.452946186065673828e+00 7.902723550796508789e-01 0.000000000000000000e+00
2.443845510482788086e+00 8.379284739494323730e-01 0.000000000000000000e+00
2.323663711547851562e+00 7.572996616363525391e-01 0.000000000000000000e+00
1.103248715400695801e+00 2.819309830665588379e-01 0.000000000000000000e+00
2.172804117202758789e+00 6.178111433982849121e-01 0.000000000000000000e+00
2.210737228393554688e+00 6.029414534568786621e-01 0.000000000000000000e+00
2.239843845367431641e+00 5.928685665130615234e-01 0.000000000000000000e+00
2.298664331436157227e+00 5.576463937759399414e-01 0.000000000000000000e+00
2.269220113754272461e+00 5.330663323402404785e-01 0.000000000000000000e+00
2.328843593597412109e+00 5.448248386383056641e-01 0.000000000000000000e+00
2.360021829605102539e+00 7.393321990966796875e-01 0.000000000000000000e+00
2.298298835754394531e+00 6.720815896987915039e-01 0.000000000000000000e+00
2.321876287460327148e+00 6.629943251609802246e-01 0.000000000000000000e+00
2.315595388412475586e+00 6.807154417037963867e-01 0.000000000000000000e+00
2.315530300140380859e+00 7.001597285270690918e-01 0.000000000000000000e+00
2.315527915954589844e+00 7.208017706871032715e-01 0.000000000000000000e+00
2.314400434494018555e+00 7.439752817153930664e-01 0.000000000000000000e+00
2.308995008468627930e+00 7.832279205322265625e-01 0.000000000000000000e+00
2.307189941406250000e+00 8.163657784461975098e-01 0.000000000000000000e+00
2.305491209030151367e+00 8.487747907638549805e-01 0.000000000000000000e+00
2.307116508483886719e+00 8.733128309249877930e-01 0.000000000000000000e+00
2.313005924224853516e+00 8.839141130447387695e-01 0.000000000000000000e+00
2.318025827407836914e+00 8.917258977890014648e-01 0.000000000000000000e+00
2.358664989471435547e+00 8.588781356811523438e-01 0.000000000000000000e+00
2.440920829772949219e+00 7.719866037368774414e-01 0.000000000000000000e+00
2.500793695449829102e+00 6.870231628417968750e-01 0.000000000000000000e+00
2.456882715225219727e+00 6.623622775077819824e-01 0.000000000000000000e+00
2.468659639358520508e+00 5.909571051597595215e-01 0.000000000000000000e+00
2.466215133666992188e+00 5.582767128944396973e-01 0.000000000000000000e+00
2.474579095840454102e+00 4.828110039234161377e-01 0.000000000000000000e+00
2.482555389404296875e+00 3.934982717037200928e-01 0.000000000000000000e+00
2.479504585266113281e+00 3.364851474761962891e-01 0.000000000000000000e+00
2.483253240585327148e+00 2.573859393596649170e-01 0.000000000000000000e+00
2.480237960815429688e+00 1.928402334451675415e-01 0.000000000000000000e+00
2.479981184005737305e+00 1.210362985730171204e-01 0.000000000000000000e+00
2.479818582534790039e+00 4.917255416512489319e-02 0.000000000000000000e+00
2.479818820953369141e+00 -1.931539550423622131e-02 0.000000000000000000e+00
2.478152751922607422e+00 -9.055618941783905029e-02 0.000000000000000000e+00
2.459748983383178711e+00 -1.503788977861404419e-01 0.000000000000000000e+00
2.410887718200683594e+00 -1.181403100490570068e-01 0.000000000000000000e+00
2.450022935867309570e+00 -2.005285769701004028e-02 0.000000000000000000e+00
2.543047904968261719e+00 7.241543382406234741e-02 0.000000000000000000e+00
2.549401998519897461e+00 1.411026809364557266e-02 0.000000000000000000e+00
2.498235464096069336e+00 2.113721892237663269e-02 0.000000000000000000e+00
2.489003181457519531e+00 4.012047126889228821e-02 0.000000000000000000e+00
2.468887805938720703e+00 7.811954617500305176e-02 0.000000000000000000e+00
2.484051704406738281e+00 1.172620803117752075e-01 0.000000000000000000e+00
2.471522331237792969e+00 1.557663083076477051e-01 0.000000000000000000e+00
2.455249547958374023e+00 1.862771809101104736e-01 0.000000000000000000e+00
2.466207981109619141e+00 2.170278728008270264e-01 0.000000000000000000e+00
2.453457117080688477e+00 2.552910745143890381e-01 0.000000000000000000e+00
2.439292192459106445e+00 2.946443855762481689e-01 0.000000000000000000e+00
2.433310985565185547e+00 3.300520479679107666e-01 0.000000000000000000e+00
2.435635566711425781e+00 3.553652465343475342e-01 0.000000000000000000e+00
2.421164989471435547e+00 3.786540329456329346e-01 0.000000000000000000e+00
2.410542249679565430e+00 3.995489478111267090e-01 0.000000000000000000e+00
2.372865438461303711e+00 3.821720182895660400e-01 0.000000000000000000e+00
2.393659353256225586e+00 4.192384779453277588e-01 0.000000000000000000e+00
2.378646612167358398e+00 4.252656996250152588e-01 0.000000000000000000e+00
2.380424261093139648e+00 4.191559255123138428e-01 0.000000000000000000e+00
2.371970176696777344e+00 4.400157034397125244e-01 0.000000000000000000e+00
2.370731830596923828e+00 4.285283088684082031e-01 0.000000000000000000e+00
2.333787441253662109e+00 3.849287629127502441e-01 0.000000000000000000e+00
2.299309253692626953e+00 3.974491357803344727e-01 0.000000000000000000e+00
2.270136833190917969e+00 3.412914574146270752e-01 0.000000000000000000e+00
2.309203624725341797e+00 3.012860417366027832e-01 0.000000000000000000e+00
2.301419019699096680e+00 3.053587675094604492e-01 0.000000000000000000e+00
2.301960468292236328e+00 2.791191637516021729e-01 0.000000000000000000e+00
2.301120519638061523e+00 2.508170306682586670e-01 0.000000000000000000e+00
2.271606445312500000e+00 2.007880210876464844e-01 0.000000000000000000e+00
2.286726951599121094e+00 1.931566298007965088e-01 0.000000000000000000e+00
2.283968448638916016e+00 1.683444231748580933e-01 0.000000000000000000e+00
2.283838987350463867e+00 1.387900412082672119e-01 0.000000000000000000e+00
2.284531116485595703e+00 1.106486544013023376e-01 0.000000000000000000e+00
2.281311035156250000e+00 8.534706383943557739e-02 0.000000000000000000e+00
2.280111074447631836e+00 5.816470831632614136e-02 0.000000000000000000e+00
2.278578042984008789e+00 3.451285511255264282e-02 0.000000000000000000e+00
2.279353380203247070e+00 7.051129359751939774e-03 0.000000000000000000e+00
2.279164314270019531e+00 -1.912198960781097412e-02 0.000000000000000000e+00
2.276625156402587891e+00 -3.608987107872962952e-02 0.000000000000000000e+00
2.278521299362182617e+00 -6.954622268676757812e-02 0.000000000000000000e+00
2.278514385223388672e+00 -9.414938092231750488e-02 0.000000000000000000e+00
2.265855312347412109e+00 -8.526235073804855347e-02 0.000000000000000000e+00
2.262117385864257812e+00 -7.492900639772415161e-02 0.000000000000000000e+00
2.222645044326782227e+00 3.527106344699859619e-02 0.000000000000000000e+00
2.212370634078979492e+00 7.567742466926574707e-02 0.000000000000000000e+00
2.222885608673095703e+00 1.048110872507095337e-01 0.000000000000000000e+00
2.221545219421386719e+00 1.554674953222274780e-01 0.000000000000000000e+00
2.225736856460571289e+00 1.632784605026245117e-01 0.000000000000000000e+00
2.225149154663085938e+00 2.069052755832672119e-01 0.000000000000000000e+00
2.225154399871826172e+00 2.466394901275634766e-01 0.000000000000000000e+00
2.223701238632202148e+00 2.930529713630676270e-01 0.000000000000000000e+00
2.183815717697143555e+00 3.551647961139678955e-01 0.000000000000000000e+00
2.161247730255126953e+00 4.340969920158386230e-01 0.000000000000000000e+00
2.049175500869750977e+00 5.202349424362182617e-01 0.000000000000000000e+00
1.959228873252868652e+00 6.082184910774230957e-01 0.000000000000000000e+00
1.960120320320129395e+00 6.691362261772155762e-01 0.000000000000000000e+00
1.822209596633911133e+00 6.858401298522949219e-01 0.000000000000000000e+00
1.578808426856994629e+00 7.410258650779724121e-01 0.000000000000000000e+00
1.467011213302612305e+00 8.516477346420288086e-01 0.000000000000000000e+00
1.308512449264526367e+00 8.092573881149291992e-01 0.000000000000000000e+00
1.095220088958740234e+00 8.621618747711181641e-01 0.000000000000000000e+00
9.851591587066650391e-01 9.712775945663452148e-01 0.000000000000000000e+00
9.479428529739379883e-01 9.122219681739807129e-01 0.000000000000000000e+00
9.402156472206115723e-01 1.082596182823181152e+00 0.000000000000000000e+00
8.572529554367065430e-01 1.141042709350585938e+00 0.000000000000000000e+00
7.297490835189819336e-01 1.272813200950622559e+00 0.000000000000000000e+00
6.842593550682067871e-01 1.338966131210327148e+00 0.000000000000000000e+00
5.886445641517639160e-01 1.315564632415771484e+00 0.000000000000000000e+00
4.422708153724670410e-01 1.435403585433959961e+00 0.000000000000000000e+00
2.905286550521850586e-01 1.502249956130981445e+00 0.000000000000000000e+00
2.152463495731353760e-01 1.550261378288269043e+00 0.000000000000000000e+00
1.498966962099075317e-01 1.517673015594482422e+00 0.000000000000000000e+00
5.047991499304771423e-02 1.511638164520263672e+00 0.000000000000000000e+00
-3.540279716253280640e-02 1.560997009277343750e+00 0.000000000000000000e+00
-9.106264263391494751e-02 1.678721189498901367e+00 0.000000000000000000e+00
-1.130794957280158997e-01 1.775714516639709473e+00 0.000000000000000000e+00
-1.642987281084060669e-01 1.845764398574829102e+00 0.000000000000000000e+00
-8.286304026842117310e-02 1.897962927818298340e+00 0.000000000000000000e+00
1.957341842353343964e-02 1.908119916915893555e+00 0.000000000000000000e+00
4.003632441163063049e-02 1.955735445022583008e+00 0.000000000000000000e+00
2.288890443742275238e-02 1.914919137954711914e+00 0.000000000000000000e+00
1.194274704903364182e-02 1.936105966567993164e+00 0.000000000000000000e+00
3.837362304329872131e-02 1.932987213134765625e+00 0.000000000000000000e+00
6.172206997871398926e-02 1.934410810470581055e+00 0.000000000000000000e+00
8.393582701683044434e-02 1.938938140869140625e+00 0.000000000000000000e+00
1.346021443605422974e-01 1.955117106437683105e+00 0.000000000000000000e+00
1.477802842855453491e-01 1.980459809303283691e+00 0.000000000000000000e+00
1.728157699108123779e-01 1.962150216102600098e+00 0.000000000000000000e+00
2.020565420389175415e-01 1.960696101188659668e+00 0.000000000000000000e+00
2.284370064735412598e-01 1.961172938346862793e+00 0.000000000000000000e+00
2.551840543746948242e-01 1.962752223014831543e+00 0.000000000000000000e+00
2.808690071105957031e-01 1.968666791915893555e+00 0.000000000000000000e+00
2.983662486076354980e-01 1.976174592971801758e+00 0.000000000000000000e+00
3.093131780624389648e-01 1.990965485572814941e+00 0.000000000000000000e+00
3.321722745895385742e-01 2.006476163864135742e+00 0.000000000000000000e+00
3.352018296718597412e-01 2.011026620864868164e+00 0.000000000000000000e+00
2.815125286579132080e-01 2.031716585159301758e+00 0.000000000000000000e+00
2.209598571062088013e-01 1.990669012069702148e+00 0.000000000000000000e+00
2.601103484630584717e-01 1.991742134094238281e+00 0.000000000000000000e+00
2.570455074310302734e-01 1.999533534049987793e+00 0.000000000000000000e+00
2.448125332593917847e-01 1.997759699821472168e+00 0.000000000000000000e+00
2.316492646932601929e-01 1.998053431510925293e+00 0.000000000000000000e+00
2.109753489494323730e-01 1.989513278007507324e+00 0.000000000000000000e+00
1.805387884378433228e-01 1.971246004104614258e+00 0.000000000000000000e+00
1.628714948892593384e-01 1.990064501762390137e+00 0.000000000000000000e+00
1.154131218791007996e-01 1.992960214614868164e+00 0.000000000000000000e+00
7.658973336219787598e-02 1.981276392936706543e+00 0.000000000000000000e+00
6.812845915555953979e-02 1.982500553131103516e+00 0.000000000000000000e+00
1.057878602296113968e-02 1.950713872909545898e+00 0.000000000000000000e+00
-2.955470047891139984e-02 1.946278810501098633e+00 0.000000000000000000e+00
-6.070723384618759155e-02 1.953274130821228027e+00 0.000000000000000000e+00
-9.893011301755905151e-02 1.951905965805053711e+00 0.000000000000000000e+00
-1.361576020717620850e-01 1.951930284500122070e+00 0.000000000000000000e+00
-1.753757447004318237e-01 1.951943159103393555e+00 0.000000000000000000e+00
-1.859180331230163574e-01 1.947769999504089355e+00 0.000000000000000000e+00
-2.041352987289428711e-01 1.961540102958679199e+00 0.000000000000000000e+00
-1.682381331920623779e-01 1.953272342681884766e+00 0.000000000000000000e+00
-1.078414991497993469e-01 1.963333606719970703e+00 0.000000000000000000e+00
-4.538183659315109253e-02 1.925184845924377441e+00 0.000000000000000000e+00
2.609922736883163452e-02 1.915702342987060547e+00 0.000000000000000000e+00
-8.689594455063343048e-03 1.933355093002319336e+00 0.000000000000000000e+00
2.984274923801422119e-02 1.933472156524658203e+00 0.000000000000000000e+00
6.446248292922973633e-02 1.933446407318115234e+00 0.000000000000000000e+00
9.890987724065780640e-02 1.932192444801330566e+00 0.000000000000000000e+00
1.290766000747680664e-01 1.930612444877624512e+00 0.000000000000000000e+00
1.461590379476547241e-01 1.910717487335205078e+00 0.000000000000000000e+00
1.567004173994064331e-01 1.914215207099914551e+00 0.000000000000000000e+00
1.213172450661659241e-01 1.915940761566162109e+00 0.000000000000000000e+00
1.348783820867538452e-01 1.892447829246520996e+00 0.000000000000000000e+00
1.745693981647491455e-01 1.905474424362182617e+00 0.000000000000000000e+00
1.821679174900054932e-01 1.905688047409057617e+00 0.000000000000000000e+00
1.882008314132690430e-01 1.906672120094299316e+00 0.000000000000000000e+00
1.503827124834060669e-01 1.910752892494201660e+00 0.000000000000000000e+00
2.859868295490741730e-02 1.914431691169738770e+00 0.000000000000000000e+00
-1.460197754204273224e-02 1.933569073677062988e+00 0.000000000000000000e+00
-2.093179523944854736e-02 1.923733472824096680e+00 0.000000000000000000e+00
-4.715373739600181580e-02 1.920178890228271484e+00 0.000000000000000000e+00
-8.886681497097015381e-02 1.921300292015075684e+00 0.000000000000000000e+00
-1.278709024190902710e-01 1.921965718269348145e+00 0.000000000000000000e+00
-1.686438471078872681e-01 1.921952247619628906e+00 0.000000000000000000e+00
-2.055202126502990723e-01 1.921952128410339355e+00 0.000000000000000000e+00
-2.464494556188583374e-01 1.921952128410339355e+00 0.000000000000000000e+00
-2.867572307586669922e-01 1.921952128410339355e+00 0.000000000000000000e+00
-3.261611461639404297e-01 1.921952128410339355e+00 0.000000000000000000e+00
-3.669026792049407959e-01 1.921952128410339355e+00 0.000000000000000000e+00
-4.058600068092346191e-01 1.921952128410339355e+00 0.000000000000000000e+00
-4.467521905899047852e-01 1.921952128410339355e+00 0.000000000000000000e+00
-4.864837527275085449e-01 1.921952128410339355e+00 0.000000000000000000e+00
-5.258578658103942871e-01 1.920148134231567383e+00 0.000000000000000000e+00
-5.169551372528076172e-01 1.933501482009887695e+00 0.000000000000000000e+00
-5.466317534446716309e-01 1.918668150901794434e+00 0.000000000000000000e+00
-5.057508945465087891e-01 1.917508006095886230e+00 0.000000000000000000e+00
-5.159255862236022949e-01 1.911672711372375488e+00 0.000000000000000000e+00
-5.551899075508117676e-01 1.916373133659362793e+00 0.000000000000000000e+00
-4.587915241718292236e-01 1.905675530433654785e+00 0.000000000000000000e+00
-4.346282780170440674e-01 1.889211177825927734e+00 0.000000000000000000e+00
-3.842621743679046631e-01 1.880163192749023438e+00 0.000000000000000000e+00
-3.385941982269287109e-01 1.876184821128845215e+00 0.000000000000000000e+00
-2.823154926300048828e-01 1.871718168258666992e+00 0.000000000000000000e+00
-2.626315355300903320e-01 1.878406882286071777e+00 0.000000000000000000e+00
-2.206186503171920776e-01 1.877852201461791992e+00 0.000000000000000000e+00
-1.779503524303436279e-01 1.877855658531188965e+00 0.000000000000000000e+00
-1.375329494476318359e-01 1.878228545188903809e+00 0.000000000000000000e+00
-1.791405081748962402e-01 1.884103536605834961e+00 0.000000000000000000e+00
-1.209355965256690979e-01 1.872558832168579102e+00 0.000000000000000000e+00
-2.072338610887527466e-01 1.880228042602539062e+00 0.000000000000000000e+00
-1.773420423269271851e-01 1.897320866584777832e+00 0.000000000000000000e+00
-1.480282247066497803e-01 1.889708280563354492e+00 0.000000000000000000e+00
-1.488576233386993408e-01 1.890560626983642578e+00 0.000000000000000000e+00
-1.440670639276504517e-01 1.890180468559265137e+00 0.000000000000000000e+00
-1.748428791761398315e-01 1.889186978340148926e+00 0.000000000000000000e+00
-2.408816516399383545e-01 1.903606057167053223e+00 0.000000000000000000e+00
-2.680844366550445557e-01 1.914291858673095703e+00 0.000000000000000000e+00
-3.161877393722534180e-01 1.920690774917602539e+00 0.000000000000000000e+00
-2.981503605842590332e-01 1.908905625343322754e+00 0.000000000000000000e+00
-3.302586972713470459e-01 1.946823120117187500e+00 0.000000000000000000e+00
-3.649663627147674561e-01 1.947287678718566895e+00 0.000000000000000000e+00
-3.919204175472259521e-01 1.944479584693908691e+00 0.000000000000000000e+00
-4.219638705253601074e-01 1.960514068603515625e+00 0.000000000000000000e+00
-4.474908709526062012e-01 1.955235481262207031e+00 0.000000000000000000e+00
-4.728760421276092529e-01 1.950327038764953613e+00 0.000000000000000000e+00
-5.019052624702453613e-01 1.950301885604858398e+00 0.000000000000000000e+00
-5.309960842132568359e-01 1.950302600860595703e+00 0.000000000000000000e+00
-5.527001023292541504e-01 1.958713650703430176e+00 0.000000000000000000e+00
-5.833303332328796387e-01 1.954930782318115234e+00 0.000000000000000000e+00
-5.941242575645446777e-01 1.958170175552368164e+00 0.000000000000000000e+00
-6.294208168983459473e-01 1.958904504776000977e+00 0.000000000000000000e+00
-6.535467505455017090e-01 1.959073185920715332e+00 0.000000000000000000e+00
-6.777771115303039551e-01 1.959065914154052734e+00 0.000000000000000000e+00
-7.021839022636413574e-01 1.959065794944763184e+00 0.000000000000000000e+00
-7.263737916946411133e-01 1.956959247589111328e+00 0.000000000000000000e+00
-7.512789964675903320e-01 1.957476973533630371e+00 0.000000000000000000e+00
-7.735652327537536621e-01 1.954311847686767578e+00 0.000000000000000000e+00
-7.955744862556457520e-01 1.946494817733764648e+00 0.000000000000000000e+00
-8.120898604393005371e-01 1.959015846252441406e+00 0.000000000000000000e+00
-7.988092303276062012e-01 1.997172951698303223e+00 0.000000000000000000e+00
-7.330449819564819336e-01 2.055546522140502930e+00 0.000000000000000000e+00
-6.406996250152587891e-01 2.113141775131225586e+00 0.000000000000000000e+00
-6.404847502708435059e-01 2.059999227523803711e+00 0.000000000000000000e+00
-6.302218437194824219e-01 2.075676441192626953e+00 0.000000000000000000e+00
-6.082898974418640137e-01 2.066524505615234375e+00 0.000000000000000000e+00
-5.783292055130004883e-01 2.066824197769165039e+00 0.000000000000000000e+00
-5.484776496887207031e-01 2.066825866699218750e+00 0.000000000000000000e+00
-5.194779038429260254e-01 2.066825866699218750e+00 0.000000000000000000e+00
-4.889126718044281006e-01 2.066825866699218750e+00 0.000000000000000000e+00
-4.583759009838104248e-01 2.066825866699218750e+00 0.000000000000000000e+00
-4.348238110542297363e-01 2.061070680618286133e+00 0.000000000000000000e+00
-4.009917974472045898e-01 2.065196037292480469e+00 0.000000000000000000e+00
-3.709143102169036865e-01 2.065235853195190430e+00 0.000000000000000000e+00
-3.408802449703216553e-01 2.065235137939453125e+00 0.000000000000000000e+00
-3.154705762863159180e-01 2.061780452728271484e+00 0.000000000000000000e+00
-2.852642536163330078e-01 2.064165115356445312e+00 0.000000000000000000e+00
-2.564461529254913330e-01 2.063341856002807617e+00 0.000000000000000000e+00
-2.428075224161148071e-01 2.047223567962646484e+00 0.000000000000000000e+00
-2.090806216001510620e-01 2.054503679275512695e+00 0.000000000000000000e+00
-1.914354413747787476e-01 2.044730424880981445e+00 0.000000000000000000e+00
-1.658226996660232544e-01 2.040227651596069336e+00 0.000000000000000000e+00
-1.371377706527709961e-01 2.009982109069824219e+00 0.000000000000000000e+00
3.907963167876005173e-03 -4.839009791612625122e-02 0.000000000000000000e+00
0.000000000000000000e+00 2.889010589569807053e-03 0.000000000000000000e+00
0.000000000000000000e+00 0.000000000000000000e+00 0.000000000000000000e+00
0.000000000000000000e+00 0.000000000000000000e+00 0.000000000000000000e+00
0.000000000000000000e+00 0.000000000000000000e+00 0.000000000000000000e+00
0.000000000000000000e+00 0.000000000000000000e+00 0.000000000000000000e+00
0.000000000000000000e+00 0.000000000000000000e+00 0.000000000000000000e+00
0.000000000000000000e+00 0.000000000000000000e+00 0.000000000000000000e+00
0.000000000000000000e+00 0.000000000000000000e+00 0.000000000000000000e+00
0.000000000000000000e+00 0.000000000000000000e+00 0.000000000000000000e+00
0.000000000000000000e+00 0.000000000000000000e+00 0.000000000000000000e+00
0.000000000000000000e+00 0.000000000000000000e+00 0.000000000000000000e+00
0.000000000000000000e+00 0.000000000000000000e+00 0.000000000000000000e+00
0.000000000000000000e+00 0.000000000000000000e+00 0.000000000000000000e+00
0.000000000000000000e+00 0.000000000000000000e+00 0.000000000000000000e+00
-1.381438016891479492e+00 1.761629462242126465e+00 0.000000000000000000e+00
-1.456850647926330566e+00 1.704434394836425781e+00 0.000000000000000000e+00
-1.720097899436950684e+00 1.709340214729309082e+00 0.000000000000000000e+00
-1.940007448196411133e+00 1.737427830696105957e+00 0.000000000000000000e+00
-1.903366088867187500e+00 1.719777941703796387e+00 0.000000000000000000e+00
-1.919575810432434082e+00 1.723612189292907715e+00 0.000000000000000000e+00
-1.980728268623352051e+00 1.738194704055786133e+00 0.000000000000000000e+00
-2.014434337615966797e+00 1.747061848640441895e+00 0.000000000000000000e+00
-1.965463519096374512e+00 1.720528721809387207e+00 0.000000000000000000e+00
-1.969170808792114258e+00 1.731066942214965820e+00 0.000000000000000000e+00
-1.968420386314392090e+00 1.728763937950134277e+00 0.000000000000000000e+00
-1.959506988525390625e+00 1.694294095039367676e+00 0.000000000000000000e+00
-1.962706923484802246e+00 1.709291100502014160e+00 0.000000000000000000e+00
-1.960978507995605469e+00 1.700685977935791016e+00 0.000000000000000000e+00
-1.970903992652893066e+00 1.654147028923034668e+00 0.000000000000000000e+00
-2.014860630035400391e+00 1.413286089897155762e+00 0.000000000000000000e+00
-1.926865577697753906e+00 1.369822263717651367e+00 0.000000000000000000e+00
-1.950524687767028809e+00 1.313380002975463867e+00 0.000000000000000000e+00
-1.928302168846130371e+00 1.300281524658203125e+00 0.000000000000000000e+00
-1.972724199295043945e+00 1.286501884460449219e+00 0.000000000000000000e+00
-2.028110265731811523e+00 1.219397783279418945e+00 0.000000000000000000e+00
-2.042294025421142578e+00 1.227786898612976074e+00 0.000000000000000000e+00
-2.086306333541870117e+00 1.055528044700622559e+00 0.000000000000000000e+00
-2.197465181350708008e+00 8.477328419685363770e-01 0.000000000000000000e+00
-2.195411682128906250e+00 8.199056386947631836e-01 0.000000000000000000e+00
-2.197783231735229492e+00 5.830292701721191406e-01 0.000000000000000000e+00
-1.940145254135131836e+00 3.152380883693695068e-01 0.000000000000000000e+00
-1.896342754364013672e+00 2.298899181187152863e-02 0.000000000000000000e+00
-1.881758689880371094e+00 -3.792615532875061035e-01 0.000000000000000000e+00
-1.875335574150085449e+00 -4.313261806964874268e-01 0.000000000000000000e+00
-1.902625322341918945e+00 -6.764882802963256836e-01 0.000000000000000000e+00
-1.901129364967346191e+00 -9.292495250701904297e-01 0.000000000000000000e+00
-1.902713894844055176e+00 -1.181949973106384277e+00 0.000000000000000000e+00
-1.906162023544311523e+00 -1.410861730575561523e+00 0.000000000000000000e+00
-1.922786712646484375e+00 -1.597354769706726074e+00 0.000000000000000000e+00
-1.901485562324523926e+00 -1.636202812194824219e+00 0.000000000000000000e+00
-1.902949094772338867e+00 -1.652086853981018066e+00 0.000000000000000000e+00
-1.917129158973693848e+00 -1.610159516334533691e+00 0.000000000000000000e+00
-1.847865223884582520e+00 -1.420356512069702148e+00 0.000000000000000000e+00
3.308657556772232056e-02 2.592265605926513672e-02 0.000000000000000000e+00
0.000000000000000000e+00 0.000000000000000000e+00 0.000000000000000000e+00
0.000000000000000000e+00 0.000000000000000000e+00 0.000000000000000000e+00
0.000000000000000000e+00 0.000000000000000000e+00 0.000000000000000000e+00
0.000000000000000000e+00 0.000000000000000000e+00 0.000000000000000000e+00
0.000000000000000000e+00 0.000000000000000000e+00 0.000000000000000000e+00
0.000000000000000000e+00 0.000000000000000000e+00 0.000000000000000000e+00
0.000000000000000000e+00 0.000000000000000000e+00 0.000000000000000000e+00
0.000000000000000000e+00 0.000000000000000000e+00 0.000000000000000000e+00
0.000000000000000000e+00 0.000000000000000000e+00 0.000000000000000000e+00
0.000000000000000000e+00 0.000000000000000000e+00 0.000000000000000000e+00
0.000000000000000000e+00 0.000000000000000000e+00 0.000000000000000000e+00
0.000000000000000000e+00 0.000000000000000000e+00 0.000000000000000000e+00
0.000000000000000000e+00 0.000000000000000000e+00 0.000000000000000000e+00
0.000000000000000000e+00 0.000000000000000000e+00 0.000000000000000000e+00
0.000000000000000000e+00 0.000000000000000000e+00 0.000000000000000000e+00
0.000000000000000000e+00 0.000000000000000000e+00 0.000000000000000000e+00
0.000000000000000000e+00 0.000000000000000000e+00 0.000000000000000000e+00
0.000000000000000000e+00 0.000000000000000000e+00 0.000000000000000000e+00
0.000000000000000000e+00 0.000000000000000000e+00 0.000000000000000000e+00
0.000000000000000000e+00 0.000000000000000000e+00 0.000000000000000000e+00
0.000000000000000000e+00 0.000000000000000000e+00 0.000000000000000000e+00
0.000000000000000000e+00 0.000000000000000000e+00 0.000000000000000000e+00
0.000000000000000000e+00 0.000000000000000000e+00 0.000000000000000000e+00
0.000000000000000000e+00 0.000000000000000000e+00 0.000000000000000000e+00
0.000000000000000000e+00 0.000000000000000000e+00 0.000000000000000000e+00
0.000000000000000000e+00 0.000000000000000000e+00 0.000000000000000000e+00
0.000000000000000000e+00 0.000000000000000000e+00 0.000000000000000000e+00
0.000000000000000000e+00 0.000000000000000000e+00 0.000000000000000000e+00
0.000000000000000000e+00 0.000000000000000000e+00 0.000000000000000000e+00
0.000000000000000000e+00 0.000000000000000000e+00 0.000000000000000000e+00
0.000000000000000000e+00 0.000000000000000000e+00 0.000000000000000000e+00
0.000000000000000000e+00 0.000000000000000000e+00 0.000000000000000000e+00
0.000000000000000000e+00 0.000000000000000000e+00 0.000000000000000000e+00
0.000000000000000000e+00 0.000000000000000000e+00 0.000000000000000000e+00
0.000000000000000000e+00 0.000000000000000000e+00 0.000000000000000000e+00
0.000000000000000000e+00 0.000000000000000000e+00 0.000000000000000000e+00
0.000000000000000000e+00 0.000000000000000000e+00 0.000000000000000000e+00
0.000000000000000000e+00 0.000000000000000000e+00 0.000000000000000000e+00
0.000000000000000000e+00 0.000000000000000000e+00 0.000000000000000000e+00
0.000000000000000000e+00 0.000000000000000000e+00 0.000000000000000000e+00
0.000000000000000000e+00 0.000000000000000000e+00 0.000000000000000000e+00
0.000000000000000000e+00 0.000000000000000000e+00 0.000000000000000000e+00
0.000000000000000000e+00 0.000000000000000000e+00 0.000000000000000000e+00
0.000000000000000000e+00 0.000000000000000000e+00 0.000000000000000000e+00
0.000000000000000000e+00 0.000000000000000000e+00 0.000000000000000000e+00
0.000000000000000000e+00 0.000000000000000000e+00 0.000000000000000000e+00
0.000000000000000000e+00 0.000000000000000000e+00 0.000000000000000000e+00
0.000000000000000000e+00 0.000000000000000000e+00 0.000000000000000000e+00
0.000000000000000000e+00 0.000000000000000000e+00 0.000000000000000000e+00
0.000000000000000000e+00 0.000000000000000000e+00 0.000000000000000000e+00
0.000000000000000000e+00 0.000000000000000000e+00 0.000000000000000000e+00
0.000000000000000000e+00 0.000000000000000000e+00 0.000000000000000000e+00
0.000000000000000000e+00 0.000000000000000000e+00 0.000000000000000000e+00
0.000000000000000000e+00 0.000000000000000000e+00 0.000000000000000000e+00
0.000000000000000000e+00 0.000000000000000000e+00 0.000000000000000000e+00
0.000000000000000000e+00 0.000000000000000000e+00 0.000000000000000000e+00
0.000000000000000000e+00 0.000000000000000000e+00 0.000000000000000000e+00
0.000000000000000000e+00 0.000000000000000000e+00 0.000000000000000000e+00
0.000000000000000000e+00 0.000000000000000000e+00 0.000000000000000000e+00
0.000000000000000000e+00 0.000000000000000000e+00 0.000000000000000000e+00
0.000000000000000000e+00 0.000000000000000000e+00 0.000000000000000000e+00
0.000000000000000000e+00 0.000000000000000000e+00 0.000000000000000000e+00
0.000000000000000000e+00 0.000000000000000000e+00 0.000000000000000000e+00
0.000000000000000000e+00 0.000000000000000000e+00 0.000000000000000000e+00
0.000000000000000000e+00 0.000000000000000000e+00 0.000000000000000000e+00
0.000000000000000000e+00 0.000000000000000000e+00 0.000000000000000000e+00
0.000000000000000000e+00 0.000000000000000000e+00 0.000000000000000000e+00
0.000000000000000000e+00 0.000000000000000000e+00 0.000000000000000000e+00
0.000000000000000000e+00 0.000000000000000000e+00 0.000000000000000000e+00
0.000000000000000000e+00 0.000000000000000000e+00 0.000000000000000000e+00
0.000000000000000000e+00 0.000000000000000000e+00 0.000000000000000000e+00
0.000000000000000000e+00 0.000000000000000000e+00 0.000000000000000000e+00
0.000000000000000000e+00 0.000000000000000000e+00 0.000000000000000000e+00
0.000000000000000000e+00 0.000000000000000000e+00 0.000000000000000000e+00
0.000000000000000000e+00 0.000000000000000000e+00 0.000000000000000000e+00
0.000000000000000000e+00 0.000000000000000000e+00 0.000000000000000000e+00
0.000000000000000000e+00 0.000000000000000000e+00 0.000000000000000000e+00
0.000000000000000000e+00 0.000000000000000000e+00 0.000000000000000000e+00
0.000000000000000000e+00 0.000000000000000000e+00 0.000000000000000000e+00
0.000000000000000000e+00 0.000000000000000000e+00 0.000000000000000000e+00
0.000000000000000000e+00 0.000000000000000000e+00 0.000000000000000000e+00
0.000000000000000000e+00 0.000000000000000000e+00 0.000000000000000000e+00
0.000000000000000000e+00 0.000000000000000000e+00 0.000000000000000000e+00
0.000000000000000000e+00 0.000000000000000000e+00 0.000000000000000000e+00
0.000000000000000000e+00 0.000000000000000000e+00 0.000000000000000000e+00
0.000000000000000000e+00 0.000000000000000000e+00 0.000000000000000000e+00
0.000000000000000000e+00 0.000000000000000000e+00 0.000000000000000000e+00
0.000000000000000000e+00 0.000000000000000000e+00 0.000000000000000000e+00
0.000000000000000000e+00 0.000000000000000000e+00 0.000000000000000000e+00
0.000000000000000000e+00 0.000000000000000000e+00 0.000000000000000000e+00
0.000000000000000000e+00 0.000000000000000000e+00 0.000000000000000000e+00
0.000000000000000000e+00 0.000000000000000000e+00 0.000000000000000000e+00
0.000000000000000000e+00 0.000000000000000000e+00 0.000000000000000000e+00
0.000000000000000000e+00 0.000000000000000000e+00 0.000000000000000000e+00
0.000000000000000000e+00 0.000000000000000000e+00 0.000000000000000000e+00
0.000000000000000000e+00 0.000000000000000000e+00 0.000000000000000000e+00
0.000000000000000000e+00 0.000000000000000000e+00 0.000000000000000000e+00
0.000000000000000000e+00 0.000000000000000000e+00 0.000000000000000000e+00
0.000000000000000000e+00 0.000000000000000000e+00 0.000000000000000000e+00
0.000000000000000000e+00 0.000000000000000000e+00 0.000000000000000000e+00
0.000000000000000000e+00 0.000000000000000000e+00 0.000000000000000000e+00
0.000000000000000000e+00 0.000000000000000000e+00 0.000000000000000000e+00
0.000000000000000000e+00 0.000000000000000000e+00 0.000000000000000000e+00
0.000000000000000000e+00 0.000000000000000000e+00 0.000000000000000000e+00
0.000000000000000000e+00 0.000000000000000000e+00 0.000000000000000000e+00
0.000000000000000000e+00 0.000000000000000000e+00 0.000000000000000000e+00
0.000000000000000000e+00 0.000000000000000000e+00 0.000000000000000000e+00
0.000000000000000000e+00 0.000000000000000000e+00 0.000000000000000000e+00
0.000000000000000000e+00 0.000000000000000000e+00 0.000000000000000000e+00
0.000000000000000000e+00 0.000000000000000000e+00 0.000000000000000000e+00
0.000000000000000000e+00 0.000000000000000000e+00 0.000000000000000000e+00
0.000000000000000000e+00 0.000000000000000000e+00 0.000000000000000000e+00
0.000000000000000000e+00 0.000000000000000000e+00 0.000000000000000000e+00
0.000000000000000000e+00 0.000000000000000000e+00 0.000000000000000000e+00
0.000000000000000000e+00 0.000000000000000000e+00 0.000000000000000000e+00
0.000000000000000000e+00 0.000000000000000000e+00 0.000000000000000000e+00
0.000000000000000000e+00 0.000000000000000000e+00 0.000000000000000000e+00
0.000000000000000000e+00 0.000000000000000000e+00 0.000000000000000000e+00
0.000000000000000000e+00 0.000000000000000000e+00 0.000000000000000000e+00
0.000000000000000000e+00 0.000000000000000000e+00 0.000000000000000000e+00
0.000000000000000000e+00 0.000000000000000000e+00 0.000000000000000000e+00
0.000000000000000000e+00 0.000000000000000000e+00 0.000000000000000000e+00
0.000000000000000000e+00 0.000000000000000000e+00 0.000000000000000000e+00
0.000000000000000000e+00 0.000000000000000000e+00 0.000000000000000000e+00
0.000000000000000000e+00 0.000000000000000000e+00 0.000000000000000000e+00
0.000000000000000000e+00 0.000000000000000000e+00 0.000000000000000000e+00
0.000000000000000000e+00 0.000000000000000000e+00 0.000000000000000000e+00
0.000000000000000000e+00 0.000000000000000000e+00 0.000000000000000000e+00
0.000000000000000000e+00 0.000000000000000000e+00 0.000000000000000000e+00
0.000000000000000000e+00 0.000000000000000000e+00 0.000000000000000000e+00
0.000000000000000000e+00 0.000000000000000000e+00 0.000000000000000000e+00
0.000000000000000000e+00 0.000000000000000000e+00 0.000000000000000000e+00
0.000000000000000000e+00 0.000000000000000000e+00 0.000000000000000000e+00
0.000000000000000000e+00 0.000000000000000000e+00 0.000000000000000000e+00
0.000000000000000000e+00 0.000000000000000000e+00 0.000000000000000000e+00
0.000000000000000000e+00 0.000000000000000000e+00 0.000000000000000000e+00
0.000000000000000000e+00 0.000000000000000000e+00 0.000000000000000000e+00
0.000000000000000000e+00 0.000000000000000000e+00 0.000000000000000000e+00
0.000000000000000000e+00 0.000000000000000000e+00 0.000000000000000000e+00
0.000000000000000000e+00 0.000000000000000000e+00 0.000000000000000000e+00
0.000000000000000000e+00 0.000000000000000000e+00 0.000000000000000000e+00
0.000000000000000000e+00 0.000000000000000000e+00 0.000000000000000000e+00
0.000000000000000000e+00 0.000000000000000000e+00 0.000000000000000000e+00
0.000000000000000000e+00 0.000000000000000000e+00 0.000000000000000000e+00
0.000000000000000000e+00 0.000000000000000000e+00 0.000000000000000000e+00
0.000000000000000000e+00 0.000000000000000000e+00 0.000000000000000000e+00
0.000000000000000000e+00 0.000000000000000000e+00 0.000000000000000000e+00
0.000000000000000000e+00 0.000000000000000000e+00 0.000000000000000000e+00
0.000000000000000000e+00 0.000000000000000000e+00 0.000000000000000000e+00
0.000000000000000000e+00 0.000000000000000000e+00 0.000000000000000000e+00
0.000000000000000000e+00 0.000000000000000000e+00 0.000000000000000000e+00
0.000000000000000000e+00 0.000000000000000000e+00 0.000000000000000000e+00
0.000000000000000000e+00 0.000000000000000000e+00 0.000000000000000000e+00
0.000000000000000000e+00 0.000000000000000000e+00 0.000000000000000000e+00
0.000000000000000000e+00 0.000000000000000000e+00 0.000000000000000000e+00
0.000000000000000000e+00 0.000000000000000000e+00 0.000000000000000000e+00
0.000000000000000000e+00 0.000000000000000000e+00 0.000000000000000000e+00
0.000000000000000000e+00 0.000000000000000000e+00 0.000000000000000000e+00
0.000000000000000000e+00 0.000000000000000000e+00 0.000000000000000000e+00
0.000000000000000000e+00 0.000000000000000000e+00 0.000000000000000000e+00
0.000000000000000000e+00 0.000000000000000000e+00 0.000000000000000000e+00
0.000000000000000000e+00 0.000000000000000000e+00 0.000000000000000000e+00
0.000000000000000000e+00 0.000000000000000000e+00 0.000000000000000000e+00
0.000000000000000000e+00 0.000000000000000000e+00 0.000000000000000000e+00
0.000000000000000000e+00 0.000000000000000000e+00 0.000000000000000000e+00
0.000000000000000000e+00 0.000000000000000000e+00 0.000000000000000000e+00
0.000000000000000000e+00 0.000000000000000000e+00 0.000000000000000000e+00
0.000000000000000000e+00 0.000000000000000000e+00 0.000000000000000000e+00
0.000000000000000000e+00 0.000000000000000000e+00 0.000000000000000000e+00
0.000000000000000000e+00 0.000000000000000000e+00 0.000000000000000000e+00
0.000000000000000000e+00 0.000000000000000000e+00 0.000000000000000000e+00
0.000000000000000000e+00 0.000000000000000000e+00 0.000000000000000000e+00
0.000000000000000000e+00 0.000000000000000000e+00 0.000000000000000000e+00
0.000000000000000000e+00 0.000000000000000000e+00 0.000000000000000000e+00
0.000000000000000000e+00 0.000000000000000000e+00 0.000000000000000000e+00
0.000000000000000000e+00 0.000000000000000000e+00 0.000000000000000000e+00
0.000000000000000000e+00 0.000000000000000000e+00 0.000000000000000000e+00
0.000000000000000000e+00 0.000000000000000000e+00 0.000000000000000000e+00
0.000000000000000000e+00 0.000000000000000000e+00 0.000000000000000000e+00
0.000000000000000000e+00 0.000000000000000000e+00 0.000000000000000000e+00
0.000000000000000000e+00 0.000000000000000000e+00 0.000000000000000000e+00
0.000000000000000000e+00 0.000000000000000000e+00 0.000000000000000000e+00
0.000000000000000000e+00 0.000000000000000000e+00 0.000000000000000000e+00
0.000000000000000000e+00 0.000000000000000000e+00 0.000000000000000000e+00
0.000000000000000000e+00 0.000000000000000000e+00 0.000000000000000000e+00
0.000000000000000000e+00 0.000000000000000000e+00 0.000000000000000000e+00
0.000000000000000000e+00 0.000000000000000000e+00 0.000000000000000000e+00
0.000000000000000000e+00 0.000000000000000000e+00 0.000000000000000000e+00
0.000000000000000000e+00 0.000000000000000000e+00 0.000000000000000000e+00
0.000000000000000000e+00 0.000000000000000000e+00 0.000000000000000000e+00
0.000000000000000000e+00 0.000000000000000000e+00 0.000000000000000000e+00
0.000000000000000000e+00 0.000000000000000000e+00 0.000000000000000000e+00
0.000000000000000000e+00 0.000000000000000000e+00 0.000000000000000000e+00
0.000000000000000000e+00 0.000000000000000000e+00 0.000000000000000000e+00
0.000000000000000000e+00 0.000000000000000000e+00 0.000000000000000000e+00
0.000000000000000000e+00 0.000000000000000000e+00 0.000000000000000000e+00
0.000000000000000000e+00 0.000000000000000000e+00 0.000000000000000000e+00
0.000000000000000000e+00 0.000000000000000000e+00 0.000000000000000000e+00
0.000000000000000000e+00 0.000000000000000000e+00 0.000000000000000000e+00
0.000000000000000000e+00 0.000000000000000000e+00 0.000000000000000000e+00
0.000000000000000000e+00 0.000000000000000000e+00 0.000000000000000000e+00
0.000000000000000000e+00 0.000000000000000000e+00 0.000000000000000000e+00
0.000000000000000000e+00 0.000000000000000000e+00 0.000000000000000000e+00
0.000000000000000000e+00 0.000000000000000000e+00 0.000000000000000000e+00
0.000000000000000000e+00 0.000000000000000000e+00 0.000000000000000000e+00
0.000000000000000000e+00 0.000000000000000000e+00 0.000000000000000000e+00
0.000000000000000000e+00 0.000000000000000000e+00 0.000000000000000000e+00
0.000000000000000000e+00 0.000000000000000000e+00 0.000000000000000000e+00
0.000000000000000000e+00 0.000000000000000000e+00 0.000000000000000000e+00
0.000000000000000000e+00 0.000000000000000000e+00 0.000000000000000000e+00
0.000000000000000000e+00 0.000000000000000000e+00 0.000000000000000000e+00
0.000000000000000000e+00 0.000000000000000000e+00 0.000000000000000000e+00
0.000000000000000000e+00 0.000000000000000000e+00 0.000000000000000000e+00
0.000000000000000000e+00 0.000000000000000000e+00 0.000000000000000000e+00
0.000000000000000000e+00 0.000000000000000000e+00 0.000000000000000000e+00
0.000000000000000000e+00 0.000000000000000000e+00 0.000000000000000000e+00
0.000000000000000000e+00 0.000000000000000000e+00 0.000000000000000000e+00
0.000000000000000000e+00 0.000000000000000000e+00 0.000000000000000000e+00
0.000000000000000000e+00 0.000000000000000000e+00 0.000000000000000000e+00
0.000000000000000000e+00 0.000000000000000000e+00 0.000000000000000000e+00
0.000000000000000000e+00 0.000000000000000000e+00 0.000000000000000000e+00
0.000000000000000000e+00 0.000000000000000000e+00 0.000000000000000000e+00
0.000000000000000000e+00 0.000000000000000000e+00 0.000000000000000000e+00
0.000000000000000000e+00 0.000000000000000000e+00 0.000000000000000000e+00
0.000000000000000000e+00 0.000000000000000000e+00 0.000000000000000000e+00
0.000000000000000000e+00 0.000000000000000000e+00 0.000000000000000000e+00
0.000000000000000000e+00 0.000000000000000000e+00 0.000000000000000000e+00
0.000000000000000000e+00 0.000000000000000000e+00 0.000000000000000000e+00
0.000000000000000000e+00 0.000000000000000000e+00 0.000000000000000000e+00
0.000000000000000000e+00 0.000000000000000000e+00 0.000000000000000000e+00
0.000000000000000000e+00 0.000000000000000000e+00 0.000000000000000000e+00
0.000000000000000000e+00 0.000000000000000000e+00 0.000000000000000000e+00
0.000000000000000000e+00 0.000000000000000000e+00 0.000000000000000000e+00
0.000000000000000000e+00 0.000000000000000000e+00 0.000000000000000000e+00
0.000000000000000000e+00 0.000000000000000000e+00 0.000000000000000000e+00
0.000000000000000000e+00 0.000000000000000000e+00 0.000000000000000000e+00
0.000000000000000000e+00 0.000000000000000000e+00 0.000000000000000000e+00
0.000000000000000000e+00 0.000000000000000000e+00 0.000000000000000000e+00
0.000000000000000000e+00 0.000000000000000000e+00 0.000000000000000000e+00
0.000000000000000000e+00 0.000000000000000000e+00 0.000000000000000000e+00
0.000000000000000000e+00 0.000000000000000000e+00 0.000000000000000000e+00
0.000000000000000000e+00 0.000000000000000000e+00 0.000000000000000000e+00
0.000000000000000000e+00 0.000000000000000000e+00 0.000000000000000000e+00
0.000000000000000000e+00 0.000000000000000000e+00 0.000000000000000000e+00
0.000000000000000000e+00 0.000000000000000000e+00 0.000000000000000000e+00
0.000000000000000000e+00 0.000000000000000000e+00 0.000000000000000000e+00
0.000000000000000000e+00 0.000000000000000000e+00 0.000000000000000000e+00
0.000000000000000000e+00 0.000000000000000000e+00 0.000000000000000000e+00
0.000000000000000000e+00 0.000000000000000000e+00 0.000000000000000000e+00
0.000000000000000000e+00 0.000000000000000000e+00 0.000000000000000000e+00
0.000000000000000000e+00 0.000000000000000000e+00 0.000000000000000000e+00
0.000000000000000000e+00 0.000000000000000000e+00 0.000000000000000000e+00
0.000000000000000000e+00 0.000000000000000000e+00 0.000000000000000000e+00
0.000000000000000000e+00 0.000000000000000000e+00 0.000000000000000000e+00
0.000000000000000000e+00 0.000000000000000000e+00 0.000000000000000000e+00
0.000000000000000000e+00 0.000000000000000000e+00 0.000000000000000000e+00
0.000000000000000000e+00 0.000000000000000000e+00 0.000000000000000000e+00
0.000000000000000000e+00 0.000000000000000000e+00 0.000000000000000000e+00
0.000000000000000000e+00 0.000000000000000000e+00 0.000000000000000000e+00
0.000000000000000000e+00 0.000000000000000000e+00 0.000000000000000000e+00
0.000000000000000000e+00 0.000000000000000000e+00 0.000000000000000000e+00
0.000000000000000000e+00 0.000000000000000000e+00 0.000000000000000000e+00
0.000000000000000000e+00 0.000000000000000000e+00 0.000000000000000000e+00
0.000000000000000000e+00 0.000000000000000000e+00 0.000000000000000000e+00
0.000000000000000000e+00 0.000000000000000000e+00 0.000000000000000000e+00
0.000000000000000000e+00 0.000000000000000000e+00 0.000000000000000000e+00
0.000000000000000000e+00 0.000000000000000000e+00 0.000000000000000000e+00
0.000000000000000000e+00 0.000000000000000000e+00 0.000000000000000000e+00
0.000000000000000000e+00 0.000000000000000000e+00 0.000000000000000000e+00
0.000000000000000000e+00 0.000000000000000000e+00 0.000000000000000000e+00
0.000000000000000000e+00 0.000000000000000000e+00 0.000000000000000000e+00
0.000000000000000000e+00 0.000000000000000000e+00 0.000000000000000000e+00
0.000000000000000000e+00 0.000000000000000000e+00 0.000000000000000000e+00
0.000000000000000000e+00 0.000000000000000000e+00 0.000000000000000000e+00
0.000000000000000000e+00 0.000000000000000000e+00 0.000000000000000000e+00
0.000000000000000000e+00 0.000000000000000000e+00 0.000000000000000000e+00
0.000000000000000000e+00 0.000000000000000000e+00 0.000000000000000000e+00
0.000000000000000000e+00 0.000000000000000000e+00 0.000000000000000000e+00
0.000000000000000000e+00 0.000000000000000000e+00 0.000000000000000000e+00
0.000000000000000000e+00 0.000000000000000000e+00 0.000000000000000000e+00
0.000000000000000000e+00 0.000000000000000000e+00 0.000000000000000000e+00
0.000000000000000000e+00 0.000000000000000000e+00 0.000000000000000000e+00
0.000000000000000000e+00 0.000000000000000000e+00 0.000000000000000000e+00
0.000000000000000000e+00 0.000000000000000000e+00 0.000000000000000000e+00
0.000000000000000000e+00 0.000000000000000000e+00 0.000000000000000000e+00
0.000000000000000000e+00 0.000000000000000000e+00 0.000000000000000000e+00
0.000000000000000000e+00 0.000000000000000000e+00 0.000000000000000000e+00
0.000000000000000000e+00 0.000000000000000000e+00 0.000000000000000000e+00
0.000000000000000000e+00 0.000000000000000000e+00 0.000000000000000000e+00
0.000000000000000000e+00 0.000000000000000000e+00 0.000000000000000000e+00
0.000000000000000000e+00 0.000000000000000000e+00 0.000000000000000000e+00
0.000000000000000000e+00 0.000000000000000000e+00 0.000000000000000000e+00
0.000000000000000000e+00 0.000000000000000000e+00 0.000000000000000000e+00
0.000000000000000000e+00 0.000000000000000000e+00 0.000000000000000000e+00
0.000000000000000000e+00 0.000000000000000000e+00 0.000000000000000000e+00
0.000000000000000000e+00 0.000000000000000000e+00 0.000000000000000000e+00
0.000000000000000000e+00 0.000000000000000000e+00 0.000000000000000000e+00
0.000000000000000000e+00 0.000000000000000000e+00 0.000000000000000000e+00
0.000000000000000000e+00 0.000000000000000000e+00 0.000000000000000000e+00
0.000000000000000000e+00 0.000000000000000000e+00 0.000000000000000000e+00
0.000000000000000000e+00 0.000000000000000000e+00 0.000000000000000000e+00
0.000000000000000000e+00 0.000000000000000000e+00 0.000000000000000000e+00
0.000000000000000000e+00 0.000000000000000000e+00 0.000000000000000000e+00
0.000000000000000000e+00 0.000000000000000000e+00 0.000000000000000000e+00
0.000000000000000000e+00 0.000000000000000000e+00 0.000000000000000000e+00
0.000000000000000000e+00 0.000000000000000000e+00 0.000000000000000000e+00
0.000000000000000000e+00 0.000000000000000000e+00 0.000000000000000000e+00
0.000000000000000000e+00 0.000000000000000000e+00 0.000000000000000000e+00
0.000000000000000000e+00 0.000000000000000000e+00 0.000000000000000000e+00
0.000000000000000000e+00 0.000000000000000000e+00 0.000000000000000000e+00
0.000000000000000000e+00 0.000000000000000000e+00 0.000000000000000000e+00
0.000000000000000000e+00 0.000000000000000000e+00 0.000000000000000000e+00
0.000000000000000000e+00 0.000000000000000000e+00 0.000000000000000000e+00
0.000000000000000000e+00 0.000000000000000000e+00 0.000000000000000000e+00
0.000000000000000000e+00 0.000000000000000000e+00 0.000000000000000000e+00
0.000000000000000000e+00 0.000000000000000000e+00 0.000000000000000000e+00
0.000000000000000000e+00 0.000000000000000000e+00 0.000000000000000000e+00
0.000000000000000000e+00 0.000000000000000000e+00 0.000000000000000000e+00
0.000000000000000000e+00 0.000000000000000000e+00 0.000000000000000000e+00
0.000000000000000000e+00 0.000000000000000000e+00 0.000000000000000000e+00
0.000000000000000000e+00 0.000000000000000000e+00 0.000000000000000000e+00
0.000000000000000000e+00 0.000000000000000000e+00 0.000000000000000000e+00
0.000000000000000000e+00 0.000000000000000000e+00 0.000000000000000000e+00
0.000000000000000000e+00 0.000000000000000000e+00 0.000000000000000000e+00
0.000000000000000000e+00 0.000000000000000000e+00 0.000000000000000000e+00
0.000000000000000000e+00 0.000000000000000000e+00 0.000000000000000000e+00
0.000000000000000000e+00 0.000000000000000000e+00 0.000000000000000000e+00
0.000000000000000000e+00 0.000000000000000000e+00 0.000000000000000000e+00
0.000000000000000000e+00 0.000000000000000000e+00 0.000000000000000000e+00
0.000000000000000000e+00 0.000000000000000000e+00 0.000000000000000000e+00
0.000000000000000000e+00 0.000000000000000000e+00 0.000000000000000000e+00
0.000000000000000000e+00 0.000000000000000000e+00 0.000000000000000000e+00
0.000000000000000000e+00 0.000000000000000000e+00 0.000000000000000000e+00
0.000000000000000000e+00 0.000000000000000000e+00 0.000000000000000000e+00
0.000000000000000000e+00 0.000000000000000000e+00 0.000000000000000000e+00
0.000000000000000000e+00 0.000000000000000000e+00 0.000000000000000000e+00
0.000000000000000000e+00 0.000000000000000000e+00 0.000000000000000000e+00
0.000000000000000000e+00 0.000000000000000000e+00 0.000000000000000000e+00
0.000000000000000000e+00 0.000000000000000000e+00 0.000000000000000000e+00
0.000000000000000000e+00 0.000000000000000000e+00 0.000000000000000000e+00
0.000000000000000000e+00 0.000000000000000000e+00 0.000000000000000000e+00
0.000000000000000000e+00 0.000000000000000000e+00 0.000000000000000000e+00
0.000000000000000000e+00 0.000000000000000000e+00 0.000000000000000000e+00
0.000000000000000000e+00 0.000000000000000000e+00 0.000000000000000000e+00
0.000000000000000000e+00 0.000000000000000000e+00 0.000000000000000000e+00
0.000000000000000000e+00 0.000000000000000000e+00 0.000000000000000000e+00
0.000000000000000000e+00 0.000000000000000000e+00 0.000000000000000000e+00
0.000000000000000000e+00 0.000000000000000000e+00 0.000000000000000000e+00
0.000000000000000000e+00 0.000000000000000000e+00 0.000000000000000000e+00
0.000000000000000000e+00 0.000000000000000000e+00 0.000000000000000000e+00
0.000000000000000000e+00 0.000000000000000000e+00 0.000000000000000000e+00
0.000000000000000000e+00 0.000000000000000000e+00 0.000000000000000000e+00
0.000000000000000000e+00 0.000000000000000000e+00 0.000000000000000000e+00
0.000000000000000000e+00 0.000000000000000000e+00 0.000000000000000000e+00
0.000000000000000000e+00 0.000000000000000000e+00 0.000000000000000000e+00
0.000000000000000000e+00 0.000000000000000000e+00 0.000000000000000000e+00
0.000000000000000000e+00 0.000000000000000000e+00 0.000000000000000000e+00
0.000000000000000000e+00 0.000000000000000000e+00 0.000000000000000000e+00
0.000000000000000000e+00 0.000000000000000000e+00 0.000000000000000000e+00
0.000000000000000000e+00 0.000000000000000000e+00 0.000000000000000000e+00
0.000000000000000000e+00 0.000000000000000000e+00 0.000000000000000000e+00
0.000000000000000000e+00 0.000000000000000000e+00 0.000000000000000000e+00
0.000000000000000000e+00 0.000000000000000000e+00 0.000000000000000000e+00
0.000000000000000000e+00 0.000000000000000000e+00 0.000000000000000000e+00
0.000000000000000000e+00 0.000000000000000000e+00 0.000000000000000000e+00
0.000000000000000000e+00 0.000000000000000000e+00 0.000000000000000000e+00
0.000000000000000000e+00 0.000000000000000000e+00 0.000000000000000000e+00
0.000000000000000000e+00 0.000000000000000000e+00 0.000000000000000000e+00
0.000000000000000000e+00 0.000000000000000000e+00 0.000000000000000000e+00
0.000000000000000000e+00 0.000000000000000000e+00 0.000000000000000000e+00
0.000000000000000000e+00 0.000000000000000000e+00 0.000000000000000000e+00
0.000000000000000000e+00 0.000000000000000000e+00 0.000000000000000000e+00
0.000000000000000000e+00 0.000000000000000000e+00 0.000000000000000000e+00
0.000000000000000000e+00 0.000000000000000000e+00 0.000000000000000000e+00
0.000000000000000000e+00 0.000000000000000000e+00 0.000000000000000000e+00
0.000000000000000000e+00 0.000000000000000000e+00 0.000000000000000000e+00
0.000000000000000000e+00 0.000000000000000000e+00 0.000000000000000000e+00
0.000000000000000000e+00 0.000000000000000000e+00 0.000000000000000000e+00
0.000000000000000000e+00 0.000000000000000000e+00 0.000000000000000000e+00
0.000000000000000000e+00 0.000000000000000000e+00 0.000000000000000000e+00
0.000000000000000000e+00 0.000000000000000000e+00 0.000000000000000000e+00
0.000000000000000000e+00 0.000000000000000000e+00 0.000000000000000000e+00
0.000000000000000000e+00 0.000000000000000000e+00 0.000000000000000000e+00
0.000000000000000000e+00 0.000000000000000000e+00 0.000000000000000000e+00
0.000000000000000000e+00 0.000000000000000000e+00 0.000000000000000000e+00
0.000000000000000000e+00 0.000000000000000000e+00 0.000000000000000000e+00
0.000000000000000000e+00 0.000000000000000000e+00 0.000000000000000000e+00
0.000000000000000000e+00 0.000000000000000000e+00 0.000000000000000000e+00
0.000000000000000000e+00 0.000000000000000000e+00 0.000000000000000000e+00
0.000000000000000000e+00 0.000000000000000000e+00 0.000000000000000000e+00
0.000000000000000000e+00 0.000000000000000000e+00 0.000000000000000000e+00
0.000000000000000000e+00 0.000000000000000000e+00 0.000000000000000000e+00
0.000000000000000000e+00 0.000000000000000000e+00 0.000000000000000000e+00
0.000000000000000000e+00 0.000000000000000000e+00 0.000000000000000000e+00
0.000000000000000000e+00 0.000000000000000000e+00 0.000000000000000000e+00
0.000000000000000000e+00 0.000000000000000000e+00 0.000000000000000000e+00
0.000000000000000000e+00 0.000000000000000000e+00 0.000000000000000000e+00
0.000000000000000000e+00 0.000000000000000000e+00 0.000000000000000000e+00
0.000000000000000000e+00 0.000000000000000000e+00 0.000000000000000000e+00
0.000000000000000000e+00 0.000000000000000000e+00 0.000000000000000000e+00
0.000000000000000000e+00 0.000000000000000000e+00 0.000000000000000000e+00
0.000000000000000000e+00 0.000000000000000000e+00 0.000000000000000000e+00
0.000000000000000000e+00 0.000000000000000000e+00 0.000000000000000000e+00
0.000000000000000000e+00 0.000000000000000000e+00 0.000000000000000000e+00
0.000000000000000000e+00 0.000000000000000000e+00 0.000000000000000000e+00
0.000000000000000000e+00 0.000000000000000000e+00 0.000000000000000000e+00
0.000000000000000000e+00 0.000000000000000000e+00 0.000000000000000000e+00
0.000000000000000000e+00 0.000000000000000000e+00 0.000000000000000000e+00
0.000000000000000000e+00 0.000000000000000000e+00 0.000000000000000000e+00
0.000000000000000000e+00 0.000000000000000000e+00 0.000000000000000000e+00
0.000000000000000000e+00 0.000000000000000000e+00 0.000000000000000000e+00
0.000000000000000000e+00 0.000000000000000000e+00 0.000000000000000000e+00
0.000000000000000000e+00 0.000000000000000000e+00 0.000000000000000000e+00
0.000000000000000000e+00 0.000000000000000000e+00 0.000000000000000000e+00
0.000000000000000000e+00 0.000000000000000000e+00 0.000000000000000000e+00
0.000000000000000000e+00 0.000000000000000000e+00 0.000000000000000000e+00
0.000000000000000000e+00 0.000000000000000000e+00 0.000000000000000000e+00
0.000000000000000000e+00 0.000000000000000000e+00 0.000000000000000000e+00
0.000000000000000000e+00 0.000000000000000000e+00 0.000000000000000000e+00
0.000000000000000000e+00 0.000000000000000000e+00 0.000000000000000000e+00
0.000000000000000000e+00 0.000000000000000000e+00 0.000000000000000000e+00
0.000000000000000000e+00 0.000000000000000000e+00 0.000000000000000000e+00
0.000000000000000000e+00 0.000000000000000000e+00 0.000000000000000000e+00
0.000000000000000000e+00 0.000000000000000000e+00 0.000000000000000000e+00
0.000000000000000000e+00 0.000000000000000000e+00 0.000000000000000000e+00
0.000000000000000000e+00 0.000000000000000000e+00 0.000000000000000000e+00
0.000000000000000000e+00 0.000000000000000000e+00 0.000000000000000000e+00
0.000000000000000000e+00 0.000000000000000000e+00 0.000000000000000000e+00
0.000000000000000000e+00 0.000000000000000000e+00 0.000000000000000000e+00
0.000000000000000000e+00 0.000000000000000000e+00 0.000000000000000000e+00
0.000000000000000000e+00 0.000000000000000000e+00 0.000000000000000000e+00
0.000000000000000000e+00 0.000000000000000000e+00 0.000000000000000000e+00
0.000000000000000000e+00 0.000000000000000000e+00 0.000000000000000000e+00
0.000000000000000000e+00 0.000000000000000000e+00 0.000000000000000000e+00
0.000000000000000000e+00 0.000000000000000000e+00 0.000000000000000000e+00
0.000000000000000000e+00 0.000000000000000000e+00 0.000000000000000000e+00
0.000000000000000000e+00 0.000000000000000000e+00 0.000000000000000000e+00
0.000000000000000000e+00 0.000000000000000000e+00 0.000000000000000000e+00
0.000000000000000000e+00 0.000000000000000000e+00 0.000000000000000000e+00
0.000000000000000000e+00 0.000000000000000000e+00 0.000000000000000000e+00
0.000000000000000000e+00 0.000000000000000000e+00 0.000000000000000000e+00
0.000000000000000000e+00 0.000000000000000000e+00 0.000000000000000000e+00
0.000000000000000000e+00 0.000000000000000000e+00 0.000000000000000000e+00
0.000000000000000000e+00 0.000000000000000000e+00 0.000000000000000000e+00
0.000000000000000000e+00 0.000000000000000000e+00 0.000000000000000000e+00
0.000000000000000000e+00 0.000000000000000000e+00 0.000000000000000000e+00
0.000000000000000000e+00 0.000000000000000000e+00 0.000000000000000000e+00
0.000000000000000000e+00 0.000000000000000000e+00 0.000000000000000000e+00
0.000000000000000000e+00 0.000000000000000000e+00 0.000000000000000000e+00
0.000000000000000000e+00 0.000000000000000000e+00 0.000000000000000000e+00
0.000000000000000000e+00 0.000000000000000000e+00 0.000000000000000000e+00
0.000000000000000000e+00 0.000000000000000000e+00 0.000000000000000000e+00
0.000000000000000000e+00 0.000000000000000000e+00 0.000000000000000000e+00
0.000000000000000000e+00 0.000000000000000000e+00 0.000000000000000000e+00
0.000000000000000000e+00 0.000000000000000000e+00 0.000000000000000000e+00
0.000000000000000000e+00 0.000000000000000000e+00 0.000000000000000000e+00
0.000000000000000000e+00 0.000000000000000000e+00 0.000000000000000000e+00
0.000000000000000000e+00 0.000000000000000000e+00 0.000000000000000000e+00
0.000000000000000000e+00 0.000000000000000000e+00 0.000000000000000000e+00
0.000000000000000000e+00 0.000000000000000000e+00 0.000000000000000000e+00
0.000000000000000000e+00 0.000000000000000000e+00 0.000000000000000000e+00
0.000000000000000000e+00 0.000000000000000000e+00 0.000000000000000000e+00
0.000000000000000000e+00 0.000000000000000000e+00 0.000000000000000000e+00
0.000000000000000000e+00 0.000000000000000000e+00 0.000000000000000000e+00
0.000000000000000000e+00 0.000000000000000000e+00 0.000000000000000000e+00
0.000000000000000000e+00 0.000000000000000000e+00 0.000000000000000000e+00
0.000000000000000000e+00 0.000000000000000000e+00 0.000000000000000000e+00
0.000000000000000000e+00 0.000000000000000000e+00 0.000000000000000000e+00
0.000000000000000000e+00 0.000000000000000000e+00 0.000000000000000000e+00
0.000000000000000000e+00 0.000000000000000000e+00 0.000000000000000000e+00
0.000000000000000000e+00 0.000000000000000000e+00 0.000000000000000000e+00
0.000000000000000000e+00 0.000000000000000000e+00 0.000000000000000000e+00
0.000000000000000000e+00 0.000000000000000000e+00 0.000000000000000000e+00
0.000000000000000000e+00 0.000000000000000000e+00 0.000000000000000000e+00
0.000000000000000000e+00 0.000000000000000000e+00 0.000000000000000000e+00
0.000000000000000000e+00 0.000000000000000000e+00 0.000000000000000000e+00
0.000000000000000000e+00 0.000000000000000000e+00 0.000000000000000000e+00
0.000000000000000000e+00 0.000000000000000000e+00 0.000000000000000000e+00
0.000000000000000000e+00 0.000000000000000000e+00 0.000000000000000000e+00
0.000000000000000000e+00 0.000000000000000000e+00 0.000000000000000000e+00
0.000000000000000000e+00 0.000000000000000000e+00 0.000000000000000000e+00
0.000000000000000000e+00 0.000000000000000000e+00 0.000000000000000000e+00
0.000000000000000000e+00 0.000000000000000000e+00 0.000000000000000000e+00
0.000000000000000000e+00 0.000000000000000000e+00 0.000000000000000000e+00
0.000000000000000000e+00 0.000000000000000000e+00 0.000000000000000000e+00
0.000000000000000000e+00 0.000000000000000000e+00 0.000000000000000000e+00
0.000000000000000000e+00 0.000000000000000000e+00 0.000000000000000000e+00
0.000000000000000000e+00 0.000000000000000000e+00 0.000000000000000000e+00
0.000000000000000000e+00 0.000000000000000000e+00 0.000000000000000000e+00
0.000000000000000000e+00 0.000000000000000000e+00 0.000000000000000000e+00
0.000000000000000000e+00 0.000000000000000000e+00 0.000000000000000000e+00
0.000000000000000000e+00 0.000000000000000000e+00 0.000000000000000000e+00
0.000000000000000000e+00 0.000000000000000000e+00 0.000000000000000000e+00
0.000000000000000000e+00 0.000000000000000000e+00 0.000000000000000000e+00
0.000000000000000000e+00 0.000000000000000000e+00 0.000000000000000000e+00
0.000000000000000000e+00 0.000000000000000000e+00 0.000000000000000000e+00
0.000000000000000000e+00 0.000000000000000000e+00 0.000000000000000000e+00
0.000000000000000000e+00 0.000000000000000000e+00 0.000000000000000000e+00
0.000000000000000000e+00 0.000000000000000000e+00 0.000000000000000000e+00
0.000000000000000000e+00 0.000000000000000000e+00 0.000000000000000000e+00
0.000000000000000000e+00 0.000000000000000000e+00 0.000000000000000000e+00
0.000000000000000000e+00 0.000000000000000000e+00 0.000000000000000000e+00
0.000000000000000000e+00 0.000000000000000000e+00 0.000000000000000000e+00
0.000000000000000000e+00 0.000000000000000000e+00 0.000000000000000000e+00
0.000000000000000000e+00 0.000000000000000000e+00 0.000000000000000000e+00
0.000000000000000000e+00 0.000000000000000000e+00 0.000000000000000000e+00
0.000000000000000000e+00 0.000000000000000000e+00 0.000000000000000000e+00
0.000000000000000000e+00 0.000000000000000000e+00 0.000000000000000000e+00
0.000000000000000000e+00 0.000000000000000000e+00 0.000000000000000000e+00
0.000000000000000000e+00 0.000000000000000000e+00 0.000000000000000000e+00
0.000000000000000000e+00 0.000000000000000000e+00 0.000000000000000000e+00
0.000000000000000000e+00 0.000000000000000000e+00 0.000000000000000000e+00
0.000000000000000000e+00 0.000000000000000000e+00 0.000000000000000000e+00
0.000000000000000000e+00 0.000000000000000000e+00 0.000000000000000000e+00
0.000000000000000000e+00 0.000000000000000000e+00 0.000000000000000000e+00
0.000000000000000000e+00 0.000000000000000000e+00 0.000000000000000000e+00
0.000000000000000000e+00 0.000000000000000000e+00 0.000000000000000000e+00
0.000000000000000000e+00 0.000000000000000000e+00 0.000000000000000000e+00
0.000000000000000000e+00 0.000000000000000000e+00 0.000000000000000000e+00
0.000000000000000000e+00 0.000000000000000000e+00 0.000000000000000000e+00
0.000000000000000000e+00 0.000000000000000000e+00 0.000000000000000000e+00
0.000000000000000000e+00 0.000000000000000000e+00 0.000000000000000000e+00
0.000000000000000000e+00 0.000000000000000000e+00 0.000000000000000000e+00
0.000000000000000000e+00 0.000000000000000000e+00 0.000000000000000000e+00
0.000000000000000000e+00 0.000000000000000000e+00 0.000000000000000000e+00
0.000000000000000000e+00 0.000000000000000000e+00 0.000000000000000000e+00
0.000000000000000000e+00 0.000000000000000000e+00 0.000000000000000000e+00
0.000000000000000000e+00 0.000000000000000000e+00 0.000000000000000000e+00
0.000000000000000000e+00 0.000000000000000000e+00 0.000000000000000000e+00
0.000000000000000000e+00 0.000000000000000000e+00 0.000000000000000000e+00
0.000000000000000000e+00 0.000000000000000000e+00 0.000000000000000000e+00
0.000000000000000000e+00 0.000000000000000000e+00 0.000000000000000000e+00
0.000000000000000000e+00 0.000000000000000000e+00 0.000000000000000000e+00
0.000000000000000000e+00 0.000000000000000000e+00 0.000000000000000000e+00
0.000000000000000000e+00 0.000000000000000000e+00 0.000000000000000000e+00
0.000000000000000000e+00 0.000000000000000000e+00 0.000000000000000000e+00
0.000000000000000000e+00 0.000000000000000000e+00 0.000000000000000000e+00
0.000000000000000000e+00 0.000000000000000000e+00 0.000000000000000000e+00
0.000000000000000000e+00 0.000000000000000000e+00 0.000000000000000000e+00
0.000000000000000000e+00 0.000000000000000000e+00 0.000000000000000000e+00
0.000000000000000000e+00 0.000000000000000000e+00 0.000000000000000000e+00
0.000000000000000000e+00 0.000000000000000000e+00 0.000000000000000000e+00
0.000000000000000000e+00 0.000000000000000000e+00 0.000000000000000000e+00
0.000000000000000000e+00 0.000000000000000000e+00 0.000000000000000000e+00
0.000000000000000000e+00 0.000000000000000000e+00 0.000000000000000000e+00
0.000000000000000000e+00 0.000000000000000000e+00 0.000000000000000000e+00
0.000000000000000000e+00 0.000000000000000000e+00 0.000000000000000000e+00
0.000000000000000000e+00 0.000000000000000000e+00 0.000000000000000000e+00
0.000000000000000000e+00 0.000000000000000000e+00 0.000000000000000000e+00
0.000000000000000000e+00 0.000000000000000000e+00 0.000000000000000000e+00
0.000000000000000000e+00 0.000000000000000000e+00 0.000000000000000000e+00
0.000000000000000000e+00 0.000000000000000000e+00 0.000000000000000000e+00
0.000000000000000000e+00 0.000000000000000000e+00 0.000000000000000000e+00
0.000000000000000000e+00 0.000000000000000000e+00 0.000000000000000000e+00
0.000000000000000000e+00 0.000000000000000000e+00 0.000000000000000000e+00
0.000000000000000000e+00 0.000000000000000000e+00 0.000000000000000000e+00
0.000000000000000000e+00 0.000000000000000000e+00 0.000000000000000000e+00
0.000000000000000000e+00 0.000000000000000000e+00 0.000000000000000000e+00
0.000000000000000000e+00 0.000000000000000000e+00 0.000000000000000000e+00
0.000000000000000000e+00 0.000000000000000000e+00 0.000000000000000000e+00
0.000000000000000000e+00 0.000000000000000000e+00 0.000000000000000000e+00
0.000000000000000000e+00 0.000000000000000000e+00 0.000000000000000000e+00
0.000000000000000000e+00 0.000000000000000000e+00 0.000000000000000000e+00
0.000000000000000000e+00 0.000000000000000000e+00 0.000000000000000000e+00
0.000000000000000000e+00 0.000000000000000000e+00 0.000000000000000000e+00
0.000000000000000000e+00 0.000000000000000000e+00 0.000000000000000000e+00
0.000000000000000000e+00 0.000000000000000000e+00 0.000000000000000000e+00
0.000000000000000000e+00 0.000000000000000000e+00 0.000000000000000000e+00
0.000000000000000000e+00 0.000000000000000000e+00 0.000000000000000000e+00
0.000000000000000000e+00 0.000000000000000000e+00 0.000000000000000000e+00
0.000000000000000000e+00 0.000000000000000000e+00 0.000000000000000000e+00
0.000000000000000000e+00 0.000000000000000000e+00 0.000000000000000000e+00
0.000000000000000000e+00 0.000000000000000000e+00 0.000000000000000000e+00
0.000000000000000000e+00 0.000000000000000000e+00 0.000000000000000000e+00
0.000000000000000000e+00 0.000000000000000000e+00 0.000000000000000000e+00
0.000000000000000000e+00 0.000000000000000000e+00 0.000000000000000000e+00
0.000000000000000000e+00 0.000000000000000000e+00 0.000000000000000000e+00
0.000000000000000000e+00 0.000000000000000000e+00 0.000000000000000000e+00
0.000000000000000000e+00 0.000000000000000000e+00 0.000000000000000000e+00
0.000000000000000000e+00 0.000000000000000000e+00 0.000000000000000000e+00
0.000000000000000000e+00 0.000000000000000000e+00 0.000000000000000000e+00
0.000000000000000000e+00 0.000000000000000000e+00 0.000000000000000000e+00
0.000000000000000000e+00 0.000000000000000000e+00 0.000000000000000000e+00
0.000000000000000000e+00 0.000000000000000000e+00 0.000000000000000000e+00
0.000000000000000000e+00 0.000000000000000000e+00 0.000000000000000000e+00
0.000000000000000000e+00 0.000000000000000000e+00 0.000000000000000000e+00
0.000000000000000000e+00 0.000000000000000000e+00 0.000000000000000000e+00
0.000000000000000000e+00 0.000000000000000000e+00 0.000000000000000000e+00
0.000000000000000000e+00 0.000000000000000000e+00 0.000000000000000000e+00
0.000000000000000000e+00 0.000000000000000000e+00 0.000000000000000000e+00
0.000000000000000000e+00 0.000000000000000000e+00 0.000000000000000000e+00
0.000000000000000000e+00 0.000000000000000000e+00 0.000000000000000000e+00
0.000000000000000000e+00 0.000000000000000000e+00 0.000000000000000000e+00
0.000000000000000000e+00 0.000000000000000000e+00 0.000000000000000000e+00
0.000000000000000000e+00 0.000000000000000000e+00 0.000000000000000000e+00
0.000000000000000000e+00 0.000000000000000000e+00 0.000000000000000000e+00
0.000000000000000000e+00 0.000000000000000000e+00 0.000000000000000000e+00
0.000000000000000000e+00 0.000000000000000000e+00 0.000000000000000000e+00
0.000000000000000000e+00 0.000000000000000000e+00 0.000000000000000000e+00
0.000000000000000000e+00 0.000000000000000000e+00 0.000000000000000000e+00
0.000000000000000000e+00 0.000000000000000000e+00 0.000000000000000000e+00
0.000000000000000000e+00 0.000000000000000000e+00 0.000000000000000000e+00
0.000000000000000000e+00 0.000000000000000000e+00 0.000000000000000000e+00
0.000000000000000000e+00 0.000000000000000000e+00 0.000000000000000000e+00
0.000000000000000000e+00 0.000000000000000000e+00 0.000000000000000000e+00
0.000000000000000000e+00 0.000000000000000000e+00 0.000000000000000000e+00
0.000000000000000000e+00 0.000000000000000000e+00 0.000000000000000000e+00
0.000000000000000000e+00 0.000000000000000000e+00 0.000000000000000000e+00
0.000000000000000000e+00 0.000000000000000000e+00 0.000000000000000000e+00
0.000000000000000000e+00 0.000000000000000000e+00 0.000000000000000000e+00
0.000000000000000000e+00 0.000000000000000000e+00 0.000000000000000000e+00
0.000000000000000000e+00 0.000000000000000000e+00 0.000000000000000000e+00
0.000000000000000000e+00 0.000000000000000000e+00 0.000000000000000000e+00
0.000000000000000000e+00 0.000000000000000000e+00 0.000000000000000000e+00
0.000000000000000000e+00 0.000000000000000000e+00 0.000000000000000000e+00
0.000000000000000000e+00 0.000000000000000000e+00 0.000000000000000000e+00
0.000000000000000000e+00 0.000000000000000000e+00 0.000000000000000000e+00
0.000000000000000000e+00 0.000000000000000000e+00 0.000000000000000000e+00
0.000000000000000000e+00 0.000000000000000000e+00 0.000000000000000000e+00
0.000000000000000000e+00 0.000000000000000000e+00 0.000000000000000000e+00
0.000000000000000000e+00 0.000000000000000000e+00 0.000000000000000000e+00
0.000000000000000000e+00 0.000000000000000000e+00 0.000000000000000000e+00
