3.780464529991149902e-01 -4.511298239231109619e-01 6.499999761581420898e-02
3.784424960613250732e-01 -4.510164260864257812e-01 6.499999761581420898e-02
3.788385391235351562e-01 -4.509030282497406006e-01 6.499999761581420898e-02
3.792346119880676270e-01 -4.507896304130554199e-01 6.499999761581420898e-02
3.796306550502777100e-01 -4.506762325763702393e-01 6.499999761581420898e-02
3.800266981124877930e-01 -4.505628347396850586e-01 6.499999761581420898e-02
3.804227411746978760e-01 -4.504494369029998779e-01 6.499999761581420898e-02
3.808187842369079590e-01 -4.503360390663146973e-01 6.499999761581420898e-02
3.812148571014404297e-01 -4.502226412296295166e-01 6.499999761581420898e-02
3.816109001636505127e-01 -4.501092433929443359e-01 6.499999761581420898e-02
3.820069432258605957e-01 -4.499958455562591553e-01 6.499999761581420898e-02
3.824029862880706787e-01 -4.498824477195739746e-01 6.499999761581420898e-02
3.827990293502807617e-01 -4.497690498828887939e-01 6.499999761581420898e-02
3.831951022148132324e-01 -4.496556520462036133e-01 6.499999761581420898e-02
3.835911452770233154e-01 -4.495422542095184326e-01 6.499999761581420898e-02
3.839871883392333984e-01 -4.494288563728332520e-01 6.499999761581420898e-02
3.843832314014434814e-01 -4.493154585361480713e-01 6.499999761581420898e-02
3.847792744636535645e-01 -4.492020606994628906e-01 6.499999761581420898e-02
3.851753473281860352e-01 -4.490886628627777100e-01 6.499999761581420898e-02
3.855713903903961182e-01 -4.489752650260925293e-01 6.499999761581420898e-02
3.859674334526062012e-01 -4.488618969917297363e-01 6.499999761581420898e-02
3.868229687213897705e-01 -4.482052922248840332e-01 6.499999761581420898e-02
3.876785337924957275e-01 -4.475486874580383301e-01 6.499999761581420898e-02
3.885340690612792969e-01 -4.468920826911926270e-01 6.499999761581420898e-02
3.893896043300628662e-01 -4.462354779243469238e-01 6.499999761581420898e-02
3.902451395988464355e-01 -4.455789029598236084e-01 6.499999761581420898e-02
3.911007046699523926e-01 -4.449222981929779053e-01 6.499999761581420898e-02
3.921041786670684814e-01 -4.441767930984497070e-01 6.499999761581420898e-02
3.935039639472961426e-01 -4.431931376457214355e-01 6.499999761581420898e-02
3.949037492275238037e-01 -4.422094821929931641e-01 6.499999761581420898e-02
3.963035345077514648e-01 -4.412258267402648926e-01 6.499999761581420898e-02
3.977033197879791260e-01 -4.402421712875366211e-01 6.499999761581420898e-02
3.991031050682067871e-01 -4.392585158348083496e-01 6.499999761581420898e-02
4.005206227302551270e-01 -4.382318854331970215e-01 6.499999761581420898e-02
4.019390940666198730e-01 -4.372028708457946777e-01 6.499999761581420898e-02
4.033575952053070068e-01 -4.361738860607147217e-01 6.499999761581420898e-02
4.047760665416717529e-01 -4.351449012756347656e-01 6.499999761581420898e-02
4.061945676803588867e-01 -4.341158866882324219e-01 6.499999761581420898e-02
4.076178073883056641e-01 -4.330659806728363037e-01 6.499999761581420898e-02
4.090479016304016113e-01 -4.319860637187957764e-01 6.499999761581420898e-02
4.104779660701751709e-01 -4.309061169624328613e-01 6.499999761581420898e-02
4.119080603122711182e-01 -4.298261702060699463e-01 6.499999761581420898e-02
4.133381247520446777e-01 -4.287462234497070312e-01 6.499999761581420898e-02
4.147682189941406250e-01 -4.276663064956665039e-01 6.499999761581420898e-02
4.163976013660430908e-01 -4.269292056560516357e-01 6.499999761581420898e-02
4.181278049945831299e-01 -4.263655245304107666e-01 6.499999761581420898e-02
4.198580086231231689e-01 -4.258018434047698975e-01 6.499999761581420898e-02
4.215882122516632080e-01 -4.252381622791290283e-01 6.499999761581420898e-02
4.233184158802032471e-01 -4.246744811534881592e-01 6.499999761581420898e-02
4.250486195087432861e-01 -4.241108000278472900e-01 6.499999761581420898e-02
4.267864227294921875e-01 -4.235655367374420166e-01 6.499999761581420898e-02
4.285272955894470215e-01 -4.230277538299560547e-01 6.499999761581420898e-02
4.302681684494018555e-01 -4.224899709224700928e-01 6.499999761581420898e-02
4.320090413093566895e-01 -4.219521880149841309e-01 6.499999761581420898e-02
4.337499439716339111e-01 -4.214144051074981689e-01 6.499999761581420898e-02
4.354908168315887451e-01 -4.208766222000122070e-01 6.499999761581420898e-02
4.372425973415374756e-01 -4.203732609748840332e-01 6.499999761581420898e-02
4.389980733394622803e-01 -4.198815226554870605e-01 6.499999761581420898e-02
4.407535493373870850e-01 -4.193898141384124756e-01 6.499999761581420898e-02
4.425090551376342773e-01 -4.188981056213378906e-01 6.499999761581420898e-02
4.442645311355590820e-01 -4.184063971042633057e-01 6.499999761581420898e-02
4.460200071334838867e-01 -4.179146885871887207e-01 6.499999761581420898e-02
4.477859735488891602e-01 -4.174671769142150879e-01 6.499999761581420898e-02
4.495548605918884277e-01 -4.170321226119995117e-01 6.499999761581420898e-02
4.513237476348876953e-01 -4.165970981121063232e-01 6.499999761581420898e-02
4.530926346778869629e-01 -4.161620736122131348e-01 6.499999761581420898e-02
4.548615217208862305e-01 -4.157270193099975586e-01 6.499999761581420898e-02
4.566304087638854980e-01 -4.152919948101043701e-01 6.499999761581420898e-02
4.583890438079833984e-01 -4.150823354721069336e-01 6.499999761581420898e-02
4.601453840732574463e-01 -4.149227440357208252e-01 6.499999761581420898e-02
4.619017243385314941e-01 -4.147631525993347168e-01 6.499999761581420898e-02
4.636580646038055420e-01 -4.146035313606262207e-01 6.499999761581420898e-02
4.654144048690795898e-01 -4.144439399242401123e-01 6.499999761581420898e-02
4.671718180179595947e-01 -4.142940938472747803e-01 6.499999761581420898e-02
4.689323902130126953e-01 -4.141734838485717773e-01 6.499999761581420898e-02
4.706929922103881836e-01 -4.140528738498687744e-01 6.499999761581420898e-02
4.724535942077636719e-01 -4.139322638511657715e-01 6.499999761581420898e-02
4.742141664028167725e-01 -4.138116538524627686e-01 6.499999761581420898e-02
4.759747684001922607e-01 -4.136910140514373779e-01 6.499999761581420898e-02
4.777362048625946045e-01 -4.135800004005432129e-01 6.499999761581420898e-02
4.794980287551879883e-01 -4.134734869003295898e-01 6.499999761581420898e-02
4.812598526477813721e-01 -4.133670032024383545e-01 6.499999761581420898e-02
4.830216765403747559e-01 -4.132604897022247314e-01 6.499999761581420898e-02
4.847835004329681396e-01 -4.131540060043334961e-01 6.499999761581420898e-02
4.865454733371734619e-01 -4.130517840385437012e-01 6.499999761581420898e-02
4.883085787296295166e-01 -4.129863381385803223e-01 6.499999761581420898e-02
4.900716841220855713e-01 -4.129208922386169434e-01 6.499999761581420898e-02
4.918347895145416260e-01 -4.128554463386535645e-01 6.499999761581420898e-02
4.935978651046752930e-01 -4.127899706363677979e-01 6.499999761581420898e-02
4.953609704971313477e-01 -4.127245247364044189e-01 6.499999761581420898e-02
4.971215724945068359e-01 -4.126940071582794189e-01 6.499999761581420898e-02
4.988799989223480225e-01 -4.126940667629241943e-01 6.499999761581420898e-02
5.006384253501892090e-01 -4.126941263675689697e-01 6.499999761581420898e-02
5.023968219757080078e-01 -4.126942157745361328e-01 6.499999761581420898e-02
5.041552186012268066e-01 -4.126942753791809082e-01 6.499999761581420898e-02
5.059136748313903809e-01 -4.126943349838256836e-01 6.499999761581420898e-02
5.077320337295532227e-01 -4.130496680736541748e-01 6.499999761581420898e-02
5.095509290695190430e-01 -4.134077131748199463e-01 6.499999761581420898e-02
5.113698244094848633e-01 -4.137657880783081055e-01 6.499999761581420898e-02
5.131886601448059082e-01 -4.141238629817962646e-01 6.499999761581420898e-02
5.150075554847717285e-01 -4.144819378852844238e-01 6.499999761581420898e-02
5.168264508247375488e-01 -4.148399829864501953e-01 6.499999761581420898e-02
5.186456441879272461e-01 -4.151974916458129883e-01 6.499999761581420898e-02
5.204648971557617188e-01 -4.155548214912414551e-01 6.499999761581420898e-02
5.222842097282409668e-01 -4.159121811389923096e-01 6.499999761581420898e-02
5.241034626960754395e-01 -4.162695407867431641e-01 6.499999761581420898e-02
5.259227752685546875e-01 -4.166269004344940186e-01 6.499999761581420898e-02
5.277420282363891602e-01 -4.169842302799224854e-01 6.499999761581420898e-02
5.295629501342773438e-01 -4.173033833503723145e-01 6.499999761581420898e-02
5.313847661018371582e-01 -4.176003634929656982e-01 6.499999761581420898e-02
5.332066416740417480e-01 -4.178973436355590820e-01 6.499999761581420898e-02
5.350284576416015625e-01 -4.181943237781524658e-01 6.499999761581420898e-02
5.368502736091613770e-01 -4.184913039207458496e-01 6.499999761581420898e-02
5.386721491813659668e-01 -4.187882840633392334e-01 6.499999761581420898e-02
5.404887199401855469e-01 -4.190460443496704102e-01 6.499999761581420898e-02
5.422995090484619141e-01 -4.192608594894409180e-01 6.499999761581420898e-02
5.441102981567382812e-01 -4.194756746292114258e-01 6.499999761581420898e-02
5.459210872650146484e-01 -4.196904897689819336e-01 6.499999761581420898e-02
5.477318763732910156e-01 -4.199053049087524414e-01 6.499999761581420898e-02
5.495426654815673828e-01 -4.201201200485229492e-01 6.499999761581420898e-02
5.513440370559692383e-01 -4.203013777732849121e-01 6.499999761581420898e-02
5.531330108642578125e-01 -4.204383194446563721e-01 6.499999761581420898e-02
5.549219250679016113e-01 -4.205752909183502197e-01 6.499999761581420898e-02
5.567108392715454102e-01 -4.207122325897216797e-01 6.499999761581420898e-02
5.584997534751892090e-01 -4.208492040634155273e-01 6.499999761581420898e-02
5.602887272834777832e-01 -4.209861457347869873e-01 6.499999761581420898e-02
5.620681643486022949e-01 -4.209702610969543457e-01 6.499999761581420898e-02
5.638390779495239258e-01 -4.208155572414398193e-01 6.499999761581420898e-02
5.656099915504455566e-01 -4.206608831882476807e-01 6.499999761581420898e-02
5.673808455467224121e-01 -4.205062091350555420e-01 6.499999761581420898e-02
5.691517591476440430e-01 -4.203515350818634033e-01 6.499999761581420898e-02
5.709226131439208984e-01 -4.201968312263488770e-01 6.499999761581420898e-02
5.726708173751831055e-01 -4.199914336204528809e-01 6.499999761581420898e-02
5.744073390960693359e-01 -4.197601377964019775e-01 6.499999761581420898e-02
5.761439204216003418e-01 -4.195288419723510742e-01 6.499999761581420898e-02
5.778805017471313477e-01 -4.192975163459777832e-01 6.499999761581420898e-02
5.796170234680175781e-01 -4.190662205219268799e-01 6.499999761581420898e-02
5.813536047935485840e-01 -4.188349246978759766e-01 6.499999761581420898e-02
5.830515027046203613e-01 -4.185421466827392578e-01 6.499999761581420898e-02
5.847458243370056152e-01 -4.182437062263488770e-01 6.499999761581420898e-02
5.864401459693908691e-01 -4.179452955722808838e-01 6.499999761581420898e-02
5.881345272064208984e-01 -4.176468551158905029e-01 6.499999761581420898e-02
5.898288488388061523e-01 -4.173484146595001221e-01 6.499999761581420898e-02
5.915086269378662109e-01 -4.170329868793487549e-01 6.499999761581420898e-02
5.931559205055236816e-01 -4.166793823242187500e-01 6.499999761581420898e-02
5.948030948638916016e-01 -4.163258075714111328e-01 6.499999761581420898e-02
5.964503884315490723e-01 -4.159722328186035156e-01 6.499999761581420898e-02
5.980976223945617676e-01 -4.156186580657958984e-01 6.499999761581420898e-02
5.997448563575744629e-01 -4.152650535106658936e-01 6.499999761581420898e-02
6.013505458831787109e-01 -4.148769080638885498e-01 6.499999761581420898e-02
6.029492020606994629e-01 -4.144829809665679932e-01 6.499999761581420898e-02
6.045479178428649902e-01 -4.140890240669250488e-01 6.499999761581420898e-02
6.061466336250305176e-01 -4.136950969696044922e-01 6.499999761581420898e-02
6.077453494071960449e-01 -4.133011400699615479e-01 6.499999761581420898e-02
6.088854670524597168e-01 -4.122303724288940430e-01 6.499999761581420898e-02
6.096801757812500000e-01 -4.106498956680297852e-01 6.499999761581420898e-02
6.104748845100402832e-01 -4.090694189071655273e-01 6.499999761581420898e-02
6.112695932388305664e-01 -4.074889719486236572e-01 6.499999761581420898e-02
6.120643019676208496e-01 -4.059084951877593994e-01 6.499999761581420898e-02
6.128590106964111328e-01 -4.043280184268951416e-01 6.499999761581420898e-02
6.136298775672912598e-01 -4.027109444141387939e-01 6.499999761581420898e-02
6.143671870231628418e-01 -4.010424017906188965e-01 6.499999761581420898e-02
6.151044964790344238e-01 -3.993738591670989990e-01 6.499999761581420898e-02
6.158418059349060059e-01 -3.977052867412567139e-01 6.499999761581420898e-02
6.165791749954223633e-01 -3.960367441177368164e-01 6.499999761581420898e-02
6.173164844512939453e-01 -3.943682014942169189e-01 6.499999761581420898e-02
6.180511116981506348e-01 -3.926967978477478027e-01 6.499999761581420898e-02
6.187095046043395996e-01 -3.909451663494110107e-01 6.499999761581420898e-02
6.193679571151733398e-01 -3.891935348510742188e-01 6.499999761581420898e-02
6.200263500213623047e-01 -3.874418735504150391e-01 6.499999761581420898e-02
6.206848025321960449e-01 -3.856902420520782471e-01 6.499999761581420898e-02
6.213431954383850098e-01 -3.839386105537414551e-01 6.499999761581420898e-02
6.220016479492187500e-01 -3.821869790554046631e-01 6.499999761581420898e-02
6.224672794342041016e-01 -3.804109096527099609e-01 6.499999761581420898e-02
6.226997971534729004e-01 -3.786052763462066650e-01 6.499999761581420898e-02
6.229323148727416992e-01 -3.767996430397033691e-01 6.499999761581420898e-02
6.231648325920104980e-01 -3.749940097332000732e-01 6.499999761581420898e-02
6.233973503112792969e-01 -3.731883764266967773e-01 6.499999761581420898e-02
6.236298680305480957e-01 -3.713827431201934814e-01 6.499999761581420898e-02
6.238469481468200684e-01 -3.696011006832122803e-01 6.499999761581420898e-02
6.240324974060058594e-01 -3.678683936595916748e-01 6.499999761581420898e-02
6.242180466651916504e-01 -3.661356568336486816e-01 6.499999761581420898e-02
6.244035959243774414e-01 -3.644028902053833008e-01 6.499999761581420898e-02
6.245891451835632324e-01 -3.626701533794403076e-01 6.499999761581420898e-02
6.247746944427490234e-01 -3.609374463558197021e-01 6.499999761581420898e-02
6.249070763587951660e-01 -3.591826260089874268e-01 6.499999761581420898e-02
6.250273585319519043e-01 -3.574227988719940186e-01 6.499999761581420898e-02
6.251477003097534180e-01 -3.556629717350006104e-01 6.499999761581420898e-02
6.252680420875549316e-01 -3.539031147956848145e-01 6.499999761581420898e-02
6.253883242607116699e-01 -3.521433174610137939e-01 6.499999761581420898e-02
6.254956126213073730e-01 -3.503795564174652100e-01 6.499999761581420898e-02
6.255484819412231445e-01 -3.485994935035705566e-01 6.499999761581420898e-02
6.256014108657836914e-01 -3.468194007873535156e-01 6.499999761581420898e-02
6.256543397903442383e-01 -3.450393080711364746e-01 6.499999761581420898e-02
6.257072091102600098e-01 -3.432592749595642090e-01 6.499999761581420898e-02
6.257601380348205566e-01 -3.414791822433471680e-01 6.499999761581420898e-02
6.257793903350830078e-01 -3.396931290626525879e-01 6.499999761581420898e-02
6.257630586624145508e-01 -3.379007875919342041e-01 6.499999761581420898e-02
6.257467865943908691e-01 -3.361084163188934326e-01 6.499999761581420898e-02
6.257304549217224121e-01 -3.343161046504974365e-01 6.499999761581420898e-02
6.257141232490539551e-01 -3.325237333774566650e-01 6.499999761581420898e-02
6.256977915763854980e-01 -3.307313919067382812e-01 6.499999761581420898e-02
6.256380677223205566e-01 -3.289368152618408203e-01 6.499999761581420898e-02
6.255612373352050781e-01 -3.271413743495941162e-01 6.499999761581420898e-02
6.254844069480895996e-01 -3.253459632396697998e-01 6.499999761581420898e-02
6.254076361656188965e-01 -3.235505521297454834e-01 6.499999761581420898e-02
6.253308057785034180e-01 -3.217551112174987793e-01 6.499999761581420898e-02
6.252539753913879395e-01 -3.199596703052520752e-01 6.499999761581420898e-02
6.251550316810607910e-01 -3.181639015674591064e-01 6.499999761581420898e-02
6.250543594360351562e-01 -3.163681030273437500e-01 6.499999761581420898e-02
6.249536871910095215e-01 -3.145723044872283936e-01 6.499999761581420898e-02
6.248529553413391113e-01 -3.127765059471130371e-01 6.499999761581420898e-02
6.247522830963134766e-01 -3.109806776046752930e-01 6.499999761581420898e-02
6.246602535247802734e-01 -3.091766834259033203e-01 6.499999761581420898e-02
6.246303319931030273e-01 -3.073137402534484863e-01 6.499999761581420898e-02
6.246004104614257812e-01 -3.054507672786712646e-01 6.499999761581420898e-02
6.245704889297485352e-01 -3.035877943038940430e-01 6.499999761581420898e-02
6.245405673980712891e-01 -3.017248213291168213e-01 6.499999761581420898e-02
6.245106458663940430e-01 -2.998618483543395996e-01 6.499999761581420898e-02
6.244807243347167969e-01 -2.979989051818847656e-01 6.499999761581420898e-02
6.243849992752075195e-01 -2.961523234844207764e-01 6.499999761581420898e-02
6.242805719375610352e-01 -2.943079769611358643e-01 6.499999761581420898e-02
6.241761445999145508e-01 -2.924636006355285645e-01 6.499999761581420898e-02
6.240717172622680664e-01 -2.906192243099212646e-01 6.499999761581420898e-02
6.239672899246215820e-01 -2.887748777866363525e-01 6.499999761581420898e-02
6.238628029823303223e-01 -2.869305014610290527e-01 6.499999761581420898e-02
6.237035989761352539e-01 -2.851086258888244629e-01 6.499999761581420898e-02
6.235232353210449219e-01 -2.832954227924346924e-01 6.499999761581420898e-02
6.233428120613098145e-01 -2.814822196960449219e-01 6.499999761581420898e-02
6.231624484062194824e-01 -2.796690464019775391e-01 6.499999761581420898e-02
6.229820847511291504e-01 -2.778558433055877686e-01 6.499999761581420898e-02
6.228017210960388184e-01 -2.760426402091979980e-01 6.499999761581420898e-02
6.224396824836730957e-01 -2.742367982864379883e-01 6.499999761581420898e-02
6.219940781593322754e-01 -2.724343240261077881e-01 6.499999761581420898e-02
6.215484142303466797e-01 -2.706318795680999756e-01 6.499999761581420898e-02
6.211028099060058594e-01 -2.688294053077697754e-01 6.499999761581420898e-02
6.206572055816650391e-01 -2.670269310474395752e-01 6.499999761581420898e-02
6.202116012573242188e-01 -2.652244567871093750e-01 6.499999761581420898e-02
6.197369694709777832e-01 -2.634412944316864014e-01 6.499999761581420898e-02
6.192114949226379395e-01 -2.616921365261077881e-01 6.499999761581420898e-02
6.186859607696533203e-01 -2.599429786205291748e-01 6.499999761581420898e-02
6.181604862213134766e-01 -2.581937909126281738e-01 6.499999761581420898e-02
6.176349520683288574e-01 -2.564446032047271729e-01 6.499999761581420898e-02
6.171094179153442383e-01 -2.546954154968261719e-01 6.499999761581420898e-02
6.165103912353515625e-01 -2.529843449592590332e-01 6.499999761581420898e-02
6.155737042427062988e-01 -2.514481246471405029e-01 6.499999761581420898e-02
6.146369576454162598e-01 -2.499119043350219727e-01 6.499999761581420898e-02
6.137002706527709961e-01 -2.483756840229034424e-01 6.499999761581420898e-02
6.127635240554809570e-01 -2.468394637107849121e-01 6.499999761581420898e-02
6.118268370628356934e-01 -2.453032732009887695e-01 6.499999761581420898e-02
6.108807325363159180e-01 -2.437747865915298462e-01 6.499999761581420898e-02
6.098679304122924805e-01 -2.423012107610702515e-01 6.499999761581420898e-02
6.088551282882690430e-01 -2.408276200294494629e-01 6.499999761581420898e-02
6.078423261642456055e-01 -2.393540441989898682e-01 6.499999761581420898e-02
6.068295240402221680e-01 -2.378804832696914673e-01 6.499999761581420898e-02
6.058167219161987305e-01 -2.364069074392318726e-01 6.499999761581420898e-02
6.047964096069335938e-01 -2.349417507648468018e-01 6.499999761581420898e-02
6.037196516990661621e-01 -2.335401922464370728e-01 6.499999761581420898e-02
6.026429533958435059e-01 -2.321386337280273438e-01 6.499999761581420898e-02
6.015661954879760742e-01 -2.307370901107788086e-01 6.499999761581420898e-02
6.004894971847534180e-01 -2.293355315923690796e-01 6.499999761581420898e-02
5.994127392768859863e-01 -2.279339730739593506e-01 6.499999761581420898e-02
5.983258485794067383e-01 -2.265479862689971924e-01 6.499999761581420898e-02
5.971986651420593262e-01 -2.252237945795059204e-01 6.499999761581420898e-02
5.960714817047119141e-01 -2.238996177911758423e-01 6.499999761581420898e-02
5.949442386627197266e-01 -2.225754112005233765e-01 6.499999761581420898e-02
5.938170552253723145e-01 -2.212512195110321045e-01 6.499999761581420898e-02
5.926898717880249023e-01 -2.199270129203796387e-01 6.499999761581420898e-02
5.915477275848388672e-01 -2.186347842216491699e-01 6.499999761581420898e-02
5.903838872909545898e-01 -2.173890769481658936e-01 6.499999761581420898e-02
5.892200469970703125e-01 -2.161433696746826172e-01 6.499999761581420898e-02
5.880561470985412598e-01 -2.148976475000381470e-01 6.499999761581420898e-02
5.868923068046569824e-01 -2.136519253253936768e-01 6.499999761581420898e-02
5.857284069061279297e-01 -2.124062180519104004e-01 6.499999761581420898e-02
5.841936469078063965e-01 -2.118576914072036743e-01 6.499999761581420898e-02
5.825377106666564941e-01 -2.115366905927658081e-01 6.499999761581420898e-02
5.808818340301513672e-01 -2.112156897783279419e-01 6.499999761581420898e-02
5.792258977890014648e-01 -2.108946889638900757e-01 6.499999761581420898e-02
5.775699615478515625e-01 -2.105736881494522095e-01 6.499999761581420898e-02
5.759056806564331055e-01 -2.102695554494857788e-01 6.499999761581420898e-02
5.742111206054687500e-01 -2.100256234407424927e-01 6.499999761581420898e-02
5.725165605545043945e-01 -2.097816914319992065e-01 6.499999761581420898e-02
5.708220005035400391e-01 -2.095377594232559204e-01 6.499999761581420898e-02
5.691274404525756836e-01 -2.092938423156738281e-01 6.499999761581420898e-02
5.674328804016113281e-01 -2.090499103069305420e-01 6.499999761581420898e-02
5.657218098640441895e-01 -2.088556438684463501e-01 6.499999761581420898e-02
5.639983415603637695e-01 -2.086984366178512573e-01 6.499999761581420898e-02
5.622748136520385742e-01 -2.085412442684173584e-01 6.499999761581420898e-02
5.605513453483581543e-01 -2.083840370178222656e-01 6.499999761581420898e-02
5.588279366493225098e-01 -2.082268446683883667e-01 6.499999761581420898e-02
5.571044683456420898e-01 -2.080696374177932739e-01 6.499999761581420898e-02
5.553664565086364746e-01 -2.079910933971405029e-01 6.499999761581420898e-02
5.536257624626159668e-01 -2.079270780086517334e-01 6.499999761581420898e-02
5.518850684165954590e-01 -2.078630626201629639e-01 6.499999761581420898e-02
5.501443743705749512e-01 -2.077990323305130005e-01 6.499999761581420898e-02
5.484036803245544434e-01 -2.077350169420242310e-01 6.499999761581420898e-02
5.466627478599548340e-01 -2.076770812273025513e-01 6.499999761581420898e-02
5.449174046516418457e-01 -2.077101618051528931e-01 6.499999761581420898e-02
5.431721210479736328e-01 -2.077432572841644287e-01 6.499999761581420898e-02
5.414268374443054199e-01 -2.077763378620147705e-01 6.499999761581420898e-02
5.396815538406372070e-01 -2.078094333410263062e-01 6.499999761581420898e-02
5.379362106323242188e-01 -2.078425139188766479e-01 6.499999761581420898e-02
5.361753106117248535e-01 -2.077760398387908936e-01 6.499999761581420898e-02
5.343687534332275391e-01 -2.074191719293594360e-01 6.499999761581420898e-02
5.325622558593750000e-01 -2.070623189210891724e-01 6.499999761581420898e-02
5.307556986808776855e-01 -2.067054510116577148e-01 6.499999761581420898e-02
5.289491415023803711e-01 -2.063485831022262573e-01 6.499999761581420898e-02
5.271425843238830566e-01 -2.059917151927947998e-01 6.499999761581420898e-02
5.253360271453857422e-01 -2.056348472833633423e-01 6.499999761581420898e-02
5.235770344734191895e-01 -2.053320705890655518e-01 6.499999761581420898e-02
5.218392610549926758e-01 -2.050535529851913452e-01 6.499999761581420898e-02
5.201015472412109375e-01 -2.047750204801559448e-01 6.499999761581420898e-02
5.183637738227844238e-01 -2.044965028762817383e-01 6.499999761581420898e-02
5.166260600090026855e-01 -2.042179852724075317e-01 6.499999761581420898e-02
5.148883461952209473e-01 -2.039394676685333252e-01 6.499999761581420898e-02
5.131834745407104492e-01 -2.036776691675186157e-01 6.499999761581420898e-02
5.115220546722412109e-01 -2.034379988908767700e-01 6.499999761581420898e-02
5.098606944084167480e-01 -2.031983286142349243e-01 6.499999761581420898e-02
5.081992745399475098e-01 -2.029586583375930786e-01 6.499999761581420898e-02
5.065379142761230469e-01 -2.027189880609512329e-01 6.499999761581420898e-02
5.048765540122985840e-01 -2.024793177843093872e-01 6.499999761581420898e-02
5.032521486282348633e-01 -2.022306174039840698e-01 6.499999761581420898e-02
5.016685724258422852e-01 -2.019719481468200684e-01 6.499999761581420898e-02
5.000850558280944824e-01 -2.017132788896560669e-01 6.499999761581420898e-02
4.985015392303466797e-01 -2.014546096324920654e-01 6.499999761581420898e-02
4.969179630279541016e-01 -2.011959403753280640e-01 6.499999761581420898e-02
4.953344166278839111e-01 -2.009372711181640625e-01 6.499999761581420898e-02
4.938091933727264404e-01 -2.012025117874145508e-01 6.499999761581420898e-02
4.922963976860046387e-01 -2.015791982412338257e-01 6.499999761581420898e-02
4.907836019992828369e-01 -2.019558697938919067e-01 6.499999761581420898e-02
4.892708063125610352e-01 -2.023325562477111816e-01 6.499999761581420898e-02
4.877579808235168457e-01 -2.027092427015304565e-01 6.499999761581420898e-02
4.862451851367950439e-01 -2.030859291553497314e-01 6.499999761581420898e-02
4.847990870475769043e-01 -2.034572958946228027e-01 6.499999761581420898e-02
4.833573698997497559e-01 -2.038283348083496094e-01 6.499999761581420898e-02
4.819155931472778320e-01 -2.041993588209152222e-01 6.499999761581420898e-02
4.804738461971282959e-01 -2.045703977346420288e-01 6.499999761581420898e-02
4.790320992469787598e-01 -2.049414217472076416e-01 6.499999761581420898e-02
4.775995314121246338e-01 -2.052750736474990845e-01 6.499999761581420898e-02
4.761881232261657715e-01 -2.055229544639587402e-01 6.499999761581420898e-02
4.747766554355621338e-01 -2.057708352804183960e-01 6.499999761581420898e-02
4.733651876449584961e-01 -2.060187309980392456e-01 6.499999761581420898e-02
4.719537794589996338e-01 -2.062666118144989014e-01 6.499999761581420898e-02
4.705443084239959717e-01 -2.065079212188720703e-01 6.499999761581420898e-02
4.692083895206451416e-01 -2.065034806728363037e-01 6.499999761581420898e-02
4.678725302219390869e-01 -2.064990401268005371e-01 6.499999761581420898e-02
4.665366113185882568e-01 -2.064945995807647705e-01 6.499999761581420898e-02
4.652007222175598145e-01 -2.064901590347290039e-01 6.499999761581420898e-02
4.638648629188537598e-01 -2.064857035875320435e-01 6.499999761581420898e-02
4.625289440155029297e-01 -2.064812630414962769e-01 6.499999761581420898e-02
4.614402651786804199e-01 -2.068030983209609985e-01 6.499999761581420898e-02
4.613355696201324463e-01 -2.084237635135650635e-01 6.499999761581420898e-02
4.612308740615844727e-01 -2.100443691015243530e-01 6.499999761581420898e-02
4.611261785030364990e-01 -2.116649746894836426e-01 6.499999761581420898e-02
4.610214829444885254e-01 -2.132856398820877075e-01 6.499999761581420898e-02
4.609168171882629395e-01 -2.149062454700469971e-01 6.499999761581420898e-02
4.608121216297149658e-01 -2.165269106626510620e-01 6.499999761581420898e-02
4.607074260711669922e-01 -2.181475162506103516e-01 6.499999761581420898e-02
4.608199298381805420e-01 -2.196973115205764771e-01 6.499999761581420898e-02
4.609570503234863281e-01 -2.212391495704650879e-01 6.499999761581420898e-02
4.610941112041473389e-01 -2.227809280157089233e-01 6.499999761581420898e-02
4.612312316894531250e-01 -2.243227660655975342e-01 6.499999761581420898e-02
4.613682925701141357e-01 -2.258645445108413696e-01 6.499999761581420898e-02
4.615053832530975342e-01 -2.274063229560852051e-01 6.499999761581420898e-02
4.616680443286895752e-01 -2.289342284202575684e-01 6.499999761581420898e-02
4.619905054569244385e-01 -2.303750365972518921e-01 6.499999761581420898e-02
4.623129665851593018e-01 -2.318159043788909912e-01 6.499999761581420898e-02
4.626353979110717773e-01 -2.332567125558853149e-01 6.499999761581420898e-02
4.629578292369842529e-01 -2.346975356340408325e-01 6.499999761581420898e-02
4.632802903652191162e-01 -2.361384034156799316e-01 6.499999761581420898e-02
4.636027514934539795e-01 -2.375792115926742554e-01 6.499999761581420898e-02
4.640235006809234619e-01 -2.389427721500396729e-01 6.499999761581420898e-02
4.644954502582550049e-01 -2.402660250663757324e-01 6.499999761581420898e-02
4.649673700332641602e-01 -2.415892779827117920e-01 6.499999761581420898e-02
4.654393196105957031e-01 -2.429125905036926270e-01 6.499999761581420898e-02
4.659112691879272461e-01 -2.442358434200286865e-01 6.499999761581420898e-02
4.663832187652587891e-01 -2.455591559410095215e-01 6.499999761581420898e-02
4.668912291526794434e-01 -2.468422949314117432e-01 6.499999761581420898e-02
4.674831032752990723e-01 -2.480322122573852539e-01 6.499999761581420898e-02
4.680750072002410889e-01 -2.492221593856811523e-01 6.499999761581420898e-02
4.686668813228607178e-01 -2.504120767116546631e-01 6.499999761581420898e-02
4.692587852478027344e-01 -2.516020238399505615e-01 6.499999761581420898e-02
4.698506593704223633e-01 -2.527919411659240723e-01 6.499999761581420898e-02
4.704425334930419922e-01 -2.539818584918975830e-01 6.499999761581420898e-02
4.711033403873443604e-01 -2.550341784954071045e-01 6.499999761581420898e-02
4.717677533626556396e-01 -2.560791969299316406e-01 6.499999761581420898e-02
4.724322259426116943e-01 -2.571242153644561768e-01 6.499999761581420898e-02
4.730966389179229736e-01 -2.581692039966583252e-01 6.499999761581420898e-02
4.737610816955566406e-01 -2.592142224311828613e-01 6.499999761581420898e-02
4.744255244731903076e-01 -2.602592408657073975e-01 6.499999761581420898e-02
4.746813774108886719e-01 -2.613562941551208496e-01 6.499999761581420898e-02
4.745247364044189453e-01 -2.625059485435485840e-01 6.499999761581420898e-02
4.743681252002716064e-01 -2.636555433273315430e-01 6.499999761581420898e-02
4.742114841938018799e-01 -2.648051381111145020e-01 6.499999761581420898e-02
4.740548729896545410e-01 -2.659547924995422363e-01 6.499999761581420898e-02
4.739580452442169189e-01 -2.669064402580261230e-01 6.499999761581420898e-02
4.738735854625701904e-01 -2.678172290325164795e-01 6.499999761581420898e-02
4.737891256809234619e-01 -2.687279582023620605e-01 6.499999761581420898e-02
4.737046360969543457e-01 -2.696387171745300293e-01 6.499999761581420898e-02
4.735357165336608887e-01 -2.714602351188659668e-01 6.499999761581420898e-02
4.734613597393035889e-01 -2.708684802055358887e-01 6.499999761581420898e-02
4.733869731426239014e-01 -2.702766954898834229e-01 6.499999761581420898e-02
4.733126163482666016e-01 -2.696849405765533447e-01 6.499999761581420898e-02
4.732382297515869141e-01 -2.690931558609008789e-01 6.499999761581420898e-02
4.731638729572296143e-01 -2.685013711452484131e-01 6.499999761581420898e-02
4.730894863605499268e-01 -2.679096162319183350e-01 6.499999761581420898e-02
4.730151295661926270e-01 -2.673178315162658691e-01 6.499999761581420898e-02
4.729407429695129395e-01 -2.667260766029357910e-01 6.499999761581420898e-02
4.728663861751556396e-01 -2.661343216896057129e-01 6.499999761581420898e-02
4.727919995784759521e-01 -2.655425369739532471e-01 6.499999761581420898e-02
4.727176427841186523e-01 -2.649507820606231689e-01 6.499999761581420898e-02
4.726432561874389648e-01 -2.643589973449707031e-01 6.499999761581420898e-02
4.724831879138946533e-01 -2.637887299060821533e-01 6.499999761581420898e-02
4.722138643264770508e-01 -2.632458508014678955e-01 6.499999761581420898e-02
4.719445407390594482e-01 -2.627029716968536377e-01 6.499999761581420898e-02
4.716752171516418457e-01 -2.621600925922393799e-01 6.499999761581420898e-02
4.714058935642242432e-01 -2.616172134876251221e-01 6.499999761581420898e-02
4.711365997791290283e-01 -2.610743641853332520e-01 6.499999761581420898e-02
4.708672761917114258e-01 -2.605314850807189941e-01 6.499999761581420898e-02
4.705979526042938232e-01 -2.599886059761047363e-01 6.499999761581420898e-02
4.703286290168762207e-01 -2.594457268714904785e-01 6.499999761581420898e-02
4.700593054294586182e-01 -2.589028477668762207e-01 6.499999761581420898e-02
4.697899818420410156e-01 -2.583599984645843506e-01 6.499999761581420898e-02
4.695206582546234131e-01 -2.578171193599700928e-01 6.499999761581420898e-02
4.692513346672058105e-01 -2.572742402553558350e-01 6.499999761581420898e-02
4.689820110797882080e-01 -2.567313909530639648e-01 6.499999761581420898e-02
4.687126874923706055e-01 -2.561884820461273193e-01 6.499999761581420898e-02
4.684433937072753906e-01 -2.556456327438354492e-01 6.499999761581420898e-02
4.681740701198577881e-01 -2.551027536392211914e-01 6.499999761581420898e-02
4.679047465324401855e-01 -2.545598745346069336e-01 6.499999761581420898e-02
4.676354229450225830e-01 -2.540169954299926758e-01 6.499999761581420898e-02
4.673482179641723633e-01 -2.534794211387634277e-01 6.499999761581420898e-02
4.670519828796386719e-01 -2.529445588588714600e-01 6.499999761581420898e-02
4.667557477951049805e-01 -2.524096965789794922e-01 6.499999761581420898e-02
4.664594829082489014e-01 -2.518748044967651367e-01 6.499999761581420898e-02
4.661632478237152100e-01 -2.513399422168731689e-01 6.499999761581420898e-02
4.658669829368591309e-01 -2.508050501346588135e-01 6.499999761581420898e-02
4.655707478523254395e-01 -2.502701878547668457e-01 6.499999761581420898e-02
4.652745127677917480e-01 -2.497353106737136841e-01 6.499999761581420898e-02
4.649782478809356689e-01 -2.492004185914993286e-01 6.499999761581420898e-02
4.646820127964019775e-01 -2.486655563116073608e-01 6.499999761581420898e-02
4.643857479095458984e-01 -2.481306642293930054e-01 6.499999761581420898e-02
4.640895128250122070e-01 -2.475958019495010376e-01 6.499999761581420898e-02
4.637932479381561279e-01 -2.470609247684478760e-01 6.499999761581420898e-02
4.634970128536224365e-01 -2.465260326862335205e-01 6.499999761581420898e-02
4.632007479667663574e-01 -2.459911704063415527e-01 6.499999761581420898e-02
4.629045128822326660e-01 -2.454562783241271973e-01 6.499999761581420898e-02
4.626082479953765869e-01 -2.449214160442352295e-01 6.499999761581420898e-02
4.623120129108428955e-01 -2.443865388631820679e-01 6.499999761581420898e-02
4.620157778263092041e-01 -2.438516616821289062e-01 6.499999761581420898e-02
4.617088139057159424e-01 -2.433223426342010498e-01 6.499999761581420898e-02
4.613958299160003662e-01 -2.427961230278015137e-01 6.499999761581420898e-02
4.610828459262847900e-01 -2.422699332237243652e-01 6.499999761581420898e-02
4.607698619365692139e-01 -2.417437434196472168e-01 6.499999761581420898e-02
4.604568481445312500e-01 -2.412175387144088745e-01 6.499999761581420898e-02
4.601438641548156738e-01 -2.406913489103317261e-01 6.499999761581420898e-02
4.598308801651000977e-01 -2.401651293039321899e-01 6.499999761581420898e-02
4.595178961753845215e-01 -2.396389394998550415e-01 6.499999761581420898e-02
4.592049121856689453e-01 -2.391127496957778931e-01 6.499999761581420898e-02
4.588918983936309814e-01 -2.385865449905395508e-01 6.499999761581420898e-02
4.585789144039154053e-01 -2.380603551864624023e-01 6.499999761581420898e-02
4.582659304141998291e-01 -2.375341355800628662e-01 6.499999761581420898e-02
4.579529464244842529e-01 -2.370079457759857178e-01 6.499999761581420898e-02
4.576399624347686768e-01 -2.364817559719085693e-01 6.499999761581420898e-02
4.573269486427307129e-01 -2.359555512666702271e-01 6.499999761581420898e-02
4.570139646530151367e-01 -2.354293614625930786e-01 6.499999761581420898e-02
4.567009806632995605e-01 -2.349031418561935425e-01 6.499999761581420898e-02
4.563879966735839844e-01 -2.343769520521163940e-01 6.499999761581420898e-02
4.560750126838684082e-01 -2.338507622480392456e-01 6.499999761581420898e-02
4.557635486125946045e-01 -2.333242595195770264e-01 6.499999761581420898e-02
4.554530382156372070e-01 -2.327975779771804810e-01 6.499999761581420898e-02
4.551425278186798096e-01 -2.322708815336227417e-01 6.499999761581420898e-02
4.548320472240447998e-01 -2.317442148923873901e-01 6.499999761581420898e-02
4.545215368270874023e-01 -2.312175333499908447e-01 6.499999761581420898e-02
4.542110264301300049e-01 -2.306908369064331055e-01 6.499999761581420898e-02
4.539005458354949951e-01 -2.301641702651977539e-01 6.499999761581420898e-02
4.535900354385375977e-01 -2.296374738216400146e-01 6.499999761581420898e-02
4.532795250415802002e-01 -2.291107922792434692e-01 6.499999761581420898e-02
4.529690146446228027e-01 -2.285841107368469238e-01 6.499999761581420898e-02
4.526585042476654053e-01 -2.280574291944503784e-01 6.499999761581420898e-02
4.523480236530303955e-01 -2.275307476520538330e-01 6.499999761581420898e-02
4.520375132560729980e-01 -2.270040512084960938e-01 6.499999761581420898e-02
4.517270028591156006e-01 -2.264773845672607422e-01 6.499999761581420898e-02
4.514164924621582031e-01 -2.259507030248641968e-01 6.499999761581420898e-02
4.511059820652008057e-01 -2.254240065813064575e-01 6.499999761581420898e-02
4.507955014705657959e-01 -2.248973250389099121e-01 6.499999761581420898e-02
4.504849910736083984e-01 -2.243706434965133667e-01 6.499999761581420898e-02
4.501744806766510010e-01 -2.238439619541168213e-01 6.499999761581420898e-02
4.498765170574188232e-01 -2.233122736215591431e-01 6.499999761581420898e-02
4.495855569839477539e-01 -2.227777689695358276e-01 6.499999761581420898e-02
4.492946267127990723e-01 -2.222432643175125122e-01 6.499999761581420898e-02
4.490036666393280029e-01 -2.217087447643280029e-01 6.499999761581420898e-02
4.487127363681793213e-01 -2.211742550134658813e-01 6.499999761581420898e-02
4.484218060970306396e-01 -2.206397503614425659e-01 6.499999761581420898e-02
4.481308460235595703e-01 -2.201052308082580566e-01 6.499999761581420898e-02
4.478399157524108887e-01 -2.195707410573959351e-01 6.499999761581420898e-02
4.475489556789398193e-01 -2.190362215042114258e-01 6.499999761581420898e-02
4.472580254077911377e-01 -2.185017168521881104e-01 6.499999761581420898e-02
4.469670951366424561e-01 -2.179672271013259888e-01 6.499999761581420898e-02
4.466761350631713867e-01 -2.174327075481414795e-01 6.499999761581420898e-02
4.463852047920227051e-01 -2.168982028961181641e-01 6.499999761581420898e-02
4.460942447185516357e-01 -2.163636833429336548e-01 6.499999761581420898e-02
4.458033144474029541e-01 -2.158291935920715332e-01 6.499999761581420898e-02
4.455123543739318848e-01 -2.152946889400482178e-01 6.499999761581420898e-02
4.452214241027832031e-01 -2.147601693868637085e-01 6.499999761581420898e-02
4.449304640293121338e-01 -2.142256796360015869e-01 6.499999761581420898e-02
4.446395337581634521e-01 -2.136911600828170776e-01 6.499999761581420898e-02
4.443690776824951172e-01 -2.131513059139251709e-01 6.499999761581420898e-02
4.441042542457580566e-01 -2.126099914312362671e-01 6.499999761581420898e-02
4.438394010066986084e-01 -2.120686471462249756e-01 6.499999761581420898e-02
4.435745477676391602e-01 -2.115273326635360718e-01 6.499999761581420898e-02
4.433097243309020996e-01 -2.109859883785247803e-01 6.499999761581420898e-02
4.430448710918426514e-01 -2.104446738958358765e-01 6.499999761581420898e-02
4.427800476551055908e-01 -2.099033594131469727e-01 6.499999761581420898e-02
4.425151944160461426e-01 -2.093620151281356812e-01 6.499999761581420898e-02
4.422503411769866943e-01 -2.088207006454467773e-01 6.499999761581420898e-02
4.419855177402496338e-01 -2.082793563604354858e-01 6.499999761581420898e-02
4.417206645011901855e-01 -2.077380418777465820e-01 6.499999761581420898e-02
4.414558410644531250e-01 -2.071967273950576782e-01 6.499999761581420898e-02
4.411909878253936768e-01 -2.066553831100463867e-01 6.499999761581420898e-02
4.409261345863342285e-01 -2.061140686273574829e-01 6.499999761581420898e-02
4.406613111495971680e-01 -2.055727243423461914e-01 6.499999761581420898e-02
4.403964579105377197e-01 -2.050314098596572876e-01 6.499999761581420898e-02
4.401316344738006592e-01 -2.044900953769683838e-01 6.499999761581420898e-02
4.398667812347412109e-01 -2.039487510919570923e-01 6.499999761581420898e-02
4.396421611309051514e-01 -2.033970654010772705e-01 6.499999761581420898e-02
4.395768046379089355e-01 -2.028042674064636230e-01 6.499999761581420898e-02
4.395114779472351074e-01 -2.022114992141723633e-01 6.499999761581420898e-02
4.394461214542388916e-01 -2.016187161207199097e-01 6.499999761581420898e-02
4.393807947635650635e-01 -2.010259330272674561e-01 6.499999761581420898e-02
4.393154382705688477e-01 -2.004331648349761963e-01 6.499999761581420898e-02
4.392501115798950195e-01 -1.998403668403625488e-01 6.499999761581420898e-02
4.391847550868988037e-01 -1.992475986480712891e-01 6.499999761581420898e-02
4.391194283962249756e-01 -1.986548155546188354e-01 6.499999761581420898e-02
4.390540719032287598e-01 -1.980620324611663818e-01 6.499999761581420898e-02
4.389887452125549316e-01 -1.974692493677139282e-01 6.499999761581420898e-02
4.389233887195587158e-01 -1.968764662742614746e-01 6.499999761581420898e-02
4.388580620288848877e-01 -1.962836831808090210e-01 6.499999761581420898e-02
4.387927353382110596e-01 -1.956909149885177612e-01 6.499999761581420898e-02
4.387273788452148438e-01 -1.950981318950653076e-01 6.499999761581420898e-02
4.386620521545410156e-01 -1.945053488016128540e-01 6.499999761581420898e-02
4.385966956615447998e-01 -1.939125657081604004e-01 6.499999761581420898e-02
4.385313689708709717e-01 -1.933197826147079468e-01 6.499999761581420898e-02
4.384663701057434082e-01 -1.927268952131271362e-01 6.499999761581420898e-02
4.384258389472961426e-01 -1.921258270740509033e-01 6.499999761581420898e-02
4.383853375911712646e-01 -1.915247738361358643e-01 6.499999761581420898e-02
4.383448064327239990e-01 -1.909237056970596313e-01 6.499999761581420898e-02
4.383043050765991211e-01 -1.903226524591445923e-01 6.499999761581420898e-02
4.382638037204742432e-01 -1.897216141223907471e-01 6.499999761581420898e-02
4.382232725620269775e-01 -1.891205310821533203e-01 6.499999761581420898e-02
4.381827712059020996e-01 -1.885194778442382812e-01 6.499999761581420898e-02
4.381422400474548340e-01 -1.879184097051620483e-01 6.499999761581420898e-02
4.381017386913299561e-01 -1.873173564672470093e-01 6.499999761581420898e-02
4.380612075328826904e-01 -1.867163181304931641e-01 6.499999761581420898e-02
4.380207061767578125e-01 -1.861152350902557373e-01 6.499999761581420898e-02
4.379801750183105469e-01 -1.855141967535018921e-01 6.499999761581420898e-02
4.379396736621856689e-01 -1.849131137132644653e-01 6.499999761581420898e-02
4.378991425037384033e-01 -1.843120753765106201e-01 6.499999761581420898e-02
4.378586411476135254e-01 -1.837110221385955811e-01 6.499999761581420898e-02
4.378181099891662598e-01 -1.831099539995193481e-01 6.499999761581420898e-02
4.377776086330413818e-01 -1.825089007616043091e-01 6.499999761581420898e-02
4.377370774745941162e-01 -1.819078326225280762e-01 6.499999761581420898e-02
4.377106130123138428e-01 -1.813044100999832153e-01 6.499999761581420898e-02
4.376960098743438721e-01 -1.806989759206771851e-01 6.499999761581420898e-02
4.376814365386962891e-01 -1.800935268402099609e-01 6.499999761581420898e-02
4.376668334007263184e-01 -1.794880926609039307e-01 6.499999761581420898e-02
4.376522600650787354e-01 -1.788826435804367065e-01 6.499999761581420898e-02
4.376376569271087646e-01 -1.782772094011306763e-01 6.499999761581420898e-02
4.376230835914611816e-01 -1.776717752218246460e-01 6.499999761581420898e-02
4.376084804534912109e-01 -1.770663261413574219e-01 6.499999761581420898e-02
4.375938773155212402e-01 -1.764608919620513916e-01 6.499999761581420898e-02
4.375793039798736572e-01 -1.758554428815841675e-01 6.499999761581420898e-02
4.375647008419036865e-01 -1.752500087022781372e-01 6.499999761581420898e-02
4.375501275062561035e-01 -1.746445745229721069e-01 6.499999761581420898e-02
4.375355243682861328e-01 -1.740391254425048828e-01 6.499999761581420898e-02
4.375209510326385498e-01 -1.734336912631988525e-01 6.499999761581420898e-02
4.375063478946685791e-01 -1.728282421827316284e-01 6.499999761581420898e-02
4.374917447566986084e-01 -1.722228080034255981e-01 6.499999761581420898e-02
4.374771714210510254e-01 -1.716173887252807617e-01 6.499999761581420898e-02
4.374625682830810547e-01 -1.710119247436523438e-01 6.499999761581420898e-02
4.374479949474334717e-01 -1.704064905643463135e-01 6.499999761581420898e-02
4.374513626098632812e-01 -1.698005795478820801e-01 6.499999761581420898e-02
4.374562501907348633e-01 -1.691946387290954590e-01 6.499999761581420898e-02
4.374611675739288330e-01 -1.685886979103088379e-01 6.499999761581420898e-02
4.374660551548004150e-01 -1.679827272891998291e-01 6.499999761581420898e-02
4.374709725379943848e-01 -1.673767864704132080e-01 6.499999761581420898e-02
4.374758899211883545e-01 -1.667708307504653931e-01 6.499999761581420898e-02
4.374807775020599365e-01 -1.661648899316787720e-01 6.499999761581420898e-02
4.374856948852539062e-01 -1.655589491128921509e-01 6.499999761581420898e-02
4.374905824661254883e-01 -1.649529784917831421e-01 6.499999761581420898e-02
4.374954998493194580e-01 -1.643470376729965210e-01 6.499999761581420898e-02
4.375004172325134277e-01 -1.637410819530487061e-01 6.499999761581420898e-02
4.375053048133850098e-01 -1.631351411342620850e-01 6.499999761581420898e-02
4.375102221965789795e-01 -1.625292003154754639e-01 6.499999761581420898e-02
4.375151097774505615e-01 -1.619232296943664551e-01 6.499999761581420898e-02
4.375200271606445312e-01 -1.613172888755798340e-01 6.499999761581420898e-02
4.375249445438385010e-01 -1.607113331556320190e-01 6.499999761581420898e-02
4.375298321247100830e-01 -1.601053923368453979e-01 6.499999761581420898e-02
4.375347495079040527e-01 -1.594994515180587769e-01 6.499999761581420898e-02
4.375408291816711426e-01 -1.588935256004333496e-01 6.499999761581420898e-02
4.375497996807098389e-01 -1.582877039909362793e-01 6.499999761581420898e-02
4.375587701797485352e-01 -1.576818823814392090e-01 6.499999761581420898e-02
4.375677108764648438e-01 -1.570760607719421387e-01 6.499999761581420898e-02
4.375766813755035400e-01 -1.564702540636062622e-01 6.499999761581420898e-02
4.375856518745422363e-01 -1.558644175529479980e-01 6.499999761581420898e-02
4.375945925712585449e-01 -1.552586108446121216e-01 6.499999761581420898e-02
4.376035630702972412e-01 -1.546527743339538574e-01 6.499999761581420898e-02
4.376125335693359375e-01 -1.540469676256179810e-01 6.499999761581420898e-02
4.376214742660522461e-01 -1.534411460161209106e-01 6.499999761581420898e-02
4.376304447650909424e-01 -1.528353244066238403e-01 6.499999761581420898e-02
4.376394152641296387e-01 -1.522295027971267700e-01 6.499999761581420898e-02
4.376483559608459473e-01 -1.516236662864685059e-01 6.499999761581420898e-02
4.376573264598846436e-01 -1.510178595781326294e-01 6.499999761581420898e-02
4.376662671566009521e-01 -1.504120528697967529e-01 6.499999761581420898e-02
4.376752376556396484e-01 -1.498062163591384888e-01 6.499999761581420898e-02
4.376842081546783447e-01 -1.492004096508026123e-01 6.499999761581420898e-02
4.376931488513946533e-01 -1.485945731401443481e-01 6.499999761581420898e-02
4.377021193504333496e-01 -1.479887664318084717e-01 6.499999761581420898e-02
4.377080202102661133e-01 -1.473827958106994629e-01 6.499999761581420898e-02
4.377124607563018799e-01 -1.467767506837844849e-01 6.499999761581420898e-02
4.377169013023376465e-01 -1.461707204580307007e-01 6.499999761581420898e-02
4.377213418483734131e-01 -1.455646604299545288e-01 6.499999761581420898e-02
4.377257525920867920e-01 -1.449586302042007446e-01 6.499999761581420898e-02
4.377301931381225586e-01 -1.443525999784469604e-01 6.499999761581420898e-02
4.377346336841583252e-01 -1.437465548515319824e-01 6.499999761581420898e-02
4.377390742301940918e-01 -1.431405246257781982e-01 6.499999761581420898e-02
4.377435147762298584e-01 -1.425344645977020264e-01 6.499999761581420898e-02
4.377479255199432373e-01 -1.419284343719482422e-01 6.499999761581420898e-02
4.377523660659790039e-01 -1.413224041461944580e-01 6.499999761581420898e-02
4.377568066120147705e-01 -1.407163590192794800e-01 6.499999761581420898e-02
4.377612471580505371e-01 -1.401103287935256958e-01 6.499999761581420898e-02
4.377656877040863037e-01 -1.395042687654495239e-01 6.499999761581420898e-02
4.377700984477996826e-01 -1.388982385396957397e-01 6.499999761581420898e-02
4.377745389938354492e-01 -1.382922083139419556e-01 6.499999761581420898e-02
4.377789795398712158e-01 -1.376861631870269775e-01 6.499999761581420898e-02
4.377834200859069824e-01 -1.370801329612731934e-01 6.499999761581420898e-02
4.377879500389099121e-01 -1.364740580320358276e-01 6.499999761581420898e-02
4.377947747707366943e-01 -1.358675062656402588e-01 6.499999761581420898e-02
4.378015995025634766e-01 -1.352609694004058838e-01 6.499999761581420898e-02
4.378084242343902588e-01 -1.346544027328491211e-01 6.499999761581420898e-02
4.378152489662170410e-01 -1.340478658676147461e-01 6.499999761581420898e-02
4.378220736980438232e-01 -1.334413290023803711e-01 6.499999761581420898e-02
4.378288984298706055e-01 -1.328347474336624146e-01 6.499999761581420898e-02
4.378357231616973877e-01 -1.322281956672668457e-01 6.499999761581420898e-02
4.378425478935241699e-01 -1.316216588020324707e-01 6.499999761581420898e-02
4.378493726253509521e-01 -1.310151219367980957e-01 6.499999761581420898e-02
4.378561973571777344e-01 -1.304085850715637207e-01 6.499999761581420898e-02
4.378630220890045166e-01 -1.298019886016845703e-01 6.499999761581420898e-02
4.378698468208312988e-01 -1.291954517364501953e-01 6.499999761581420898e-02
4.378766715526580811e-01 -1.285889148712158203e-01 6.499999761581420898e-02
4.378834962844848633e-01 -1.279823780059814453e-01 6.499999761581420898e-02
4.378903210163116455e-01 -1.273758411407470703e-01 6.499999761581420898e-02
4.378971457481384277e-01 -1.267692446708679199e-01 6.499999761581420898e-02
4.379039704799652100e-01 -1.261627078056335449e-01 6.499999761581420898e-02
4.379107952117919922e-01 -1.255561709403991699e-01 6.499999761581420898e-02
4.379179477691650391e-01 -1.249492168426513672e-01 6.499999761581420898e-02
4.379256069660186768e-01 -1.243415996432304382e-01 6.499999761581420898e-02
4.379332661628723145e-01 -1.237339377403259277e-01 6.499999761581420898e-02
4.379408955574035645e-01 -1.231263279914855957e-01 6.499999761581420898e-02
4.379485547542572021e-01 -1.225187107920646667e-01 6.499999761581420898e-02
4.379562139511108398e-01 -1.219110935926437378e-01 6.499999761581420898e-02
4.379638731479644775e-01 -1.213034838438034058e-01 6.499999761581420898e-02
4.379715323448181152e-01 -1.206958219408988953e-01 6.499999761581420898e-02
4.379791617393493652e-01 -1.200882047414779663e-01 6.499999761581420898e-02
4.379868209362030029e-01 -1.194805949926376343e-01 6.499999761581420898e-02
4.379944801330566406e-01 -1.188729777932167053e-01 6.499999761581420898e-02
4.380021393299102783e-01 -1.182653605937957764e-01 6.499999761581420898e-02
4.380097985267639160e-01 -1.176576986908912659e-01 6.499999761581420898e-02
4.380174279212951660e-01 -1.170500889420509338e-01 6.499999761581420898e-02
4.380250871181488037e-01 -1.164424717426300049e-01 6.499999761581420898e-02
4.380327463150024414e-01 -1.158348619937896729e-01 6.499999761581420898e-02
4.380404055118560791e-01 -1.152272447943687439e-01 6.499999761581420898e-02
4.380480647087097168e-01 -1.146195828914642334e-01 6.499999761581420898e-02
4.380556941032409668e-01 -1.140119656920433044e-01 6.499999761581420898e-02
4.380650222301483154e-01 -1.134030446410179138e-01 6.499999761581420898e-02
4.380751550197601318e-01 -1.127934530377388000e-01 6.499999761581420898e-02
4.380853176116943359e-01 -1.121838614344596863e-01 6.499999761581420898e-02
4.380954504013061523e-01 -1.115742176771163940e-01 6.499999761581420898e-02
4.381055831909179688e-01 -1.109646260738372803e-01 6.499999761581420898e-02
4.381157457828521729e-01 -1.103550344705581665e-01 6.499999761581420898e-02
4.381258785724639893e-01 -1.097454428672790527e-01 6.499999761581420898e-02
4.381360411643981934e-01 -1.091358512639999390e-01 6.499999761581420898e-02
4.381461739540100098e-01 -1.085262149572372437e-01 6.499999761581420898e-02
4.381563365459442139e-01 -1.079166233539581299e-01 6.499999761581420898e-02
4.381664693355560303e-01 -1.073070317506790161e-01 6.499999761581420898e-02
4.381766021251678467e-01 -1.066974401473999023e-01 6.499999761581420898e-02
4.381867647171020508e-01 -1.060878485441207886e-01 6.499999761581420898e-02
4.381968975067138672e-01 -1.054782047867774963e-01 6.499999761581420898e-02
4.382070600986480713e-01 -1.048686131834983826e-01 6.499999761581420898e-02
4.382171928882598877e-01 -1.042590215802192688e-01 6.499999761581420898e-02
4.382273554801940918e-01 -1.036494299769401550e-01 6.499999761581420898e-02
4.382374882698059082e-01 -1.030398383736610413e-01 6.499999761581420898e-02
4.382476508617401123e-01 -1.024302020668983459e-01 6.499999761581420898e-02
4.382330179214477539e-01 -1.018403694033622742e-01 6.499999761581420898e-02
4.382131397724151611e-01 -1.012547090649604797e-01 6.499999761581420898e-02
4.381932616233825684e-01 -1.006690561771392822e-01 6.499999761581420898e-02
4.381733834743499756e-01 -1.000834032893180847e-01 6.499999761581420898e-02
4.381535351276397705e-01 -9.949770569801330566e-02 6.499999761581420898e-02
4.381336569786071777e-01 -9.891205281019210815e-02 6.499999761581420898e-02
4.381137788295745850e-01 -9.832639247179031372e-02 6.499999761581420898e-02
4.380939006805419922e-01 -9.774073958396911621e-02 6.499999761581420898e-02
4.380740523338317871e-01 -9.715508669614791870e-02 6.499999761581420898e-02
4.380541741847991943e-01 -9.656938910484313965e-02 6.499999761581420898e-02
4.380342960357666016e-01 -9.598373621702194214e-02 6.499999761581420898e-02
4.380144178867340088e-01 -9.539807587862014771e-02 6.499999761581420898e-02
4.379945397377014160e-01 -9.481242299079895020e-02 6.499999761581420898e-02
4.379746913909912109e-01 -9.422677010297775269e-02 6.499999761581420898e-02
4.379548132419586182e-01 -9.364107251167297363e-02 6.499999761581420898e-02
4.379349350929260254e-01 -9.305541962385177612e-02 6.499999761581420898e-02
4.379150569438934326e-01 -9.246976673603057861e-02 6.499999761581420898e-02
4.379042983055114746e-01 -9.188476949930191040e-02 6.499999761581420898e-02
4.379054903984069824e-01 -9.130065143108367920e-02 6.499999761581420898e-02
4.379066824913024902e-01 -9.071648865938186646e-02 6.499999761581420898e-02
4.379078745841979980e-01 -9.013237059116363525e-02 6.499999761581420898e-02
4.379090666770935059e-01 -8.954825252294540405e-02 6.499999761581420898e-02
4.379102587699890137e-01 -8.896413445472717285e-02 6.499999761581420898e-02
4.379114508628845215e-01 -8.838001638650894165e-02 6.499999761581420898e-02
4.379126429557800293e-01 -8.779585361480712891e-02 6.499999761581420898e-02
4.379138350486755371e-01 -8.721172809600830078e-02 6.499999761581420898e-02
4.379150271415710449e-01 -8.662761002779006958e-02 6.499999761581420898e-02
4.379162192344665527e-01 -8.604349195957183838e-02 6.499999761581420898e-02
4.379174113273620605e-01 -8.545937389135360718e-02 6.499999761581420898e-02
4.379186034202575684e-01 -8.487521111965179443e-02 6.499999761581420898e-02
4.379197955131530762e-01 -8.429109305143356323e-02 6.499999761581420898e-02
4.379209876060485840e-01 -8.370697498321533203e-02 6.499999761581420898e-02
4.379221796989440918e-01 -8.312284946441650391e-02 6.499999761581420898e-02
4.379233717918395996e-01 -8.253873139619827271e-02 6.499999761581420898e-02
4.379256367683410645e-01 -8.195514976978302002e-02 6.499999761581420898e-02
4.379392266273498535e-01 -8.137778192758560181e-02 6.499999761581420898e-02
4.379528164863586426e-01 -8.080041408538818359e-02 6.499999761581420898e-02
4.379664063453674316e-01 -8.022304624319076538e-02 6.499999761581420898e-02
4.379799962043762207e-01 -7.964567840099334717e-02 6.499999761581420898e-02
4.379935860633850098e-01 -7.906826585531234741e-02 6.499999761581420898e-02
4.380071759223937988e-01 -7.849089801311492920e-02 6.499999761581420898e-02
4.380207657814025879e-01 -7.791352272033691406e-02 6.499999761581420898e-02
4.380343556404113770e-01 -7.733615487813949585e-02 6.499999761581420898e-02
4.380479454994201660e-01 -7.675878703594207764e-02 6.499999761581420898e-02
4.380615353584289551e-01 -7.618137449026107788e-02 6.499999761581420898e-02
4.380751252174377441e-01 -7.560400664806365967e-02 6.499999761581420898e-02
4.380887150764465332e-01 -7.502663880586624146e-02 6.499999761581420898e-02
4.381023049354553223e-01 -7.444927096366882324e-02 6.499999761581420898e-02
4.381158947944641113e-01 -7.387190312147140503e-02 6.499999761581420898e-02
4.381294846534729004e-01 -7.329449057579040527e-02 6.499999761581420898e-02
4.381430745124816895e-01 -7.271712273359298706e-02 6.499999761581420898e-02
4.381566941738128662e-01 -7.213986665010452271e-02 6.499999761581420898e-02
4.381731152534484863e-01 -7.157018035650253296e-02 6.499999761581420898e-02
4.381895065307617188e-01 -7.100048661231994629e-02 6.499999761581420898e-02
4.382059276103973389e-01 -7.043075561523437500e-02 6.499999761581420898e-02
4.382223486900329590e-01 -6.986106932163238525e-02 6.499999761581420898e-02
4.382387399673461914e-01 -6.929137557744979858e-02 6.499999761581420898e-02
4.382551610469818115e-01 -6.872168928384780884e-02 6.499999761581420898e-02
4.382715523242950439e-01 -6.815199553966522217e-02 6.499999761581420898e-02
4.382879734039306641e-01 -6.758226454257965088e-02 6.499999761581420898e-02
4.383043944835662842e-01 -6.701257824897766113e-02 6.499999761581420898e-02
4.383207857608795166e-01 -6.644288450479507446e-02 6.499999761581420898e-02
4.383372068405151367e-01 -6.587319821119308472e-02 6.499999761581420898e-02
4.383535981178283691e-01 -6.530351191759109497e-02 6.499999761581420898e-02
4.383700191974639893e-01 -6.473377346992492676e-02 6.499999761581420898e-02
4.383864402770996094e-01 -6.416408717632293701e-02 6.499999761581420898e-02
4.384028315544128418e-01 -6.359440088272094727e-02 6.499999761581420898e-02
4.384192526340484619e-01 -6.302470713853836060e-02 6.499999761581420898e-02
4.384770393371582031e-01 -6.245746836066246033e-02 6.499999761581420898e-02
4.386469423770904541e-01 -6.189681217074394226e-02 6.499999761581420898e-02
4.388168454170227051e-01 -6.133620068430900574e-02 6.499999761581420898e-02
4.389867186546325684e-01 -6.077558919787406921e-02 6.499999761581420898e-02
4.391566216945648193e-01 -6.021497771143913269e-02 6.499999761581420898e-02
4.393264949321746826e-01 -5.965436622500419617e-02 6.499999761581420898e-02
4.394963979721069336e-01 -5.909371003508567810e-02 6.499999761581420898e-02
4.396662712097167969e-01 -5.853309854865074158e-02 6.499999761581420898e-02
4.398361742496490479e-01 -5.797248706221580505e-02 6.499999761581420898e-02
4.400060474872589111e-01 -5.741187557578086853e-02 6.499999761581420898e-02
4.401759505271911621e-01 -5.685126408934593201e-02 6.499999761581420898e-02
4.403458535671234131e-01 -5.629061162471771240e-02 6.499999761581420898e-02
4.405157268047332764e-01 -5.573000013828277588e-02 6.499999761581420898e-02
4.406856298446655273e-01 -5.516938865184783936e-02 6.499999761581420898e-02
4.408555030822753906e-01 -5.460877716541290283e-02 6.499999761581420898e-02
4.410254061222076416e-01 -5.404816567897796631e-02 6.499999761581420898e-02
4.411952793598175049e-01 -5.348750948905944824e-02 6.499999761581420898e-02
4.413651823997497559e-01 -5.292689800262451172e-02 6.499999761581420898e-02
4.415501952171325684e-01 -5.237403512001037598e-02 6.499999761581420898e-02
4.417757689952850342e-01 -5.184194818139076233e-02 6.499999761581420898e-02
4.420013427734375000e-01 -5.130986124277114868e-02 6.499999761581420898e-02
4.422269463539123535e-01 -5.077773705124855042e-02 6.499999761581420898e-02
4.424525201320648193e-01 -5.024565011262893677e-02 6.499999761581420898e-02
4.426781237125396729e-01 -4.971356689929962158e-02 6.499999761581420898e-02
4.429036974906921387e-01 -4.918147996068000793e-02 6.499999761581420898e-02
4.431292712688446045e-01 -4.864939674735069275e-02 6.499999761581420898e-02
4.433548748493194580e-01 -4.811726883053779602e-02 6.499999761581420898e-02
4.435804486274719238e-01 -4.758518561720848083e-02 6.499999761581420898e-02
4.438060224056243896e-01 -4.705309867858886719e-02 6.499999761581420898e-02
4.440316259860992432e-01 -4.652101546525955200e-02 6.499999761581420898e-02
4.442571997642517090e-01 -4.598892852663993835e-02 6.499999761581420898e-02
4.444828033447265625e-01 -4.545680433511734009e-02 6.499999761581420898e-02
4.447083771228790283e-01 -4.492471739649772644e-02 6.499999761581420898e-02
4.449339509010314941e-01 -4.439263045787811279e-02 6.499999761581420898e-02
4.451595246791839600e-01 -4.386054724454879761e-02 6.499999761581420898e-02
4.453851282596588135e-01 -4.332846030592918396e-02 6.499999761581420898e-02
4.456185996532440186e-01 -4.280347004532814026e-02 6.499999761581420898e-02
4.458565115928649902e-01 -4.228252917528152466e-02 6.499999761581420898e-02
4.460944533348083496e-01 -4.176158830523490906e-02 6.499999761581420898e-02
4.463323652744293213e-01 -4.124065116047859192e-02 6.499999761581420898e-02
4.465702772140502930e-01 -4.071971029043197632e-02 6.499999761581420898e-02
4.468081891536712646e-01 -4.019872844219207764e-02 6.499999761581420898e-02
4.470461010932922363e-01 -3.967778757214546204e-02 6.499999761581420898e-02
4.472840428352355957e-01 -3.915684670209884644e-02 6.499999761581420898e-02
4.475219547748565674e-01 -3.863590955734252930e-02 6.499999761581420898e-02
4.477598667144775391e-01 -3.811496868729591370e-02 6.499999761581420898e-02
4.479977786540985107e-01 -3.759398683905601501e-02 6.499999761581420898e-02
4.482356905937194824e-01 -3.707304596900939941e-02 6.499999761581420898e-02
4.484736323356628418e-01 -3.655210509896278381e-02 6.499999761581420898e-02
4.487115442752838135e-01 -3.603116422891616821e-02 6.499999761581420898e-02
4.489494562149047852e-01 -3.551022708415985107e-02 6.499999761581420898e-02
4.491873681545257568e-01 -3.498924523591995239e-02 6.499999761581420898e-02
4.494253098964691162e-01 -3.446830436587333679e-02 6.499999761581420898e-02
4.497039318084716797e-01 -3.398820385336875916e-02 6.499999761581420898e-02
4.501914680004119873e-01 -3.371755778789520264e-02 6.499999761581420898e-02
4.506790041923522949e-01 -3.344691172242164612e-02 6.499999761581420898e-02
4.511665701866149902e-01 -3.317624330520629883e-02 6.499999761581420898e-02
4.516541063785552979e-01 -3.290559351444244385e-02 6.499999761581420898e-02
4.521416425704956055e-01 -3.263494744896888733e-02 6.499999761581420898e-02
4.526291489601135254e-01 -3.236430138349533081e-02 6.499999761581420898e-02
4.531166851520538330e-01 -3.209365159273147583e-02 6.499999761581420898e-02
4.536042511463165283e-01 -3.182298317551612854e-02 6.499999761581420898e-02
4.540917873382568359e-01 -3.155233711004257202e-02 6.499999761581420898e-02
4.545793235301971436e-01 -3.128168731927871704e-02 6.499999761581420898e-02
4.550668597221374512e-01 -3.101104125380516052e-02 6.499999761581420898e-02
4.555543661117553711e-01 -3.074039332568645477e-02 6.499999761581420898e-02
4.560419321060180664e-01 -3.046972677111625671e-02 6.499999761581420898e-02
4.565294682979583740e-01 -3.019907884299755096e-02 6.499999761581420898e-02
4.570170044898986816e-01 -2.992843091487884521e-02 6.499999761581420898e-02
4.575045406818389893e-01 -2.965778298676013947e-02 6.499999761581420898e-02
4.580097198486328125e-01 -2.939928323030471802e-02 6.499999761581420898e-02
4.585193097591400146e-01 -2.914374507963657379e-02 6.499999761581420898e-02
4.590288400650024414e-01 -2.888822555541992188e-02 6.499999761581420898e-02
4.595383405685424805e-01 -2.863270789384841919e-02 6.499999761581420898e-02
4.600478708744049072e-01 -2.837718836963176727e-02 6.499999761581420898e-02
4.605574011802673340e-01 -2.812166884541511536e-02 6.499999761581420898e-02
4.610669910907745361e-01 -2.786613069474697113e-02 6.499999761581420898e-02
4.615764915943145752e-01 -2.761061117053031921e-02 6.499999761581420898e-02
4.620860219001770020e-01 -2.735509164631366730e-02 6.499999761581420898e-02
4.625955522060394287e-01 -2.709957398474216461e-02 6.499999761581420898e-02
4.631050825119018555e-01 -2.684405446052551270e-02 6.499999761581420898e-02
4.636146426200866699e-01 -2.658851630985736847e-02 6.499999761581420898e-02
4.641241729259490967e-01 -2.633299678564071655e-02 6.499999761581420898e-02
4.646337032318115234e-01 -2.607747726142406464e-02 6.499999761581420898e-02
4.651432335376739502e-01 -2.582195959985256195e-02 6.499999761581420898e-02
4.656527638435363770e-01 -2.556644007563591003e-02 6.499999761581420898e-02
4.661623239517211914e-01 -2.531090192496776581e-02 6.499999761581420898e-02
4.666881561279296875e-01 -2.506537549197673798e-02 6.499999761581420898e-02
4.672166407108306885e-01 -2.482148073613643646e-02 6.499999761581420898e-02
4.677451252937316895e-01 -2.457758784294128418e-02 6.499999761581420898e-02
4.682736098766326904e-01 -2.433369494974613190e-02 6.499999761581420898e-02
4.688021242618560791e-01 -2.408978156745433807e-02 6.499999761581420898e-02
4.693306088447570801e-01 -2.384588867425918579e-02 6.499999761581420898e-02
4.698590934276580811e-01 -2.360199391841888428e-02 6.499999761581420898e-02
4.703875780105590820e-01 -2.335810102522373199e-02 6.499999761581420898e-02
4.709160625934600830e-01 -2.311420813202857971e-02 6.499999761581420898e-02
4.714445769786834717e-01 -2.287029474973678589e-02 6.499999761581420898e-02
4.719730615615844727e-01 -2.262640185654163361e-02 6.499999761581420898e-02
4.725015461444854736e-01 -2.238250896334648132e-02 6.499999761581420898e-02
4.730300307273864746e-01 -2.213861420750617981e-02 6.499999761581420898e-02
4.735585153102874756e-01 -2.189472131431102753e-02 6.499999761581420898e-02
4.740870594978332520e-01 -2.165080979466438293e-02 6.499999761581420898e-02
4.746155142784118652e-01 -2.140691503882408142e-02 6.499999761581420898e-02
4.751439988613128662e-01 -2.116302214562892914e-02 6.499999761581420898e-02
4.756789207458496094e-01 -2.092475257813930511e-02 6.499999761581420898e-02
4.762259423732757568e-01 -2.069712616503238678e-02 6.499999761581420898e-02
4.767730534076690674e-01 -2.046948485076427460e-02 6.499999761581420898e-02
4.773200750350952148e-01 -2.024186030030250549e-02 6.499999761581420898e-02
4.778671264648437500e-01 -2.001423388719558716e-02 6.499999761581420898e-02
4.784141778945922852e-01 -1.978660933673381805e-02 6.499999761581420898e-02
4.789612293243408203e-01 -1.955898478627204895e-02 6.499999761581420898e-02
4.795083105564117432e-01 -1.933134160935878754e-02 6.499999761581420898e-02
4.800553321838378906e-01 -1.910371705889701843e-02 6.499999761581420898e-02
4.806023836135864258e-01 -1.887609250843524933e-02 6.499999761581420898e-02
4.811494350433349609e-01 -1.864846609532833099e-02 6.499999761581420898e-02
4.816964864730834961e-01 -1.842084154486656189e-02 6.499999761581420898e-02
4.822435677051544189e-01 -1.819319836795330048e-02 6.499999761581420898e-02
4.827905893325805664e-01 -1.796557381749153137e-02 6.499999761581420898e-02
4.833376407623291016e-01 -1.773794926702976227e-02 6.499999761581420898e-02
4.838846921920776367e-01 -1.751032471656799316e-02 6.499999761581420898e-02
4.844317436218261719e-01 -1.728269830346107483e-02 6.499999761581420898e-02
4.849788248538970947e-01 -1.705505698919296265e-02 6.499999761581420898e-02
4.855314493179321289e-01 -1.683410629630088806e-02 6.499999761581420898e-02
4.860953390598297119e-01 -1.662658713757991791e-02 6.499999761581420898e-02
4.866591989994049072e-01 -1.641906984150409698e-02 6.499999761581420898e-02
4.872230887413024902e-01 -1.621155068278312683e-02 6.499999761581420898e-02
4.877870082855224609e-01 -1.600401662290096283e-02 6.499999761581420898e-02
4.883508980274200439e-01 -1.579649746417999268e-02 6.499999761581420898e-02
4.889147579669952393e-01 -1.558897923678159714e-02 6.499999761581420898e-02
4.894786477088928223e-01 -1.538146100938320160e-02 6.499999761581420898e-02
4.900425076484680176e-01 -1.517394278198480606e-02 6.499999761581420898e-02
4.906064271926879883e-01 -1.496640779078006744e-02 6.499999761581420898e-02
4.911703169345855713e-01 -1.475888956338167191e-02 6.499999761581420898e-02
4.917342066764831543e-01 -1.455137133598327637e-02 6.499999761581420898e-02
4.922980666160583496e-01 -1.434385217726230621e-02 6.499999761581420898e-02
4.928619563579559326e-01 -1.413633394986391068e-02 6.499999761581420898e-02
4.934258759021759033e-01 -1.392879988998174667e-02 6.499999761581420898e-02
4.939897358417510986e-01 -1.372128166258335114e-02 6.499999761581420898e-02
4.945536255836486816e-01 -1.351376250386238098e-02 6.499999761581420898e-02
4.951175153255462646e-01 -1.330624427646398544e-02 6.499999761581420898e-02
4.956813752651214600e-01 -1.309872604906558990e-02 6.499999761581420898e-02
4.962580800056457520e-01 -1.291206479072570801e-02 6.499999761581420898e-02
4.968359470367431641e-01 -1.272737514227628708e-02 6.499999761581420898e-02
4.974138140678405762e-01 -1.254268456250429153e-02 6.499999761581420898e-02
4.979916810989379883e-01 -1.235799491405487061e-02 6.499999761581420898e-02
4.985695481300354004e-01 -1.217330433428287506e-02 6.499999761581420898e-02
4.991474747657775879e-01 -1.198860071599483490e-02 6.499999761581420898e-02
4.997253417968750000e-01 -1.180391013622283936e-02 6.499999761581420898e-02
5.003032088279724121e-01 -1.161922048777341843e-02 6.499999761581420898e-02
5.008810758590698242e-01 -1.143453083932399750e-02 6.499999761581420898e-02
5.014589428901672363e-01 -1.124984025955200195e-02 6.499999761581420898e-02
5.020368695259094238e-01 -1.106513664126396179e-02 6.499999761581420898e-02
5.026147365570068359e-01 -1.088044606149196625e-02 6.499999761581420898e-02
5.031926035881042480e-01 -1.069575641304254532e-02 6.499999761581420898e-02
5.037704706192016602e-01 -1.051106583327054977e-02 6.499999761581420898e-02
5.043483376502990723e-01 -1.032637618482112885e-02 6.499999761581420898e-02
5.049262046813964844e-01 -1.014167256653308868e-02 6.499999761581420898e-02
5.055040717124938965e-01 -9.956981986761093140e-03 6.499999761581420898e-02
5.060819387435913086e-01 -9.772291406989097595e-03 6.499999761581420898e-02
5.066620111465454102e-01 -9.592853486537933350e-03 6.499999761581420898e-02
5.072503089904785156e-01 -9.432983584702014923e-03 6.499999761581420898e-02
5.078386068344116211e-01 -9.273101575672626495e-03 6.499999761581420898e-02
5.084269046783447266e-01 -9.113231673836708069e-03 6.499999761581420898e-02
5.090152025222778320e-01 -8.953361772000789642e-03 6.499999761581420898e-02
5.096035003662109375e-01 -8.793491870164871216e-03 6.499999761581420898e-02
5.101917386054992676e-01 -8.633622899651527405e-03 6.499999761581420898e-02
5.107800960540771484e-01 -8.473740890622138977e-03 6.499999761581420898e-02
5.113683938980102539e-01 -8.313870988786220551e-03 6.499999761581420898e-02
5.119566321372985840e-01 -8.154001086950302124e-03 6.499999761581420898e-02
5.125449299812316895e-01 -7.994131185114383698e-03 6.499999761581420898e-02
5.131332278251647949e-01 -7.834261283278465271e-03 6.499999761581420898e-02
5.137215256690979004e-01 -7.674379739910364151e-03 6.499999761581420898e-02
5.143098235130310059e-01 -7.514509372413158417e-03 6.499999761581420898e-02
5.148981213569641113e-01 -7.354639936238527298e-03 6.499999761581420898e-02
5.154864192008972168e-01 -7.194770034402608871e-03 6.499999761581420898e-02
5.160746574401855469e-01 -7.034900598227977753e-03 6.499999761581420898e-02
5.166630148887634277e-01 -6.875018589198589325e-03 6.499999761581420898e-02
5.172513127326965332e-01 -6.715148687362670898e-03 6.499999761581420898e-02
5.178413391113281250e-01 -6.561608985066413879e-03 6.499999761581420898e-02
5.184344649314880371e-01 -6.419310346245765686e-03 6.499999761581420898e-02
5.190275907516479492e-01 -6.277012173086404800e-03 6.499999761581420898e-02
5.196207761764526367e-01 -6.134703289717435837e-03 6.499999761581420898e-02
5.202139019966125488e-01 -5.992404650896787643e-03 6.499999761581420898e-02
5.208070278167724609e-01 -5.850106477737426758e-03 6.499999761581420898e-02
5.214001536369323730e-01 -5.707808304578065872e-03 6.499999761581420898e-02
5.219932794570922852e-01 -5.565510131418704987e-03 6.499999761581420898e-02
5.225864648818969727e-01 -5.423200782388448715e-03 6.499999761581420898e-02
5.231795907020568848e-01 -5.280902609229087830e-03 6.499999761581420898e-02
5.237727165222167969e-01 -5.138603970408439636e-03 6.499999761581420898e-02
5.243658423423767090e-01 -4.996305797249078751e-03 6.499999761581420898e-02
5.249589681625366211e-01 -4.854007624089717865e-03 6.499999761581420898e-02
5.255521535873413086e-01 -4.711698275059461594e-03 6.499999761581420898e-02
5.261452794075012207e-01 -4.569400101900100708e-03 6.499999761581420898e-02
5.267384052276611328e-01 -4.427101463079452515e-03 6.499999761581420898e-02
5.273315906524658203e-01 -4.284803755581378937e-03 6.499999761581420898e-02
5.279247164726257324e-01 -4.142505116760730743e-03 6.499999761581420898e-02
5.285178422927856445e-01 -4.000196233391761780e-03 6.499999761581420898e-02
5.291126966476440430e-01 -3.867038059979677200e-03 6.499999761581420898e-02
5.297092199325561523e-01 -3.743468783795833588e-03 6.499999761581420898e-02
5.303058028221130371e-01 -3.619899507611989975e-03 6.499999761581420898e-02
5.309023857116699219e-01 -3.496330231428146362e-03 6.499999761581420898e-02
5.314990282058715820e-01 -3.372751642018556595e-03 6.499999761581420898e-02
5.320955514907836914e-01 -3.249182365834712982e-03 6.499999761581420898e-02
5.326921343803405762e-01 -3.125613089650869370e-03 6.499999761581420898e-02
5.332887172698974609e-01 -3.002043813467025757e-03 6.499999761581420898e-02
5.338853001594543457e-01 -2.878474537283182144e-03 6.499999761581420898e-02
5.344818830490112305e-01 -2.754895947873592377e-03 6.499999761581420898e-02
5.350784659385681152e-01 -2.631326671689748764e-03 6.499999761581420898e-02
5.356750488281250000e-01 -2.507757395505905151e-03 6.499999761581420898e-02
5.362716317176818848e-01 -2.384188119322061539e-03 6.499999761581420898e-02
5.368682146072387695e-01 -2.260618843138217926e-03 6.499999761581420898e-02
5.374647974967956543e-01 -2.137040020897984505e-03 6.499999761581420898e-02
5.380613803863525391e-01 -2.013470511883497238e-03 6.499999761581420898e-02
5.386579632759094238e-01 -1.889901468530297279e-03 6.499999761581420898e-02
5.392545461654663086e-01 -1.766332192346453667e-03 6.499999761581420898e-02
5.398510694503784180e-01 -1.642762916162610054e-03 6.499999761581420898e-02
5.403358936309814453e-01 -1.554669579491019249e-03 6.499999761581420898e-02
5.407560467720031738e-01 -1.487076049670577049e-03 6.499999761581420898e-02
5.411762595176696777e-01 -1.419482519850134850e-03 6.499999761581420898e-02
5.415964126586914062e-01 -1.351889106445014477e-03 6.499999761581420898e-02
5.420165657997131348e-01 -1.284295576624572277e-03 6.499999761581420898e-02
5.424367785453796387e-01 -1.216696924529969692e-03 6.499999761581420898e-02
5.428569912910461426e-01 -1.149103394709527493e-03 6.499999761581420898e-02
5.432771444320678711e-01 -1.081509981304407120e-03 6.499999761581420898e-02
5.436972975730895996e-01 -1.013916451483964920e-03 6.499999761581420898e-02
5.441175103187561035e-01 -9.463229216635227203e-04 6.499999761581420898e-02
5.445376634597778320e-01 -8.787242113612592220e-04 6.499999761581420898e-02
5.449578762054443359e-01 -8.111307397484779358e-04 6.499999761581420898e-02
5.453780293464660645e-01 -7.435371517203748226e-04 6.499999761581420898e-02
5.457982420921325684e-01 -6.759437383152544498e-04 6.499999761581420898e-02
5.462183952331542969e-01 -6.083501502871513367e-04 6.499999761581420898e-02
5.466386079788208008e-01 -5.407514981925487518e-04 6.499999761581420898e-02
5.470587611198425293e-01 -4.731580847874283791e-04 6.499999761581420898e-02
5.474789738655090332e-01 -4.055645549669861794e-04 6.499999761581420898e-02
5.478991270065307617e-01 -3.379710251465439796e-04 6.499999761581420898e-02
5.483192801475524902e-01 -2.703774953261017799e-04 6.499999761581420898e-02
5.487394928932189941e-01 -2.027788432314991951e-04 6.499999761581420898e-02
5.491596460342407227e-01 -1.351854298263788223e-04 6.499999761581420898e-02
5.500000119209289551e-01 0.000000000000000000e+00 6.499999761581420898e-02
