3.780464529991149902e-01 -4.511298239231109619e-01 6.499999761581420898e-02
3.784424960613250732e-01 -4.510164260864257812e-01 6.499999761581420898e-02
3.788385391235351562e-01 -4.509030282497406006e-01 6.499999761581420898e-02
3.792346119880676270e-01 -4.507896304130554199e-01 6.499999761581420898e-02
3.796306550502777100e-01 -4.506762325763702393e-01 6.499999761581420898e-02
3.800266981124877930e-01 -4.505628347396850586e-01 6.499999761581420898e-02
3.804227411746978760e-01 -4.504494369029998779e-01 6.499999761581420898e-02
3.808187842369079590e-01 -4.503360390663146973e-01 6.499999761581420898e-02
3.812148571014404297e-01 -4.502226412296295166e-01 6.499999761581420898e-02
3.816109001636505127e-01 -4.501092433929443359e-01 6.499999761581420898e-02
3.820069432258605957e-01 -4.499958455562591553e-01 6.499999761581420898e-02
3.824029862880706787e-01 -4.498824477195739746e-01 6.499999761581420898e-02
3.827990293502807617e-01 -4.497690498828887939e-01 6.499999761581420898e-02
3.831951022148132324e-01 -4.496556520462036133e-01 6.499999761581420898e-02
3.835911452770233154e-01 -4.495422542095184326e-01 6.499999761581420898e-02
3.839871883392333984e-01 -4.494288563728332520e-01 6.499999761581420898e-02
3.843832314014434814e-01 -4.493154585361480713e-01 6.499999761581420898e-02
3.847792744636535645e-01 -4.492020606994628906e-01 6.499999761581420898e-02
3.851753473281860352e-01 -4.490886628627777100e-01 6.499999761581420898e-02
3.855713903903961182e-01 -4.489752650260925293e-01 6.499999761581420898e-02
3.859674334526062012e-01 -4.488618671894073486e-01 6.499999761581420898e-02
3.863634765148162842e-01 -4.487484693527221680e-01 6.499999761581420898e-02
3.867595493793487549e-01 -4.486350715160369873e-01 6.499999761581420898e-02
3.871555924415588379e-01 -4.485216736793518066e-01 6.499999761581420898e-02
3.877068161964416504e-01 -4.483494460582733154e-01 6.499999761581420898e-02
3.883098065853118896e-01 -4.481575787067413330e-01 6.499999761581420898e-02
3.889128267765045166e-01 -4.479657113552093506e-01 6.499999761581420898e-02
3.895158171653747559e-01 -4.477738738059997559e-01 6.499999761581420898e-02
3.901188075542449951e-01 -4.475820064544677734e-01 6.499999761581420898e-02
3.907217979431152344e-01 -4.473901391029357910e-01 6.499999761581420898e-02
3.913248181343078613e-01 -4.471982717514038086e-01 6.499999761581420898e-02
3.919278085231781006e-01 -4.470064342021942139e-01 6.499999761581420898e-02
3.925307989120483398e-01 -4.468145668506622314e-01 6.499999761581420898e-02
3.931338191032409668e-01 -4.466226994991302490e-01 6.499999761581420898e-02
3.937368094921112061e-01 -4.464308619499206543e-01 6.499999761581420898e-02
3.943397998809814453e-01 -4.462389945983886719e-01 6.499999761581420898e-02
3.949427902698516846e-01 -4.460471272468566895e-01 6.499999761581420898e-02
3.955458104610443115e-01 -4.458552598953247070e-01 6.499999761581420898e-02
3.961488008499145508e-01 -4.456634223461151123e-01 6.499999761581420898e-02
3.967517912387847900e-01 -4.454715549945831299e-01 6.499999761581420898e-02
3.973548114299774170e-01 -4.452796876430511475e-01 6.499999761581420898e-02
3.979578018188476562e-01 -4.450878500938415527e-01 6.499999761581420898e-02
3.985607922077178955e-01 -4.448959827423095703e-01 6.499999761581420898e-02
3.991638123989105225e-01 -4.447041153907775879e-01 6.499999761581420898e-02
3.997668027877807617e-01 -4.445122480392456055e-01 6.499999761581420898e-02
4.003024697303771973e-01 -4.442996382713317871e-01 6.499999761581420898e-02
4.008329510688781738e-01 -4.440853893756866455e-01 6.499999761581420898e-02
4.013634324073791504e-01 -4.438711702823638916e-01 6.499999761581420898e-02
4.018939137458801270e-01 -4.436569213867187500e-01 6.499999761581420898e-02
4.024243950843811035e-01 -4.434427022933959961e-01 6.499999761581420898e-02
4.029548466205596924e-01 -4.432284832000732422e-01 6.499999761581420898e-02
4.034853279590606689e-01 -4.430142343044281006e-01 6.499999761581420898e-02
4.040158092975616455e-01 -4.428000152111053467e-01 6.499999761581420898e-02
4.045462906360626221e-01 -4.425857663154602051e-01 6.499999761581420898e-02
4.050767719745635986e-01 -4.423715472221374512e-01 6.499999761581420898e-02
4.056072235107421875e-01 -4.421572983264923096e-01 6.499999761581420898e-02
4.061377048492431641e-01 -4.419430792331695557e-01 6.499999761581420898e-02
4.066681861877441406e-01 -4.417288303375244141e-01 6.499999761581420898e-02
4.071986675262451172e-01 -4.415146112442016602e-01 6.499999761581420898e-02
4.077291488647460938e-01 -4.413003921508789062e-01 6.499999761581420898e-02
4.082596004009246826e-01 -4.410861432552337646e-01 6.499999761581420898e-02
4.087900817394256592e-01 -4.408719241619110107e-01 6.499999761581420898e-02
4.093320965766906738e-01 -4.406396448612213135e-01 6.499999761581420898e-02
4.098832011222839355e-01 -4.403932094573974609e-01 6.499999761581420898e-02
4.104342758655548096e-01 -4.401467740535736084e-01 6.499999761581420898e-02
4.109853506088256836e-01 -4.399003386497497559e-01 6.499999761581420898e-02
4.115364253520965576e-01 -4.396539032459259033e-01 6.499999761581420898e-02
4.120875000953674316e-01 -4.394074976444244385e-01 6.499999761581420898e-02
4.126386046409606934e-01 -4.391610622406005859e-01 6.499999761581420898e-02
4.131896793842315674e-01 -4.389146268367767334e-01 6.499999761581420898e-02
4.137407541275024414e-01 -4.386681914329528809e-01 6.499999761581420898e-02
4.142918288707733154e-01 -4.384217560291290283e-01 6.499999761581420898e-02
4.148429036140441895e-01 -4.381753504276275635e-01 6.499999761581420898e-02
4.153940081596374512e-01 -4.379289150238037109e-01 6.499999761581420898e-02
4.159450829029083252e-01 -4.376824796199798584e-01 6.499999761581420898e-02
4.164961576461791992e-01 -4.374360442161560059e-01 6.499999761581420898e-02
4.170472323894500732e-01 -4.371896088123321533e-01 6.499999761581420898e-02
4.175983071327209473e-01 -4.369432032108306885e-01 6.499999761581420898e-02
4.181494116783142090e-01 -4.366967678070068359e-01 6.499999761581420898e-02
4.187004864215850830e-01 -4.364503324031829834e-01 6.499999761581420898e-02
4.192515611648559570e-01 -4.362038969993591309e-01 6.499999761581420898e-02
4.197902381420135498e-01 -4.359378218650817871e-01 6.499999761581420898e-02
4.203252792358398438e-01 -4.356659948825836182e-01 6.499999761581420898e-02
4.208603203296661377e-01 -4.353941679000854492e-01 6.499999761581420898e-02
4.213953614234924316e-01 -4.351223409175872803e-01 6.499999761581420898e-02
4.219304025173187256e-01 -4.348505437374114990e-01 6.499999761581420898e-02
4.224654436111450195e-01 -4.345787167549133301e-01 6.499999761581420898e-02
4.230004847049713135e-01 -4.343068897724151611e-01 6.499999761581420898e-02
4.235355257987976074e-01 -4.340350627899169922e-01 6.499999761581420898e-02
4.240705668926239014e-01 -4.337632358074188232e-01 6.499999761581420898e-02
4.246056079864501953e-01 -4.334914088249206543e-01 6.499999761581420898e-02
4.251406490802764893e-01 -4.332195818424224854e-01 6.499999761581420898e-02
4.256756901741027832e-01 -4.329477846622467041e-01 6.499999761581420898e-02
4.262107312679290771e-01 -4.326759576797485352e-01 6.499999761581420898e-02
4.267457723617553711e-01 -4.324041306972503662e-01 6.499999761581420898e-02
4.272808134555816650e-01 -4.321323037147521973e-01 6.499999761581420898e-02
4.278158545494079590e-01 -4.318604767322540283e-01 6.499999761581420898e-02
4.283508956432342529e-01 -4.315886497497558594e-01 6.499999761581420898e-02
4.288859367370605469e-01 -4.313168227672576904e-01 6.499999761581420898e-02
4.294172227382659912e-01 -4.310402572154998779e-01 6.499999761581420898e-02
4.299340248107910156e-01 -4.307453334331512451e-01 6.499999761581420898e-02
4.304508268833160400e-01 -4.304503798484802246e-01 6.499999761581420898e-02
4.309676289558410645e-01 -4.301554560661315918e-01 6.499999761581420898e-02
4.314844012260437012e-01 -4.298605322837829590e-01 6.499999761581420898e-02
4.320012032985687256e-01 -4.295655786991119385e-01 6.499999761581420898e-02
4.325180053710937500e-01 -4.292706549167633057e-01 6.499999761581420898e-02
4.330348074436187744e-01 -4.289757013320922852e-01 6.499999761581420898e-02
4.335516095161437988e-01 -4.286807775497436523e-01 6.499999761581420898e-02
4.340684115886688232e-01 -4.283858239650726318e-01 6.499999761581420898e-02
4.345852136611938477e-01 -4.280909001827239990e-01 6.499999761581420898e-02
4.351019859313964844e-01 -4.277959764003753662e-01 6.499999761581420898e-02
4.356187880039215088e-01 -4.275010228157043457e-01 6.499999761581420898e-02
4.361355900764465332e-01 -4.272060990333557129e-01 6.499999761581420898e-02
4.366523921489715576e-01 -4.269111454486846924e-01 6.499999761581420898e-02
4.371691942214965820e-01 -4.266162216663360596e-01 6.499999761581420898e-02
4.376859962940216064e-01 -4.263212680816650391e-01 6.499999761581420898e-02
4.382027983665466309e-01 -4.260263442993164062e-01 6.499999761581420898e-02
4.387195706367492676e-01 -4.257313907146453857e-01 6.499999761581420898e-02
4.392182230949401855e-01 -4.254181981086730957e-01 6.499999761581420898e-02
4.397148787975311279e-01 -4.251029491424560547e-01 6.499999761581420898e-02
4.402115345001220703e-01 -4.247877299785614014e-01 6.499999761581420898e-02
4.407081902027130127e-01 -4.244725108146667480e-01 6.499999761581420898e-02
4.412048161029815674e-01 -4.241572618484497070e-01 6.499999761581420898e-02
4.417014718055725098e-01 -4.238420426845550537e-01 6.499999761581420898e-02
4.421981275081634521e-01 -4.235268235206604004e-01 6.499999761581420898e-02
4.426947832107543945e-01 -4.232115745544433594e-01 6.499999761581420898e-02
4.431914389133453369e-01 -4.228963553905487061e-01 6.499999761581420898e-02
4.436880648136138916e-01 -4.225811362266540527e-01 6.499999761581420898e-02
4.441847205162048340e-01 -4.222658872604370117e-01 6.499999761581420898e-02
4.446813762187957764e-01 -4.219506680965423584e-01 6.499999761581420898e-02
4.451780319213867188e-01 -4.216354489326477051e-01 6.499999761581420898e-02
4.456746876239776611e-01 -4.213201999664306641e-01 6.499999761581420898e-02
4.461713135242462158e-01 -4.210049808025360107e-01 6.499999761581420898e-02
4.466679692268371582e-01 -4.206897616386413574e-01 6.499999761581420898e-02
4.471646249294281006e-01 -4.203745126724243164e-01 6.499999761581420898e-02
4.476612806320190430e-01 -4.200592935085296631e-01 6.499999761581420898e-02
4.481380879878997803e-01 -4.197282791137695312e-01 6.499999761581420898e-02
4.486131668090820312e-01 -4.193958640098571777e-01 6.499999761581420898e-02
4.490882456302642822e-01 -4.190634787082672119e-01 6.499999761581420898e-02
4.495633542537689209e-01 -4.187310636043548584e-01 6.499999761581420898e-02
4.500384330749511719e-01 -4.183986783027648926e-01 6.499999761581420898e-02
4.505135118961334229e-01 -4.180662930011749268e-01 6.499999761581420898e-02
4.509885907173156738e-01 -4.177338778972625732e-01 6.499999761581420898e-02
4.514636695384979248e-01 -4.174014925956726074e-01 6.499999761581420898e-02
4.519387781620025635e-01 -4.170690476894378662e-01 6.499999761581420898e-02
4.527524411678314209e-01 -4.167124330997467041e-01 6.499999761581420898e-02
4.535661339759826660e-01 -4.163558185100555420e-01 6.499999761581420898e-02
4.543797969818115234e-01 -4.159992039203643799e-01 6.499999761581420898e-02
4.551934897899627686e-01 -4.156425893306732178e-01 6.499999761581420898e-02
4.560071527957916260e-01 -4.152860045433044434e-01 6.499999761581420898e-02
4.568208456039428711e-01 -4.149293899536132812e-01 6.499999761581420898e-02
4.576345086097717285e-01 -4.145727753639221191e-01 6.499999761581420898e-02
4.585008621215820312e-01 -4.141947031021118164e-01 6.499999761581420898e-02
4.598031640052795410e-01 -4.136390089988708496e-01 6.499999761581420898e-02
4.611054658889770508e-01 -4.130833446979522705e-01 6.499999761581420898e-02
4.624077677726745605e-01 -4.125276803970336914e-01 6.499999761581420898e-02
4.637100696563720703e-01 -4.119719862937927246e-01 6.499999761581420898e-02
4.650123715400695801e-01 -4.114163219928741455e-01 6.499999761581420898e-02
4.663146734237670898e-01 -4.108606278896331787e-01 6.499999761581420898e-02
4.676366150379180908e-01 -4.102839827537536621e-01 6.499999761581420898e-02
4.689621925354003906e-01 -4.097034335136413574e-01 6.499999761581420898e-02
4.702877700328826904e-01 -4.091228842735290527e-01 6.499999761581420898e-02
4.716133177280426025e-01 -4.085423350334167480e-01 6.499999761581420898e-02
4.729388952255249023e-01 -4.079617857933044434e-01 6.499999761581420898e-02
4.742644727230072021e-01 -4.073812365531921387e-01 6.499999761581420898e-02
4.756630361080169678e-01 -4.070175886154174805e-01 6.499999761581420898e-02
4.771539270877838135e-01 -4.069284796714782715e-01 6.499999761581420898e-02
4.786448180675506592e-01 -4.068393409252166748e-01 6.499999761581420898e-02
4.801357090473175049e-01 -4.067502319812774658e-01 6.499999761581420898e-02
4.816266000270843506e-01 -4.066610932350158691e-01 6.499999761581420898e-02
4.831174910068511963e-01 -4.065719842910766602e-01 6.499999761581420898e-02
4.846083819866180420e-01 -4.064828455448150635e-01 6.499999761581420898e-02
4.861034750938415527e-01 -4.064205288887023926e-01 6.499999761581420898e-02
4.876018762588500977e-01 -4.063793718814849854e-01 6.499999761581420898e-02
4.891002476215362549e-01 -4.063381850719451904e-01 6.499999761581420898e-02
4.905986487865447998e-01 -4.062970280647277832e-01 6.499999761581420898e-02
4.920970201492309570e-01 -4.062558710575103760e-01 6.499999761581420898e-02
4.935953915119171143e-01 -4.062147140502929688e-01 6.499999761581420898e-02
4.950937926769256592e-01 -4.061735570430755615e-01 6.499999761581420898e-02
4.965940713882446289e-01 -4.061651229858398438e-01 6.499999761581420898e-02
4.980953633785247803e-01 -4.061747789382934570e-01 6.499999761581420898e-02
4.995966851711273193e-01 -4.061844646930694580e-01 6.499999761581420898e-02
5.010979771614074707e-01 -4.061941206455230713e-01 6.499999761581420898e-02
5.025992989540100098e-01 -4.062038064002990723e-01 6.499999761581420898e-02
5.041006207466125488e-01 -4.062134921550750732e-01 6.499999761581420898e-02
5.056019425392150879e-01 -4.062231481075286865e-01 6.499999761581420898e-02
5.071026682853698730e-01 -4.062494039535522461e-01 6.499999761581420898e-02
5.086031556129455566e-01 -4.062823355197906494e-01 6.499999761581420898e-02
5.101036429405212402e-01 -4.063152670860290527e-01 6.499999761581420898e-02
5.116041302680969238e-01 -4.063481986522674561e-01 6.499999761581420898e-02
5.131046175956726074e-01 -4.063811004161834717e-01 6.499999761581420898e-02
5.146051049232482910e-01 -4.064140319824218750e-01 6.499999761581420898e-02
5.161055922508239746e-01 -4.064469635486602783e-01 6.499999761581420898e-02
5.176051855087280273e-01 -4.064823985099792480e-01 6.499999761581420898e-02
5.191045999526977539e-01 -4.065185189247131348e-01 6.499999761581420898e-02
5.206039547920227051e-01 -4.065546393394470215e-01 6.499999761581420898e-02
5.221033096313476562e-01 -4.065907597541809082e-01 6.499999761581420898e-02
5.236027240753173828e-01 -4.066268503665924072e-01 6.499999761581420898e-02
5.251020789146423340e-01 -4.066629707813262939e-01 6.499999761581420898e-02
5.266014337539672852e-01 -4.066990911960601807e-01 6.499999761581420898e-02
5.281788706779479980e-01 -4.067495763301849365e-01 6.499999761581420898e-02
5.297676920890808105e-01 -4.068021178245544434e-01 6.499999761581420898e-02
5.313564538955688477e-01 -4.068546891212463379e-01 6.499999761581420898e-02
5.329452753067016602e-01 -4.069072604179382324e-01 6.499999761581420898e-02
5.345340967178344727e-01 -4.069598317146301270e-01 6.499999761581420898e-02
5.361229181289672852e-01 -4.070124030113220215e-01 6.499999761581420898e-02
5.377116799354553223e-01 -4.070649743080139160e-01 6.499999761581420898e-02
5.392996668815612793e-01 -4.071103036403656006e-01 6.499999761581420898e-02
5.408801436424255371e-01 -4.070923626422882080e-01 6.499999761581420898e-02
5.424606204032897949e-01 -4.070744216442108154e-01 6.499999761581420898e-02
5.440411567687988281e-01 -4.070564806461334229e-01 6.499999761581420898e-02
5.456216335296630859e-01 -4.070385396480560303e-01 6.499999761581420898e-02
5.472021102905273438e-01 -4.070205986499786377e-01 6.499999761581420898e-02
5.487826466560363770e-01 -4.070026576519012451e-01 6.499999761581420898e-02
5.503631234169006348e-01 -4.069847166538238525e-01 6.499999761581420898e-02
5.519363284111022949e-01 -4.069374203681945801e-01 6.499999761581420898e-02
5.534985065460205078e-01 -4.068456590175628662e-01 6.499999761581420898e-02
5.550607442855834961e-01 -4.067539274692535400e-01 6.499999761581420898e-02
5.566229224205017090e-01 -4.066621959209442139e-01 6.499999761581420898e-02
5.581851005554199219e-01 -4.065704643726348877e-01 6.499999761581420898e-02
5.597473382949829102e-01 -4.064787030220031738e-01 6.499999761581420898e-02
5.613095164299011230e-01 -4.063869714736938477e-01 6.499999761581420898e-02
5.628716945648193359e-01 -4.062952399253845215e-01 6.499999761581420898e-02
5.644116401672363281e-01 -4.061494171619415283e-01 6.499999761581420898e-02
5.659461021423339844e-01 -4.059902131557464600e-01 6.499999761581420898e-02
5.674805045127868652e-01 -4.058309793472290039e-01 6.499999761581420898e-02
5.690149664878845215e-01 -4.056717455387115479e-01 6.499999761581420898e-02
5.705493688583374023e-01 -4.055125415325164795e-01 6.499999761581420898e-02
5.720838308334350586e-01 -4.053533077239990234e-01 6.499999761581420898e-02
5.736182332038879395e-01 -4.051940739154815674e-01 6.499999761581420898e-02
5.751430392265319824e-01 -4.050031900405883789e-01 6.499999761581420898e-02
5.766500830650329590e-01 -4.047540426254272461e-01 6.499999761581420898e-02
5.781571865081787109e-01 -4.045049250125885010e-01 6.499999761581420898e-02
5.796642303466796875e-01 -4.042557775974273682e-01 6.499999761581420898e-02
5.811712741851806641e-01 -4.040066301822662354e-01 6.499999761581420898e-02
5.826783776283264160e-01 -4.037574827671051025e-01 6.499999761581420898e-02
5.841854214668273926e-01 -4.035083353519439697e-01 6.499999761581420898e-02
5.856924653053283691e-01 -4.032591879367828369e-01 6.499999761581420898e-02
5.871585011482238770e-01 -4.029560387134552002e-01 6.499999761581420898e-02
5.886230468750000000e-01 -4.026509523391723633e-01 6.499999761581420898e-02
5.900875926017761230e-01 -4.023458361625671387e-01 6.499999761581420898e-02
5.915521383285522461e-01 -4.020407199859619141e-01 6.499999761581420898e-02
5.930166840553283691e-01 -4.017356038093566895e-01 6.499999761581420898e-02
5.944812297821044922e-01 -4.014305174350738525e-01 6.499999761581420898e-02
5.959457755088806152e-01 -4.011254012584686279e-01 6.499999761581420898e-02
5.973735451698303223e-01 -4.007852673530578613e-01 6.499999761581420898e-02
5.987894535064697266e-01 -4.004338979721069336e-01 6.499999761581420898e-02
6.002053618431091309e-01 -4.000824987888336182e-01 6.499999761581420898e-02
6.016212701797485352e-01 -3.997311294078826904e-01 6.499999761581420898e-02
6.030371785163879395e-01 -3.993797600269317627e-01 6.499999761581420898e-02
6.044530868530273438e-01 -3.990283608436584473e-01 6.499999761581420898e-02
6.058689951896667480e-01 -3.986769914627075195e-01 6.499999761581420898e-02
6.071981787681579590e-01 -3.980660140514373779e-01 6.499999761581420898e-02
6.084994673728942871e-01 -3.973716795444488525e-01 6.499999761581420898e-02
6.098007559776306152e-01 -3.966773450374603271e-01 6.499999761581420898e-02
6.111020445823669434e-01 -3.959829807281494141e-01 6.499999761581420898e-02
6.124033331871032715e-01 -3.952886462211608887e-01 6.499999761581420898e-02
6.137046217918395996e-01 -3.945943117141723633e-01 6.499999761581420898e-02
6.150059103965759277e-01 -3.938999474048614502e-01 6.499999761581420898e-02
6.160769462585449219e-01 -3.929292261600494385e-01 6.499999761581420898e-02
6.168578863143920898e-01 -3.916102349758148193e-01 6.499999761581420898e-02
6.176388263702392578e-01 -3.902912735939025879e-01 6.499999761581420898e-02
6.184197664260864258e-01 -3.889722824096679688e-01 6.499999761581420898e-02
6.192007660865783691e-01 -3.876533210277557373e-01 6.499999761581420898e-02
6.199817061424255371e-01 -3.863343596458435059e-01 6.499999761581420898e-02
6.207626461982727051e-01 -3.850153684616088867e-01 6.499999761581420898e-02
6.215435862541198730e-01 -3.836964070796966553e-01 6.499999761581420898e-02
6.220322251319885254e-01 -3.823029398918151855e-01 6.499999761581420898e-02
6.222689151763916016e-01 -3.808452785015106201e-01 6.499999761581420898e-02
6.225056052207946777e-01 -3.793876171112060547e-01 6.499999761581420898e-02
6.227422952651977539e-01 -3.779299557209014893e-01 6.499999761581420898e-02
6.229789853096008301e-01 -3.764723241329193115e-01 6.499999761581420898e-02
6.232156753540039062e-01 -3.750146627426147461e-01 6.499999761581420898e-02
6.234523653984069824e-01 -3.735570013523101807e-01 6.499999761581420898e-02
6.236708164215087891e-01 -3.720809519290924072e-01 6.499999761581420898e-02
6.238572001457214355e-01 -3.705727756023406982e-01 6.499999761581420898e-02
6.240436434745788574e-01 -3.690646290779113770e-01 6.499999761581420898e-02
6.242300868034362793e-01 -3.675564229488372803e-01 6.499999761581420898e-02
6.244165301322937012e-01 -3.660482466220855713e-01 6.499999761581420898e-02
6.246029734611511230e-01 -3.645401000976562500e-01 6.499999761581420898e-02
6.247894167900085449e-01 -3.630319237709045410e-01 6.499999761581420898e-02
6.249758601188659668e-01 -3.615237474441528320e-01 6.499999761581420898e-02
6.251094937324523926e-01 -3.599678277969360352e-01 6.499999761581420898e-02
6.252403855323791504e-01 -3.584094643592834473e-01 6.499999761581420898e-02
6.253713369369506836e-01 -3.568511009216308594e-01 6.499999761581420898e-02
6.255022883415222168e-01 -3.552927374839782715e-01 6.499999761581420898e-02
6.256331801414489746e-01 -3.537344038486480713e-01 6.499999761581420898e-02
6.257641315460205078e-01 -3.521760404109954834e-01 6.499999761581420898e-02
6.258950829505920410e-01 -3.506176769733428955e-01 6.499999761581420898e-02
6.260304450988769531e-01 -3.490669429302215576e-01 6.499999761581420898e-02
6.261785030364990234e-01 -3.475379645824432373e-01 6.499999761581420898e-02
6.263266205787658691e-01 -3.460090160369873047e-01 6.499999761581420898e-02
6.264747381210327148e-01 -3.444800674915313721e-01 6.499999761581420898e-02
6.266228556632995605e-01 -3.429510891437530518e-01 6.499999761581420898e-02
6.267709136009216309e-01 -3.414221405982971191e-01 6.499999761581420898e-02
6.269190311431884766e-01 -3.398931622505187988e-01 6.499999761581420898e-02
6.270671486854553223e-01 -3.383642137050628662e-01 6.499999761581420898e-02
6.271527409553527832e-01 -3.368147909641265869e-01 6.499999761581420898e-02
6.272312998771667480e-01 -3.352630734443664551e-01 6.499999761581420898e-02
6.273097991943359375e-01 -3.337113559246063232e-01 6.499999761581420898e-02
6.273883581161499023e-01 -3.321596384048461914e-01 6.499999761581420898e-02
6.274669170379638672e-01 -3.306079208850860596e-01 6.499999761581420898e-02
6.275454759597778320e-01 -3.290561735630035400e-01 6.499999761581420898e-02
6.276239752769470215e-01 -3.275044560432434082e-01 6.499999761581420898e-02
6.276720762252807617e-01 -3.259472846984863281e-01 6.499999761581420898e-02
6.276758313179016113e-01 -3.243821561336517334e-01 6.499999761581420898e-02
6.276795864105224609e-01 -3.228169977664947510e-01 6.499999761581420898e-02
6.276832818984985352e-01 -3.212518692016601562e-01 6.499999761581420898e-02
6.276870369911193848e-01 -3.196867406368255615e-01 6.499999761581420898e-02
6.276907920837402344e-01 -3.181216120719909668e-01 6.499999761581420898e-02
6.276944875717163086e-01 -3.165564537048339844e-01 6.499999761581420898e-02
6.276982426643371582e-01 -3.149913251399993896e-01 6.499999761581420898e-02
6.276426315307617188e-01 -3.134243786334991455e-01 6.499999761581420898e-02
6.275743842124938965e-01 -3.118571341037750244e-01 6.499999761581420898e-02
6.275061368942260742e-01 -3.102898299694061279e-01 6.499999761581420898e-02
6.274379491806030273e-01 -3.087225258350372314e-01 6.499999761581420898e-02
6.273697018623352051e-01 -3.071552217006683350e-01 6.499999761581420898e-02
6.273014545440673828e-01 -3.055879175662994385e-01 6.499999761581420898e-02
6.272332668304443359e-01 -3.040206432342529297e-01 6.499999761581420898e-02
6.271492242813110352e-01 -3.024553358554840088e-01 6.499999761581420898e-02
6.270043849945068359e-01 -3.008975982666015625e-01 6.499999761581420898e-02
6.268595457077026367e-01 -2.993398308753967285e-01 6.499999761581420898e-02
6.267147064208984375e-01 -2.977820932865142822e-01 6.499999761581420898e-02
6.265699267387390137e-01 -2.962243854999542236e-01 6.499999761581420898e-02
6.264250874519348145e-01 -2.946666479110717773e-01 6.499999761581420898e-02
6.262802481651306152e-01 -2.931089103221893311e-01 6.499999761581420898e-02
6.261354088783264160e-01 -2.915511429309844971e-01 6.499999761581420898e-02
6.259663105010986328e-01 -2.900623679161071777e-01 6.499999761581420898e-02
6.257812976837158203e-01 -2.886187434196472168e-01 6.499999761581420898e-02
6.255962848663330078e-01 -2.871751189231872559e-01 6.499999761581420898e-02
6.254112720489501953e-01 -2.857314646244049072e-01 6.499999761581420898e-02
6.252261996269226074e-01 -2.842878103256225586e-01 6.499999761581420898e-02
6.250411868095397949e-01 -2.828441560268402100e-01 6.499999761581420898e-02
6.248549818992614746e-01 -2.814009785652160645e-01 6.499999761581420898e-02
6.246165037155151367e-01 -2.799772918224334717e-01 6.499999761581420898e-02
6.243779659271240234e-01 -2.785536050796508789e-01 6.499999761581420898e-02
6.241394877433776855e-01 -2.771298885345458984e-01 6.499999761581420898e-02
6.239010095596313477e-01 -2.757062017917633057e-01 6.499999761581420898e-02
6.236624717712402344e-01 -2.742825150489807129e-01 6.499999761581420898e-02
6.234239935874938965e-01 -2.728588283061981201e-01 6.499999761581420898e-02
6.231605410575866699e-01 -2.714483737945556641e-01 6.499999761581420898e-02
6.228733062744140625e-01 -2.700505256652832031e-01 6.499999761581420898e-02
6.225861310958862305e-01 -2.686526477336883545e-01 6.499999761581420898e-02
6.222989559173583984e-01 -2.672548294067382812e-01 6.499999761581420898e-02
6.220117211341857910e-01 -2.658569514751434326e-01 6.499999761581420898e-02
6.217245459556579590e-01 -2.644591033458709717e-01 6.499999761581420898e-02
6.214327812194824219e-01 -2.630644440650939941e-01 6.499999761581420898e-02
6.211031079292297363e-01 -2.616967260837554932e-01 6.499999761581420898e-02
6.207734346389770508e-01 -2.603290081024169922e-01 6.499999761581420898e-02
6.204437613487243652e-01 -2.589612901210784912e-01 6.499999761581420898e-02
6.201140880584716797e-01 -2.575935721397399902e-01 6.499999761581420898e-02
6.197844147682189941e-01 -2.562258243560791016e-01 6.499999761581420898e-02
6.194547414779663086e-01 -2.548581063747406006e-01 6.499999761581420898e-02
6.190963387489318848e-01 -2.535174489021301270e-01 6.499999761581420898e-02
6.187319755554199219e-01 -2.521823644638061523e-01 6.499999761581420898e-02
6.183676719665527344e-01 -2.508472800254821777e-01 6.499999761581420898e-02
6.180033087730407715e-01 -2.495121657848358154e-01 6.499999761581420898e-02
6.176390051841735840e-01 -2.481770813465118408e-01 6.499999761581420898e-02
6.172746419906616211e-01 -2.468420118093490601e-01 6.499999761581420898e-02
6.168926358222961426e-01 -2.455300241708755493e-01 6.499999761581420898e-02
6.165030598640441895e-01 -2.442279756069183350e-01 6.499999761581420898e-02
6.161134839057922363e-01 -2.429259121417999268e-01 6.499999761581420898e-02
6.157239079475402832e-01 -2.416238486766815186e-01 6.499999761581420898e-02
6.153343319892883301e-01 -2.403218150138854980e-01 6.499999761581420898e-02
6.149447560310363770e-01 -2.390197664499282837e-01 6.499999761581420898e-02
6.141250729560852051e-01 -2.378811240196228027e-01 6.499999761581420898e-02
6.131483912467956543e-01 -2.368021309375762939e-01 6.499999761581420898e-02
6.121717691421508789e-01 -2.357231378555297852e-01 6.499999761581420898e-02
6.111950874328613281e-01 -2.346441745758056641e-01 6.499999761581420898e-02
6.102184653282165527e-01 -2.335651665925979614e-01 6.499999761581420898e-02
6.092417836189270020e-01 -2.324861735105514526e-01 6.499999761581420898e-02
6.082651019096374512e-01 -2.314071804285049438e-01 6.499999761581420898e-02
6.072561740875244141e-01 -2.303724139928817749e-01 6.499999761581420898e-02
6.062260866165161133e-01 -2.293667346239089966e-01 6.499999761581420898e-02
6.051959395408630371e-01 -2.283610254526138306e-01 6.499999761581420898e-02
6.041657924652099609e-01 -2.273553311824798584e-01 6.499999761581420898e-02
6.031356453895568848e-01 -2.263496220111846924e-01 6.499999761581420898e-02
6.021054983139038086e-01 -2.253439128398895264e-01 6.499999761581420898e-02
6.010754108428955078e-01 -2.243382334709167480e-01 6.499999761581420898e-02
6.000232696533203125e-01 -2.233750224113464355e-01 6.499999761581420898e-02
5.989530086517333984e-01 -2.224467694759368896e-01 6.499999761581420898e-02
5.978828072547912598e-01 -2.215185165405273438e-01 6.499999761581420898e-02
5.968125462532043457e-01 -2.205902636051177979e-01 6.499999761581420898e-02
5.957422852516174316e-01 -2.196620404720306396e-01 6.499999761581420898e-02
5.946720838546752930e-01 -2.187337875366210938e-01 6.499999761581420898e-02
5.936018228530883789e-01 -2.178055346012115479e-01 6.499999761581420898e-02
5.925163626670837402e-01 -2.169237285852432251e-01 6.499999761581420898e-02
5.914208292961120605e-01 -2.160727530717849731e-01 6.499999761581420898e-02
5.903252959251403809e-01 -2.152217924594879150e-01 6.499999761581420898e-02
5.892297625541687012e-01 -2.143708169460296631e-01 6.499999761581420898e-02
5.881341695785522461e-01 -2.135198414325714111e-01 6.499999761581420898e-02
5.870386362075805664e-01 -2.126688808202743530e-01 6.499999761581420898e-02
5.859431028366088867e-01 -2.118179053068161011e-01 6.499999761581420898e-02
5.848398804664611816e-01 -2.110235542058944702e-01 6.499999761581420898e-02
5.837346911430358887e-01 -2.102442532777786255e-01 6.499999761581420898e-02
5.826294422149658203e-01 -2.094649374485015869e-01 6.499999761581420898e-02
5.815241932868957520e-01 -2.086856216192245483e-01 6.499999761581420898e-02
5.804189443588256836e-01 -2.079063057899475098e-01 6.499999761581420898e-02
5.793137550354003906e-01 -2.071270048618316650e-01 6.499999761581420898e-02
5.781641602516174316e-01 -2.064347267150878906e-01 6.499999761581420898e-02
5.767463445663452148e-01 -2.062689960002899170e-01 6.499999761581420898e-02
5.753284692764282227e-01 -2.061032801866531372e-01 6.499999761581420898e-02
5.739106535911560059e-01 -2.059375643730163574e-01 6.499999761581420898e-02
5.724927783012390137e-01 -2.057718485593795776e-01 6.499999761581420898e-02
5.710749626159667969e-01 -2.056061327457427979e-01 6.499999761581420898e-02
5.696570873260498047e-01 -2.054404020309448242e-01 6.499999761581420898e-02
5.682392716407775879e-01 -2.052746862173080444e-01 6.499999761581420898e-02
5.668246150016784668e-01 -2.051708251237869263e-01 6.499999761581420898e-02
5.654138326644897461e-01 -2.051402181386947632e-01 6.499999761581420898e-02
5.640030503273010254e-01 -2.051096111536026001e-01 6.499999761581420898e-02
5.625922083854675293e-01 -2.050790041685104370e-01 6.499999761581420898e-02
5.611813664436340332e-01 -2.050483971834182739e-01 6.499999761581420898e-02
5.597705841064453125e-01 -2.050177901983261108e-01 6.499999761581420898e-02
5.583598017692565918e-01 -2.049871832132339478e-01 6.499999761581420898e-02
5.569489598274230957e-01 -2.049565613269805908e-01 6.499999761581420898e-02
5.555658936500549316e-01 -2.050289511680603027e-01 6.499999761581420898e-02
5.541889667510986328e-01 -2.051239907741546631e-01 6.499999761581420898e-02
5.528120398521423340e-01 -2.052190154790878296e-01 6.499999761581420898e-02
5.514351129531860352e-01 -2.053140550851821899e-01 6.499999761581420898e-02
5.500581264495849609e-01 -2.054090946912765503e-01 6.499999761581420898e-02
5.486811995506286621e-01 -2.055041342973709106e-01 6.499999761581420898e-02
5.473042726516723633e-01 -2.055991739034652710e-01 6.499999761581420898e-02
5.459432601928710938e-01 -2.057254165410995483e-01 6.499999761581420898e-02
5.446210503578186035e-01 -2.059274613857269287e-01 6.499999761581420898e-02
5.432988405227661133e-01 -2.061295211315155029e-01 6.499999761581420898e-02
5.419766306877136230e-01 -2.063315659761428833e-01 6.499999761581420898e-02
5.406544208526611328e-01 -2.065336108207702637e-01 6.499999761581420898e-02
5.393322110176086426e-01 -2.067356705665588379e-01 6.499999761581420898e-02
5.380100011825561523e-01 -2.069377154111862183e-01 6.499999761581420898e-02
5.366877913475036621e-01 -2.071397602558135986e-01 6.499999761581420898e-02
5.354272127151489258e-01 -2.074146270751953125e-01 6.499999761581420898e-02
5.341724753379821777e-01 -2.076963484287261963e-01 6.499999761581420898e-02
5.329177379608154297e-01 -2.079780548810958862e-01 6.499999761581420898e-02
5.316630005836486816e-01 -2.082597613334655762e-01 6.499999761581420898e-02
5.304082632064819336e-01 -2.085414677858352661e-01 6.499999761581420898e-02
5.291535258293151855e-01 -2.088231891393661499e-01 6.499999761581420898e-02
5.278987884521484375e-01 -2.091048955917358398e-01 6.499999761581420898e-02
5.266934037208557129e-01 -2.094161510467529297e-01 6.499999761581420898e-02
5.255079269409179688e-01 -2.097392529249191284e-01 6.499999761581420898e-02
5.243223905563354492e-01 -2.100623697042465210e-01 6.499999761581420898e-02
5.231369137763977051e-01 -2.103854715824127197e-01 6.499999761581420898e-02
5.219513773918151855e-01 -2.107085883617401123e-01 6.499999761581420898e-02
5.207658410072326660e-01 -2.110317051410675049e-01 6.499999761581420898e-02
5.195803642272949219e-01 -2.113548070192337036e-01 6.499999761581420898e-02
5.184335112571716309e-01 -2.116637676954269409e-01 6.499999761581420898e-02
5.173022150993347168e-01 -2.119670510292053223e-01 6.499999761581420898e-02
5.161709189414978027e-01 -2.122703194618225098e-01 6.499999761581420898e-02
5.150396227836608887e-01 -2.125735878944396973e-01 6.499999761581420898e-02
5.139083266258239746e-01 -2.128768563270568848e-01 6.499999761581420898e-02
5.127770304679870605e-01 -2.131801247596740723e-01 6.499999761581420898e-02
5.116457343101501465e-01 -2.134834080934524536e-01 6.499999761581420898e-02
5.105246901512145996e-01 -2.136224359273910522e-01 6.499999761581420898e-02
5.094039440155029297e-01 -2.137556374073028564e-01 6.499999761581420898e-02
5.082831978797912598e-01 -2.138888537883758545e-01 6.499999761581420898e-02
5.071625113487243652e-01 -2.140220552682876587e-01 6.499999761581420898e-02
5.060417652130126953e-01 -2.141552716493606567e-01 6.499999761581420898e-02
5.049210190773010254e-01 -2.142884880304336548e-01 6.499999761581420898e-02
5.035469532012939453e-01 -2.141161262989044189e-01 6.499999761581420898e-02
5.019956827163696289e-01 -2.137300521135330200e-01 6.499999761581420898e-02
5.004443526268005371e-01 -2.133439630270004272e-01 6.499999761581420898e-02
4.988930821418762207e-01 -2.129578590393066406e-01 6.499999761581420898e-02
4.973417818546295166e-01 -2.125717699527740479e-01 6.499999761581420898e-02
4.957631528377532959e-01 -2.122406959533691406e-01 6.499999761581420898e-02
4.941308796405792236e-01 -2.120175808668136597e-01 6.499999761581420898e-02
4.924986064434051514e-01 -2.117944806814193726e-01 6.499999761581420898e-02
4.908663034439086914e-01 -2.115713655948638916e-01 6.499999761581420898e-02
4.892340302467346191e-01 -2.113482505083084106e-01 6.499999761581420898e-02
4.876199364662170410e-01 -2.111733257770538330e-01 6.499999761581420898e-02
4.860566854476928711e-01 -2.111335694789886475e-01 6.499999761581420898e-02
4.844935238361358643e-01 -2.110938280820846558e-01 6.499999761581420898e-02
4.829302728176116943e-01 -2.110540717840194702e-01 6.499999761581420898e-02
4.813670814037322998e-01 -2.110143303871154785e-01 6.499999761581420898e-02
4.798133969306945801e-01 -2.109861373901367188e-01 6.499999761581420898e-02
4.783959388732910156e-01 -2.111237645149230957e-01 6.499999761581420898e-02
4.769785404205322266e-01 -2.112613916397094727e-01 6.499999761581420898e-02
4.755610823631286621e-01 -2.113990187644958496e-01 6.499999761581420898e-02
4.741436839103698730e-01 -2.115366458892822266e-01 6.499999761581420898e-02
4.727262854576110840e-01 -2.116742730140686035e-01 6.499999761581420898e-02
4.717682600021362305e-01 -2.117253094911575317e-01 6.499999761581420898e-02
4.710713326930999756e-01 -2.117271125316619873e-01 6.499999761581420898e-02
4.703743755817413330e-01 -2.117289304733276367e-01 6.499999761581420898e-02
4.696774780750274658e-01 -2.117307484149932861e-01 6.499999761581420898e-02
4.689805507659912109e-01 -2.117325514554977417e-01 6.499999761581420898e-02
4.682835936546325684e-01 -2.117343693971633911e-01 6.499999761581420898e-02
4.675866663455963135e-01 -2.117361724376678467e-01 6.499999761581420898e-02
4.669124782085418701e-01 -2.116172760725021362e-01 6.499999761581420898e-02
4.662640094757080078e-01 -2.113621383905410767e-01 6.499999761581420898e-02
4.656155407428741455e-01 -2.111069858074188232e-01 6.499999761581420898e-02
4.649670422077178955e-01 -2.108518332242965698e-01 6.499999761581420898e-02
4.643185734748840332e-01 -2.105966955423355103e-01 6.499999761581420898e-02
4.636700749397277832e-01 -2.103415280580520630e-01 6.499999761581420898e-02
4.630216062068939209e-01 -2.100863903760910034e-01 6.499999761581420898e-02
4.623731076717376709e-01 -2.098312377929687500e-01 6.499999761581420898e-02
4.617101848125457764e-01 -2.095869481563568115e-01 6.499999761581420898e-02
4.610297977924346924e-01 -2.093558013439178467e-01 6.499999761581420898e-02
4.603493809700012207e-01 -2.091246396303176880e-01 6.499999761581420898e-02
4.596689939498901367e-01 -2.088934779167175293e-01 6.499999761581420898e-02
4.589886069297790527e-01 -2.086623311042785645e-01 6.499999761581420898e-02
4.583081901073455811e-01 -2.084311693906784058e-01 6.499999761581420898e-02
4.576278030872344971e-01 -2.082000225782394409e-01 6.499999761581420898e-02
4.569473862648010254e-01 -2.079688608646392822e-01 6.499999761581420898e-02
4.562464952468872070e-01 -2.077625244855880737e-01 6.499999761581420898e-02
4.555331468582153320e-01 -2.075712829828262329e-01 6.499999761581420898e-02
4.548197388648986816e-01 -2.073800265789031982e-01 6.499999761581420898e-02
4.541063904762268066e-01 -2.071887850761413574e-01 6.499999761581420898e-02
4.533929824829101562e-01 -2.069975286722183228e-01 6.499999761581420898e-02
4.526796340942382812e-01 -2.068062871694564819e-01 6.499999761581420898e-02
4.519662559032440186e-01 -2.066150307655334473e-01 6.499999761581420898e-02
4.512528777122497559e-01 -2.064237892627716064e-01 6.499999761581420898e-02
4.505361318588256836e-01 -2.062683254480361938e-01 6.499999761581420898e-02
4.498179256916046143e-01 -2.061278522014617920e-01 6.499999761581420898e-02
4.490997493267059326e-01 -2.059873789548873901e-01 6.499999761581420898e-02
4.483815729618072510e-01 -2.058469057083129883e-01 6.499999761581420898e-02
4.476633667945861816e-01 -2.057064324617385864e-01 6.499999761581420898e-02
4.469451904296875000e-01 -2.055659741163253784e-01 6.499999761581420898e-02
4.462269842624664307e-01 -2.054254859685897827e-01 6.499999761581420898e-02
4.455187916755676270e-01 -2.052939385175704956e-01 6.499999761581420898e-02
4.448454082012176514e-01 -2.051934599876403809e-01 6.499999761581420898e-02
4.441719949245452881e-01 -2.050929814577102661e-01 6.499999761581420898e-02
4.434986114501953125e-01 -2.049925029277801514e-01 6.499999761581420898e-02
4.428251981735229492e-01 -2.048920243978500366e-01 6.499999761581420898e-02
4.421518146991729736e-01 -2.047915309667587280e-01 6.499999761581420898e-02
4.414784014225006104e-01 -2.046910524368286133e-01 6.499999761581420898e-02
4.401316046714782715e-01 -2.044900953769683838e-01 6.499999761581420898e-02
4.398667812347412109e-01 -2.039487510919570923e-01 6.499999761581420898e-02
4.396421611309051514e-01 -2.033970654010772705e-01 6.499999761581420898e-02
4.395768046379089355e-01 -2.028042674064636230e-01 6.499999761581420898e-02
4.395114779472351074e-01 -2.022114992141723633e-01 6.499999761581420898e-02
4.394461214542388916e-01 -2.016187161207199097e-01 6.499999761581420898e-02
4.393807947635650635e-01 -2.010259330272674561e-01 6.499999761581420898e-02
4.393154382705688477e-01 -2.004331648349761963e-01 6.499999761581420898e-02
4.392500817775726318e-01 -1.998403668403625488e-01 6.499999761581420898e-02
4.392409026622772217e-01 -1.993017047643661499e-01 6.499999761581420898e-02
4.392317235469818115e-01 -1.987630426883697510e-01 6.499999761581420898e-02
4.392225444316864014e-01 -1.982243657112121582e-01 6.499999761581420898e-02
4.392133355140686035e-01 -1.976857036352157593e-01 6.499999761581420898e-02
4.392041563987731934e-01 -1.971470415592193604e-01 6.499999761581420898e-02
4.391949772834777832e-01 -1.966083794832229614e-01 6.499999761581420898e-02
4.391857981681823730e-01 -1.960697174072265625e-01 6.499999761581420898e-02
4.391766190528869629e-01 -1.955310553312301636e-01 6.499999761581420898e-02
4.391674399375915527e-01 -1.949923783540725708e-01 6.499999761581420898e-02
4.391582608222961426e-01 -1.944537162780761719e-01 6.499999761581420898e-02
4.391490519046783447e-01 -1.939150542020797729e-01 6.499999761581420898e-02
4.391398727893829346e-01 -1.933763921260833740e-01 6.499999761581420898e-02
4.391306936740875244e-01 -1.928377300500869751e-01 6.499999761581420898e-02
4.391215145587921143e-01 -1.922990530729293823e-01 6.499999761581420898e-02
4.391123354434967041e-01 -1.917603909969329834e-01 6.499999761581420898e-02
4.391031563282012939e-01 -1.912217289209365845e-01 6.499999761581420898e-02
4.390939772129058838e-01 -1.906830668449401855e-01 6.499999761581420898e-02
4.390551149845123291e-01 -1.900528073310852051e-01 6.499999761581420898e-02
4.389789998531341553e-01 -1.893075257539749146e-01 6.499999761581420898e-02
4.389028847217559814e-01 -1.885622441768646240e-01 6.499999761581420898e-02
4.388267695903778076e-01 -1.878169625997543335e-01 6.499999761581420898e-02
4.387506842613220215e-01 -1.870716810226440430e-01 6.499999761581420898e-02
4.386745691299438477e-01 -1.863263845443725586e-01 6.499999761581420898e-02
4.385984539985656738e-01 -1.855811029672622681e-01 6.499999761581420898e-02
4.385223388671875000e-01 -1.848358213901519775e-01 6.499999761581420898e-02
4.384462237358093262e-01 -1.840905398130416870e-01 6.499999761581420898e-02
4.382909834384918213e-01 -1.837385594844818115e-01 6.499999761581420898e-02
4.381357431411743164e-01 -1.833865642547607422e-01 6.499999761581420898e-02
4.379805028438568115e-01 -1.830345839262008667e-01 6.499999761581420898e-02
4.378252923488616943e-01 -1.826825886964797974e-01 6.499999761581420898e-02
4.376700520515441895e-01 -1.823306083679199219e-01 6.499999761581420898e-02
4.375148117542266846e-01 -1.819786131381988525e-01 6.499999761581420898e-02
4.373595714569091797e-01 -1.816266328096389771e-01 6.499999761581420898e-02
4.372043311595916748e-01 -1.812746524810791016e-01 6.499999761581420898e-02
4.370490908622741699e-01 -1.809226572513580322e-01 6.499999761581420898e-02
4.368938505649566650e-01 -1.805706769227981567e-01 6.499999761581420898e-02
4.367386400699615479e-01 -1.802186816930770874e-01 6.499999761581420898e-02
4.365833997726440430e-01 -1.798667013645172119e-01 6.499999761581420898e-02
4.364281594753265381e-01 -1.795147061347961426e-01 6.499999761581420898e-02
4.362729191780090332e-01 -1.791627258062362671e-01 6.499999761581420898e-02
4.361176788806915283e-01 -1.788107454776763916e-01 6.499999761581420898e-02
4.359624385833740234e-01 -1.784587502479553223e-01 6.499999761581420898e-02
4.358072280883789062e-01 -1.781067699193954468e-01 6.499999761581420898e-02
4.356519877910614014e-01 -1.777547746896743774e-01 6.499999761581420898e-02
4.354955255985260010e-01 -1.774015277624130249e-01 6.499999761581420898e-02
4.353059530258178711e-01 -1.770140975713729858e-01 6.499999761581420898e-02
4.351163506507873535e-01 -1.766266673803329468e-01 6.499999761581420898e-02
4.349267780780792236e-01 -1.762392520904541016e-01 6.499999761581420898e-02
4.347372055053710938e-01 -1.758518218994140625e-01 6.499999761581420898e-02
4.345476329326629639e-01 -1.754643917083740234e-01 6.499999761581420898e-02
4.343580603599548340e-01 -1.750769764184951782e-01 6.499999761581420898e-02
4.341684877872467041e-01 -1.746895462274551392e-01 6.499999761581420898e-02
4.339789152145385742e-01 -1.743021160364151001e-01 6.499999761581420898e-02
4.337893426418304443e-01 -1.739146858453750610e-01 6.499999761581420898e-02
4.335997700691223145e-01 -1.735272705554962158e-01 6.499999761581420898e-02
4.334101974964141846e-01 -1.731398403644561768e-01 6.499999761581420898e-02
4.332206249237060547e-01 -1.727524101734161377e-01 6.499999761581420898e-02
4.330310225486755371e-01 -1.723649948835372925e-01 6.499999761581420898e-02
4.328414499759674072e-01 -1.719775646924972534e-01 6.499999761581420898e-02
4.326518774032592773e-01 -1.715901345014572144e-01 6.499999761581420898e-02
4.324623048305511475e-01 -1.712027043104171753e-01 6.499999761581420898e-02
4.322727322578430176e-01 -1.708152890205383301e-01 6.499999761581420898e-02
4.320831596851348877e-01 -1.704278588294982910e-01 6.499999761581420898e-02
4.318935871124267578e-01 -1.700404286384582520e-01 6.499999761581420898e-02
4.317040145397186279e-01 -1.696530133485794067e-01 6.499999761581420898e-02
4.315144419670104980e-01 -1.692655831575393677e-01 6.499999761581420898e-02
4.313248693943023682e-01 -1.688781529664993286e-01 6.499999761581420898e-02
4.311352968215942383e-01 -1.684907227754592896e-01 6.499999761581420898e-02
4.309456944465637207e-01 -1.681033074855804443e-01 6.499999761581420898e-02
4.307337701320648193e-01 -1.676519066095352173e-01 6.499999761581420898e-02
4.304230511188507080e-01 -1.669177263975143433e-01 6.499999761581420898e-02
4.301123321056365967e-01 -1.661835461854934692e-01 6.499999761581420898e-02
4.298016130924224854e-01 -1.654493808746337891e-01 6.499999761581420898e-02
4.294908940792083740e-01 -1.647152006626129150e-01 6.499999761581420898e-02
4.291801750659942627e-01 -1.639810204505920410e-01 6.499999761581420898e-02
4.288694560527801514e-01 -1.632468402385711670e-01 6.499999761581420898e-02
4.285587370395660400e-01 -1.625126749277114868e-01 6.499999761581420898e-02
4.282480180263519287e-01 -1.617784947156906128e-01 6.499999761581420898e-02
4.279372990131378174e-01 -1.610443145036697388e-01 6.499999761581420898e-02
4.276265799999237061e-01 -1.603101342916488647e-01 6.499999761581420898e-02
4.273158609867095947e-01 -1.595759689807891846e-01 6.499999761581420898e-02
4.270051419734954834e-01 -1.588417887687683105e-01 6.499999761581420898e-02
4.266944229602813721e-01 -1.581076085567474365e-01 6.499999761581420898e-02
4.263837039470672607e-01 -1.573734283447265625e-01 6.499999761581420898e-02
4.260820448398590088e-01 -1.567272990942001343e-01 6.499999761581420898e-02
4.257932007312774658e-01 -1.562055945396423340e-01 6.499999761581420898e-02
4.255043566226959229e-01 -1.556838899850845337e-01 6.499999761581420898e-02
4.252155423164367676e-01 -1.551621705293655396e-01 6.499999761581420898e-02
4.249266982078552246e-01 -1.546404659748077393e-01 6.499999761581420898e-02
4.246378540992736816e-01 -1.541187465190887451e-01 6.499999761581420898e-02
4.243490397930145264e-01 -1.535970419645309448e-01 6.499999761581420898e-02
4.240601956844329834e-01 -1.530753374099731445e-01 6.499999761581420898e-02
4.237713515758514404e-01 -1.525536179542541504e-01 6.499999761581420898e-02
4.234825372695922852e-01 -1.520319133996963501e-01 6.499999761581420898e-02
4.231936931610107422e-01 -1.515101939439773560e-01 6.499999761581420898e-02
4.229048490524291992e-01 -1.509884893894195557e-01 6.499999761581420898e-02
4.226160347461700439e-01 -1.504667699337005615e-01 6.499999761581420898e-02
4.223271906375885010e-01 -1.499450653791427612e-01 6.499999761581420898e-02
4.220383465290069580e-01 -1.494233608245849609e-01 6.499999761581420898e-02
4.217495322227478027e-01 -1.489016413688659668e-01 6.499999761581420898e-02
4.215990602970123291e-01 -1.483850926160812378e-01 6.499999761581420898e-02
4.217117130756378174e-01 -1.478783488273620605e-01 6.499999761581420898e-02
4.218243956565856934e-01 -1.473716199398040771e-01 6.499999761581420898e-02
4.219370782375335693e-01 -1.468648761510848999e-01 6.499999761581420898e-02
4.220497310161590576e-01 -1.463581472635269165e-01 6.499999761581420898e-02
4.221624135971069336e-01 -1.458514034748077393e-01 6.499999761581420898e-02
4.222750961780548096e-01 -1.453446596860885620e-01 6.499999761581420898e-02
4.223877489566802979e-01 -1.448379307985305786e-01 6.499999761581420898e-02
4.225004315376281738e-01 -1.443311870098114014e-01 6.499999761581420898e-02
4.226130843162536621e-01 -1.438244581222534180e-01 6.499999761581420898e-02
4.227257668972015381e-01 -1.433177143335342407e-01 6.499999761581420898e-02
4.228384494781494141e-01 -1.428109854459762573e-01 6.499999761581420898e-02
4.229511022567749023e-01 -1.423042416572570801e-01 6.499999761581420898e-02
4.230637848377227783e-01 -1.417975127696990967e-01 6.499999761581420898e-02
4.231764674186706543e-01 -1.412907689809799194e-01 6.499999761581420898e-02
4.232891201972961426e-01 -1.407840251922607422e-01 6.499999761581420898e-02
4.234018027782440186e-01 -1.402772963047027588e-01 6.499999761581420898e-02
4.235317111015319824e-01 -1.397221237421035767e-01 6.499999761581420898e-02
4.237014651298522949e-01 -1.390551328659057617e-01 6.499999761581420898e-02
4.238712191581726074e-01 -1.383881419897079468e-01 6.499999761581420898e-02
4.240409731864929199e-01 -1.377211511135101318e-01 6.499999761581420898e-02
4.242107272148132324e-01 -1.370541453361511230e-01 6.499999761581420898e-02
4.243804812431335449e-01 -1.363871544599533081e-01 6.499999761581420898e-02
4.245502352714538574e-01 -1.357201635837554932e-01 6.499999761581420898e-02
4.247199892997741699e-01 -1.350531578063964844e-01 6.499999761581420898e-02
4.248897433280944824e-01 -1.343861669301986694e-01 6.499999761581420898e-02
4.250594675540924072e-01 -1.337191760540008545e-01 6.499999761581420898e-02
4.252292215824127197e-01 -1.330521851778030396e-01 6.499999761581420898e-02
4.253989756107330322e-01 -1.323851943016052246e-01 6.499999761581420898e-02
4.255687296390533447e-01 -1.317181885242462158e-01 6.499999761581420898e-02
4.257384836673736572e-01 -1.310511976480484009e-01 6.499999761581420898e-02
4.259082376956939697e-01 -1.303842067718505859e-01 6.499999761581420898e-02
4.260779917240142822e-01 -1.297172158956527710e-01 6.499999761581420898e-02
4.262477457523345947e-01 -1.290502101182937622e-01 6.499999761581420898e-02
4.264174997806549072e-01 -1.283832192420959473e-01 6.499999761581420898e-02
4.265739619731903076e-01 -1.277281492948532104e-01 6.499999761581420898e-02
4.266966581344604492e-01 -1.271033734083175659e-01 6.499999761581420898e-02
4.268193542957305908e-01 -1.264785975217819214e-01 6.499999761581420898e-02
4.269420504570007324e-01 -1.258538216352462769e-01 6.499999761581420898e-02
4.270647466182708740e-01 -1.252290457487106323e-01 6.499999761581420898e-02
4.271874427795410156e-01 -1.246042773127555847e-01 6.499999761581420898e-02
4.273101389408111572e-01 -1.239794939756393433e-01 6.499999761581420898e-02
4.274328351020812988e-01 -1.233547255396842957e-01 6.499999761581420898e-02
4.275555312633514404e-01 -1.227299496531486511e-01 6.499999761581420898e-02
4.276782274246215820e-01 -1.221051737666130066e-01 6.499999761581420898e-02
4.278009235858917236e-01 -1.214804053306579590e-01 6.499999761581420898e-02
4.279236197471618652e-01 -1.208556294441223145e-01 6.499999761581420898e-02
4.280463159084320068e-01 -1.202308610081672668e-01 6.499999761581420898e-02
4.281690120697021484e-01 -1.196060776710510254e-01 6.499999761581420898e-02
4.282917082309722900e-01 -1.189813017845153809e-01 6.499999761581420898e-02
4.284144043922424316e-01 -1.183565333485603333e-01 6.499999761581420898e-02
4.285371005535125732e-01 -1.177317574620246887e-01 6.499999761581420898e-02
4.286597967147827148e-01 -1.171069890260696411e-01 6.499999761581420898e-02
4.287818670272827148e-01 -1.164492592215538025e-01 6.499999761581420898e-02
4.289037883281707764e-01 -1.157823577523231506e-01 6.499999761581420898e-02
4.290256798267364502e-01 -1.151154711842536926e-01 6.499999761581420898e-02
4.291476011276245117e-01 -1.144485697150230408e-01 6.499999761581420898e-02
4.292694926261901855e-01 -1.137816831469535828e-01 6.499999761581420898e-02
4.293914139270782471e-01 -1.131147816777229309e-01 6.499999761581420898e-02
4.295133054256439209e-01 -1.124478876590728760e-01 6.499999761581420898e-02
4.296352267265319824e-01 -1.117810010910034180e-01 6.499999761581420898e-02
4.297571182250976562e-01 -1.111140996217727661e-01 6.499999761581420898e-02
4.298790097236633301e-01 -1.104472130537033081e-01 6.499999761581420898e-02
4.300009310245513916e-01 -1.097803115844726562e-01 6.499999761581420898e-02
4.301228225231170654e-01 -1.091134175658226013e-01 6.499999761581420898e-02
4.302447438240051270e-01 -1.084465235471725464e-01 6.499999761581420898e-02
4.303666353225708008e-01 -1.077796295285224915e-01 6.499999761581420898e-02
4.304885566234588623e-01 -1.071127355098724365e-01 6.499999761581420898e-02
4.306104481220245361e-01 -1.064458414912223816e-01 6.499999761581420898e-02
4.307323694229125977e-01 -1.057789474725723267e-01 6.499999761581420898e-02
4.308542609214782715e-01 -1.051120534539222717e-01 6.499999761581420898e-02
4.309752881526947021e-01 -1.044394075870513916e-01 6.499999761581420898e-02
4.310925602912902832e-01 -1.037422046065330505e-01 6.499999761581420898e-02
4.312098622322082520e-01 -1.030449867248535156e-01 6.499999761581420898e-02
4.313271343708038330e-01 -1.023477762937545776e-01 6.499999761581420898e-02
4.314444363117218018e-01 -1.016505658626556396e-01 6.499999761581420898e-02
4.315617084503173828e-01 -1.009533554315567017e-01 6.499999761581420898e-02
4.316789805889129639e-01 -1.002561450004577637e-01 6.499999761581420898e-02
4.317962825298309326e-01 -9.955893456935882568e-02 6.499999761581420898e-02
4.319135546684265137e-01 -9.886171668767929077e-02 6.499999761581420898e-02
4.320308566093444824e-01 -9.816451370716094971e-02 6.499999761581420898e-02
4.321481287479400635e-01 -9.746729582548141479e-02 6.499999761581420898e-02
4.322654008865356445e-01 -9.677009284496307373e-02 6.499999761581420898e-02
4.323827028274536133e-01 -9.607287496328353882e-02 6.499999761581420898e-02
4.324999749660491943e-01 -9.537566453218460083e-02 6.499999761581420898e-02
4.326172471046447754e-01 -9.467845410108566284e-02 6.499999761581420898e-02
4.327345490455627441e-01 -9.398124366998672485e-02 6.499999761581420898e-02
4.328518211841583252e-01 -9.328402578830718994e-02 6.499999761581420898e-02
4.329691231250762939e-01 -9.258681535720825195e-02 6.499999761581420898e-02
4.330863952636718750e-01 -9.188961237668991089e-02 6.499999761581420898e-02
4.332036674022674561e-01 -9.119240194559097290e-02 6.499999761581420898e-02
4.332925379276275635e-01 -9.057345241308212280e-02 6.499999761581420898e-02
4.333786964416503906e-01 -8.996202051639556885e-02 6.499999761581420898e-02
4.334648549556732178e-01 -8.935059607028961182e-02 6.499999761581420898e-02
4.335509836673736572e-01 -8.873917162418365479e-02 6.499999761581420898e-02
4.336371421813964844e-01 -8.812773972749710083e-02 6.499999761581420898e-02
4.337233006954193115e-01 -8.751630783081054688e-02 6.499999761581420898e-02
4.338094294071197510e-01 -8.690488338470458984e-02 6.499999761581420898e-02
4.338955879211425781e-01 -8.629345148801803589e-02 6.499999761581420898e-02
4.339817166328430176e-01 -8.568202704191207886e-02 6.499999761581420898e-02
4.340678751468658447e-01 -8.507059514522552490e-02 6.499999761581420898e-02
4.341540336608886719e-01 -8.445917069911956787e-02 6.499999761581420898e-02
4.342401623725891113e-01 -8.384773880243301392e-02 6.499999761581420898e-02
4.343263208866119385e-01 -8.323630690574645996e-02 6.499999761581420898e-02
4.344124495983123779e-01 -8.262488245964050293e-02 6.499999761581420898e-02
4.344986081123352051e-01 -8.201345801353454590e-02 6.499999761581420898e-02
4.345984458923339844e-01 -8.140174299478530884e-02 6.499999761581420898e-02
4.347095191478729248e-01 -8.078979700803756714e-02 6.499999761581420898e-02
4.348205626010894775e-01 -8.017785102128982544e-02 6.499999761581420898e-02
4.349316358566284180e-01 -7.956591993570327759e-02 6.499999761581420898e-02
4.350427091121673584e-01 -7.895397394895553589e-02 6.499999761581420898e-02
4.351537525653839111e-01 -7.834202796220779419e-02 6.499999761581420898e-02
4.352648258209228516e-01 -7.773008197546005249e-02 6.499999761581420898e-02
4.353758692741394043e-01 -7.711813598871231079e-02 6.499999761581420898e-02
4.354869425296783447e-01 -7.650620490312576294e-02 6.499999761581420898e-02
4.355979859828948975e-01 -7.589425891637802124e-02 6.499999761581420898e-02
4.357090592384338379e-01 -7.528231292963027954e-02 6.499999761581420898e-02
4.358201026916503906e-01 -7.467036694288253784e-02 6.499999761581420898e-02
4.359311759471893311e-01 -7.405842095613479614e-02 6.499999761581420898e-02
4.360422194004058838e-01 -7.344648987054824829e-02 6.499999761581420898e-02
4.361532926559448242e-01 -7.283454388380050659e-02 6.499999761581420898e-02
4.362652599811553955e-01 -7.222299277782440186e-02 6.499999761581420898e-02
4.363994598388671875e-01 -7.162103801965713501e-02 6.499999761581420898e-02
4.365336596965789795e-01 -7.101908326148986816e-02 6.499999761581420898e-02
4.366678297519683838e-01 -7.041714340448379517e-02 6.499999761581420898e-02
4.368020296096801758e-01 -6.981518864631652832e-02 6.499999761581420898e-02
4.369362294673919678e-01 -6.921323388814926147e-02 6.499999761581420898e-02
4.370704293251037598e-01 -6.861127912998199463e-02 6.499999761581420898e-02
4.372046291828155518e-01 -6.800933182239532471e-02 6.499999761581420898e-02
4.373387992382049561e-01 -6.740738451480865479e-02 6.499999761581420898e-02
4.374729990959167480e-01 -6.680542975664138794e-02 6.499999761581420898e-02
4.376071989536285400e-01 -6.620347499847412109e-02 6.499999761581420898e-02
4.377413988113403320e-01 -6.560152769088745117e-02 6.499999761581420898e-02
4.378755986690521240e-01 -6.499957293272018433e-02 6.499999761581420898e-02
4.380097985267639160e-01 -6.439763307571411133e-02 6.499999761581420898e-02
4.381439685821533203e-01 -6.379567831754684448e-02 6.499999761581420898e-02
4.382781684398651123e-01 -6.319372355937957764e-02 6.499999761581420898e-02
4.384267330169677734e-01 -6.260163336992263794e-02 6.499999761581420898e-02
4.385786652565002441e-01 -6.201186031103134155e-02 6.499999761581420898e-02
4.387305974960327148e-01 -6.142210587859153748e-02 6.499999761581420898e-02
4.388824999332427979e-01 -6.083233654499053955e-02 6.499999761581420898e-02
4.390344321727752686e-01 -6.024256721138954163e-02 6.499999761581420898e-02
4.391863644123077393e-01 -5.965279787778854370e-02 6.499999761581420898e-02
4.393382966518402100e-01 -5.906303226947784424e-02 6.499999761581420898e-02
4.394902288913726807e-01 -5.847327411174774170e-02 6.499999761581420898e-02
4.396421611309051514e-01 -5.788350477814674377e-02 6.499999761581420898e-02
4.397940933704376221e-01 -5.729373544454574585e-02 6.499999761581420898e-02
4.399460256099700928e-01 -5.670396611094474792e-02 6.499999761581420898e-02
4.400979578495025635e-01 -5.611420050263404846e-02 6.499999761581420898e-02
4.402498900890350342e-01 -5.552444234490394592e-02 6.499999761581420898e-02
4.404018223285675049e-01 -5.493467301130294800e-02 6.499999761581420898e-02
4.405537545680999756e-01 -5.434490367770195007e-02 6.499999761581420898e-02
4.409441351890563965e-01 -5.383122712373733521e-02 6.499999761581420898e-02
4.413739442825317383e-01 -5.333012714982032776e-02 6.499999761581420898e-02
4.418037831783294678e-01 -5.282904207706451416e-02 6.499999761581420898e-02
4.422335922718048096e-01 -5.232794210314750671e-02 6.499999761581420898e-02
4.426634013652801514e-01 -5.182684585452079773e-02 6.499999761581420898e-02
4.430932402610778809e-01 -5.132574588060379028e-02 6.499999761581420898e-02
4.435230493545532227e-01 -5.082464963197708130e-02 6.499999761581420898e-02
4.439528584480285645e-01 -5.032356083393096924e-02 6.499999761581420898e-02
4.443826675415039062e-01 -4.982246458530426025e-02 6.499999761581420898e-02
4.448125064373016357e-01 -4.932136461138725281e-02 6.499999761581420898e-02
4.452423155307769775e-01 -4.882026836276054382e-02 6.499999761581420898e-02
4.456721246242523193e-01 -4.831916838884353638e-02 6.499999761581420898e-02
4.461019635200500488e-01 -4.781807959079742432e-02 6.499999761581420898e-02
4.465317726135253906e-01 -4.731698334217071533e-02 6.499999761581420898e-02
4.469615817070007324e-01 -4.681588709354400635e-02 6.499999761581420898e-02
4.473914206027984619e-01 -4.631478711962699890e-02 6.499999761581420898e-02
4.478212296962738037e-01 -4.581369087100028992e-02 6.499999761581420898e-02
4.482531845569610596e-01 -4.531636089086532593e-02 6.499999761581420898e-02
4.487701952457427979e-01 -4.496796801686286926e-02 6.499999761581420898e-02
4.492872357368469238e-01 -4.461957514286041260e-02 6.499999761581420898e-02
4.498042464256286621e-01 -4.427118226885795593e-02 6.499999761581420898e-02
4.503212571144104004e-01 -4.392278939485549927e-02 6.499999761581420898e-02
4.508382678031921387e-01 -4.357440397143363953e-02 6.499999761581420898e-02
4.513552784919738770e-01 -4.322601109743118286e-02 6.499999761581420898e-02
4.518723189830780029e-01 -4.287761822342872620e-02 6.499999761581420898e-02
4.523893296718597412e-01 -4.252922534942626953e-02 6.499999761581420898e-02
4.529063403606414795e-01 -4.218083247542381287e-02 6.499999761581420898e-02
4.534233510494232178e-01 -4.183244705200195312e-02 6.499999761581420898e-02
4.539403915405273438e-01 -4.148405417799949646e-02 6.499999761581420898e-02
4.544574022293090820e-01 -4.113566130399703979e-02 6.499999761581420898e-02
4.549744129180908203e-01 -4.078726842999458313e-02 6.499999761581420898e-02
4.554914534091949463e-01 -4.043887555599212646e-02 6.499999761581420898e-02
4.560084342956542969e-01 -4.009049013257026672e-02 6.499999761581420898e-02
4.565312564373016357e-01 -3.974693268537521362e-02 6.499999761581420898e-02
4.570702612400054932e-01 -3.941686078906059265e-02 6.499999761581420898e-02
4.576092660427093506e-01 -3.908678516745567322e-02 6.499999761581420898e-02
4.581482708454132080e-01 -3.875671327114105225e-02 6.499999761581420898e-02
4.586872756481170654e-01 -3.842664510011672974e-02 6.499999761581420898e-02
4.592262804508209229e-01 -3.809657320380210876e-02 6.499999761581420898e-02
4.597652852535247803e-01 -3.776650130748748779e-02 6.499999761581420898e-02
4.603042900562286377e-01 -3.743642568588256836e-02 6.499999761581420898e-02
4.608432948589324951e-01 -3.710635378956794739e-02 6.499999761581420898e-02
4.613822996616363525e-01 -3.677628561854362488e-02 6.499999761581420898e-02
4.619213044643402100e-01 -3.644621372222900391e-02 6.499999761581420898e-02
4.624603092670440674e-01 -3.611614182591438293e-02 6.499999761581420898e-02
4.629993140697479248e-01 -3.578606620430946350e-02 6.499999761581420898e-02
4.635383188724517822e-01 -3.545599430799484253e-02 6.499999761581420898e-02
4.640773236751556396e-01 -3.512592613697052002e-02 6.499999761581420898e-02
4.646163284778594971e-01 -3.479585424065589905e-02 6.499999761581420898e-02
4.651522934436798096e-01 -3.446345403790473938e-02 6.499999761581420898e-02
4.656718075275421143e-01 -3.411836922168731689e-02 6.499999761581420898e-02
4.661912918090820312e-01 -3.377328440546989441e-02 6.499999761581420898e-02
4.667108058929443359e-01 -3.342821076512336731e-02 6.499999761581420898e-02
4.672302901744842529e-01 -3.308312594890594482e-02 6.499999761581420898e-02
4.677498042583465576e-01 -3.273804113268852234e-02 6.499999761581420898e-02
4.682693183422088623e-01 -3.239296004176139832e-02 6.499999761581420898e-02
4.687888026237487793e-01 -3.204787522554397583e-02 6.499999761581420898e-02
4.693083167076110840e-01 -3.170279785990715027e-02 6.499999761581420898e-02
4.698278009891510010e-01 -3.135771304368972778e-02 6.499999761581420898e-02
4.703473150730133057e-01 -3.101263009011745453e-02 6.499999761581420898e-02
4.708668291568756104e-01 -3.066754713654518127e-02 6.499999761581420898e-02
4.713863134384155273e-01 -3.032246418297290802e-02 6.499999761581420898e-02
4.719058275222778320e-01 -2.997738681733608246e-02 6.499999761581420898e-02
4.724253118038177490e-01 -2.963230386376380920e-02 6.499999761581420898e-02
4.729448258876800537e-01 -2.928721904754638672e-02 6.499999761581420898e-02
4.734726846218109131e-01 -2.895665913820266724e-02 6.499999761581420898e-02
4.740061163902282715e-01 -2.863577194511890411e-02 6.499999761581420898e-02
4.745395183563232422e-01 -2.831489220261573792e-02 6.499999761581420898e-02
4.750729501247406006e-01 -2.799400687217712402e-02 6.499999761581420898e-02
4.756063818931579590e-01 -2.767312154173851013e-02 6.499999761581420898e-02
4.761398136615753174e-01 -2.735223621129989624e-02 6.499999761581420898e-02
4.766732454299926758e-01 -2.703135088086128235e-02 6.499999761581420898e-02
4.772066473960876465e-01 -2.671047113835811615e-02 6.499999761581420898e-02
4.777400791645050049e-01 -2.638958580791950226e-02 6.499999761581420898e-02
4.782735109329223633e-01 -2.606870047748088837e-02 6.499999761581420898e-02
4.788069427013397217e-01 -2.574781328439712524e-02 6.499999761581420898e-02
4.793403744697570801e-01 -2.542692795395851135e-02 6.499999761581420898e-02
4.798737764358520508e-01 -2.510605007410049438e-02 6.499999761581420898e-02
4.804072082042694092e-01 -2.478516288101673126e-02 6.499999761581420898e-02
4.809406399726867676e-01 -2.446427755057811737e-02 6.499999761581420898e-02
4.814746975898742676e-01 -2.414492890238761902e-02 6.499999761581420898e-02
4.820189177989959717e-01 -2.384976111352443695e-02 6.499999761581420898e-02
4.825631380081176758e-01 -2.355459704995155334e-02 6.499999761581420898e-02
4.831073284149169922e-01 -2.325942926108837128e-02 6.499999761581420898e-02
4.836515486240386963e-01 -2.296425960958003998e-02 6.499999761581420898e-02
4.841957688331604004e-01 -2.266909182071685791e-02 6.499999761581420898e-02
4.847399890422821045e-01 -2.237392216920852661e-02 6.499999761581420898e-02
4.852842092514038086e-01 -2.207875996828079224e-02 6.499999761581420898e-02
4.858283996582031250e-01 -2.178359031677246094e-02 6.499999761581420898e-02
4.863726198673248291e-01 -2.148842252790927887e-02 6.499999761581420898e-02
4.869168400764465332e-01 -2.119325287640094757e-02 6.499999761581420898e-02
4.874610602855682373e-01 -2.089808508753776550e-02 6.499999761581420898e-02
4.880052506923675537e-01 -2.060292288661003113e-02 6.499999761581420898e-02
4.885494709014892578e-01 -2.030775323510169983e-02 6.499999761581420898e-02
4.890937209129333496e-01 -2.001257985830307007e-02 6.499999761581420898e-02
4.896379113197326660e-01 -1.971741579473018646e-02 6.499999761581420898e-02
4.901866316795349121e-01 -1.943866163492202759e-02 6.499999761581420898e-02
4.907381534576416016e-01 -1.916991733014583588e-02 6.499999761581420898e-02
4.912896156311035156e-01 -1.890118233859539032e-02 6.499999761581420898e-02
4.918411374092102051e-01 -1.863243803381919861e-02 6.499999761581420898e-02
4.923925995826721191e-01 -1.836370490491390228e-02 6.499999761581420898e-02
4.929440915584564209e-01 -1.809496991336345673e-02 6.499999761581420898e-02
4.934956133365631104e-01 -1.782622560858726501e-02 6.499999761581420898e-02
4.940470755100250244e-01 -1.755749247968196869e-02 6.499999761581420898e-02
4.945985972881317139e-01 -1.728874817490577698e-02 6.499999761581420898e-02
4.951500594615936279e-01 -1.702001504600048065e-02 6.499999761581420898e-02
4.957015514373779297e-01 -1.675128005445003510e-02 6.499999761581420898e-02
4.962530732154846191e-01 -1.648253574967384338e-02 6.499999761581420898e-02
4.968045353889465332e-01 -1.621380262076854706e-02 6.499999761581420898e-02
4.973560571670532227e-01 -1.594505831599235535e-02 6.499999761581420898e-02
4.979075193405151367e-01 -1.567632332444190979e-02 6.499999761581420898e-02
4.984468519687652588e-01 -1.541444193571805954e-02 6.499999761581420898e-02
4.989654123783111572e-01 -1.516424398869276047e-02 6.499999761581420898e-02
4.994839727878570557e-01 -1.491405535489320755e-02 6.499999761581420898e-02
5.000025629997253418e-01 -1.466385833919048309e-02 6.499999761581420898e-02
5.005210638046264648e-01 -1.441366970539093018e-02 6.499999761581420898e-02
5.010396242141723633e-01 -1.416348107159137726e-02 6.499999761581420898e-02
5.015581846237182617e-01 -1.391328405588865280e-02 6.499999761581420898e-02
5.020767450332641602e-01 -1.366309542208909988e-02 6.499999761581420898e-02
5.025953054428100586e-01 -1.341289747506380081e-02 6.499999761581420898e-02
5.031138658523559570e-01 -1.316270977258682251e-02 6.499999761581420898e-02
5.036324262619018555e-01 -1.291252113878726959e-02 6.499999761581420898e-02
5.041509866714477539e-01 -1.266232319176197052e-02 6.499999761581420898e-02
5.046695470809936523e-01 -1.241213548928499222e-02 6.499999761581420898e-02
5.051820874214172363e-01 -1.216651592403650284e-02 6.499999761581420898e-02
5.056670904159545898e-01 -1.194186229258775711e-02 6.499999761581420898e-02
5.061520934104919434e-01 -1.171720866113901138e-02 6.499999761581420898e-02
5.066370964050292969e-01 -1.149254571646451950e-02 6.499999761581420898e-02
5.071220993995666504e-01 -1.126789208501577377e-02 6.499999761581420898e-02
5.076071023941040039e-01 -1.104323007166385651e-02 6.499999761581420898e-02
5.080921053886413574e-01 -1.081857644021511078e-02 6.499999761581420898e-02
5.085770487785339355e-01 -1.059392280876636505e-02 6.499999761581420898e-02
5.090621113777160645e-01 -1.036926079541444778e-02 6.499999761581420898e-02
5.095470547676086426e-01 -1.014460716396570206e-02 6.499999761581420898e-02
5.100321173667907715e-01 -9.919945150613784790e-03 6.499999761581420898e-02
5.105170607566833496e-01 -9.695291519165039062e-03 6.499999761581420898e-02
5.110020637512207031e-01 -9.470637887716293335e-03 6.499999761581420898e-02
5.113863348960876465e-01 -9.289902634918689728e-03 6.499999761581420898e-02
5.116793513298034668e-01 -9.148966521024703979e-03 6.499999761581420898e-02
5.119724273681640625e-01 -9.008025750517845154e-03 6.499999761581420898e-02
5.122653841972351074e-01 -8.867090567946434021e-03 6.499999761581420898e-02
5.125584006309509277e-01 -8.726154454052448273e-03 6.499999761581420898e-02
5.128514766693115234e-01 -8.585213683545589447e-03 6.499999761581420898e-02
5.131444931030273438e-01 -8.444278500974178314e-03 6.499999761581420898e-02
5.134375095367431641e-01 -8.303336799144744873e-03 6.499999761581420898e-02
5.137305259704589844e-01 -8.162401616573333740e-03 6.499999761581420898e-02
5.140235424041748047e-01 -8.021466434001922607e-03 6.499999761581420898e-02
5.143165588378906250e-01 -7.880524732172489166e-03 6.499999761581420898e-02
5.146095752716064453e-01 -7.739589549601078033e-03 6.499999761581420898e-02
5.149025917053222656e-01 -7.598648779094219208e-03 6.499999761581420898e-02
5.151956081390380859e-01 -7.457713130861520767e-03 6.499999761581420898e-02
5.154886245727539062e-01 -7.316777482628822327e-03 6.499999761581420898e-02
5.160746574401855469e-01 -7.034900598227977753e-03 6.499999761581420898e-02
5.166630148887634277e-01 -6.875018589198589325e-03 6.499999761581420898e-02
5.172513127326965332e-01 -6.715148687362670898e-03 6.499999761581420898e-02
5.178413391113281250e-01 -6.561608985066413879e-03 6.499999761581420898e-02
5.184344649314880371e-01 -6.419310346245765686e-03 6.499999761581420898e-02
5.190275907516479492e-01 -6.277012173086404800e-03 6.499999761581420898e-02
5.196207761764526367e-01 -6.134703289717435837e-03 6.499999761581420898e-02
5.202139019966125488e-01 -5.992404650896787643e-03 6.499999761581420898e-02
5.208070278167724609e-01 -5.850106477737426758e-03 6.499999761581420898e-02
5.214001536369323730e-01 -5.707808304578065872e-03 6.499999761581420898e-02
5.219932794570922852e-01 -5.565510131418704987e-03 6.499999761581420898e-02
5.225864648818969727e-01 -5.423200782388448715e-03 6.499999761581420898e-02
5.231795907020568848e-01 -5.280902609229087830e-03 6.499999761581420898e-02
5.237727165222167969e-01 -5.138603970408439636e-03 6.499999761581420898e-02
5.243658423423767090e-01 -4.996305797249078751e-03 6.499999761581420898e-02
5.249589681625366211e-01 -4.854007624089717865e-03 6.499999761581420898e-02
5.255521535873413086e-01 -4.711698275059461594e-03 6.499999761581420898e-02
5.261452794075012207e-01 -4.569400101900100708e-03 6.499999761581420898e-02
5.267384052276611328e-01 -4.427101463079452515e-03 6.499999761581420898e-02
5.273315906524658203e-01 -4.284803755581378937e-03 6.499999761581420898e-02
5.279247164726257324e-01 -4.142505116760730743e-03 6.499999761581420898e-02
5.285178422927856445e-01 -4.000196233391761780e-03 6.499999761581420898e-02
5.291126966476440430e-01 -3.867038059979677200e-03 6.499999761581420898e-02
5.297092199325561523e-01 -3.743468783795833588e-03 6.499999761581420898e-02
5.303058028221130371e-01 -3.619899507611989975e-03 6.499999761581420898e-02
5.309023857116699219e-01 -3.496330231428146362e-03 6.499999761581420898e-02
5.314990282058715820e-01 -3.372751642018556595e-03 6.499999761581420898e-02
5.320955514907836914e-01 -3.249182365834712982e-03 6.499999761581420898e-02
5.326921343803405762e-01 -3.125613089650869370e-03 6.499999761581420898e-02
5.332887172698974609e-01 -3.002043813467025757e-03 6.499999761581420898e-02
5.338853001594543457e-01 -2.878474537283182144e-03 6.499999761581420898e-02
5.344818830490112305e-01 -2.754895947873592377e-03 6.499999761581420898e-02
5.350784659385681152e-01 -2.631326671689748764e-03 6.499999761581420898e-02
5.356750488281250000e-01 -2.507757395505905151e-03 6.499999761581420898e-02
5.362716317176818848e-01 -2.384188119322061539e-03 6.499999761581420898e-02
5.368682146072387695e-01 -2.260618843138217926e-03 6.499999761581420898e-02
5.374647974967956543e-01 -2.137040020897984505e-03 6.499999761581420898e-02
5.380613803863525391e-01 -2.013470511883497238e-03 6.499999761581420898e-02
5.386579632759094238e-01 -1.889901468530297279e-03 6.499999761581420898e-02
5.392545461654663086e-01 -1.766332192346453667e-03 6.499999761581420898e-02
5.398510694503784180e-01 -1.642762916162610054e-03 6.499999761581420898e-02
5.403358936309814453e-01 -1.554669579491019249e-03 6.499999761581420898e-02
5.407560467720031738e-01 -1.487076049670577049e-03 6.499999761581420898e-02
5.411762595176696777e-01 -1.419482519850134850e-03 6.499999761581420898e-02
5.415964126586914062e-01 -1.351889106445014477e-03 6.499999761581420898e-02
5.420165657997131348e-01 -1.284295576624572277e-03 6.499999761581420898e-02
5.424367785453796387e-01 -1.216696924529969692e-03 6.499999761581420898e-02
5.428569912910461426e-01 -1.149103394709527493e-03 6.499999761581420898e-02
5.432771444320678711e-01 -1.081509981304407120e-03 6.499999761581420898e-02
5.436972975730895996e-01 -1.013916451483964920e-03 6.499999761581420898e-02
5.441175103187561035e-01 -9.463229216635227203e-04 6.499999761581420898e-02
5.445376634597778320e-01 -8.787242113612592220e-04 6.499999761581420898e-02
5.449578762054443359e-01 -8.111307397484779358e-04 6.499999761581420898e-02
5.453780293464660645e-01 -7.435371517203748226e-04 6.499999761581420898e-02
5.457982420921325684e-01 -6.759437383152544498e-04 6.499999761581420898e-02
5.462183952331542969e-01 -6.083501502871513367e-04 6.499999761581420898e-02
5.466386079788208008e-01 -5.407514981925487518e-04 6.499999761581420898e-02
5.470587611198425293e-01 -4.731580847874283791e-04 6.499999761581420898e-02
5.474789738655090332e-01 -4.055645549669861794e-04 6.499999761581420898e-02
5.478991270065307617e-01 -3.379710251465439796e-04 6.499999761581420898e-02
5.483192801475524902e-01 -2.703774953261017799e-04 6.499999761581420898e-02
5.487394928932189941e-01 -2.027788432314991951e-04 6.499999761581420898e-02
5.491596460342407227e-01 -1.351854298263788223e-04 6.499999761581420898e-02
5.500000119209289551e-01 0.000000000000000000e+00 6.499999761581420898e-02
