1.259181648492813110e-01
1.259182840585708618e-01
1.259182542562484741e-01
1.259181946516036987e-01
1.256070733070373535e-01
1.245538517832756042e-01
1.242399066686630249e-01
1.236236691474914551e-01
1.229997798800468445e-01
1.225508525967597961e-01
1.224413290619850159e-01
1.217186525464057922e-01
1.213215440511703491e-01
1.210951581597328186e-01
1.205815002322196960e-01
1.200524643063545227e-01
1.199595928192138672e-01
1.195611730217933655e-01
1.191645041108131409e-01
1.183488592505455017e-01
1.179806888103485107e-01
1.177252605557441711e-01
1.174892783164978027e-01
1.171759068965911865e-01
1.164328753948211670e-01
1.157426685094833374e-01
1.157149448990821838e-01
1.144635304808616638e-01
1.144470497965812683e-01
1.135025843977928162e-01
1.132422611117362976e-01
1.125052496790885925e-01
1.112058162689208984e-01
1.106857582926750183e-01
1.102366894483566284e-01
1.100911200046539307e-01
1.095189079642295837e-01
1.083687245845794678e-01
1.077857315540313721e-01
1.073464155197143555e-01
1.066751554608345032e-01
1.056172698736190796e-01
1.051382869482040405e-01
1.049640700221061707e-01
1.043904796242713928e-01
1.037820205092430115e-01
1.025253534317016602e-01
1.025274321436882019e-01
1.014090701937675476e-01
1.014551818370819092e-01
1.006625071167945862e-01
1.000121906399726868e-01
9.974247217178344727e-02
9.860403090715408325e-02
9.815220534801483154e-02
9.801900386810302734e-02
9.788851439952850342e-02
9.684050083160400391e-02
9.593901783227920532e-02
9.533686190843582153e-02
9.508167207241058350e-02
9.403619170188903809e-02
9.401329606771469116e-02
9.340211004018783569e-02
9.243881702423095703e-02
9.233500808477401733e-02
9.131257981061935425e-02
9.102521836757659912e-02
8.994656056165695190e-02
8.955275267362594604e-02
8.927529305219650269e-02
8.875896781682968140e-02
8.763245493173599243e-02
8.724718540906906128e-02
8.692791312932968140e-02
8.555931597948074341e-02
8.525533229112625122e-02
8.352467417716979980e-02
8.278381824493408203e-02
8.266357332468032837e-02
7.959331572055816650e-02
7.962784916162490845e-02
7.739030569791793823e-02
7.416920363903045654e-02
7.504735141992568970e-02
7.555636763572692871e-02
7.146294414997100830e-02
6.931234151124954224e-02
6.978450715541839600e-02
6.566400825977325439e-02
6.355079263448715210e-02
6.355861574411392212e-02
6.342652440071105957e-02
5.926086381077766418e-02
5.876855179667472839e-02
5.755075812339782715e-02
5.587929859757423401e-02
5.606523156166076660e-02
5.455154180526733398e-02
5.440825596451759338e-02
5.385193228721618652e-02
5.297551304101943970e-02
5.257416516542434692e-02
5.202662572264671326e-02
5.154582485556602478e-02
4.999125003814697266e-02
4.914361983537673950e-02
4.902065172791481018e-02
4.839247092604637146e-02
4.849199578166007996e-02
4.770998656749725342e-02
4.585685580968856812e-02
4.568301886320114136e-02
4.477373138070106506e-02
4.368961974978446960e-02
4.379152506589889526e-02
4.382828995585441589e-02
4.381484165787696838e-02
4.310877993702888489e-02
4.103332012891769409e-02
3.832032158970832825e-02
3.852559998631477356e-02
3.920163214206695557e-02
4.015043377876281738e-02
3.912274166941642761e-02
3.907449543476104736e-02
3.908358141779899597e-02
3.908324614167213440e-02
3.908570110797882080e-02
3.908332809805870056e-02
3.908494859933853149e-02
3.908469155430793762e-02
3.908490017056465149e-02
3.908557817339897156e-02
3.908468410372734070e-02
3.908481821417808533e-02
3.908484801650047302e-02
3.908427432179450989e-02
3.908517211675643921e-02
3.908455744385719299e-02
3.908531367778778076e-02
3.908566758036613464e-02
3.908488154411315918e-02
3.908501937985420227e-02
3.908457607030868530e-02
3.908465802669525146e-02
3.908499702811241150e-02
3.908461704850196838e-02
3.836967796087265015e-02
3.502012416720390320e-02
3.345917910337448120e-02
3.370275720953941345e-02
3.361469879746437073e-02
3.186608105897903442e-02
3.127421066164970398e-02
3.129839897155761719e-02
3.132537752389907837e-02
3.132191672921180725e-02
3.129856660962104797e-02
3.130722418427467346e-02
3.130793571472167969e-02
3.130713477730751038e-02
3.130809590220451355e-02
3.130735084414482117e-02
3.130744397640228271e-02
3.130778297781944275e-02
3.130766376852989197e-02
3.130769729614257812e-02
3.130747750401496887e-02
3.130748122930526733e-02
3.130763769149780273e-02
3.130732849240303040e-02
3.130732849240303040e-02
3.130736202001571655e-02
3.130717948079109192e-02
3.130742162466049194e-02
3.130720928311347961e-02
3.130742534995079041e-02
2.990079484879970551e-02
3.405314683914184570e-02
3.917391225695610046e-02
3.899054229259490967e-02
3.965209424495697021e-02
3.965060785412788391e-02
4.091275855898857117e-02
4.103077575564384460e-02
4.147220775485038757e-02
4.243550077080726624e-02
4.454060271382331848e-02
4.366734996438026428e-02
4.207689687609672546e-02
4.145826399326324463e-02
3.944110125303268433e-02
3.805455192923545837e-02
3.611717000603675842e-02
3.605591878294944763e-02
3.521377965807914734e-02
3.363826125860214233e-02
3.304222226142883301e-02
3.012248873710632324e-02
2.974995598196983337e-02
2.773596905171871185e-02
2.721022628247737885e-02
2.620819024741649628e-02
2.569254115223884583e-02
2.272622659802436829e-02
2.224700525403022766e-02
2.114750444889068604e-02
2.060827985405921936e-02
1.970528624951839447e-02
1.771209575235843658e-02
1.598118245601654053e-02
1.478116121143102646e-02
1.304252725094556808e-02
1.224080473184585571e-02
1.117598172277212143e-02
1.004218496382236481e-02
9.684164077043533325e-03
9.702896699309349060e-03
8.707296103239059448e-03
7.510983850806951523e-03
6.018042098730802536e-03
6.045816000550985336e-03
4.446677397936582565e-03
3.896960290148854256e-03
4.176562651991844177e-03
4.459423944354057312e-03
4.775348585098981857e-03
6.333967670798301697e-03
7.351435255259275436e-03
7.291770074516534805e-03
8.303954266011714935e-03
9.904185310006141663e-03
1.214765198528766632e-02
1.364356931298971176e-02
1.351386215537786484e-02
1.532683707773685455e-02
1.750237680971622467e-02
1.744146272540092468e-02
1.903219893574714661e-02
2.166605927050113678e-02
2.306465245783329010e-02
2.433884143829345703e-02
2.500194497406482697e-02
2.726288326084613800e-02
2.820712514221668243e-02
2.842704392969608307e-02
3.098231181502342224e-02
3.148826584219932556e-02
3.288940340280532837e-02
3.502561524510383606e-02
3.505070134997367859e-02
3.697877749800682068e-02
3.942718729376792908e-02
4.087628051638603210e-02
4.166740179061889648e-02
4.172935709357261658e-02
4.425595328211784363e-02
4.482351988554000854e-02
4.683401808142662048e-02
4.830161109566688538e-02
4.984051734209060669e-02
5.061899125576019287e-02
5.099922418594360352e-02
5.173673480749130249e-02
5.272340029478073120e-02
5.471989512443542480e-02
5.639342591166496277e-02
5.846790224313735962e-02
5.850953981280326843e-02
6.037350744009017944e-02
6.203868612647056580e-02
6.409573554992675781e-02
6.637790054082870483e-02
6.643756479024887085e-02
6.885512173175811768e-02
6.958924233913421631e-02
7.276456803083419800e-02
7.289527356624603271e-02
7.456545531749725342e-02
7.654348760843276978e-02
7.695403695106506348e-02
7.842086255550384521e-02
8.026666939258575439e-02
8.109422773122787476e-02
8.257919549942016602e-02
8.492453396320343018e-02
8.501653373241424561e-02
8.719871193170547485e-02
8.766991645097732544e-02
8.759547770023345947e-02
8.817031234502792358e-02
8.816208690404891968e-02
8.748368173837661743e-02
8.605081588029861450e-02
8.564276993274688721e-02
8.501282334327697754e-02
8.384267240762710571e-02
8.339268714189529419e-02
8.243599534034729004e-02
8.096735179424285889e-02
8.087315410375595093e-02
7.954416424036026001e-02
7.851999998092651367e-02
7.768504321575164795e-02
7.705634087324142456e-02
7.605380564928054810e-02
7.514276355504989624e-02
7.480534911155700684e-02
7.417091727256774902e-02
7.353531569242477417e-02
7.287431508302688599e-02
7.234562188386917114e-02
7.142964005470275879e-02
7.039816677570343018e-02
6.957261264324188232e-02
6.961306184530258179e-02
6.923142820596694946e-02
6.899122148752212524e-02
6.898482888936996460e-02
6.823717802762985229e-02
6.739484518766403198e-02
6.623703986406326294e-02
6.383504718542098999e-02
6.324675679206848145e-02
6.259941309690475464e-02
6.000943854451179504e-02
5.967571958899497986e-02
5.777537822723388672e-02
5.694165080785751343e-02
5.549990013241767883e-02
5.332644656300544739e-02
5.230196565389633179e-02
5.058750510215759277e-02
5.044162273406982422e-02
4.794232547283172607e-02
4.714942723512649536e-02
4.669899493455886841e-02
4.466609284281730652e-02
4.265340045094490051e-02
4.211105406284332275e-02
4.083410650491714478e-02
3.978237509727478027e-02
3.857232630252838135e-02
3.579863533377647400e-02
3.520755842328071594e-02
3.345170244574546814e-02
3.247002139687538147e-02
3.048183396458625793e-02
2.989923395216464996e-02
2.847894467413425446e-02
2.749586477875709534e-02
2.534784004092216492e-02
2.467152848839759827e-02
2.291035652160644531e-02
2.249524742364883423e-02
2.123607508838176727e-02
2.040332369506359100e-02
2.044779248535633087e-02
1.974857598543167114e-02
1.735664717853069305e-02
1.566509902477264404e-02
1.343862898647785187e-02
1.359188649803400040e-02
1.365359127521514893e-02
1.219891943037509918e-02
1.055161654949188232e-02
9.558019228279590607e-03
7.424258161336183548e-03
6.036586593836545944e-03
5.085662472993135452e-03
6.254258565604686737e-03
3.934516571462154388e-03
4.165438003838062286e-03
5.386025644838809967e-03
2.218520501628518105e-03
2.742041135206818581e-03
4.675686825066804886e-03
5.284062586724758148e-03
6.816542707383632660e-03
8.347660303115844727e-03
8.470083586871623993e-03
1.095656398683786392e-02
1.164910476654767990e-02
1.180688850581645966e-02
1.335095241665840149e-02
1.506330445408821106e-02
1.610130444169044495e-02
1.690151542425155640e-02
1.904303580522537231e-02
1.946401037275791168e-02
2.118157595396041870e-02
2.193489111959934235e-02
2.384210936725139618e-02
2.564538083970546722e-02
2.720103040337562561e-02
2.815287187695503235e-02
2.876470983028411865e-02
3.033145889639854431e-02
3.207271546125411987e-02
3.382302820682525635e-02
3.444937616586685181e-02
3.519820794463157654e-02
3.765071183443069458e-02
3.859335556626319885e-02
4.017625004053115845e-02
4.141407459974288940e-02
4.283063113689422607e-02
4.400786757469177246e-02
4.610532149672508240e-02
4.632852226495742798e-02
4.709390178322792053e-02
4.923286661505699158e-02
5.061077326536178589e-02
5.002411082386970520e-02
5.310248956084251404e-02
5.314568057656288147e-02
5.528564751148223877e-02
5.584916099905967712e-02
5.607359483838081360e-02
5.619172379374504089e-02
5.791806429624557495e-02
5.970249697566032410e-02
5.958664789795875549e-02
6.102976202964782715e-02
6.185026466846466064e-02
6.310805678367614746e-02
6.574749201536178589e-02
6.583659350872039795e-02
6.591092050075531006e-02
6.348764896392822266e-02
6.239799410104751587e-02
6.048917397856712341e-02
5.933266505599021912e-02
5.776130408048629761e-02
5.622459575533866882e-02
5.658066645264625549e-02
5.685771256685256958e-02
5.480740964412689209e-02
5.429506301879882812e-02
5.371440574526786804e-02
5.158293247222900391e-02
5.056719854474067688e-02
4.912687465548515320e-02
4.509123787283897400e-02
4.239131882786750793e-02
3.972189128398895264e-02
3.851540759205818176e-02
3.682339563965797424e-02
3.604574128985404968e-02
3.217092901468276978e-02
3.171716257929801941e-02
3.162575513124465942e-02
2.816133573651313782e-02
2.799549698829650879e-02
2.718384936451911926e-02
2.607918158173561096e-02
2.613829635083675385e-02
2.456953004002571106e-02
2.435761876404285431e-02
2.425070293247699738e-02
2.361401170492172241e-02
2.441058494150638580e-02
2.435387298464775085e-02
2.326793223619461060e-02
2.293656207621097565e-02
2.171305380761623383e-02
2.243264578282833099e-02
2.358703874051570892e-02
2.494681626558303833e-02
2.688109315931797028e-02
2.672148309648036957e-02
2.655001170933246613e-02
2.643651142716407776e-02
2.875028178095817566e-02
2.950028702616691589e-02
3.068661689758300781e-02
3.125597536563873291e-02
3.169582784175872803e-02
3.392449766397476196e-02
3.528178110718727112e-02
3.579368814826011658e-02
3.603962436318397522e-02
3.693230822682380676e-02
3.764636442065238953e-02
4.028575494885444641e-02
4.933155328035354614e-02
5.217858776450157166e-02
5.201962590217590332e-02
5.347492918372154236e-02
5.771091580390930176e-02
5.832244828343391418e-02
6.224547699093818665e-02
6.282141059637069702e-02
6.037771329283714294e-02
5.913648754358291626e-02
5.836741998791694641e-02
5.607700347900390625e-02
5.418313667178153992e-02
5.293109267950057983e-02
5.054164677858352661e-02
4.954614490270614624e-02
4.902486875653266907e-02
4.616741091012954712e-02
4.612535610795021057e-02
4.331235587596893311e-02
4.284540191292762756e-02
4.063791036605834961e-02
3.929931670427322388e-02
3.902971372008323669e-02
3.654609248042106628e-02
3.450699523091316223e-02
3.395725414156913757e-02
3.143028542399406433e-02
3.025261312723159790e-02
3.036168962717056274e-02
3.035242855548858643e-02
3.022900409996509552e-02
2.915343269705772400e-02
2.573261596262454987e-02
1.984490081667900085e-02
1.818292774260044098e-02
1.469509210437536240e-02
1.381635852158069611e-02
8.688890375196933746e-03
6.274500396102666855e-03
6.410986185073852539e-03
8.175604976713657379e-03
8.564820513129234314e-03
8.643696084618568420e-03
1.212635729461908340e-02
1.294773910194635391e-02
1.373971812427043915e-02
1.579532586038112640e-02
1.529222540557384491e-02
1.575405709445476532e-02
1.705979742109775543e-02
1.727728918194770813e-02
1.719052530825138092e-02
1.906955987215042114e-02
1.932088099420070648e-02
2.054193243384361267e-02
2.178658545017242432e-02
2.234967797994613647e-02
2.427388168871402740e-02
2.626870386302471161e-02
2.650840021669864655e-02
2.843663655221462250e-02
3.036176227033138275e-02
2.980308793485164642e-02
3.072519227862358093e-02
3.365259617567062378e-02
3.373396024107933044e-02
3.596804291009902954e-02
3.654149547219276428e-02
3.735385090112686157e-02
3.756796196103096008e-02
3.867793083190917969e-02
3.873011097311973572e-02
3.939362987875938416e-02
4.061545431613922119e-02
4.080171138048171997e-02
4.153450205922126770e-02
4.251552373170852661e-02
4.392417892813682556e-02
4.426768422126770020e-02
4.474973306059837341e-02
4.563140496611595154e-02
4.593167826533317566e-02
4.632291570305824280e-02
4.681723937392234802e-02
4.778259992599487305e-02
4.794156923890113831e-02
4.851704835891723633e-02
4.905382171273231506e-02
5.016362667083740234e-02
5.030633881688117981e-02
5.073525384068489075e-02
5.170709267258644104e-02
5.227863043546676636e-02
5.244008824229240417e-02
5.344575271010398865e-02
5.346282571554183960e-02
5.453827232122421265e-02
5.490488186478614807e-02
5.502343922853469849e-02
5.591700971126556396e-02
5.578740686178207397e-02
5.594222247600555420e-02
5.681566521525382996e-02
5.717896297574043274e-02
5.806801840662956238e-02
5.842922627925872803e-02
5.890113487839698792e-02
5.914399027824401855e-02
5.959710106253623962e-02
6.040030345320701599e-02
6.082262843847274780e-02
6.101220846176147461e-02
6.193492561578750610e-02
6.252884864807128906e-02
6.296095997095108032e-02
6.317803263664245605e-02
6.347915530204772949e-02
6.431777030229568481e-02
6.457217782735824585e-02
6.506130844354629517e-02
6.578803062438964844e-02
6.591061502695083618e-02
6.637375056743621826e-02
6.689620018005371094e-02
6.733157485723495483e-02
6.826559454202651978e-02
6.834411621093750000e-02
6.918161362409591675e-02
6.954105198383331299e-02
6.973406672477722168e-02
6.981178373098373413e-02
6.980902701616287231e-02
6.981000304222106934e-02
7.077182829380035400e-02
7.113183289766311646e-02
7.143953442573547363e-02
7.242979109287261963e-02
7.243459671735763550e-02
7.302369922399520874e-02
7.354111224412918091e-02
7.391099631786346436e-02
7.448807358741760254e-02
7.491809129714965820e-02
7.521601021289825439e-02
7.589198648929595947e-02
7.672140747308731079e-02
7.696779817342758179e-02
7.788264006376266479e-02
7.865180820226669312e-02
7.902799546718597412e-02
7.901718467473983765e-02
8.008795231580734253e-02
8.047105371952056885e-02
8.072924613952636719e-02
8.120469748973846436e-02
8.163886517286300659e-02
8.269503712654113770e-02
8.268386125564575195e-02
8.351989090442657471e-02
8.384136855602264404e-02
8.433466404676437378e-02
8.482312411069869995e-02
8.553960174322128296e-02
8.594004064798355103e-02
8.648625016212463379e-02
8.701825886964797974e-02
8.734323084354400635e-02
8.839225023984909058e-02
8.840392529964447021e-02
8.913063257932662964e-02
8.991343528032302856e-02
8.997754752635955811e-02
9.032791107892990112e-02
9.171790629625320435e-02
9.204888343811035156e-02
9.220999479293823242e-02
9.267593175172805786e-02
9.391789138317108154e-02
9.432907402515411377e-02
9.440294653177261353e-02
9.529296308755874634e-02
9.589655697345733643e-02
9.614875912666320801e-02
9.654910117387771606e-02
9.697680920362472534e-02
9.817238897085189819e-02
9.856959432363510132e-02
9.873596578836441040e-02
9.970700740814208984e-02
9.977578371763229370e-02
1.003372743725776672e-01
1.013202890753746033e-01
1.012896224856376648e-01
1.021179631352424622e-01
1.030085682868957520e-01
1.032076776027679443e-01
1.036916896700859070e-01
1.041724234819412231e-01
1.046941131353378296e-01
1.057854369282722473e-01
1.057319268584251404e-01
1.057049781084060669e-01
1.068387702107429504e-01
1.076311022043228149e-01
1.080555096268653870e-01
1.085504144430160522e-01
1.092391610145568848e-01
1.096284911036491394e-01
1.095951274037361145e-01
1.096380725502967834e-01
1.112920194864273071e-01
1.121819540858268738e-01
1.126590073108673096e-01
1.131093353033065796e-01
1.141344010829925537e-01
1.146421432495117188e-01
1.152157783508300781e-01
1.152482554316520691e-01
1.157232969999313354e-01
1.170905753970146179e-01
1.175081804394721985e-01
1.176695004105567932e-01
1.184466555714607239e-01
1.187725812196731567e-01
1.192562058568000793e-01
1.198227554559707642e-01
1.202543526887893677e-01
1.214413791894912720e-01
1.216055005788803101e-01
1.218736246228218079e-01
1.219440996646881104e-01
1.219557151198387146e-01
1.220162883400917053e-01
1.231684535741806030e-01
1.236402988433837891e-01
1.248866915702819824e-01
1.248636916279792786e-01
1.260113269090652466e-01
1.263369917869567871e-01
1.266192495822906494e-01
1.271237283945083618e-01
1.277088224887847900e-01
1.285764873027801514e-01
1.288492530584335327e-01
1.291967332363128662e-01
1.297805756330490112e-01
1.308729946613311768e-01
1.312552243471145630e-01
1.316943317651748657e-01
1.326317042112350464e-01
1.331571191549301147e-01
1.334076523780822754e-01
1.337531358003616333e-01
1.343207210302352905e-01
1.351227015256881714e-01
1.352026015520095825e-01
1.363303214311599731e-01
1.364717632532119751e-01
1.375672221183776855e-01
1.379856318235397339e-01
1.380142569541931152e-01
1.392767131328582764e-01
1.398684233427047729e-01
1.402428746223449707e-01
1.404102891683578491e-01
1.415313184261322021e-01
1.420287191867828369e-01
1.427120119333267212e-01
1.428889930248260498e-01
1.435015946626663208e-01
1.444245576858520508e-01
1.449218839406967163e-01
1.455306708812713623e-01
1.461694240570068359e-01
1.467011570930480957e-01
1.472477316856384277e-01
1.474993675947189331e-01
1.484000235795974731e-01
1.488768756389617920e-01
1.494719088077545166e-01
1.504286378622055054e-01
1.506971418857574463e-01
1.510393619537353516e-01
1.517729610204696655e-01
1.520149856805801392e-01
1.532889455556869507e-01
1.535741537809371948e-01
1.545270383358001709e-01
1.545861661434173584e-01
1.545682549476623535e-01
1.555880457162857056e-01
1.562038511037826538e-01
1.571046262979507446e-01
1.575706303119659424e-01
1.582596153020858765e-01
1.586139500141143799e-01
1.590163856744766235e-01
1.596128195524215698e-01
1.604173928499221802e-01
1.610794365406036377e-01
1.613802462816238403e-01
1.619699448347091675e-01
1.625337302684783936e-01
1.629859656095504761e-01
1.635583490133285522e-01
1.642746627330780029e-01
1.653263866901397705e-01
1.654502153396606445e-01
1.660565584897994995e-01
1.663353592157363892e-01
1.663898229598999023e-01
1.675110906362533569e-01
1.674814820289611816e-01
1.682293564081192017e-01
1.690314561128616333e-01
1.694629639387130737e-01
1.699405312538146973e-01
1.709786951541900635e-01
1.716648936271667480e-01
1.719462424516677856e-01
1.720646619796752930e-01
1.728766709566116333e-01
1.737034320831298828e-01
1.746263206005096436e-01
1.748055070638656616e-01
1.752356290817260742e-01
1.761353760957717896e-01
1.763685494661331177e-01
1.765891909599304199e-01
1.773380935192108154e-01
1.777054220438003540e-01
1.779934167861938477e-01
1.781104207038879395e-01
1.784987747669219971e-01
1.799678057432174683e-01
1.808642297983169556e-01
1.809999495744705200e-01
1.819127798080444336e-01
1.823881119489669800e-01
1.829007863998413086e-01
1.834044009447097778e-01
1.833515614271163940e-01
1.843303740024566650e-01
1.849255114793777466e-01
1.854417622089385986e-01
1.857654005289077759e-01
1.865575462579727173e-01
1.873933076858520508e-01
1.875117123126983643e-01
1.878330707550048828e-01
1.887172758579254150e-01
1.890302896499633789e-01
1.893258839845657349e-01
1.900637894868850708e-01
1.904635131359100342e-01
1.910066455602645874e-01
1.915730237960815430e-01
1.920480877161026001e-01
1.929695159196853638e-01
1.930515170097351074e-01
1.937721222639083862e-01
1.939319819211959839e-01
1.941005587577819824e-01
1.949375271797180176e-01
1.952097564935684204e-01
1.957347542047500610e-01
1.962283998727798462e-01
1.968932598829269409e-01
1.977730691432952881e-01
1.977860778570175171e-01
1.978978067636489868e-01
1.991920918226242065e-01
1.993582844734191895e-01
1.998404264450073242e-01
2.004493474960327148e-01
2.006810009479522705e-01
2.014904320240020752e-01
2.016370445489883423e-01
2.023254483938217163e-01
2.028555572032928467e-01
2.030306607484817505e-01
2.038789391517639160e-01
2.040398865938186646e-01
2.046623677015304565e-01
2.050926685333251953e-01
2.054833769798278809e-01
2.059970349073410034e-01
2.064207494258880615e-01
2.067720293998718262e-01
2.073610574007034302e-01
2.077976018190383911e-01
2.081479132175445557e-01
2.086881697177886963e-01
2.086783498525619507e-01
2.090205103158950806e-01
2.090436518192291260e-01
2.090393900871276855e-01
2.094251513481140137e-01
2.096127867698669434e-01
2.099949568510055542e-01
2.101068347692489624e-01
2.100901007652282715e-01
2.100638151168823242e-01
2.104194909334182739e-01
2.106010615825653076e-01
2.111731022596359253e-01
2.113362252712249756e-01
2.115319073200225830e-01
2.119664251804351807e-01
2.120057344436645508e-01
2.121539264917373657e-01
2.123791426420211792e-01
2.125566899776458740e-01
2.128082811832427979e-01
2.128752768039703369e-01
2.134122550487518311e-01
2.134337574243545532e-01
2.136354148387908936e-01
2.139062583446502686e-01
2.140660732984542847e-01
2.140825241804122925e-01
2.144608646631240845e-01
2.145317345857620239e-01
2.150176614522933960e-01
2.151767760515213013e-01
2.154201269149780273e-01
2.156639397144317627e-01
2.158053815364837646e-01
2.157931476831436157e-01
2.158252447843551636e-01
2.163382917642593384e-01
2.167507857084274292e-01
2.169029265642166138e-01
2.170162945985794067e-01
2.173393368721008301e-01
2.175464332103729248e-01
2.175969183444976807e-01
2.179757803678512573e-01
2.183011621236801147e-01
2.183312475681304932e-01
2.182200551033020020e-01
2.180897593498229980e-01
2.180138975381851196e-01
2.179329097270965576e-01
2.177597135305404663e-01
2.176160067319869995e-01
2.175303846597671509e-01
2.174291759729385376e-01
2.171646058559417725e-01
2.171851396560668945e-01
2.170783579349517822e-01
2.170092463493347168e-01
2.168370932340621948e-01
2.166625857353210449e-01
2.167315781116485596e-01
2.163626551628112793e-01
2.164767533540725708e-01
2.161484807729721069e-01
2.162008583545684814e-01
2.162194103002548218e-01
2.159403711557388306e-01
2.158778905868530273e-01
2.156579047441482544e-01
2.156823277473449707e-01
2.154574692249298096e-01
2.154554277658462524e-01
2.154228389263153076e-01
2.152619510889053345e-01
2.150665819644927979e-01
2.150200903415679932e-01
2.148207724094390869e-01
2.146534472703933716e-01
2.146750390529632568e-01
2.144778072834014893e-01
2.144578397274017334e-01
2.143433243036270142e-01
2.142290621995925903e-01
2.141357213258743286e-01
2.140749841928482056e-01
2.139638662338256836e-01
2.137367576360702515e-01
2.136479020118713379e-01
2.135213762521743774e-01
2.134663015604019165e-01
2.133771479129791260e-01
2.133292257785797119e-01
2.130732685327529907e-01
2.129107266664505005e-01
2.129123508930206299e-01
2.128523886203765869e-01
2.126724272966384888e-01
2.127259373664855957e-01
2.125588506460189819e-01
2.123923450708389282e-01
2.122640758752822876e-01
2.122829258441925049e-01
2.121356427669525146e-01
2.120608389377593994e-01
2.118750810623168945e-01
2.118272483348846436e-01
2.116722017526626587e-01
2.116171717643737793e-01
2.114978730678558350e-01
2.114830166101455688e-01
2.114830166101455688e-01
2.111910730600357056e-01
2.111460715532302856e-01
2.109747976064682007e-01
2.108569145202636719e-01
2.107015550136566162e-01
2.107545733451843262e-01
2.105724513530731201e-01
2.104863375425338745e-01
2.103737890720367432e-01
2.103598862886428833e-01
2.102488577365875244e-01
2.101476639509201050e-01
2.100560069084167480e-01
2.099512517452239990e-01
2.100203931331634521e-01
2.097376435995101929e-01
2.097367644309997559e-01
2.095979899168014526e-01
2.095073163509368896e-01
2.093971371650695801e-01
2.093623876571655273e-01
2.092684209346771240e-01
2.091486901044845581e-01
2.090667188167572021e-01
2.090029567480087280e-01
2.090461105108261108e-01
2.090324610471725464e-01
2.088018059730529785e-01
2.088722288608551025e-01
2.087333053350448608e-01
2.086813598871231079e-01
2.086703777313232422e-01
2.086783498525619507e-01
2.083752751350402832e-01
2.084774672985076904e-01
2.082160711288452148e-01
2.082191258668899536e-01
2.080768048763275146e-01
2.080873250961303711e-01
2.079906612634658813e-01
2.079358845949172974e-01
2.078504860401153564e-01
2.077254205942153931e-01
2.077497541904449463e-01
2.075912952423095703e-01
2.076279222965240479e-01
2.075214087963104248e-01
2.074517160654067993e-01
2.074552476406097412e-01
2.072982043027877808e-01
2.072855830192565918e-01
2.072062343358993530e-01
