3.780464529991149902e-01 -4.511298239231109619e-01 6.499999761581420898e-02
3.784424960613250732e-01 -4.510164260864257812e-01 6.499999761581420898e-02
3.788385391235351562e-01 -4.509030282497406006e-01 6.499999761581420898e-02
3.792346119880676270e-01 -4.507896304130554199e-01 6.499999761581420898e-02
3.796306550502777100e-01 -4.506762325763702393e-01 6.499999761581420898e-02
3.800266981124877930e-01 -4.505628347396850586e-01 6.499999761581420898e-02
3.804227411746978760e-01 -4.504494369029998779e-01 6.499999761581420898e-02
3.808187842369079590e-01 -4.503360390663146973e-01 6.499999761581420898e-02
3.812148571014404297e-01 -4.502226412296295166e-01 6.499999761581420898e-02
3.816109001636505127e-01 -4.501092433929443359e-01 6.499999761581420898e-02
3.820069432258605957e-01 -4.499958455562591553e-01 6.499999761581420898e-02
3.824029862880706787e-01 -4.498824477195739746e-01 6.499999761581420898e-02
3.827990293502807617e-01 -4.497690498828887939e-01 6.499999761581420898e-02
3.831951022148132324e-01 -4.496556520462036133e-01 6.499999761581420898e-02
3.835911452770233154e-01 -4.495422542095184326e-01 6.499999761581420898e-02
3.839871883392333984e-01 -4.494288563728332520e-01 6.499999761581420898e-02
3.843832314014434814e-01 -4.493154585361480713e-01 6.499999761581420898e-02
3.847792744636535645e-01 -4.492020606994628906e-01 6.499999761581420898e-02
3.851753473281860352e-01 -4.490886628627777100e-01 6.499999761581420898e-02
3.855713903903961182e-01 -4.489752650260925293e-01 6.499999761581420898e-02
3.859674334526062012e-01 -4.488618671894073486e-01 6.499999761581420898e-02
3.863634765148162842e-01 -4.487484693527221680e-01 6.499999761581420898e-02
3.867595493793487549e-01 -4.486350715160369873e-01 6.499999761581420898e-02
3.871555924415588379e-01 -4.485216736793518066e-01 6.499999761581420898e-02
3.877068161964416504e-01 -4.483494460582733154e-01 6.499999761581420898e-02
3.883098065853118896e-01 -4.481575787067413330e-01 6.499999761581420898e-02
3.889128267765045166e-01 -4.479657113552093506e-01 6.499999761581420898e-02
3.895158171653747559e-01 -4.477738738059997559e-01 6.499999761581420898e-02
3.901188075542449951e-01 -4.475820064544677734e-01 6.499999761581420898e-02
3.907217979431152344e-01 -4.473901391029357910e-01 6.499999761581420898e-02
3.913248181343078613e-01 -4.471982717514038086e-01 6.499999761581420898e-02
3.919278085231781006e-01 -4.470064342021942139e-01 6.499999761581420898e-02
3.925307989120483398e-01 -4.468145668506622314e-01 6.499999761581420898e-02
3.931338191032409668e-01 -4.466226994991302490e-01 6.499999761581420898e-02
3.937368094921112061e-01 -4.464308619499206543e-01 6.499999761581420898e-02
3.943397998809814453e-01 -4.462389945983886719e-01 6.499999761581420898e-02
3.949427902698516846e-01 -4.460471272468566895e-01 6.499999761581420898e-02
3.955458104610443115e-01 -4.458552598953247070e-01 6.499999761581420898e-02
3.961488008499145508e-01 -4.456634223461151123e-01 6.499999761581420898e-02
3.967517912387847900e-01 -4.454715549945831299e-01 6.499999761581420898e-02
3.973548114299774170e-01 -4.452796876430511475e-01 6.499999761581420898e-02
3.979578018188476562e-01 -4.450878500938415527e-01 6.499999761581420898e-02
3.985607922077178955e-01 -4.448959827423095703e-01 6.499999761581420898e-02
3.991638123989105225e-01 -4.447041153907775879e-01 6.499999761581420898e-02
3.997668027877807617e-01 -4.445122480392456055e-01 6.499999761581420898e-02
4.003024697303771973e-01 -4.442996382713317871e-01 6.499999761581420898e-02
4.008329510688781738e-01 -4.440853893756866455e-01 6.499999761581420898e-02
4.013634324073791504e-01 -4.438711702823638916e-01 6.499999761581420898e-02
4.018939137458801270e-01 -4.436569213867187500e-01 6.499999761581420898e-02
4.024243950843811035e-01 -4.434427022933959961e-01 6.499999761581420898e-02
4.029548466205596924e-01 -4.432284832000732422e-01 6.499999761581420898e-02
4.034853279590606689e-01 -4.430142343044281006e-01 6.499999761581420898e-02
4.040158092975616455e-01 -4.428000152111053467e-01 6.499999761581420898e-02
4.045462906360626221e-01 -4.425857663154602051e-01 6.499999761581420898e-02
4.050767719745635986e-01 -4.423715472221374512e-01 6.499999761581420898e-02
4.056072235107421875e-01 -4.421572983264923096e-01 6.499999761581420898e-02
4.061377048492431641e-01 -4.419430792331695557e-01 6.499999761581420898e-02
4.066681861877441406e-01 -4.417288303375244141e-01 6.499999761581420898e-02
4.071986675262451172e-01 -4.415146112442016602e-01 6.499999761581420898e-02
4.077291488647460938e-01 -4.413003921508789062e-01 6.499999761581420898e-02
4.082596004009246826e-01 -4.410861432552337646e-01 6.499999761581420898e-02
4.087900817394256592e-01 -4.408719241619110107e-01 6.499999761581420898e-02
4.093320965766906738e-01 -4.406396448612213135e-01 6.499999761581420898e-02
4.098832011222839355e-01 -4.403932094573974609e-01 6.499999761581420898e-02
4.104342758655548096e-01 -4.401467740535736084e-01 6.499999761581420898e-02
4.109853506088256836e-01 -4.399003386497497559e-01 6.499999761581420898e-02
4.115364253520965576e-01 -4.396539032459259033e-01 6.499999761581420898e-02
4.120875000953674316e-01 -4.394074976444244385e-01 6.499999761581420898e-02
4.126386046409606934e-01 -4.391610622406005859e-01 6.499999761581420898e-02
4.131896793842315674e-01 -4.389146268367767334e-01 6.499999761581420898e-02
4.137407541275024414e-01 -4.386681914329528809e-01 6.499999761581420898e-02
4.142918288707733154e-01 -4.384217560291290283e-01 6.499999761581420898e-02
4.148429036140441895e-01 -4.381753504276275635e-01 6.499999761581420898e-02
4.153940081596374512e-01 -4.379289150238037109e-01 6.499999761581420898e-02
4.159450829029083252e-01 -4.376824796199798584e-01 6.499999761581420898e-02
4.164961576461791992e-01 -4.374360442161560059e-01 6.499999761581420898e-02
4.170472323894500732e-01 -4.371896088123321533e-01 6.499999761581420898e-02
4.175983071327209473e-01 -4.369432032108306885e-01 6.499999761581420898e-02
4.181494116783142090e-01 -4.366967678070068359e-01 6.499999761581420898e-02
4.187004864215850830e-01 -4.364503324031829834e-01 6.499999761581420898e-02
4.192515611648559570e-01 -4.362038969993591309e-01 6.499999761581420898e-02
4.197902381420135498e-01 -4.359378218650817871e-01 6.499999761581420898e-02
4.203252792358398438e-01 -4.356659948825836182e-01 6.499999761581420898e-02
4.208603203296661377e-01 -4.353941679000854492e-01 6.499999761581420898e-02
4.213953614234924316e-01 -4.351223409175872803e-01 6.499999761581420898e-02
4.219304025173187256e-01 -4.348505437374114990e-01 6.499999761581420898e-02
4.224654436111450195e-01 -4.345787167549133301e-01 6.499999761581420898e-02
4.230004847049713135e-01 -4.343068897724151611e-01 6.499999761581420898e-02
4.235355257987976074e-01 -4.340350627899169922e-01 6.499999761581420898e-02
4.240705668926239014e-01 -4.337632358074188232e-01 6.499999761581420898e-02
4.246056079864501953e-01 -4.334914088249206543e-01 6.499999761581420898e-02
4.251406490802764893e-01 -4.332195818424224854e-01 6.499999761581420898e-02
4.256756901741027832e-01 -4.329477846622467041e-01 6.499999761581420898e-02
4.262107312679290771e-01 -4.326759576797485352e-01 6.499999761581420898e-02
4.267457723617553711e-01 -4.324041306972503662e-01 6.499999761581420898e-02
4.272808134555816650e-01 -4.321323037147521973e-01 6.499999761581420898e-02
4.278158545494079590e-01 -4.318604767322540283e-01 6.499999761581420898e-02
4.283508956432342529e-01 -4.315886497497558594e-01 6.499999761581420898e-02
4.288859367370605469e-01 -4.313168227672576904e-01 6.499999761581420898e-02
4.294172227382659912e-01 -4.310402572154998779e-01 6.499999761581420898e-02
4.299340248107910156e-01 -4.307453334331512451e-01 6.499999761581420898e-02
4.304508268833160400e-01 -4.304503798484802246e-01 6.499999761581420898e-02
4.309676289558410645e-01 -4.301554560661315918e-01 6.499999761581420898e-02
4.314844012260437012e-01 -4.298605322837829590e-01 6.499999761581420898e-02
4.320012032985687256e-01 -4.295655786991119385e-01 6.499999761581420898e-02
4.325180053710937500e-01 -4.292706549167633057e-01 6.499999761581420898e-02
4.330348074436187744e-01 -4.289757013320922852e-01 6.499999761581420898e-02
4.335516095161437988e-01 -4.286807775497436523e-01 6.499999761581420898e-02
4.340684115886688232e-01 -4.283858239650726318e-01 6.499999761581420898e-02
4.345852136611938477e-01 -4.280909001827239990e-01 6.499999761581420898e-02
4.351019859313964844e-01 -4.277959764003753662e-01 6.499999761581420898e-02
4.356187880039215088e-01 -4.275010228157043457e-01 6.499999761581420898e-02
4.361355900764465332e-01 -4.272060990333557129e-01 6.499999761581420898e-02
4.366523921489715576e-01 -4.269111454486846924e-01 6.499999761581420898e-02
4.371691942214965820e-01 -4.266162216663360596e-01 6.499999761581420898e-02
4.376859962940216064e-01 -4.263212680816650391e-01 6.499999761581420898e-02
4.382027983665466309e-01 -4.260263442993164062e-01 6.499999761581420898e-02
4.387195706367492676e-01 -4.257313907146453857e-01 6.499999761581420898e-02
4.392182230949401855e-01 -4.254181981086730957e-01 6.499999761581420898e-02
4.397148787975311279e-01 -4.251029491424560547e-01 6.499999761581420898e-02
4.402115345001220703e-01 -4.247877001762390137e-01 6.499999761581420898e-02
4.412288069725036621e-01 -4.246340095996856689e-01 6.499999761581420898e-02
4.422460496425628662e-01 -4.244803488254547119e-01 6.499999761581420898e-02
4.432633221149444580e-01 -4.243266582489013672e-01 6.499999761581420898e-02
4.442805945873260498e-01 -4.241729974746704102e-01 6.499999761581420898e-02
4.452978372573852539e-01 -4.240193068981170654e-01 6.499999761581420898e-02
4.463151097297668457e-01 -4.238656461238861084e-01 6.499999761581420898e-02
4.470503628253936768e-01 -4.238485097885131836e-01 6.499999761581420898e-02
4.477856159210205078e-01 -4.238313734531402588e-01 6.499999761581420898e-02
4.485208690166473389e-01 -4.238142371177673340e-01 6.499999761581420898e-02
4.492561221122741699e-01 -4.237971007823944092e-01 6.499999761581420898e-02
4.499913752079010010e-01 -4.237799346446990967e-01 6.499999761581420898e-02
4.507266283035278320e-01 -4.237627983093261719e-01 6.499999761581420898e-02
4.514618813991546631e-01 -4.237456619739532471e-01 6.499999761581420898e-02
4.521971344947814941e-01 -4.237285256385803223e-01 6.499999761581420898e-02
4.531765282154083252e-01 -4.237028956413269043e-01 6.499999761581420898e-02
4.543631076812744141e-01 -4.236700534820556641e-01 6.499999761581420898e-02
4.555496871471405029e-01 -4.236372113227844238e-01 6.499999761581420898e-02
4.567362666130065918e-01 -4.236043691635131836e-01 6.499999761581420898e-02
4.579228758811950684e-01 -4.235715270042419434e-01 6.499999761581420898e-02
4.591094553470611572e-01 -4.235386848449707031e-01 6.499999761581420898e-02
4.602960348129272461e-01 -4.235058426856994629e-01 6.499999761581420898e-02
4.615420997142791748e-01 -4.234614074230194092e-01 6.499999761581420898e-02
4.627932906150817871e-01 -4.234159588813781738e-01 6.499999761581420898e-02
4.640444815158843994e-01 -4.233705103397369385e-01 6.499999761581420898e-02
4.652956724166870117e-01 -4.233250617980957031e-01 6.499999761581420898e-02
4.665468633174896240e-01 -4.232796132564544678e-01 6.499999761581420898e-02
4.677980542182922363e-01 -4.232341647148132324e-01 6.499999761581420898e-02
4.690492451190948486e-01 -4.231887459754943848e-01 6.499999761581420898e-02
4.703074395656585693e-01 -4.231423437595367432e-01 6.499999761581420898e-02
4.715656638145446777e-01 -4.230959117412567139e-01 6.499999761581420898e-02
4.728238582611083984e-01 -4.230495095252990723e-01 6.499999761581420898e-02
4.740820825099945068e-01 -4.230031073093414307e-01 6.499999761581420898e-02
4.753402769565582275e-01 -4.229567050933837891e-01 6.499999761581420898e-02
4.765985012054443359e-01 -4.229103028774261475e-01 6.499999761581420898e-02
4.778566956520080566e-01 -4.228639006614685059e-01 6.499999761581420898e-02
4.791179001331329346e-01 -4.228434562683105469e-01 6.499999761581420898e-02
4.803791940212249756e-01 -4.228239953517913818e-01 6.499999761581420898e-02
4.816404879093170166e-01 -4.228045344352722168e-01 6.499999761581420898e-02
4.829017817974090576e-01 -4.227850735187530518e-01 6.499999761581420898e-02
4.841630756855010986e-01 -4.227656126022338867e-01 6.499999761581420898e-02
4.854243695735931396e-01 -4.227461814880371094e-01 6.499999761581420898e-02
4.866856932640075684e-01 -4.227267205715179443e-01 6.499999761581420898e-02
4.880401492118835449e-01 -4.228330552577972412e-01 6.499999761581420898e-02
4.894057512283325195e-01 -4.229544401168823242e-01 6.499999761581420898e-02
4.907713532447814941e-01 -4.230758249759674072e-01 6.499999761581420898e-02
4.921369552612304688e-01 -4.231972098350524902e-01 6.499999761581420898e-02
4.935025572776794434e-01 -4.233185946941375732e-01 6.499999761581420898e-02
4.948681592941284180e-01 -4.234399795532226562e-01 6.499999761581420898e-02
4.962337613105773926e-01 -4.235613644123077393e-01 6.499999761581420898e-02
4.975993633270263672e-01 -4.236827194690704346e-01 6.499999761581420898e-02
4.989637434482574463e-01 -4.238141775131225586e-01 6.499999761581420898e-02
5.003267526626586914e-01 -4.239569902420043945e-01 6.499999761581420898e-02
5.016897916793823242e-01 -4.240998327732086182e-01 6.499999761581420898e-02
5.030528306961059570e-01 -4.242426455020904541e-01 6.499999761581420898e-02
5.044158697128295898e-01 -4.243854880332946777e-01 6.499999761581420898e-02
5.057788491249084473e-01 -4.245283305644989014e-01 6.499999761581420898e-02
5.071418881416320801e-01 -4.246711432933807373e-01 6.499999761581420898e-02
5.085049271583557129e-01 -4.248139858245849609e-01 6.499999761581420898e-02
5.098680257797241211e-01 -4.249551892280578613e-01 6.499999761581420898e-02
5.112324357032775879e-01 -4.250656664371490479e-01 6.499999761581420898e-02
5.125968456268310547e-01 -4.251761138439178467e-01 6.499999761581420898e-02
5.139611959457397461e-01 -4.252865910530090332e-01 6.499999761581420898e-02
5.153256058692932129e-01 -4.253970384597778320e-01 6.499999761581420898e-02
5.166900157928466797e-01 -4.255075156688690186e-01 6.499999761581420898e-02
5.180544257164001465e-01 -4.256179630756378174e-01 6.499999761581420898e-02
5.194188356399536133e-01 -4.257284402847290039e-01 6.499999761581420898e-02
5.207832455635070801e-01 -4.258388876914978027e-01 6.499999761581420898e-02
5.221453309059143066e-01 -4.259109199047088623e-01 6.499999761581420898e-02
5.235061049461364746e-01 -4.259622693061828613e-01 6.499999761581420898e-02
5.248669385910034180e-01 -4.260136187076568604e-01 6.499999761581420898e-02
5.262277126312255859e-01 -4.260649681091308594e-01 6.499999761581420898e-02
5.275884866714477539e-01 -4.261163175106048584e-01 6.499999761581420898e-02
5.289493203163146973e-01 -4.261676669120788574e-01 6.499999761581420898e-02
5.303100943565368652e-01 -4.262190163135528564e-01 6.499999761581420898e-02
5.316709280014038086e-01 -4.262703657150268555e-01 6.499999761581420898e-02
5.330280065536499023e-01 -4.263027012348175049e-01 6.499999761581420898e-02
5.343772768974304199e-01 -4.262953996658325195e-01 6.499999761581420898e-02
5.357266068458557129e-01 -4.262880682945251465e-01 6.499999761581420898e-02
5.370758771896362305e-01 -4.262807369232177734e-01 6.499999761581420898e-02
5.384252071380615234e-01 -4.262734055519104004e-01 6.499999761581420898e-02
5.397744774818420410e-01 -4.262661039829254150e-01 6.499999761581420898e-02
5.411237478256225586e-01 -4.262587726116180420e-01 6.499999761581420898e-02
5.424730777740478516e-01 -4.262514412403106689e-01 6.499999761581420898e-02
5.438292026519775391e-01 -4.262128472328186035e-01 6.499999761581420898e-02
5.452371239662170410e-01 -4.259370565414428711e-01 6.499999761581420898e-02
5.466450452804565430e-01 -4.256612956523895264e-01 6.499999761581420898e-02
5.480529665946960449e-01 -4.253855049610137939e-01 6.499999761581420898e-02
5.494608879089355469e-01 -4.251097440719604492e-01 6.499999761581420898e-02
5.508688092231750488e-01 -4.248339533805847168e-01 6.499999761581420898e-02
5.522767305374145508e-01 -4.245581924915313721e-01 6.499999761581420898e-02
5.536846518516540527e-01 -4.242824018001556396e-01 6.499999761581420898e-02
5.550926327705383301e-01 -4.240066111087799072e-01 6.499999761581420898e-02
5.565004944801330566e-01 -4.237308502197265625e-01 6.499999761581420898e-02
5.578842163085937500e-01 -4.233910143375396729e-01 6.499999761581420898e-02
5.592634081840515137e-01 -4.230392873287200928e-01 6.499999761581420898e-02
5.606426000595092773e-01 -4.226875901222229004e-01 6.499999761581420898e-02
5.620218515396118164e-01 -4.223358929157257080e-01 6.499999761581420898e-02
5.634010434150695801e-01 -4.219841957092285156e-01 6.499999761581420898e-02
5.647802352905273438e-01 -4.216324687004089355e-01 6.499999761581420898e-02
5.661594271659851074e-01 -4.212807714939117432e-01 6.499999761581420898e-02
5.675386190414428711e-01 -4.209290742874145508e-01 6.499999761581420898e-02
5.689178705215454102e-01 -4.205773770809173584e-01 6.499999761581420898e-02
5.702685713768005371e-01 -4.201793670654296875e-01 6.499999761581420898e-02
5.716056227684020996e-01 -4.197591543197631836e-01 6.499999761581420898e-02
5.729427337646484375e-01 -4.193389713764190674e-01 6.499999761581420898e-02
5.742797851562500000e-01 -4.189187884330749512e-01 6.499999761581420898e-02
5.756168961524963379e-01 -4.184985756874084473e-01 6.499999761581420898e-02
5.769539475440979004e-01 -4.180783927440643311e-01 6.499999761581420898e-02
5.782910585403442383e-01 -4.176582098007202148e-01 6.499999761581420898e-02
5.796281695365905762e-01 -4.172379970550537109e-01 6.499999761581420898e-02
5.809652209281921387e-01 -4.168178141117095947e-01 6.499999761581420898e-02
5.822657346725463867e-01 -4.163562655448913574e-01 6.499999761581420898e-02
5.835508704185485840e-01 -4.158774316310882568e-01 6.499999761581420898e-02
5.848360657691955566e-01 -4.153985977172851562e-01 6.499999761581420898e-02
5.861212611198425293e-01 -4.149197638034820557e-01 6.499999761581420898e-02
5.874064564704895020e-01 -4.144409298896789551e-01 6.499999761581420898e-02
5.886916518211364746e-01 -4.139620959758758545e-01 6.499999761581420898e-02
5.899768471717834473e-01 -4.134832620620727539e-01 6.499999761581420898e-02
5.912620425224304199e-01 -4.130044281482696533e-01 6.499999761581420898e-02
5.925472378730773926e-01 -4.125255942344665527e-01 6.499999761581420898e-02
5.935903191566467285e-01 -4.119696021080017090e-01 6.499999761581420898e-02
5.946328639984130859e-01 -4.114134311676025391e-01 6.499999761581420898e-02
5.956754088401794434e-01 -4.108572602272033691e-01 6.499999761581420898e-02
5.967179536819458008e-01 -4.103010594844818115e-01 6.499999761581420898e-02
5.977604985237121582e-01 -4.097448885440826416e-01 6.499999761581420898e-02
5.988029837608337402e-01 -4.091887176036834717e-01 6.499999761581420898e-02
5.998286604881286621e-01 -4.086131155490875244e-01 6.499999761581420898e-02
6.008453965187072754e-01 -4.080273509025573730e-01 6.499999761581420898e-02
6.018621921539306641e-01 -4.074415564537048340e-01 6.499999761581420898e-02
6.028789877891540527e-01 -4.068557918071746826e-01 6.499999761581420898e-02
6.038957834243774414e-01 -4.062699973583221436e-01 6.499999761581420898e-02
6.049125194549560547e-01 -4.056842327117919922e-01 6.499999761581420898e-02
6.059190034866333008e-01 -4.050884842872619629e-01 6.499999761581420898e-02
6.069091558456420898e-01 -4.044770896434783936e-01 6.499999761581420898e-02
6.078993082046508789e-01 -4.038656651973724365e-01 6.499999761581420898e-02
6.088894605636596680e-01 -4.032542705535888672e-01 6.499999761581420898e-02
6.098796725273132324e-01 -4.026428461074829102e-01 6.499999761581420898e-02
6.108698248863220215e-01 -4.020314514636993408e-01 6.499999761581420898e-02
6.118544340133666992e-01 -4.014155566692352295e-01 6.499999761581420898e-02
6.128180027008056641e-01 -4.007828533649444580e-01 6.499999761581420898e-02
6.137815713882446289e-01 -4.001501798629760742e-01 6.499999761581420898e-02
6.147451996803283691e-01 -3.995174765586853027e-01 6.499999761581420898e-02
6.157087683677673340e-01 -3.988848030567169189e-01 6.499999761581420898e-02
6.166723966598510742e-01 -3.982520997524261475e-01 6.499999761581420898e-02
6.175543665885925293e-01 -3.975336849689483643e-01 6.499999761581420898e-02
6.179008483886718750e-01 -3.962527513504028320e-01 6.499999761581420898e-02
6.182473301887512207e-01 -3.949717879295349121e-01 6.499999761581420898e-02
6.185938715934753418e-01 -3.936908543109893799e-01 6.499999761581420898e-02
6.189403533935546875e-01 -3.924099206924438477e-01 6.499999761581420898e-02
6.192868351936340332e-01 -3.911289870738983154e-01 6.499999761581420898e-02
6.196333765983581543e-01 -3.898480534553527832e-01 6.499999761581420898e-02
6.199798583984375000e-01 -3.885670900344848633e-01 6.499999761581420898e-02
6.203263401985168457e-01 -3.872861564159393311e-01 6.499999761581420898e-02
6.206247806549072266e-01 -3.859602808952331543e-01 6.499999761581420898e-02
6.209095120429992676e-01 -3.846216499805450439e-01 6.499999761581420898e-02
6.211942434310913086e-01 -3.832830190658569336e-01 6.499999761581420898e-02
6.214790344238281250e-01 -3.819443583488464355e-01 6.499999761581420898e-02
6.217637658119201660e-01 -3.806057274341583252e-01 6.499999761581420898e-02
6.220484972000122070e-01 -3.792670667171478271e-01 6.499999761581420898e-02
6.223332881927490234e-01 -3.779284358024597168e-01 6.499999761581420898e-02
6.226180195808410645e-01 -3.765898048877716064e-01 6.499999761581420898e-02
6.228976249694824219e-01 -3.752470910549163818e-01 6.499999761581420898e-02
6.231226921081542969e-01 -3.738614022731781006e-01 6.499999761581420898e-02
6.233477592468261719e-01 -3.724757134914398193e-01 6.499999761581420898e-02
6.235728263854980469e-01 -3.710900247097015381e-01 6.499999761581420898e-02
6.237978935241699219e-01 -3.697043657302856445e-01 6.499999761581420898e-02
6.240229606628417969e-01 -3.683186769485473633e-01 6.499999761581420898e-02
6.242480874061584473e-01 -3.669329881668090820e-01 6.499999761581420898e-02
6.244731545448303223e-01 -3.655472993850708008e-01 6.499999761581420898e-02
6.246982216835021973e-01 -3.641616404056549072e-01 6.499999761581420898e-02
6.249163746833801270e-01 -3.627722263336181641e-01 6.499999761581420898e-02
6.250726580619812012e-01 -3.613494634628295898e-01 6.499999761581420898e-02
6.252289414405822754e-01 -3.599267005920410156e-01 6.499999761581420898e-02
6.253852844238281250e-01 -3.585039377212524414e-01 6.499999761581420898e-02
6.255415678024291992e-01 -3.570812046527862549e-01 6.499999761581420898e-02
6.256978511810302734e-01 -3.556584119796752930e-01 6.499999761581420898e-02
6.258541345596313477e-01 -3.542356491088867188e-01 6.499999761581420898e-02
6.260104179382324219e-01 -3.528128862380981445e-01 6.499999761581420898e-02
6.261667013168334961e-01 -3.513901233673095703e-01 6.499999761581420898e-02
6.263229846954345703e-01 -3.499673902988433838e-01 6.499999761581420898e-02
6.263922452926635742e-01 -3.486060798168182373e-01 6.499999761581420898e-02
6.264497041702270508e-01 -3.472531437873840332e-01 6.499999761581420898e-02
6.265071630477905273e-01 -3.459001779556274414e-01 6.499999761581420898e-02
6.265645623207092285e-01 -3.445472419261932373e-01 6.499999761581420898e-02
6.266220211982727051e-01 -3.431943058967590332e-01 6.499999761581420898e-02
6.266794204711914062e-01 -3.418413698673248291e-01 6.499999761581420898e-02
6.267368793487548828e-01 -3.404884040355682373e-01 6.499999761581420898e-02
6.267943382263183594e-01 -3.391354680061340332e-01 6.499999761581420898e-02
6.268141865730285645e-01 -3.377757668495178223e-01 6.499999761581420898e-02
6.268132925033569336e-01 -3.364123106002807617e-01 6.499999761581420898e-02
6.268123984336853027e-01 -3.350488543510437012e-01 6.499999761581420898e-02
6.268115043640136719e-01 -3.336853981018066406e-01 6.499999761581420898e-02
6.268106102943420410e-01 -3.323219120502471924e-01 6.499999761581420898e-02
6.268097162246704102e-01 -3.309584558010101318e-01 6.499999761581420898e-02
6.268087625503540039e-01 -3.295950293540954590e-01 6.499999761581420898e-02
6.268078684806823730e-01 -3.282315731048583984e-01 6.499999761581420898e-02
6.267886757850646973e-01 -3.268659412860870361e-01 6.499999761581420898e-02
6.267302632331848145e-01 -3.254956603050231934e-01 6.499999761581420898e-02
6.266718506813049316e-01 -3.241253793239593506e-01 6.499999761581420898e-02
6.266134381294250488e-01 -3.227551579475402832e-01 6.499999761581420898e-02
6.265550851821899414e-01 -3.213848769664764404e-01 6.499999761581420898e-02
6.264966726303100586e-01 -3.200146257877349854e-01 6.499999761581420898e-02
6.264382600784301758e-01 -3.186443448066711426e-01 6.499999761581420898e-02
6.263798475265502930e-01 -3.172740936279296875e-01 6.499999761581420898e-02
6.263214349746704102e-01 -3.159038424491882324e-01 6.499999761581420898e-02
6.262109875679016113e-01 -3.145373761653900146e-01 6.499999761581420898e-02
6.260940432548522949e-01 -3.131713867187500000e-01 6.499999761581420898e-02
6.259770393371582031e-01 -3.118053972721099854e-01 6.499999761581420898e-02
6.258600354194641113e-01 -3.104394078254699707e-01 6.499999761581420898e-02
6.257430911064147949e-01 -3.090734481811523438e-01 6.499999761581420898e-02
6.256260871887207031e-01 -3.077074587345123291e-01 6.499999761581420898e-02
6.255091428756713867e-01 -3.063414692878723145e-01 6.499999761581420898e-02
6.253921389579772949e-01 -3.049754798412322998e-01 6.499999761581420898e-02
6.252484917640686035e-01 -3.036167919635772705e-01 6.499999761581420898e-02
6.250724196434020996e-01 -3.022670745849609375e-01 6.499999761581420898e-02
6.248962879180908203e-01 -3.009172976016998291e-01 6.499999761581420898e-02
6.247202157974243164e-01 -2.995675504207611084e-01 6.499999761581420898e-02
6.245440840721130371e-01 -2.982177734375000000e-01 6.499999761581420898e-02
6.243680119514465332e-01 -2.968680262565612793e-01 6.499999761581420898e-02
6.241919398307800293e-01 -2.955182790756225586e-01 6.499999761581420898e-02
6.240158081054687500e-01 -2.941685318946838379e-01 6.499999761581420898e-02
6.238508224487304688e-01 -2.928239703178405762e-01 6.499999761581420898e-02
6.237803101539611816e-01 -2.915236353874206543e-01 6.499999761581420898e-02
6.237097382545471191e-01 -2.902232706546783447e-01 6.499999761581420898e-02
6.236392259597778320e-01 -2.889229655265808105e-01 6.499999761581420898e-02
6.235686540603637695e-01 -2.876226007938385010e-01 6.499999761581420898e-02
6.234981417655944824e-01 -2.863222658634185791e-01 6.499999761581420898e-02
6.234275698661804199e-01 -2.850219309329986572e-01 6.499999761581420898e-02
6.233570575714111328e-01 -2.837215662002563477e-01 6.499999761581420898e-02
6.232705116271972656e-01 -2.824344336986541748e-01 6.499999761581420898e-02
6.231648325920104980e-01 -2.811630070209503174e-01 6.499999761581420898e-02
6.230592131614685059e-01 -2.798915803432464600e-01 6.499999761581420898e-02
6.229535937309265137e-01 -2.786201834678649902e-01 6.499999761581420898e-02
6.228479146957397461e-01 -2.773487567901611328e-01 6.499999761581420898e-02
6.227422952651977539e-01 -2.760773599147796631e-01 6.499999761581420898e-02
6.226366162300109863e-01 -2.748059630393981934e-01 6.499999761581420898e-02
6.225119829177856445e-01 -2.735396325588226318e-01 6.499999761581420898e-02
6.220926046371459961e-01 -2.723525166511535645e-01 6.499999761581420898e-02
6.216731667518615723e-01 -2.711653709411621094e-01 6.499999761581420898e-02
6.212537884712219238e-01 -2.699782848358154297e-01 6.499999761581420898e-02
6.208344101905822754e-01 -2.687911689281463623e-01 6.499999761581420898e-02
6.204149723052978516e-01 -2.676040232181549072e-01 6.499999761581420898e-02
6.199955940246582031e-01 -2.664169073104858398e-01 6.499999761581420898e-02
6.194323897361755371e-01 -2.652262747287750244e-01 6.499999761581420898e-02
6.184469461441040039e-01 -2.640253603458404541e-01 6.499999761581420898e-02
6.174614429473876953e-01 -2.628244161605834961e-01 6.499999761581420898e-02
6.164759397506713867e-01 -2.616234719753265381e-01 6.499999761581420898e-02
6.154904365539550781e-01 -2.604225277900695801e-01 6.499999761581420898e-02
6.145049333572387695e-01 -2.592215836048126221e-01 6.499999761581420898e-02
6.135194301605224609e-01 -2.580206692218780518e-01 6.499999761581420898e-02
6.125339269638061523e-01 -2.568197250366210938e-01 6.499999761581420898e-02
6.115484237670898438e-01 -2.556187808513641357e-01 6.499999761581420898e-02
6.105629205703735352e-01 -2.544178366661071777e-01 6.499999761581420898e-02
6.095774173736572266e-01 -2.532168924808502197e-01 6.499999761581420898e-02
6.085919141769409180e-01 -2.520159780979156494e-01 6.499999761581420898e-02
6.074340939521789551e-01 -2.513042688369750977e-01 6.499999761581420898e-02
6.062737703323364258e-01 -2.505995333194732666e-01 6.499999761581420898e-02
6.051135063171386719e-01 -2.498948425054550171e-01 6.499999761581420898e-02
6.039531826972961426e-01 -2.491901218891143799e-01 6.499999761581420898e-02
6.027928590774536133e-01 -2.484854310750961304e-01 6.499999761581420898e-02
6.016325950622558594e-01 -2.477807104587554932e-01 6.499999761581420898e-02
6.004722714424133301e-01 -2.470760047435760498e-01 6.499999761581420898e-02
5.993119478225708008e-01 -2.463712841272354126e-01 6.499999761581420898e-02
5.981181859970092773e-01 -2.456712275743484497e-01 6.499999761581420898e-02
5.969069004058837891e-01 -2.449736148118972778e-01 6.499999761581420898e-02
5.956956744194030762e-01 -2.442759871482849121e-01 6.499999761581420898e-02
5.944843888282775879e-01 -2.435783445835113525e-01 6.499999761581420898e-02
5.932731628417968750e-01 -2.428807169198989868e-01 6.499999761581420898e-02
5.920618772506713867e-01 -2.421830892562866211e-01 6.499999761581420898e-02
5.908506512641906738e-01 -2.414854764938354492e-01 6.499999761581420898e-02
5.896393656730651855e-01 -2.407878339290618896e-01 6.499999761581420898e-02
5.884281396865844727e-01 -2.400902062654495239e-01 6.499999761581420898e-02
5.872045159339904785e-01 -2.393877655267715454e-01 6.499999761581420898e-02
5.859793424606323242e-01 -2.386847436428070068e-01 6.499999761581420898e-02
5.847541689872741699e-01 -2.379817217588424683e-01 6.499999761581420898e-02
5.835289955139160156e-01 -2.372786849737167358e-01 6.499999761581420898e-02
5.823038816452026367e-01 -2.365756630897521973e-01 6.499999761581420898e-02
5.810787081718444824e-01 -2.358726263046264648e-01 6.499999761581420898e-02
5.798535346984863281e-01 -2.351696044206619263e-01 6.499999761581420898e-02
5.786283612251281738e-01 -2.344665825366973877e-01 6.499999761581420898e-02
5.774031877517700195e-01 -2.337635457515716553e-01 6.499999761581420898e-02
5.762020349502563477e-01 -2.330233901739120483e-01 6.499999761581420898e-02
5.750021934509277344e-01 -2.322811037302017212e-01 6.499999761581420898e-02
5.738024115562438965e-01 -2.315388172864913940e-01 6.499999761581420898e-02
5.726026296615600586e-01 -2.307965606451034546e-01 6.499999761581420898e-02
5.714027881622314453e-01 -2.300542742013931274e-01 6.499999761581420898e-02
5.702030062675476074e-01 -2.293119877576828003e-01 6.499999761581420898e-02
5.690031647682189941e-01 -2.285697013139724731e-01 6.499999761581420898e-02
5.678033828735351562e-01 -2.278274148702621460e-01 6.499999761581420898e-02
5.666036009788513184e-01 -2.270851582288742065e-01 6.499999761581420898e-02
5.654452443122863770e-01 -2.263194322586059570e-01 6.499999761581420898e-02
5.642969012260437012e-01 -2.255481034517288208e-01 6.499999761581420898e-02
5.631484985351562500e-01 -2.247767746448516846e-01 6.499999761581420898e-02
5.620001554489135742e-01 -2.240054458379745483e-01 6.499999761581420898e-02
5.608518123626708984e-01 -2.232341319322586060e-01 6.499999761581420898e-02
5.597034096717834473e-01 -2.224628031253814697e-01 6.499999761581420898e-02
5.585550665855407715e-01 -2.216914743185043335e-01 6.499999761581420898e-02
5.574066638946533203e-01 -2.209201455116271973e-01 6.499999761581420898e-02
5.562583208084106445e-01 -2.201488167047500610e-01 6.499999761581420898e-02
5.551096796989440918e-01 -2.196192741394042969e-01 6.499999761581420898e-02
5.539608001708984375e-01 -2.192839533090591431e-01 6.499999761581420898e-02
5.528118610382080078e-01 -2.189486324787139893e-01 6.499999761581420898e-02
5.516629815101623535e-01 -2.186133116483688354e-01 6.499999761581420898e-02
5.505141019821166992e-01 -2.182779908180236816e-01 6.499999761581420898e-02
5.493652820587158203e-01 -2.179426848888397217e-01 6.499999761581420898e-02
5.482163429260253906e-01 -2.176073640584945679e-01 6.499999761581420898e-02
5.470674633979797363e-01 -2.172720432281494141e-01 6.499999761581420898e-02
5.459185838699340820e-01 -2.169367223978042603e-01 6.499999761581420898e-02
5.447697043418884277e-01 -2.166014015674591064e-01 6.499999761581420898e-02
5.436208248138427734e-01 -2.162660807371139526e-01 6.499999761581420898e-02
5.424719452857971191e-01 -2.159307599067687988e-01 6.499999761581420898e-02
5.407008528709411621e-01 -2.161659598350524902e-01 6.499999761581420898e-02
5.385260581970214844e-01 -2.167713344097137451e-01 6.499999761581420898e-02
5.363512039184570312e-01 -2.173767238855361938e-01 6.499999761581420898e-02
5.341764092445373535e-01 -2.179820835590362549e-01 6.499999761581420898e-02
5.320016145706176758e-01 -2.185874730348587036e-01 6.499999761581420898e-02
5.298267602920532227e-01 -2.191928476095199585e-01 6.499999761581420898e-02
5.276519656181335449e-01 -2.197982221841812134e-01 6.499999761581420898e-02
5.254771113395690918e-01 -2.204036116600036621e-01 6.499999761581420898e-02
5.233687758445739746e-01 -2.209870517253875732e-01 6.499999761581420898e-02
5.222675204277038574e-01 -2.212379872798919678e-01 6.499999761581420898e-02
5.211663246154785156e-01 -2.214889377355575562e-01 6.499999761581420898e-02
5.200651288032531738e-01 -2.217398732900619507e-01 6.499999761581420898e-02
5.189639329910278320e-01 -2.219908088445663452e-01 6.499999761581420898e-02
5.178627371788024902e-01 -2.222417443990707397e-01 6.499999761581420898e-02
5.167614817619323730e-01 -2.224926799535751343e-01 6.499999761581420898e-02
5.156602859497070312e-01 -2.227436155080795288e-01 6.499999761581420898e-02
5.145590901374816895e-01 -2.229945510625839233e-01 6.499999761581420898e-02
5.134578943252563477e-01 -2.232454866170883179e-01 6.499999761581420898e-02
5.123566985130310059e-01 -2.234964221715927124e-01 6.499999761581420898e-02
5.112555027008056641e-01 -2.237473577260971069e-01 6.499999761581420898e-02
5.101542472839355469e-01 -2.239982932806015015e-01 6.499999761581420898e-02
5.078187584877014160e-01 -2.236134558916091919e-01 6.499999761581420898e-02
5.046802163124084473e-01 -2.228149771690368652e-01 6.499999761581420898e-02
5.015415549278259277e-01 -2.220164537429809570e-01 6.499999761581420898e-02
4.984030127525329590e-01 -2.212179750204086304e-01 6.499999761581420898e-02
4.952643513679504395e-01 -2.204194515943527222e-01 6.499999761581420898e-02
4.926873147487640381e-01 -2.195887863636016846e-01 6.499999761581420898e-02
4.902956783771514893e-01 -2.187474817037582397e-01 6.499999761581420898e-02
4.879039525985717773e-01 -2.179061621427536011e-01 6.499999761581420898e-02
4.855123162269592285e-01 -2.170648574829101562e-01 6.499999761581420898e-02
4.831205904483795166e-01 -2.162235230207443237e-01 6.499999761581420898e-02
4.807289540767669678e-01 -2.153822183609008789e-01 6.499999761581420898e-02
4.794084131717681885e-01 -2.154032140970230103e-01 6.499999761581420898e-02
4.784858524799346924e-01 -2.157446593046188354e-01 6.499999761581420898e-02
4.775633513927459717e-01 -2.160860896110534668e-01 6.499999761581420898e-02
4.766407907009124756e-01 -2.164275348186492920e-01 6.499999761581420898e-02
4.757182896137237549e-01 -2.167689502239227295e-01 6.499999761581420898e-02
4.747957587242126465e-01 -2.171103805303573608e-01 6.499999761581420898e-02
4.738731980323791504e-01 -2.174518257379531860e-01 6.499999761581420898e-02
4.729506969451904297e-01 -2.177932560443878174e-01 6.499999761581420898e-02
4.720281362533569336e-01 -2.181347012519836426e-01 6.499999761581420898e-02
4.711056351661682129e-01 -2.184761315584182739e-01 6.499999761581420898e-02
4.701831042766571045e-01 -2.188175618648529053e-01 6.499999761581420898e-02
4.692605435848236084e-01 -2.191589921712875366e-01 6.499999761581420898e-02
4.683380424976348877e-01 -2.195004224777221680e-01 6.499999761581420898e-02
4.674154818058013916e-01 -2.198418676853179932e-01 6.499999761581420898e-02
4.664929807186126709e-01 -2.201832979917526245e-01 6.499999761581420898e-02
4.655934572219848633e-01 -2.204191237688064575e-01 6.499999761581420898e-02
4.647898375988006592e-01 -2.202147394418716431e-01 6.499999761581420898e-02
4.639862179756164551e-01 -2.200103551149368286e-01 6.499999761581420898e-02
4.631825983524322510e-01 -2.198059707880020142e-01 6.499999761581420898e-02
4.623789787292480469e-01 -2.196015864610671997e-01 6.499999761581420898e-02
4.615753889083862305e-01 -2.193972021341323853e-01 6.499999761581420898e-02
4.607717394828796387e-01 -2.191928029060363770e-01 6.499999761581420898e-02
4.599681198596954346e-01 -2.189884185791015625e-01 6.499999761581420898e-02
4.591645002365112305e-01 -2.187840342521667480e-01 6.499999761581420898e-02
4.583491086959838867e-01 -2.185435295104980469e-01 6.499999761581420898e-02
4.575327038764953613e-01 -2.182999998331069946e-01 6.499999761581420898e-02
4.567162990570068359e-01 -2.180564552545547485e-01 6.499999761581420898e-02
4.558999240398406982e-01 -2.178129255771636963e-01 6.499999761581420898e-02
4.550834894180297852e-01 -2.175693809986114502e-01 6.499999761581420898e-02
4.542671144008636475e-01 -2.173258513212203979e-01 6.499999761581420898e-02
4.534507393836975098e-01 -2.170823216438293457e-01 6.499999761581420898e-02
4.526343047618865967e-01 -2.168387919664382935e-01 6.499999761581420898e-02
4.518240690231323242e-01 -2.165955752134323120e-01 6.499999761581420898e-02
4.511346817016601562e-01 -2.163585871458053589e-01 6.499999761581420898e-02
4.504453539848327637e-01 -2.161215990781784058e-01 6.499999761581420898e-02
4.497559964656829834e-01 -2.158846110105514526e-01 6.499999761581420898e-02
4.490666091442108154e-01 -2.156476080417633057e-01 6.499999761581420898e-02
4.483772814273834229e-01 -2.154106348752975464e-01 6.499999761581420898e-02
4.476878941059112549e-01 -2.151736319065093994e-01 6.499999761581420898e-02
4.469985365867614746e-01 -2.149366438388824463e-01 6.499999761581420898e-02
4.463092088699340820e-01 -2.146996557712554932e-01 6.499999761581420898e-02
4.449304640293121338e-01 -2.142256796360015869e-01 6.499999761581420898e-02
4.446395337581634521e-01 -2.136911600828170776e-01 6.499999761581420898e-02
4.443690776824951172e-01 -2.131513059139251709e-01 6.499999761581420898e-02
4.441042542457580566e-01 -2.126099914312362671e-01 6.499999761581420898e-02
4.438394010066986084e-01 -2.120686471462249756e-01 6.499999761581420898e-02
4.435745477676391602e-01 -2.115273326635360718e-01 6.499999761581420898e-02
4.433097243309020996e-01 -2.109859883785247803e-01 6.499999761581420898e-02
4.430448710918426514e-01 -2.104446738958358765e-01 6.499999761581420898e-02
4.427800476551055908e-01 -2.099033594131469727e-01 6.499999761581420898e-02
4.425151944160461426e-01 -2.093620151281356812e-01 6.499999761581420898e-02
4.422503411769866943e-01 -2.088207006454467773e-01 6.499999761581420898e-02
4.419855177402496338e-01 -2.082793563604354858e-01 6.499999761581420898e-02
4.417206645011901855e-01 -2.077380418777465820e-01 6.499999761581420898e-02
4.414558410644531250e-01 -2.071967273950576782e-01 6.499999761581420898e-02
4.411909878253936768e-01 -2.066553831100463867e-01 6.499999761581420898e-02
4.409261345863342285e-01 -2.061140686273574829e-01 6.499999761581420898e-02
4.406613111495971680e-01 -2.055727243423461914e-01 6.499999761581420898e-02
4.403964579105377197e-01 -2.050314098596572876e-01 6.499999761581420898e-02
4.401316344738006592e-01 -2.044900953769683838e-01 6.499999761581420898e-02
4.398667812347412109e-01 -2.039487510919570923e-01 6.499999761581420898e-02
4.396421611309051514e-01 -2.033970654010772705e-01 6.499999761581420898e-02
4.395768046379089355e-01 -2.028042674064636230e-01 6.499999761581420898e-02
4.395114779472351074e-01 -2.022114992141723633e-01 6.499999761581420898e-02
4.394461214542388916e-01 -2.016187161207199097e-01 6.499999761581420898e-02
4.393807947635650635e-01 -2.010259330272674561e-01 6.499999761581420898e-02
4.393154382705688477e-01 -2.004331648349761963e-01 6.499999761581420898e-02
4.392501115798950195e-01 -1.998403668403625488e-01 6.499999761581420898e-02
4.391847550868988037e-01 -1.992475986480712891e-01 6.499999761581420898e-02
4.391194283962249756e-01 -1.986548155546188354e-01 6.499999761581420898e-02
4.390540719032287598e-01 -1.980620324611663818e-01 6.499999761581420898e-02
4.389887452125549316e-01 -1.974692493677139282e-01 6.499999761581420898e-02
4.389233887195587158e-01 -1.968764662742614746e-01 6.499999761581420898e-02
4.388580620288848877e-01 -1.962836831808090210e-01 6.499999761581420898e-02
4.387927353382110596e-01 -1.956909149885177612e-01 6.499999761581420898e-02
4.387273788452148438e-01 -1.950981318950653076e-01 6.499999761581420898e-02
4.386620521545410156e-01 -1.945053488016128540e-01 6.499999761581420898e-02
4.385966956615447998e-01 -1.939125657081604004e-01 6.499999761581420898e-02
4.385313689708709717e-01 -1.933197826147079468e-01 6.499999761581420898e-02
4.384663701057434082e-01 -1.927268952131271362e-01 6.499999761581420898e-02
4.384258389472961426e-01 -1.921258270740509033e-01 6.499999761581420898e-02
4.383853375911712646e-01 -1.915247738361358643e-01 6.499999761581420898e-02
4.383448064327239990e-01 -1.909237056970596313e-01 6.499999761581420898e-02
4.383043050765991211e-01 -1.903226524591445923e-01 6.499999761581420898e-02
4.382638037204742432e-01 -1.897216141223907471e-01 6.499999761581420898e-02
4.382232725620269775e-01 -1.891205310821533203e-01 6.499999761581420898e-02
4.381827712059020996e-01 -1.885194778442382812e-01 6.499999761581420898e-02
4.381422400474548340e-01 -1.879184097051620483e-01 6.499999761581420898e-02
4.381017386913299561e-01 -1.873173564672470093e-01 6.499999761581420898e-02
4.380612075328826904e-01 -1.867163181304931641e-01 6.499999761581420898e-02
4.380207061767578125e-01 -1.861152350902557373e-01 6.499999761581420898e-02
4.379801750183105469e-01 -1.855141967535018921e-01 6.499999761581420898e-02
4.379396736621856689e-01 -1.849131137132644653e-01 6.499999761581420898e-02
4.378991425037384033e-01 -1.843120753765106201e-01 6.499999761581420898e-02
4.378586411476135254e-01 -1.837110221385955811e-01 6.499999761581420898e-02
4.378181099891662598e-01 -1.831099539995193481e-01 6.499999761581420898e-02
4.377776086330413818e-01 -1.825089007616043091e-01 6.499999761581420898e-02
4.377370774745941162e-01 -1.819078326225280762e-01 6.499999761581420898e-02
4.377106130123138428e-01 -1.813044100999832153e-01 6.499999761581420898e-02
4.376960098743438721e-01 -1.806989759206771851e-01 6.499999761581420898e-02
4.376814365386962891e-01 -1.800935268402099609e-01 6.499999761581420898e-02
4.376668334007263184e-01 -1.794880926609039307e-01 6.499999761581420898e-02
4.376522600650787354e-01 -1.788826435804367065e-01 6.499999761581420898e-02
4.376376569271087646e-01 -1.782772094011306763e-01 6.499999761581420898e-02
4.376230835914611816e-01 -1.776717752218246460e-01 6.499999761581420898e-02
4.376084804534912109e-01 -1.770663261413574219e-01 6.499999761581420898e-02
4.375938773155212402e-01 -1.764608919620513916e-01 6.499999761581420898e-02
4.375793039798736572e-01 -1.758554428815841675e-01 6.499999761581420898e-02
4.375647008419036865e-01 -1.752500087022781372e-01 6.499999761581420898e-02
4.375501275062561035e-01 -1.746445745229721069e-01 6.499999761581420898e-02
4.375355243682861328e-01 -1.740391254425048828e-01 6.499999761581420898e-02
4.375209510326385498e-01 -1.734336912631988525e-01 6.499999761581420898e-02
4.375063478946685791e-01 -1.728282421827316284e-01 6.499999761581420898e-02
4.374917447566986084e-01 -1.722228080034255981e-01 6.499999761581420898e-02
4.374771714210510254e-01 -1.716173887252807617e-01 6.499999761581420898e-02
4.374625682830810547e-01 -1.710119247436523438e-01 6.499999761581420898e-02
4.374479949474334717e-01 -1.704064905643463135e-01 6.499999761581420898e-02
4.374513626098632812e-01 -1.698005795478820801e-01 6.499999761581420898e-02
4.374562501907348633e-01 -1.691946387290954590e-01 6.499999761581420898e-02
4.374611675739288330e-01 -1.685886979103088379e-01 6.499999761581420898e-02
4.374660551548004150e-01 -1.679827272891998291e-01 6.499999761581420898e-02
4.374709725379943848e-01 -1.673767864704132080e-01 6.499999761581420898e-02
4.374758899211883545e-01 -1.667708307504653931e-01 6.499999761581420898e-02
4.374807775020599365e-01 -1.661648899316787720e-01 6.499999761581420898e-02
4.374856948852539062e-01 -1.655589491128921509e-01 6.499999761581420898e-02
4.374905824661254883e-01 -1.649529784917831421e-01 6.499999761581420898e-02
4.374954998493194580e-01 -1.643470376729965210e-01 6.499999761581420898e-02
4.375004172325134277e-01 -1.637410819530487061e-01 6.499999761581420898e-02
4.375053048133850098e-01 -1.631351411342620850e-01 6.499999761581420898e-02
4.375102221965789795e-01 -1.625292003154754639e-01 6.499999761581420898e-02
4.375151097774505615e-01 -1.619232296943664551e-01 6.499999761581420898e-02
4.375200271606445312e-01 -1.613172888755798340e-01 6.499999761581420898e-02
4.375249445438385010e-01 -1.607113331556320190e-01 6.499999761581420898e-02
4.375298321247100830e-01 -1.601053923368453979e-01 6.499999761581420898e-02
4.375347495079040527e-01 -1.594994515180587769e-01 6.499999761581420898e-02
4.375408291816711426e-01 -1.588935256004333496e-01 6.499999761581420898e-02
4.375497996807098389e-01 -1.582877039909362793e-01 6.499999761581420898e-02
4.375587701797485352e-01 -1.576818823814392090e-01 6.499999761581420898e-02
4.375677108764648438e-01 -1.570760607719421387e-01 6.499999761581420898e-02
4.375766813755035400e-01 -1.564702540636062622e-01 6.499999761581420898e-02
4.375856518745422363e-01 -1.558644175529479980e-01 6.499999761581420898e-02
4.375945925712585449e-01 -1.552586108446121216e-01 6.499999761581420898e-02
4.376035630702972412e-01 -1.546527743339538574e-01 6.499999761581420898e-02
4.376125335693359375e-01 -1.540469676256179810e-01 6.499999761581420898e-02
4.376214742660522461e-01 -1.534411460161209106e-01 6.499999761581420898e-02
4.376304447650909424e-01 -1.528353244066238403e-01 6.499999761581420898e-02
4.376394152641296387e-01 -1.522295027971267700e-01 6.499999761581420898e-02
4.376483559608459473e-01 -1.516236662864685059e-01 6.499999761581420898e-02
4.376573264598846436e-01 -1.510178595781326294e-01 6.499999761581420898e-02
4.376662671566009521e-01 -1.504120528697967529e-01 6.499999761581420898e-02
4.376752376556396484e-01 -1.498062163591384888e-01 6.499999761581420898e-02
4.376842081546783447e-01 -1.492004096508026123e-01 6.499999761581420898e-02
4.376931488513946533e-01 -1.485945731401443481e-01 6.499999761581420898e-02
4.377021193504333496e-01 -1.479887664318084717e-01 6.499999761581420898e-02
4.377080202102661133e-01 -1.473827958106994629e-01 6.499999761581420898e-02
4.377124607563018799e-01 -1.467767506837844849e-01 6.499999761581420898e-02
4.377169013023376465e-01 -1.461707204580307007e-01 6.499999761581420898e-02
4.377213418483734131e-01 -1.455646604299545288e-01 6.499999761581420898e-02
4.377257525920867920e-01 -1.449586302042007446e-01 6.499999761581420898e-02
4.377301931381225586e-01 -1.443525999784469604e-01 6.499999761581420898e-02
4.377346336841583252e-01 -1.437465548515319824e-01 6.499999761581420898e-02
4.377390742301940918e-01 -1.431405246257781982e-01 6.499999761581420898e-02
4.377435147762298584e-01 -1.425344645977020264e-01 6.499999761581420898e-02
4.377479255199432373e-01 -1.419284343719482422e-01 6.499999761581420898e-02
4.377523660659790039e-01 -1.413224041461944580e-01 6.499999761581420898e-02
4.377568066120147705e-01 -1.407163590192794800e-01 6.499999761581420898e-02
4.377612471580505371e-01 -1.401103287935256958e-01 6.499999761581420898e-02
4.377656877040863037e-01 -1.395042687654495239e-01 6.499999761581420898e-02
4.377700984477996826e-01 -1.388982385396957397e-01 6.499999761581420898e-02
4.377745389938354492e-01 -1.382922083139419556e-01 6.499999761581420898e-02
4.377789795398712158e-01 -1.376861631870269775e-01 6.499999761581420898e-02
4.377834200859069824e-01 -1.370801329612731934e-01 6.499999761581420898e-02
4.377879500389099121e-01 -1.364740580320358276e-01 6.499999761581420898e-02
4.377947747707366943e-01 -1.358675062656402588e-01 6.499999761581420898e-02
4.378015995025634766e-01 -1.352609694004058838e-01 6.499999761581420898e-02
4.378084242343902588e-01 -1.346544027328491211e-01 6.499999761581420898e-02
4.378152489662170410e-01 -1.340478658676147461e-01 6.499999761581420898e-02
4.378220736980438232e-01 -1.334413290023803711e-01 6.499999761581420898e-02
4.378288984298706055e-01 -1.328347474336624146e-01 6.499999761581420898e-02
4.378357231616973877e-01 -1.322281956672668457e-01 6.499999761581420898e-02
4.378425478935241699e-01 -1.316216588020324707e-01 6.499999761581420898e-02
4.378493726253509521e-01 -1.310151219367980957e-01 6.499999761581420898e-02
4.378561973571777344e-01 -1.304085850715637207e-01 6.499999761581420898e-02
4.378630220890045166e-01 -1.298019886016845703e-01 6.499999761581420898e-02
4.378698468208312988e-01 -1.291954517364501953e-01 6.499999761581420898e-02
4.378766715526580811e-01 -1.285889148712158203e-01 6.499999761581420898e-02
4.378834962844848633e-01 -1.279823780059814453e-01 6.499999761581420898e-02
4.378903210163116455e-01 -1.273758411407470703e-01 6.499999761581420898e-02
4.378971457481384277e-01 -1.267692446708679199e-01 6.499999761581420898e-02
4.379039704799652100e-01 -1.261627078056335449e-01 6.499999761581420898e-02
4.379107952117919922e-01 -1.255561709403991699e-01 6.499999761581420898e-02
4.379179477691650391e-01 -1.249492168426513672e-01 6.499999761581420898e-02
4.379256069660186768e-01 -1.243415996432304382e-01 6.499999761581420898e-02
4.379332661628723145e-01 -1.237339377403259277e-01 6.499999761581420898e-02
4.379408955574035645e-01 -1.231263279914855957e-01 6.499999761581420898e-02
4.379485547542572021e-01 -1.225187107920646667e-01 6.499999761581420898e-02
4.379562139511108398e-01 -1.219110935926437378e-01 6.499999761581420898e-02
4.379638731479644775e-01 -1.213034838438034058e-01 6.499999761581420898e-02
4.379715323448181152e-01 -1.206958219408988953e-01 6.499999761581420898e-02
4.379791617393493652e-01 -1.200882047414779663e-01 6.499999761581420898e-02
4.379868209362030029e-01 -1.194805949926376343e-01 6.499999761581420898e-02
4.379944801330566406e-01 -1.188729777932167053e-01 6.499999761581420898e-02
4.380021393299102783e-01 -1.182653605937957764e-01 6.499999761581420898e-02
4.380097985267639160e-01 -1.176576986908912659e-01 6.499999761581420898e-02
4.380174279212951660e-01 -1.170500889420509338e-01 6.499999761581420898e-02
4.380250871181488037e-01 -1.164424717426300049e-01 6.499999761581420898e-02
4.380327463150024414e-01 -1.158348619937896729e-01 6.499999761581420898e-02
4.380404055118560791e-01 -1.152272447943687439e-01 6.499999761581420898e-02
4.380480647087097168e-01 -1.146195828914642334e-01 6.499999761581420898e-02
4.380556941032409668e-01 -1.140119656920433044e-01 6.499999761581420898e-02
4.380650222301483154e-01 -1.134030446410179138e-01 6.499999761581420898e-02
4.380751550197601318e-01 -1.127934530377388000e-01 6.499999761581420898e-02
4.380853176116943359e-01 -1.121838614344596863e-01 6.499999761581420898e-02
4.380954504013061523e-01 -1.115742176771163940e-01 6.499999761581420898e-02
4.381055831909179688e-01 -1.109646260738372803e-01 6.499999761581420898e-02
4.381157457828521729e-01 -1.103550344705581665e-01 6.499999761581420898e-02
4.381258785724639893e-01 -1.097454428672790527e-01 6.499999761581420898e-02
4.381360411643981934e-01 -1.091358512639999390e-01 6.499999761581420898e-02
4.381461739540100098e-01 -1.085262149572372437e-01 6.499999761581420898e-02
4.381563365459442139e-01 -1.079166233539581299e-01 6.499999761581420898e-02
4.381664693355560303e-01 -1.073070317506790161e-01 6.499999761581420898e-02
4.381766021251678467e-01 -1.066974401473999023e-01 6.499999761581420898e-02
4.381867647171020508e-01 -1.060878485441207886e-01 6.499999761581420898e-02
4.381968975067138672e-01 -1.054782047867774963e-01 6.499999761581420898e-02
4.382070600986480713e-01 -1.048686131834983826e-01 6.499999761581420898e-02
4.382171928882598877e-01 -1.042590215802192688e-01 6.499999761581420898e-02
4.382273554801940918e-01 -1.036494299769401550e-01 6.499999761581420898e-02
4.382374882698059082e-01 -1.030398383736610413e-01 6.499999761581420898e-02
4.382476508617401123e-01 -1.024302020668983459e-01 6.499999761581420898e-02
4.382330179214477539e-01 -1.018403694033622742e-01 6.499999761581420898e-02
4.382131397724151611e-01 -1.012547090649604797e-01 6.499999761581420898e-02
4.381932616233825684e-01 -1.006690561771392822e-01 6.499999761581420898e-02
4.381733834743499756e-01 -1.000834032893180847e-01 6.499999761581420898e-02
4.381535351276397705e-01 -9.949770569801330566e-02 6.499999761581420898e-02
4.381336569786071777e-01 -9.891205281019210815e-02 6.499999761581420898e-02
4.381137788295745850e-01 -9.832639247179031372e-02 6.499999761581420898e-02
4.380939006805419922e-01 -9.774073958396911621e-02 6.499999761581420898e-02
4.380740523338317871e-01 -9.715508669614791870e-02 6.499999761581420898e-02
4.380541741847991943e-01 -9.656938910484313965e-02 6.499999761581420898e-02
4.380342960357666016e-01 -9.598373621702194214e-02 6.499999761581420898e-02
4.380144178867340088e-01 -9.539807587862014771e-02 6.499999761581420898e-02
4.379945397377014160e-01 -9.481242299079895020e-02 6.499999761581420898e-02
4.379746913909912109e-01 -9.422677010297775269e-02 6.499999761581420898e-02
4.379548132419586182e-01 -9.364107251167297363e-02 6.499999761581420898e-02
4.379349350929260254e-01 -9.305541962385177612e-02 6.499999761581420898e-02
4.379150569438934326e-01 -9.246976673603057861e-02 6.499999761581420898e-02
4.379042983055114746e-01 -9.188476949930191040e-02 6.499999761581420898e-02
4.379054903984069824e-01 -9.130065143108367920e-02 6.499999761581420898e-02
4.379066824913024902e-01 -9.071648865938186646e-02 6.499999761581420898e-02
4.379078745841979980e-01 -9.013237059116363525e-02 6.499999761581420898e-02
4.379090666770935059e-01 -8.954825252294540405e-02 6.499999761581420898e-02
4.379102587699890137e-01 -8.896413445472717285e-02 6.499999761581420898e-02
4.379114508628845215e-01 -8.838001638650894165e-02 6.499999761581420898e-02
4.379126429557800293e-01 -8.779585361480712891e-02 6.499999761581420898e-02
4.379138350486755371e-01 -8.721172809600830078e-02 6.499999761581420898e-02
4.379150271415710449e-01 -8.662761002779006958e-02 6.499999761581420898e-02
4.379162192344665527e-01 -8.604349195957183838e-02 6.499999761581420898e-02
4.379174113273620605e-01 -8.545937389135360718e-02 6.499999761581420898e-02
4.379186034202575684e-01 -8.487521111965179443e-02 6.499999761581420898e-02
4.379197955131530762e-01 -8.429109305143356323e-02 6.499999761581420898e-02
4.379209876060485840e-01 -8.370697498321533203e-02 6.499999761581420898e-02
4.379221796989440918e-01 -8.312284946441650391e-02 6.499999761581420898e-02
4.379233717918395996e-01 -8.253873139619827271e-02 6.499999761581420898e-02
4.379256367683410645e-01 -8.195514976978302002e-02 6.499999761581420898e-02
4.379392266273498535e-01 -8.137778192758560181e-02 6.499999761581420898e-02
4.379528164863586426e-01 -8.080041408538818359e-02 6.499999761581420898e-02
4.379664063453674316e-01 -8.022304624319076538e-02 6.499999761581420898e-02
4.379799962043762207e-01 -7.964567840099334717e-02 6.499999761581420898e-02
4.379935860633850098e-01 -7.906826585531234741e-02 6.499999761581420898e-02
4.380071759223937988e-01 -7.849089801311492920e-02 6.499999761581420898e-02
4.380207657814025879e-01 -7.791352272033691406e-02 6.499999761581420898e-02
4.380343556404113770e-01 -7.733615487813949585e-02 6.499999761581420898e-02
4.380479454994201660e-01 -7.675878703594207764e-02 6.499999761581420898e-02
4.380615353584289551e-01 -7.618137449026107788e-02 6.499999761581420898e-02
4.380751252174377441e-01 -7.560400664806365967e-02 6.499999761581420898e-02
4.380887150764465332e-01 -7.502663880586624146e-02 6.499999761581420898e-02
4.381023049354553223e-01 -7.444927096366882324e-02 6.499999761581420898e-02
4.381158947944641113e-01 -7.387190312147140503e-02 6.499999761581420898e-02
4.381294846534729004e-01 -7.329449057579040527e-02 6.499999761581420898e-02
4.381430745124816895e-01 -7.271712273359298706e-02 6.499999761581420898e-02
4.381566941738128662e-01 -7.213986665010452271e-02 6.499999761581420898e-02
4.381731152534484863e-01 -7.157018035650253296e-02 6.499999761581420898e-02
4.381895065307617188e-01 -7.100048661231994629e-02 6.499999761581420898e-02
4.382059276103973389e-01 -7.043075561523437500e-02 6.499999761581420898e-02
4.382223486900329590e-01 -6.986106932163238525e-02 6.499999761581420898e-02
4.382387399673461914e-01 -6.929137557744979858e-02 6.499999761581420898e-02
4.382551610469818115e-01 -6.872168928384780884e-02 6.499999761581420898e-02
4.382715523242950439e-01 -6.815199553966522217e-02 6.499999761581420898e-02
4.382879734039306641e-01 -6.758226454257965088e-02 6.499999761581420898e-02
4.383043944835662842e-01 -6.701257824897766113e-02 6.499999761581420898e-02
4.383207857608795166e-01 -6.644288450479507446e-02 6.499999761581420898e-02
4.383372068405151367e-01 -6.587319821119308472e-02 6.499999761581420898e-02
4.383535981178283691e-01 -6.530351191759109497e-02 6.499999761581420898e-02
4.383700191974639893e-01 -6.473377346992492676e-02 6.499999761581420898e-02
4.383864402770996094e-01 -6.416408717632293701e-02 6.499999761581420898e-02
4.384028315544128418e-01 -6.359440088272094727e-02 6.499999761581420898e-02
4.384192526340484619e-01 -6.302470713853836060e-02 6.499999761581420898e-02
4.384770393371582031e-01 -6.245746836066246033e-02 6.499999761581420898e-02
4.386469423770904541e-01 -6.189681217074394226e-02 6.499999761581420898e-02
4.388168454170227051e-01 -6.133620068430900574e-02 6.499999761581420898e-02
4.389867186546325684e-01 -6.077558919787406921e-02 6.499999761581420898e-02
4.391566216945648193e-01 -6.021497771143913269e-02 6.499999761581420898e-02
4.393264949321746826e-01 -5.965436622500419617e-02 6.499999761581420898e-02
4.394963979721069336e-01 -5.909371003508567810e-02 6.499999761581420898e-02
4.396662712097167969e-01 -5.853309854865074158e-02 6.499999761581420898e-02
4.398361742496490479e-01 -5.797248706221580505e-02 6.499999761581420898e-02
4.400060474872589111e-01 -5.741187557578086853e-02 6.499999761581420898e-02
4.401759505271911621e-01 -5.685126408934593201e-02 6.499999761581420898e-02
4.403458535671234131e-01 -5.629061162471771240e-02 6.499999761581420898e-02
4.405157268047332764e-01 -5.573000013828277588e-02 6.499999761581420898e-02
4.406856298446655273e-01 -5.516938865184783936e-02 6.499999761581420898e-02
4.408555030822753906e-01 -5.460877716541290283e-02 6.499999761581420898e-02
4.410254061222076416e-01 -5.404816567897796631e-02 6.499999761581420898e-02
4.411952793598175049e-01 -5.348750948905944824e-02 6.499999761581420898e-02
4.413651823997497559e-01 -5.292689800262451172e-02 6.499999761581420898e-02
4.415501952171325684e-01 -5.237403512001037598e-02 6.499999761581420898e-02
4.417757689952850342e-01 -5.184194818139076233e-02 6.499999761581420898e-02
4.420013427734375000e-01 -5.130986124277114868e-02 6.499999761581420898e-02
4.422269463539123535e-01 -5.077773705124855042e-02 6.499999761581420898e-02
4.424525201320648193e-01 -5.024565011262893677e-02 6.499999761581420898e-02
4.426781237125396729e-01 -4.971356689929962158e-02 6.499999761581420898e-02
4.429036974906921387e-01 -4.918147996068000793e-02 6.499999761581420898e-02
4.431292712688446045e-01 -4.864939674735069275e-02 6.499999761581420898e-02
4.433548748493194580e-01 -4.811726883053779602e-02 6.499999761581420898e-02
4.435804486274719238e-01 -4.758518561720848083e-02 6.499999761581420898e-02
4.438060224056243896e-01 -4.705309867858886719e-02 6.499999761581420898e-02
4.440316259860992432e-01 -4.652101546525955200e-02 6.499999761581420898e-02
4.442571997642517090e-01 -4.598892852663993835e-02 6.499999761581420898e-02
4.444828033447265625e-01 -4.545680433511734009e-02 6.499999761581420898e-02
4.447083771228790283e-01 -4.492471739649772644e-02 6.499999761581420898e-02
4.449339509010314941e-01 -4.439263045787811279e-02 6.499999761581420898e-02
4.451595246791839600e-01 -4.386054724454879761e-02 6.499999761581420898e-02
4.453851282596588135e-01 -4.332846030592918396e-02 6.499999761581420898e-02
4.456185996532440186e-01 -4.280347004532814026e-02 6.499999761581420898e-02
4.458565115928649902e-01 -4.228252917528152466e-02 6.499999761581420898e-02
4.460944533348083496e-01 -4.176158830523490906e-02 6.499999761581420898e-02
4.463323652744293213e-01 -4.124065116047859192e-02 6.499999761581420898e-02
4.465702772140502930e-01 -4.071971029043197632e-02 6.499999761581420898e-02
4.468081891536712646e-01 -4.019872844219207764e-02 6.499999761581420898e-02
4.470461010932922363e-01 -3.967778757214546204e-02 6.499999761581420898e-02
4.472840428352355957e-01 -3.915684670209884644e-02 6.499999761581420898e-02
4.475219547748565674e-01 -3.863590955734252930e-02 6.499999761581420898e-02
4.477598667144775391e-01 -3.811496868729591370e-02 6.499999761581420898e-02
4.479977786540985107e-01 -3.759398683905601501e-02 6.499999761581420898e-02
4.482356905937194824e-01 -3.707304596900939941e-02 6.499999761581420898e-02
4.484736323356628418e-01 -3.655210509896278381e-02 6.499999761581420898e-02
4.487115442752838135e-01 -3.603116422891616821e-02 6.499999761581420898e-02
4.489494562149047852e-01 -3.551022708415985107e-02 6.499999761581420898e-02
4.491873681545257568e-01 -3.498924523591995239e-02 6.499999761581420898e-02
4.494253098964691162e-01 -3.446830436587333679e-02 6.499999761581420898e-02
4.497039318084716797e-01 -3.398820385336875916e-02 6.499999761581420898e-02
4.501914680004119873e-01 -3.371755778789520264e-02 6.499999761581420898e-02
4.506790041923522949e-01 -3.344691172242164612e-02 6.499999761581420898e-02
4.511665701866149902e-01 -3.317624330520629883e-02 6.499999761581420898e-02
4.516541063785552979e-01 -3.290559351444244385e-02 6.499999761581420898e-02
4.521416425704956055e-01 -3.263494744896888733e-02 6.499999761581420898e-02
4.526291489601135254e-01 -3.236430138349533081e-02 6.499999761581420898e-02
4.531166851520538330e-01 -3.209365159273147583e-02 6.499999761581420898e-02
4.536042511463165283e-01 -3.182298317551612854e-02 6.499999761581420898e-02
4.540917873382568359e-01 -3.155233711004257202e-02 6.499999761581420898e-02
4.545793235301971436e-01 -3.128168731927871704e-02 6.499999761581420898e-02
4.550668597221374512e-01 -3.101104125380516052e-02 6.499999761581420898e-02
4.555543661117553711e-01 -3.074039332568645477e-02 6.499999761581420898e-02
4.560419321060180664e-01 -3.046972677111625671e-02 6.499999761581420898e-02
4.565294682979583740e-01 -3.019907884299755096e-02 6.499999761581420898e-02
4.570170044898986816e-01 -2.992843091487884521e-02 6.499999761581420898e-02
4.575045406818389893e-01 -2.965778298676013947e-02 6.499999761581420898e-02
4.580097198486328125e-01 -2.939928323030471802e-02 6.499999761581420898e-02
4.585193097591400146e-01 -2.914374507963657379e-02 6.499999761581420898e-02
4.590288400650024414e-01 -2.888822555541992188e-02 6.499999761581420898e-02
4.595383405685424805e-01 -2.863270789384841919e-02 6.499999761581420898e-02
4.600478708744049072e-01 -2.837718836963176727e-02 6.499999761581420898e-02
4.605574011802673340e-01 -2.812166884541511536e-02 6.499999761581420898e-02
4.610669910907745361e-01 -2.786613069474697113e-02 6.499999761581420898e-02
4.615764915943145752e-01 -2.761061117053031921e-02 6.499999761581420898e-02
4.620860219001770020e-01 -2.735509164631366730e-02 6.499999761581420898e-02
4.625955522060394287e-01 -2.709957398474216461e-02 6.499999761581420898e-02
4.631050825119018555e-01 -2.684405446052551270e-02 6.499999761581420898e-02
4.636146426200866699e-01 -2.658851630985736847e-02 6.499999761581420898e-02
4.641241729259490967e-01 -2.633299678564071655e-02 6.499999761581420898e-02
4.646337032318115234e-01 -2.607747726142406464e-02 6.499999761581420898e-02
4.651432335376739502e-01 -2.582195959985256195e-02 6.499999761581420898e-02
4.656527638435363770e-01 -2.556644007563591003e-02 6.499999761581420898e-02
4.661623239517211914e-01 -2.531090192496776581e-02 6.499999761581420898e-02
4.666881561279296875e-01 -2.506537549197673798e-02 6.499999761581420898e-02
4.672166407108306885e-01 -2.482148073613643646e-02 6.499999761581420898e-02
4.677451252937316895e-01 -2.457758784294128418e-02 6.499999761581420898e-02
4.682736098766326904e-01 -2.433369494974613190e-02 6.499999761581420898e-02
4.688021242618560791e-01 -2.408978156745433807e-02 6.499999761581420898e-02
4.693306088447570801e-01 -2.384588867425918579e-02 6.499999761581420898e-02
4.698590934276580811e-01 -2.360199391841888428e-02 6.499999761581420898e-02
4.703875780105590820e-01 -2.335810102522373199e-02 6.499999761581420898e-02
4.709160625934600830e-01 -2.311420813202857971e-02 6.499999761581420898e-02
4.714445769786834717e-01 -2.287029474973678589e-02 6.499999761581420898e-02
4.719730615615844727e-01 -2.262640185654163361e-02 6.499999761581420898e-02
4.725015461444854736e-01 -2.238250896334648132e-02 6.499999761581420898e-02
4.730300307273864746e-01 -2.213861420750617981e-02 6.499999761581420898e-02
4.735585153102874756e-01 -2.189472131431102753e-02 6.499999761581420898e-02
4.740870594978332520e-01 -2.165080979466438293e-02 6.499999761581420898e-02
4.746155142784118652e-01 -2.140691503882408142e-02 6.499999761581420898e-02
4.751439988613128662e-01 -2.116302214562892914e-02 6.499999761581420898e-02
4.756789207458496094e-01 -2.092475257813930511e-02 6.499999761581420898e-02
4.762259423732757568e-01 -2.069712616503238678e-02 6.499999761581420898e-02
4.767730534076690674e-01 -2.046948485076427460e-02 6.499999761581420898e-02
4.773200750350952148e-01 -2.024186030030250549e-02 6.499999761581420898e-02
4.778671264648437500e-01 -2.001423388719558716e-02 6.499999761581420898e-02
4.784141778945922852e-01 -1.978660933673381805e-02 6.499999761581420898e-02
4.789612293243408203e-01 -1.955898478627204895e-02 6.499999761581420898e-02
4.795083105564117432e-01 -1.933134160935878754e-02 6.499999761581420898e-02
4.800553321838378906e-01 -1.910371705889701843e-02 6.499999761581420898e-02
4.806023836135864258e-01 -1.887609250843524933e-02 6.499999761581420898e-02
4.811494350433349609e-01 -1.864846609532833099e-02 6.499999761581420898e-02
4.816964864730834961e-01 -1.842084154486656189e-02 6.499999761581420898e-02
4.822435677051544189e-01 -1.819319836795330048e-02 6.499999761581420898e-02
4.827905893325805664e-01 -1.796557381749153137e-02 6.499999761581420898e-02
4.833376407623291016e-01 -1.773794926702976227e-02 6.499999761581420898e-02
4.838846921920776367e-01 -1.751032471656799316e-02 6.499999761581420898e-02
4.844317436218261719e-01 -1.728269830346107483e-02 6.499999761581420898e-02
4.849788248538970947e-01 -1.705505698919296265e-02 6.499999761581420898e-02
4.855314493179321289e-01 -1.683410629630088806e-02 6.499999761581420898e-02
4.860953390598297119e-01 -1.662658713757991791e-02 6.499999761581420898e-02
4.866591989994049072e-01 -1.641906984150409698e-02 6.499999761581420898e-02
4.872230887413024902e-01 -1.621155068278312683e-02 6.499999761581420898e-02
4.877870082855224609e-01 -1.600401662290096283e-02 6.499999761581420898e-02
4.883508980274200439e-01 -1.579649746417999268e-02 6.499999761581420898e-02
4.889147579669952393e-01 -1.558897923678159714e-02 6.499999761581420898e-02
4.894786477088928223e-01 -1.538146100938320160e-02 6.499999761581420898e-02
4.900425076484680176e-01 -1.517394278198480606e-02 6.499999761581420898e-02
4.906064271926879883e-01 -1.496640779078006744e-02 6.499999761581420898e-02
4.911703169345855713e-01 -1.475888956338167191e-02 6.499999761581420898e-02
4.917342066764831543e-01 -1.455137133598327637e-02 6.499999761581420898e-02
4.922980666160583496e-01 -1.434385217726230621e-02 6.499999761581420898e-02
4.928619563579559326e-01 -1.413633394986391068e-02 6.499999761581420898e-02
4.934258759021759033e-01 -1.392879988998174667e-02 6.499999761581420898e-02
4.939897358417510986e-01 -1.372128166258335114e-02 6.499999761581420898e-02
4.945536255836486816e-01 -1.351376250386238098e-02 6.499999761581420898e-02
4.951175153255462646e-01 -1.330624427646398544e-02 6.499999761581420898e-02
4.956813752651214600e-01 -1.309872604906558990e-02 6.499999761581420898e-02
4.962580800056457520e-01 -1.291206479072570801e-02 6.499999761581420898e-02
4.968359470367431641e-01 -1.272737514227628708e-02 6.499999761581420898e-02
4.974138140678405762e-01 -1.254268456250429153e-02 6.499999761581420898e-02
4.979916810989379883e-01 -1.235799491405487061e-02 6.499999761581420898e-02
4.985695481300354004e-01 -1.217330433428287506e-02 6.499999761581420898e-02
4.991474747657775879e-01 -1.198860071599483490e-02 6.499999761581420898e-02
4.997253417968750000e-01 -1.180391013622283936e-02 6.499999761581420898e-02
5.003032088279724121e-01 -1.161922048777341843e-02 6.499999761581420898e-02
5.008810758590698242e-01 -1.143453083932399750e-02 6.499999761581420898e-02
5.014589428901672363e-01 -1.124984025955200195e-02 6.499999761581420898e-02
5.020368695259094238e-01 -1.106513664126396179e-02 6.499999761581420898e-02
5.026147365570068359e-01 -1.088044606149196625e-02 6.499999761581420898e-02
5.031926035881042480e-01 -1.069575641304254532e-02 6.499999761581420898e-02
5.037704706192016602e-01 -1.051106583327054977e-02 6.499999761581420898e-02
5.043483376502990723e-01 -1.032637618482112885e-02 6.499999761581420898e-02
5.049262046813964844e-01 -1.014167256653308868e-02 6.499999761581420898e-02
5.055040717124938965e-01 -9.956981986761093140e-03 6.499999761581420898e-02
5.060819387435913086e-01 -9.772291406989097595e-03 6.499999761581420898e-02
5.066620111465454102e-01 -9.592853486537933350e-03 6.499999761581420898e-02
5.072503089904785156e-01 -9.432983584702014923e-03 6.499999761581420898e-02
5.078386068344116211e-01 -9.273101575672626495e-03 6.499999761581420898e-02
5.084269046783447266e-01 -9.113231673836708069e-03 6.499999761581420898e-02
5.090152025222778320e-01 -8.953361772000789642e-03 6.499999761581420898e-02
5.096035003662109375e-01 -8.793491870164871216e-03 6.499999761581420898e-02
5.101917386054992676e-01 -8.633622899651527405e-03 6.499999761581420898e-02
5.107800960540771484e-01 -8.473740890622138977e-03 6.499999761581420898e-02
5.113683938980102539e-01 -8.313870988786220551e-03 6.499999761581420898e-02
5.119566321372985840e-01 -8.154001086950302124e-03 6.499999761581420898e-02
5.125449299812316895e-01 -7.994131185114383698e-03 6.499999761581420898e-02
5.131332278251647949e-01 -7.834261283278465271e-03 6.499999761581420898e-02
5.137215256690979004e-01 -7.674379739910364151e-03 6.499999761581420898e-02
5.143098235130310059e-01 -7.514509372413158417e-03 6.499999761581420898e-02
5.148981213569641113e-01 -7.354639936238527298e-03 6.499999761581420898e-02
5.154864192008972168e-01 -7.194770034402608871e-03 6.499999761581420898e-02
5.160746574401855469e-01 -7.034900598227977753e-03 6.499999761581420898e-02
5.166630148887634277e-01 -6.875018589198589325e-03 6.499999761581420898e-02
5.172513127326965332e-01 -6.715148687362670898e-03 6.499999761581420898e-02
5.178413391113281250e-01 -6.561608985066413879e-03 6.499999761581420898e-02
5.184344649314880371e-01 -6.419310346245765686e-03 6.499999761581420898e-02
5.190275907516479492e-01 -6.277012173086404800e-03 6.499999761581420898e-02
5.196207761764526367e-01 -6.134703289717435837e-03 6.499999761581420898e-02
5.202139019966125488e-01 -5.992404650896787643e-03 6.499999761581420898e-02
5.208070278167724609e-01 -5.850106477737426758e-03 6.499999761581420898e-02
5.214001536369323730e-01 -5.707808304578065872e-03 6.499999761581420898e-02
5.219932794570922852e-01 -5.565510131418704987e-03 6.499999761581420898e-02
5.225864648818969727e-01 -5.423200782388448715e-03 6.499999761581420898e-02
5.231795907020568848e-01 -5.280902609229087830e-03 6.499999761581420898e-02
5.237727165222167969e-01 -5.138603970408439636e-03 6.499999761581420898e-02
5.243658423423767090e-01 -4.996305797249078751e-03 6.499999761581420898e-02
5.249589681625366211e-01 -4.854007624089717865e-03 6.499999761581420898e-02
5.255521535873413086e-01 -4.711698275059461594e-03 6.499999761581420898e-02
5.261452794075012207e-01 -4.569400101900100708e-03 6.499999761581420898e-02
5.267384052276611328e-01 -4.427101463079452515e-03 6.499999761581420898e-02
5.273315906524658203e-01 -4.284803755581378937e-03 6.499999761581420898e-02
5.279247164726257324e-01 -4.142505116760730743e-03 6.499999761581420898e-02
5.285178422927856445e-01 -4.000196233391761780e-03 6.499999761581420898e-02
5.291126966476440430e-01 -3.867038059979677200e-03 6.499999761581420898e-02
5.297092199325561523e-01 -3.743468783795833588e-03 6.499999761581420898e-02
5.303058028221130371e-01 -3.619899507611989975e-03 6.499999761581420898e-02
5.309023857116699219e-01 -3.496330231428146362e-03 6.499999761581420898e-02
5.314990282058715820e-01 -3.372751642018556595e-03 6.499999761581420898e-02
5.320955514907836914e-01 -3.249182365834712982e-03 6.499999761581420898e-02
5.326921343803405762e-01 -3.125613089650869370e-03 6.499999761581420898e-02
5.332887172698974609e-01 -3.002043813467025757e-03 6.499999761581420898e-02
5.338853001594543457e-01 -2.878474537283182144e-03 6.499999761581420898e-02
5.344818830490112305e-01 -2.754895947873592377e-03 6.499999761581420898e-02
5.350784659385681152e-01 -2.631326671689748764e-03 6.499999761581420898e-02
5.356750488281250000e-01 -2.507757395505905151e-03 6.499999761581420898e-02
5.362716317176818848e-01 -2.384188119322061539e-03 6.499999761581420898e-02
5.368682146072387695e-01 -2.260618843138217926e-03 6.499999761581420898e-02
5.374647974967956543e-01 -2.137040020897984505e-03 6.499999761581420898e-02
5.380613803863525391e-01 -2.013470511883497238e-03 6.499999761581420898e-02
5.386579632759094238e-01 -1.889901468530297279e-03 6.499999761581420898e-02
5.392545461654663086e-01 -1.766332192346453667e-03 6.499999761581420898e-02
5.398510694503784180e-01 -1.642762916162610054e-03 6.499999761581420898e-02
5.403358936309814453e-01 -1.554669579491019249e-03 6.499999761581420898e-02
5.407560467720031738e-01 -1.487076049670577049e-03 6.499999761581420898e-02
5.411762595176696777e-01 -1.419482519850134850e-03 6.499999761581420898e-02
5.415964126586914062e-01 -1.351889106445014477e-03 6.499999761581420898e-02
5.420165657997131348e-01 -1.284295576624572277e-03 6.499999761581420898e-02
5.424367785453796387e-01 -1.216696924529969692e-03 6.499999761581420898e-02
5.428569912910461426e-01 -1.149103394709527493e-03 6.499999761581420898e-02
5.432771444320678711e-01 -1.081509981304407120e-03 6.499999761581420898e-02
5.436972975730895996e-01 -1.013916451483964920e-03 6.499999761581420898e-02
5.441175103187561035e-01 -9.463229216635227203e-04 6.499999761581420898e-02
5.445376634597778320e-01 -8.787242113612592220e-04 6.499999761581420898e-02
5.449578762054443359e-01 -8.111307397484779358e-04 6.499999761581420898e-02
5.453780293464660645e-01 -7.435371517203748226e-04 6.499999761581420898e-02
5.457982420921325684e-01 -6.759437383152544498e-04 6.499999761581420898e-02
5.462183952331542969e-01 -6.083501502871513367e-04 6.499999761581420898e-02
5.466386079788208008e-01 -5.407514981925487518e-04 6.499999761581420898e-02
5.470587611198425293e-01 -4.731580847874283791e-04 6.499999761581420898e-02
5.474789738655090332e-01 -4.055645549669861794e-04 6.499999761581420898e-02
5.478991270065307617e-01 -3.379710251465439796e-04 6.499999761581420898e-02
5.483192801475524902e-01 -2.703774953261017799e-04 6.499999761581420898e-02
5.487394928932189941e-01 -2.027788432314991951e-04 6.499999761581420898e-02
5.491596460342407227e-01 -1.351854298263788223e-04 6.499999761581420898e-02
5.500000119209289551e-01 0.000000000000000000e+00 6.499999761581420898e-02
