3.780464529991149902e-01 -4.511298239231109619e-01 6.499999761581420898e-02
3.784424960613250732e-01 -4.510164260864257812e-01 6.499999761581420898e-02
3.788385391235351562e-01 -4.509030282497406006e-01 6.499999761581420898e-02
3.792346119880676270e-01 -4.507896304130554199e-01 6.499999761581420898e-02
3.796306550502777100e-01 -4.506762325763702393e-01 6.499999761581420898e-02
3.800266981124877930e-01 -4.505628347396850586e-01 6.499999761581420898e-02
3.804227411746978760e-01 -4.504494369029998779e-01 6.499999761581420898e-02
3.808187842369079590e-01 -4.503360390663146973e-01 6.499999761581420898e-02
3.812148571014404297e-01 -4.502226412296295166e-01 6.499999761581420898e-02
3.816109001636505127e-01 -4.501092433929443359e-01 6.499999761581420898e-02
3.820069432258605957e-01 -4.499958455562591553e-01 6.499999761581420898e-02
3.824029862880706787e-01 -4.498824477195739746e-01 6.499999761581420898e-02
3.827990293502807617e-01 -4.497690498828887939e-01 6.499999761581420898e-02
3.831951022148132324e-01 -4.496556520462036133e-01 6.499999761581420898e-02
3.835911452770233154e-01 -4.495422542095184326e-01 6.499999761581420898e-02
3.839871883392333984e-01 -4.494288563728332520e-01 6.499999761581420898e-02
3.843832314014434814e-01 -4.493154585361480713e-01 6.499999761581420898e-02
3.847792744636535645e-01 -4.492020606994628906e-01 6.499999761581420898e-02
3.851753473281860352e-01 -4.490886628627777100e-01 6.499999761581420898e-02
3.855713903903961182e-01 -4.489752650260925293e-01 6.499999761581420898e-02
3.859674334526062012e-01 -4.488618671894073486e-01 6.499999761581420898e-02
3.863634765148162842e-01 -4.487484693527221680e-01 6.499999761581420898e-02
3.867595493793487549e-01 -4.486350715160369873e-01 6.499999761581420898e-02
3.871555924415588379e-01 -4.485216736793518066e-01 6.499999761581420898e-02
3.877068161964416504e-01 -4.483494460582733154e-01 6.499999761581420898e-02
3.883098065853118896e-01 -4.481575787067413330e-01 6.499999761581420898e-02
3.889128267765045166e-01 -4.479657113552093506e-01 6.499999761581420898e-02
3.895158171653747559e-01 -4.477738738059997559e-01 6.499999761581420898e-02
3.901188075542449951e-01 -4.475820064544677734e-01 6.499999761581420898e-02
3.907217979431152344e-01 -4.473901391029357910e-01 6.499999761581420898e-02
3.913248181343078613e-01 -4.471982717514038086e-01 6.499999761581420898e-02
3.919278085231781006e-01 -4.470064342021942139e-01 6.499999761581420898e-02
3.925307989120483398e-01 -4.468145668506622314e-01 6.499999761581420898e-02
3.931338191032409668e-01 -4.466226994991302490e-01 6.499999761581420898e-02
3.937368094921112061e-01 -4.464308619499206543e-01 6.499999761581420898e-02
3.943397998809814453e-01 -4.462389945983886719e-01 6.499999761581420898e-02
3.949427902698516846e-01 -4.460471272468566895e-01 6.499999761581420898e-02
3.955458104610443115e-01 -4.458552598953247070e-01 6.499999761581420898e-02
3.961488008499145508e-01 -4.456634223461151123e-01 6.499999761581420898e-02
3.967517912387847900e-01 -4.454715549945831299e-01 6.499999761581420898e-02
3.973548114299774170e-01 -4.452796876430511475e-01 6.499999761581420898e-02
3.979578018188476562e-01 -4.450878500938415527e-01 6.499999761581420898e-02
3.985607922077178955e-01 -4.448959827423095703e-01 6.499999761581420898e-02
3.991638123989105225e-01 -4.447041153907775879e-01 6.499999761581420898e-02
3.997668027877807617e-01 -4.445122480392456055e-01 6.499999761581420898e-02
4.003024697303771973e-01 -4.442996382713317871e-01 6.499999761581420898e-02
4.008329510688781738e-01 -4.440853893756866455e-01 6.499999761581420898e-02
4.013634324073791504e-01 -4.438711702823638916e-01 6.499999761581420898e-02
4.018939137458801270e-01 -4.436569213867187500e-01 6.499999761581420898e-02
4.024243950843811035e-01 -4.434427022933959961e-01 6.499999761581420898e-02
4.029548466205596924e-01 -4.432284832000732422e-01 6.499999761581420898e-02
4.034853279590606689e-01 -4.430142343044281006e-01 6.499999761581420898e-02
4.040158092975616455e-01 -4.428000152111053467e-01 6.499999761581420898e-02
4.045462906360626221e-01 -4.425857663154602051e-01 6.499999761581420898e-02
4.050767719745635986e-01 -4.423715472221374512e-01 6.499999761581420898e-02
4.056072235107421875e-01 -4.421572983264923096e-01 6.499999761581420898e-02
4.061377048492431641e-01 -4.419430792331695557e-01 6.499999761581420898e-02
4.066681861877441406e-01 -4.417288303375244141e-01 6.499999761581420898e-02
4.071986675262451172e-01 -4.415146112442016602e-01 6.499999761581420898e-02
4.077291488647460938e-01 -4.413003921508789062e-01 6.499999761581420898e-02
4.082596004009246826e-01 -4.410861432552337646e-01 6.499999761581420898e-02
4.087900817394256592e-01 -4.408719241619110107e-01 6.499999761581420898e-02
4.093320965766906738e-01 -4.406396448612213135e-01 6.499999761581420898e-02
4.098832011222839355e-01 -4.403932094573974609e-01 6.499999761581420898e-02
4.104342758655548096e-01 -4.401467740535736084e-01 6.499999761581420898e-02
4.109853506088256836e-01 -4.399003386497497559e-01 6.499999761581420898e-02
4.115364253520965576e-01 -4.396539032459259033e-01 6.499999761581420898e-02
4.120875000953674316e-01 -4.394074976444244385e-01 6.499999761581420898e-02
4.126386046409606934e-01 -4.391610622406005859e-01 6.499999761581420898e-02
4.131896793842315674e-01 -4.389146268367767334e-01 6.499999761581420898e-02
4.137407541275024414e-01 -4.386681914329528809e-01 6.499999761581420898e-02
4.142918288707733154e-01 -4.384217560291290283e-01 6.499999761581420898e-02
4.148429036140441895e-01 -4.381753504276275635e-01 6.499999761581420898e-02
4.153940081596374512e-01 -4.379289150238037109e-01 6.499999761581420898e-02
4.159450829029083252e-01 -4.376824796199798584e-01 6.499999761581420898e-02
4.164961576461791992e-01 -4.374360442161560059e-01 6.499999761581420898e-02
4.170472323894500732e-01 -4.371896088123321533e-01 6.499999761581420898e-02
4.175983071327209473e-01 -4.369432032108306885e-01 6.499999761581420898e-02
4.181494116783142090e-01 -4.366967678070068359e-01 6.499999761581420898e-02
4.187004864215850830e-01 -4.364503324031829834e-01 6.499999761581420898e-02
4.192515611648559570e-01 -4.362038969993591309e-01 6.499999761581420898e-02
4.197902381420135498e-01 -4.359378218650817871e-01 6.499999761581420898e-02
4.203252792358398438e-01 -4.356659948825836182e-01 6.499999761581420898e-02
4.208603203296661377e-01 -4.353941679000854492e-01 6.499999761581420898e-02
4.213953614234924316e-01 -4.351223409175872803e-01 6.499999761581420898e-02
4.219304025173187256e-01 -4.348505437374114990e-01 6.499999761581420898e-02
4.224654436111450195e-01 -4.345787167549133301e-01 6.499999761581420898e-02
4.230004847049713135e-01 -4.343068897724151611e-01 6.499999761581420898e-02
4.235355257987976074e-01 -4.340350627899169922e-01 6.499999761581420898e-02
4.240705668926239014e-01 -4.337632358074188232e-01 6.499999761581420898e-02
4.246056079864501953e-01 -4.334914088249206543e-01 6.499999761581420898e-02
4.251406490802764893e-01 -4.332195818424224854e-01 6.499999761581420898e-02
4.256756901741027832e-01 -4.329477846622467041e-01 6.499999761581420898e-02
4.262107312679290771e-01 -4.326759576797485352e-01 6.499999761581420898e-02
4.267457723617553711e-01 -4.324041306972503662e-01 6.499999761581420898e-02
4.272808134555816650e-01 -4.321323037147521973e-01 6.499999761581420898e-02
4.278158545494079590e-01 -4.318604767322540283e-01 6.499999761581420898e-02
4.283508956432342529e-01 -4.315886497497558594e-01 6.499999761581420898e-02
4.288859367370605469e-01 -4.313168227672576904e-01 6.499999761581420898e-02
4.294172227382659912e-01 -4.310402572154998779e-01 6.499999761581420898e-02
4.299340248107910156e-01 -4.307453334331512451e-01 6.499999761581420898e-02
4.304508268833160400e-01 -4.304503798484802246e-01 6.499999761581420898e-02
4.309676289558410645e-01 -4.301554560661315918e-01 6.499999761581420898e-02
4.314844012260437012e-01 -4.298605322837829590e-01 6.499999761581420898e-02
4.320012032985687256e-01 -4.295655786991119385e-01 6.499999761581420898e-02
4.325180053710937500e-01 -4.292706549167633057e-01 6.499999761581420898e-02
4.330348074436187744e-01 -4.289757013320922852e-01 6.499999761581420898e-02
4.335516095161437988e-01 -4.286807775497436523e-01 6.499999761581420898e-02
4.340684115886688232e-01 -4.283858239650726318e-01 6.499999761581420898e-02
4.345852136611938477e-01 -4.280909001827239990e-01 6.499999761581420898e-02
4.351019859313964844e-01 -4.277959764003753662e-01 6.499999761581420898e-02
4.356187880039215088e-01 -4.275010228157043457e-01 6.499999761581420898e-02
4.361355900764465332e-01 -4.272060990333557129e-01 6.499999761581420898e-02
4.366523921489715576e-01 -4.269111454486846924e-01 6.499999761581420898e-02
4.371691942214965820e-01 -4.266162216663360596e-01 6.499999761581420898e-02
4.376859962940216064e-01 -4.263212680816650391e-01 6.499999761581420898e-02
4.382027983665466309e-01 -4.260263442993164062e-01 6.499999761581420898e-02
4.387195706367492676e-01 -4.257313907146453857e-01 6.499999761581420898e-02
4.392182230949401855e-01 -4.254181981086730957e-01 6.499999761581420898e-02
4.397148787975311279e-01 -4.251029491424560547e-01 6.499999761581420898e-02
4.402115345001220703e-01 -4.247877299785614014e-01 6.499999761581420898e-02
4.407081902027130127e-01 -4.244725108146667480e-01 6.499999761581420898e-02
4.412048161029815674e-01 -4.241572618484497070e-01 6.499999761581420898e-02
4.417014718055725098e-01 -4.238420426845550537e-01 6.499999761581420898e-02
4.421981275081634521e-01 -4.235268235206604004e-01 6.499999761581420898e-02
4.426947832107543945e-01 -4.232115745544433594e-01 6.499999761581420898e-02
4.431914389133453369e-01 -4.228963553905487061e-01 6.499999761581420898e-02
4.436880648136138916e-01 -4.225811362266540527e-01 6.499999761581420898e-02
4.441847205162048340e-01 -4.222658872604370117e-01 6.499999761581420898e-02
4.446813762187957764e-01 -4.219506680965423584e-01 6.499999761581420898e-02
4.451780319213867188e-01 -4.216354489326477051e-01 6.499999761581420898e-02
4.456746876239776611e-01 -4.213201999664306641e-01 6.499999761581420898e-02
4.461713135242462158e-01 -4.210049808025360107e-01 6.499999761581420898e-02
4.466679692268371582e-01 -4.206897616386413574e-01 6.499999761581420898e-02
4.471646249294281006e-01 -4.203745126724243164e-01 6.499999761581420898e-02
4.476612806320190430e-01 -4.200592935085296631e-01 6.499999761581420898e-02
4.481380879878997803e-01 -4.197282791137695312e-01 6.499999761581420898e-02
4.486131668090820312e-01 -4.193958640098571777e-01 6.499999761581420898e-02
4.490882456302642822e-01 -4.190634787082672119e-01 6.499999761581420898e-02
4.495633542537689209e-01 -4.187310636043548584e-01 6.499999761581420898e-02
4.500384330749511719e-01 -4.183986783027648926e-01 6.499999761581420898e-02
4.505135118961334229e-01 -4.180662930011749268e-01 6.499999761581420898e-02
4.509885907173156738e-01 -4.177338778972625732e-01 6.499999761581420898e-02
4.514636695384979248e-01 -4.174014925956726074e-01 6.499999761581420898e-02
4.519387781620025635e-01 -4.170690774917602539e-01 6.499999761581420898e-02
4.524138569831848145e-01 -4.167366921901702881e-01 6.499999761581420898e-02
4.528889358043670654e-01 -4.164042770862579346e-01 6.499999761581420898e-02
4.533640146255493164e-01 -4.160718917846679688e-01 6.499999761581420898e-02
4.538390934467315674e-01 -4.157394766807556152e-01 6.499999761581420898e-02
4.543142020702362061e-01 -4.154070913791656494e-01 6.499999761581420898e-02
4.547892808914184570e-01 -4.150746762752532959e-01 6.499999761581420898e-02
4.552643597126007080e-01 -4.147422909736633301e-01 6.499999761581420898e-02
4.557394385337829590e-01 -4.144099056720733643e-01 6.499999761581420898e-02
4.562074840068817139e-01 -4.140731990337371826e-01 6.499999761581420898e-02
4.566605091094970703e-01 -4.137273430824279785e-01 6.499999761581420898e-02
4.571135044097900391e-01 -4.133814871311187744e-01 6.499999761581420898e-02
4.575665295124053955e-01 -4.130356311798095703e-01 6.499999761581420898e-02
4.580195248126983643e-01 -4.126898050308227539e-01 6.499999761581420898e-02
4.584725499153137207e-01 -4.123439490795135498e-01 6.499999761581420898e-02
4.589255750179290771e-01 -4.119980931282043457e-01 6.499999761581420898e-02
4.593785703182220459e-01 -4.116522371768951416e-01 6.499999761581420898e-02
4.598315954208374023e-01 -4.113063812255859375e-01 6.499999761581420898e-02
4.602846205234527588e-01 -4.109605252742767334e-01 6.499999761581420898e-02
4.607376158237457275e-01 -4.106146693229675293e-01 6.499999761581420898e-02
4.611906409263610840e-01 -4.102688431739807129e-01 6.499999761581420898e-02
4.616436362266540527e-01 -4.099229872226715088e-01 6.499999761581420898e-02
4.620966613292694092e-01 -4.095771312713623047e-01 6.499999761581420898e-02
4.625496864318847656e-01 -4.092312753200531006e-01 6.499999761581420898e-02
4.630026817321777344e-01 -4.088854193687438965e-01 6.499999761581420898e-02
4.634557068347930908e-01 -4.085395634174346924e-01 6.499999761581420898e-02
4.638691842555999756e-01 -4.081629812717437744e-01 6.499999761581420898e-02
4.640528857707977295e-01 -4.076078236103057861e-01 6.499999761581420898e-02
4.642365872859954834e-01 -4.070526659488677979e-01 6.499999761581420898e-02
4.644202888011932373e-01 -4.064975380897521973e-01 6.499999761581420898e-02
4.646040201187133789e-01 -4.059423804283142090e-01 6.499999761581420898e-02
4.647877216339111328e-01 -4.053872227668762207e-01 6.499999761581420898e-02
4.649714231491088867e-01 -4.048320651054382324e-01 6.499999761581420898e-02
4.651551246643066406e-01 -4.042769074440002441e-01 6.499999761581420898e-02
4.653388261795043945e-01 -4.037217497825622559e-01 6.499999761581420898e-02
4.655225276947021484e-01 -4.031665921211242676e-01 6.499999761581420898e-02
4.657062590122222900e-01 -4.026114344596862793e-01 6.499999761581420898e-02
4.658899605274200439e-01 -4.020562767982482910e-01 6.499999761581420898e-02
4.660736620426177979e-01 -4.015011191368103027e-01 6.499999761581420898e-02
4.662573635578155518e-01 -4.009459614753723145e-01 6.499999761581420898e-02
4.664410650730133057e-01 -4.003908336162567139e-01 6.499999761581420898e-02
4.666247665882110596e-01 -3.998356759548187256e-01 6.499999761581420898e-02
4.668084979057312012e-01 -3.992805182933807373e-01 6.499999761581420898e-02
4.669921994209289551e-01 -3.987253606319427490e-01 6.499999761581420898e-02
4.671739041805267334e-01 -3.981684446334838867e-01 6.499999761581420898e-02
4.673360288143157959e-01 -3.975940942764282227e-01 6.499999761581420898e-02
4.674981832504272461e-01 -3.970197737216949463e-01 6.499999761581420898e-02
4.676603078842163086e-01 -3.964454233646392822e-01 6.499999761581420898e-02
4.678224325180053711e-01 -3.958710730075836182e-01 6.499999761581420898e-02
4.679845571517944336e-01 -3.952967524528503418e-01 6.499999761581420898e-02
4.681466817855834961e-01 -3.947224020957946777e-01 6.499999761581420898e-02
4.683088064193725586e-01 -3.941480815410614014e-01 6.499999761581420898e-02
4.684709608554840088e-01 -3.935737311840057373e-01 6.499999761581420898e-02
4.686330854892730713e-01 -3.929993808269500732e-01 6.499999761581420898e-02
4.687952101230621338e-01 -3.924250304698944092e-01 6.499999761581420898e-02
4.689573347568511963e-01 -3.918507099151611328e-01 6.499999761581420898e-02
4.691194593906402588e-01 -3.912763595581054688e-01 6.499999761581420898e-02
4.692815840244293213e-01 -3.907020390033721924e-01 6.499999761581420898e-02
4.694437086582183838e-01 -3.901276886463165283e-01 6.499999761581420898e-02
4.696058630943298340e-01 -3.895533382892608643e-01 6.499999761581420898e-02
4.697679877281188965e-01 -3.889790177345275879e-01 6.499999761581420898e-02
4.699301123619079590e-01 -3.884046673774719238e-01 6.499999761581420898e-02
4.700922369956970215e-01 -3.878303170204162598e-01 6.499999761581420898e-02
4.702417552471160889e-01 -3.872473835945129395e-01 6.499999761581420898e-02
4.703800082206726074e-01 -3.866567611694335938e-01 6.499999761581420898e-02
4.705182611942291260e-01 -3.860661685466766357e-01 6.499999761581420898e-02
4.706565141677856445e-01 -3.854755461215972900e-01 6.499999761581420898e-02
4.707947373390197754e-01 -3.848849236965179443e-01 6.499999761581420898e-02
4.709329903125762939e-01 -3.842943012714385986e-01 6.499999761581420898e-02
4.710712432861328125e-01 -3.837036788463592529e-01 6.499999761581420898e-02
4.712094962596893311e-01 -3.831130564212799072e-01 6.499999761581420898e-02
4.713477194309234619e-01 -3.825224339962005615e-01 6.499999761581420898e-02
4.714238643646240234e-01 -3.821447789669036865e-01 6.499999761581420898e-02
4.715000391006469727e-01 -3.817671239376068115e-01 6.499999761581420898e-02
4.715761840343475342e-01 -3.813894689083099365e-01 6.499999761581420898e-02
4.716523289680480957e-01 -3.810118436813354492e-01 6.499999761581420898e-02
4.717284739017486572e-01 -3.806341886520385742e-01 6.499999761581420898e-02
4.718046486377716064e-01 -3.802565336227416992e-01 6.499999761581420898e-02
4.718807935714721680e-01 -3.798788785934448242e-01 6.499999761581420898e-02
4.719569385051727295e-01 -3.795012235641479492e-01 6.499999761581420898e-02
4.720330834388732910e-01 -3.791235685348510742e-01 6.499999761581420898e-02
4.721092581748962402e-01 -3.787459135055541992e-01 6.499999761581420898e-02
4.721854031085968018e-01 -3.783682882785797119e-01 6.499999761581420898e-02
4.722615480422973633e-01 -3.779906332492828369e-01 6.499999761581420898e-02
4.723376929759979248e-01 -3.776129782199859619e-01 6.499999761581420898e-02
4.724138677120208740e-01 -3.772353231906890869e-01 6.499999761581420898e-02
4.724900126457214355e-01 -3.768576681613922119e-01 6.499999761581420898e-02
4.725661575794219971e-01 -3.764800131320953369e-01 6.499999761581420898e-02
4.726423025131225586e-01 -3.761023581027984619e-01 6.499999761581420898e-02
4.727184772491455078e-01 -3.757247328758239746e-01 6.499999761581420898e-02
4.727919697761535645e-01 -3.753383159637451172e-01 6.499999761581420898e-02
4.727910459041595459e-01 -3.747062385082244873e-01 6.499999761581420898e-02
4.727900922298431396e-01 -3.740741610527038574e-01 6.499999761581420898e-02
4.727891683578491211e-01 -3.734420835971832275e-01 6.499999761581420898e-02
4.727882444858551025e-01 -3.728100061416625977e-01 6.499999761581420898e-02
4.727872908115386963e-01 -3.721779286861419678e-01 6.499999761581420898e-02
4.727863669395446777e-01 -3.715458512306213379e-01 6.499999761581420898e-02
4.727854430675506592e-01 -3.709137737751007080e-01 6.499999761581420898e-02
4.727844893932342529e-01 -3.702816963195800781e-01 6.499999761581420898e-02
4.727835655212402344e-01 -3.696496188640594482e-01 6.499999761581420898e-02
4.727826416492462158e-01 -3.690175414085388184e-01 6.499999761581420898e-02
4.727817177772521973e-01 -3.683854639530181885e-01 6.499999761581420898e-02
4.727807641029357910e-01 -3.677533864974975586e-01 6.499999761581420898e-02
4.727798402309417725e-01 -3.671213388442993164e-01 6.499999761581420898e-02
4.727792739868164062e-01 -3.665066063404083252e-01 6.499999761581420898e-02
4.727801680564880371e-01 -3.659602403640747070e-01 6.499999761581420898e-02
4.727810323238372803e-01 -3.654139041900634766e-01 6.499999761581420898e-02
4.727819263935089111e-01 -3.648675382137298584e-01 6.499999761581420898e-02
4.727827906608581543e-01 -3.643211722373962402e-01 6.499999761581420898e-02
4.727836847305297852e-01 -3.637748360633850098e-01 6.499999761581420898e-02
4.727845489978790283e-01 -3.632284700870513916e-01 6.499999761581420898e-02
4.727854430675506592e-01 -3.626821041107177734e-01 6.499999761581420898e-02
4.727863073348999023e-01 -3.621357679367065430e-01 6.499999761581420898e-02
4.727872014045715332e-01 -3.615894019603729248e-01 6.499999761581420898e-02
4.727880656719207764e-01 -3.610430359840393066e-01 6.499999761581420898e-02
4.727889597415924072e-01 -3.604966998100280762e-01 6.499999761581420898e-02
4.727898240089416504e-01 -3.599503338336944580e-01 6.499999761581420898e-02
4.727907180786132812e-01 -3.594039678573608398e-01 6.499999761581420898e-02
4.727915823459625244e-01 -3.588576316833496094e-01 6.499999761581420898e-02
4.728153944015502930e-01 -3.583218455314636230e-01 6.499999761581420898e-02
4.728733301162719727e-01 -3.578017950057983398e-01 6.499999761581420898e-02
4.729312658309936523e-01 -3.572817444801330566e-01 6.499999761581420898e-02
4.729892015457153320e-01 -3.567616939544677734e-01 6.499999761581420898e-02
4.730471372604370117e-01 -3.562416434288024902e-01 6.499999761581420898e-02
4.731051027774810791e-01 -3.557216227054595947e-01 6.499999761581420898e-02
4.731630384922027588e-01 -3.552015721797943115e-01 6.499999761581420898e-02
4.732209742069244385e-01 -3.546815216541290283e-01 6.499999761581420898e-02
4.732789099216461182e-01 -3.541614711284637451e-01 6.499999761581420898e-02
4.733368456363677979e-01 -3.536414504051208496e-01 6.499999761581420898e-02
4.733947813510894775e-01 -3.531213998794555664e-01 6.499999761581420898e-02
4.734527170658111572e-01 -3.526013493537902832e-01 6.499999761581420898e-02
4.735106527805328369e-01 -3.520812988281250000e-01 6.499999761581420898e-02
4.735686182975769043e-01 -3.515612781047821045e-01 6.499999761581420898e-02
4.736265540122985840e-01 -3.510412275791168213e-01 6.499999761581420898e-02
4.736844897270202637e-01 -3.505211770534515381e-01 6.499999761581420898e-02
4.737778604030609131e-01 -3.499956130981445312e-01 6.499999761581420898e-02
4.738790392875671387e-01 -3.494688272476196289e-01 6.499999761581420898e-02
4.739802181720733643e-01 -3.489420413970947266e-01 6.499999761581420898e-02
4.740813970565795898e-01 -3.484152257442474365e-01 6.499999761581420898e-02
4.741825759410858154e-01 -3.478884398937225342e-01 6.499999761581420898e-02
4.742837548255920410e-01 -3.473616540431976318e-01 6.499999761581420898e-02
4.743849337100982666e-01 -3.468348681926727295e-01 6.499999761581420898e-02
4.744860827922821045e-01 -3.463080823421478271e-01 6.499999761581420898e-02
4.745872616767883301e-01 -3.457812964916229248e-01 6.499999761581420898e-02
4.746884405612945557e-01 -3.452545106410980225e-01 6.499999761581420898e-02
4.747896194458007812e-01 -3.447277247905731201e-01 6.499999761581420898e-02
4.748907983303070068e-01 -3.442009389400482178e-01 6.499999761581420898e-02
4.749919772148132324e-01 -3.436741530895233154e-01 6.499999761581420898e-02
4.750931560993194580e-01 -3.431473374366760254e-01 6.499999761581420898e-02
4.751943349838256836e-01 -3.426205515861511230e-01 6.499999761581420898e-02
4.752955138683319092e-01 -3.420937657356262207e-01 6.499999761581420898e-02
4.753574430942535400e-01 -3.415257632732391357e-01 6.499999761581420898e-02
4.754149019718170166e-01 -3.409531116485595703e-01 6.499999761581420898e-02
4.754723906517028809e-01 -3.403804600238800049e-01 6.499999761581420898e-02
4.755298793315887451e-01 -3.398077785968780518e-01 6.499999761581420898e-02
4.755873382091522217e-01 -3.392351269721984863e-01 6.499999761581420898e-02
4.756448268890380859e-01 -3.386624753475189209e-01 6.499999761581420898e-02
4.757022857666015625e-01 -3.380897939205169678e-01 6.499999761581420898e-02
4.757597744464874268e-01 -3.375171422958374023e-01 6.499999761581420898e-02
4.758172631263732910e-01 -3.369444906711578369e-01 6.499999761581420898e-02
4.758747220039367676e-01 -3.363718092441558838e-01 6.499999761581420898e-02
4.759322106838226318e-01 -3.357991576194763184e-01 6.499999761581420898e-02
4.759896993637084961e-01 -3.352264761924743652e-01 6.499999761581420898e-02
4.760471582412719727e-01 -3.346538245677947998e-01 6.499999761581420898e-02
4.761046469211578369e-01 -3.340811729431152344e-01 6.499999761581420898e-02
4.761621057987213135e-01 -3.335084915161132812e-01 6.499999761581420898e-02
4.762195944786071777e-01 -3.329358398914337158e-01 6.499999761581420898e-02
4.762770831584930420e-01 -3.323631882667541504e-01 6.499999761581420898e-02
4.763341546058654785e-01 -3.317885696887969971e-01 6.499999761581420898e-02
4.763859212398529053e-01 -3.311884999275207520e-01 6.499999761581420898e-02
4.764377176761627197e-01 -3.305884301662445068e-01 6.499999761581420898e-02
4.764895141124725342e-01 -3.299883604049682617e-01 6.499999761581420898e-02
4.765413105487823486e-01 -3.293882906436920166e-01 6.499999761581420898e-02
4.765931069850921631e-01 -3.287882208824157715e-01 6.499999761581420898e-02
4.766448736190795898e-01 -3.281881511211395264e-01 6.499999761581420898e-02
4.766966700553894043e-01 -3.275880813598632812e-01 6.499999761581420898e-02
4.767484664916992188e-01 -3.269880414009094238e-01 6.499999761581420898e-02
4.768002629280090332e-01 -3.263879716396331787e-01 6.499999761581420898e-02
4.768520593643188477e-01 -3.257879018783569336e-01 6.499999761581420898e-02
4.769038259983062744e-01 -3.251878321170806885e-01 6.499999761581420898e-02
4.769556224346160889e-01 -3.245877623558044434e-01 6.499999761581420898e-02
4.770074188709259033e-01 -3.239876925945281982e-01 6.499999761581420898e-02
4.770592153072357178e-01 -3.233876228332519531e-01 6.499999761581420898e-02
4.771110117435455322e-01 -3.227875828742980957e-01 6.499999761581420898e-02
4.771627783775329590e-01 -3.221875131130218506e-01 6.499999761581420898e-02
4.772145748138427734e-01 -3.215874433517456055e-01 6.499999761581420898e-02
4.772663712501525879e-01 -3.209873735904693604e-01 6.499999761581420898e-02
4.772985577583312988e-01 -3.203681409358978271e-01 6.499999761581420898e-02
4.773270785808563232e-01 -3.197453320026397705e-01 6.499999761581420898e-02
4.773555696010589600e-01 -3.191224932670593262e-01 6.499999761581420898e-02
4.773840606212615967e-01 -3.184996545314788818e-01 6.499999761581420898e-02
4.774125516414642334e-01 -3.178768157958984375e-01 6.499999761581420898e-02
4.774410426616668701e-01 -3.172540068626403809e-01 6.499999761581420898e-02
4.774695336818695068e-01 -3.166311681270599365e-01 6.499999761581420898e-02
4.774980247020721436e-01 -3.160083293914794922e-01 6.499999761581420898e-02
4.775265455245971680e-01 -3.153854906558990479e-01 6.499999761581420898e-02
4.775550365447998047e-01 -3.147626817226409912e-01 6.499999761581420898e-02
4.775835275650024414e-01 -3.141398429870605469e-01 6.499999761581420898e-02
4.776120185852050781e-01 -3.135170042514801025e-01 6.499999761581420898e-02
4.776405096054077148e-01 -3.128941953182220459e-01 6.499999761581420898e-02
4.776690006256103516e-01 -3.122713565826416016e-01 6.499999761581420898e-02
4.776975214481353760e-01 -3.116485178470611572e-01 6.499999761581420898e-02
4.777260124683380127e-01 -3.110256791114807129e-01 6.499999761581420898e-02
4.777545034885406494e-01 -3.104028701782226562e-01 6.499999761581420898e-02
4.777829945087432861e-01 -3.097800314426422119e-01 6.499999761581420898e-02
4.778003096580505371e-01 -3.091500699520111084e-01 6.499999761581420898e-02
4.778005778789520264e-01 -3.085093200206756592e-01 6.499999761581420898e-02
4.778008460998535156e-01 -3.078685402870178223e-01 6.499999761581420898e-02
4.778011143207550049e-01 -3.072277605533599854e-01 6.499999761581420898e-02
4.778013825416564941e-01 -3.065870106220245361e-01 6.499999761581420898e-02
4.778016507625579834e-01 -3.059462308883666992e-01 6.499999761581420898e-02
4.778019189834594727e-01 -3.053054511547088623e-01 6.499999761581420898e-02
4.778022170066833496e-01 -3.046646714210510254e-01 6.499999761581420898e-02
4.778024852275848389e-01 -3.040239214897155762e-01 6.499999761581420898e-02
4.778027534484863281e-01 -3.033831417560577393e-01 6.499999761581420898e-02
4.778030216693878174e-01 -3.027423620223999023e-01 6.499999761581420898e-02
4.778032898902893066e-01 -3.021015822887420654e-01 6.499999761581420898e-02
4.778035581111907959e-01 -3.014608323574066162e-01 6.499999761581420898e-02
4.778038561344146729e-01 -3.008200526237487793e-01 6.499999761581420898e-02
4.778041243553161621e-01 -3.001792728900909424e-01 6.499999761581420898e-02
4.778043925762176514e-01 -2.995384931564331055e-01 6.499999761581420898e-02
4.778046607971191406e-01 -2.988977432250976562e-01 6.499999761581420898e-02
4.778049290180206299e-01 -2.982569634914398193e-01 6.499999761581420898e-02
4.778051972389221191e-01 -2.976161837577819824e-01 6.499999761581420898e-02
4.778051376342773438e-01 -2.969625294208526611e-01 6.499999761581420898e-02
4.778049588203430176e-01 -2.963032424449920654e-01 6.499999761581420898e-02
4.778047502040863037e-01 -2.956439554691314697e-01 6.499999761581420898e-02
4.778045713901519775e-01 -2.949846684932708740e-01 6.499999761581420898e-02
4.778043627738952637e-01 -2.943253815174102783e-01 6.499999761581420898e-02
4.778041839599609375e-01 -2.936660945415496826e-01 6.499999761581420898e-02
4.778039753437042236e-01 -2.930068075656890869e-01 6.499999761581420898e-02
4.778037667274475098e-01 -2.923475503921508789e-01 6.499999761581420898e-02
4.778035879135131836e-01 -2.916882634162902832e-01 6.499999761581420898e-02
4.778033792972564697e-01 -2.910289764404296875e-01 6.499999761581420898e-02
4.778032004833221436e-01 -2.903696894645690918e-01 6.499999761581420898e-02
4.778029918670654297e-01 -2.897104024887084961e-01 6.499999761581420898e-02
4.778028130531311035e-01 -2.890511155128479004e-01 6.499999761581420898e-02
4.778026044368743896e-01 -2.883918583393096924e-01 6.499999761581420898e-02
4.778024256229400635e-01 -2.877325713634490967e-01 6.499999761581420898e-02
4.778022170066833496e-01 -2.870732843875885010e-01 6.499999761581420898e-02
4.778020083904266357e-01 -2.864139974117279053e-01 6.499999761581420898e-02
4.778018295764923096e-01 -2.857547104358673096e-01 6.499999761581420898e-02
4.778016209602355957e-01 -2.850954234600067139e-01 6.499999761581420898e-02
4.777849614620208740e-01 -2.844540774822235107e-01 6.499999761581420898e-02
4.777517318725585938e-01 -2.838307321071624756e-01 6.499999761581420898e-02
4.777185022830963135e-01 -2.832073867321014404e-01 6.499999761581420898e-02
4.776852726936340332e-01 -2.825840413570404053e-01 6.499999761581420898e-02
4.776520431041717529e-01 -2.819606959819793701e-01 6.499999761581420898e-02
4.776188135147094727e-01 -2.813373506069183350e-01 6.499999761581420898e-02
4.775855839252471924e-01 -2.807140052318572998e-01 6.499999761581420898e-02
4.775523543357849121e-01 -2.800906598567962646e-01 6.499999761581420898e-02
4.775191247463226318e-01 -2.794673144817352295e-01 6.499999761581420898e-02
4.774858951568603516e-01 -2.788439691066741943e-01 6.499999761581420898e-02
4.774526655673980713e-01 -2.782206237316131592e-01 6.499999761581420898e-02
4.774194359779357910e-01 -2.775972783565521240e-01 6.499999761581420898e-02
4.773862361907958984e-01 -2.769739627838134766e-01 6.499999761581420898e-02
4.773530066013336182e-01 -2.763506174087524414e-01 6.499999761581420898e-02
4.773197770118713379e-01 -2.757272720336914062e-01 6.499999761581420898e-02
4.772865474224090576e-01 -2.751039266586303711e-01 6.499999761581420898e-02
4.772533178329467773e-01 -2.744805812835693359e-01 6.499999761581420898e-02
4.772162139415740967e-01 -2.738580405712127686e-01 6.499999761581420898e-02
4.771711528301239014e-01 -2.732370793819427490e-01 6.499999761581420898e-02
4.771260917186737061e-01 -2.726161479949951172e-01 6.499999761581420898e-02
4.770810008049011230e-01 -2.719951868057250977e-01 6.499999761581420898e-02
4.770359396934509277e-01 -2.713742554187774658e-01 6.499999761581420898e-02
4.769908785820007324e-01 -2.707532942295074463e-01 6.499999761581420898e-02
4.769458174705505371e-01 -2.701323628425598145e-01 6.499999761581420898e-02
4.769007563591003418e-01 -2.695114016532897949e-01 6.499999761581420898e-02
4.768556654453277588e-01 -2.688904702663421631e-01 6.499999761581420898e-02
4.768106043338775635e-01 -2.682695090770721436e-01 6.499999761581420898e-02
4.767655432224273682e-01 -2.676485776901245117e-01 6.499999761581420898e-02
4.767204821109771729e-01 -2.670276463031768799e-01 6.499999761581420898e-02
4.766754209995269775e-01 -2.664066851139068604e-01 6.499999761581420898e-02
4.766303300857543945e-01 -2.657857537269592285e-01 6.499999761581420898e-02
4.765852689743041992e-01 -2.651647925376892090e-01 6.499999761581420898e-02
4.765402078628540039e-01 -2.645438611507415771e-01 6.499999761581420898e-02
4.764951467514038086e-01 -2.639229297637939453e-01 6.499999761581420898e-02
4.764550626277923584e-01 -2.632997632026672363e-01 6.499999761581420898e-02
4.764220714569091797e-01 -2.626734673976898193e-01 6.499999761581420898e-02
4.763890802860260010e-01 -2.620471715927124023e-01 6.499999761581420898e-02
4.763560593128204346e-01 -2.614208757877349854e-01 6.499999761581420898e-02
4.763230681419372559e-01 -2.607945799827575684e-01 6.499999761581420898e-02
4.762900471687316895e-01 -2.601682841777801514e-01 6.499999761581420898e-02
4.762570559978485107e-01 -2.595419883728027344e-01 6.499999761581420898e-02
4.762240648269653320e-01 -2.589156925678253174e-01 6.499999761581420898e-02
4.761910438537597656e-01 -2.582893967628479004e-01 6.499999761581420898e-02
4.761580526828765869e-01 -2.576631009578704834e-01 6.499999761581420898e-02
4.761250615119934082e-01 -2.570368051528930664e-01 6.499999761581420898e-02
4.760920405387878418e-01 -2.564105093479156494e-01 6.499999761581420898e-02
4.760590493679046631e-01 -2.557842135429382324e-01 6.499999761581420898e-02
4.760260581970214844e-01 -2.551579177379608154e-01 6.499999761581420898e-02
4.759930372238159180e-01 -2.545316219329833984e-01 6.499999761581420898e-02
4.759600460529327393e-01 -2.539053261280059814e-01 6.499999761581420898e-02
4.759270548820495605e-01 -2.532790303230285645e-01 6.499999761581420898e-02
4.758949875831604004e-01 -2.526526451110839844e-01 6.499999761581420898e-02
4.758933782577514648e-01 -2.520230114459991455e-01 6.499999761581420898e-02
4.758917689323425293e-01 -2.513933777809143066e-01 6.499999761581420898e-02
4.758901596069335938e-01 -2.507637441158294678e-01 6.499999761581420898e-02
4.758885204792022705e-01 -2.501341104507446289e-01 6.499999761581420898e-02
4.758869111537933350e-01 -2.495044916868209839e-01 6.499999761581420898e-02
4.758853018283843994e-01 -2.488748729228973389e-01 6.499999761581420898e-02
4.758836925029754639e-01 -2.482452392578125000e-01 6.499999761581420898e-02
4.758820533752441406e-01 -2.476156055927276611e-01 6.499999761581420898e-02
4.758804440498352051e-01 -2.469859719276428223e-01 6.499999761581420898e-02
4.758788347244262695e-01 -2.463563382625579834e-01 6.499999761581420898e-02
4.758772253990173340e-01 -2.457267045974731445e-01 6.499999761581420898e-02
4.758756160736083984e-01 -2.450970709323883057e-01 6.499999761581420898e-02
4.758739769458770752e-01 -2.444674372673034668e-01 6.499999761581420898e-02
4.758723676204681396e-01 -2.438378036022186279e-01 6.499999761581420898e-02
4.758707582950592041e-01 -2.432081848382949829e-01 6.499999761581420898e-02
4.758691489696502686e-01 -2.425785511732101440e-01 6.499999761581420898e-02
4.758675098419189453e-01 -2.419489175081253052e-01 6.499999761581420898e-02
4.758659005165100098e-01 -2.413192838430404663e-01 6.499999761581420898e-02
4.759096801280975342e-01 -2.406923174858093262e-01 6.499999761581420898e-02
4.759536087512969971e-01 -2.400653511285781860e-01 6.499999761581420898e-02
4.759975075721740723e-01 -2.394383996725082397e-01 6.499999761581420898e-02
4.760414063930511475e-01 -2.388114184141159058e-01 6.499999761581420898e-02
4.760853350162506104e-01 -2.381844520568847656e-01 6.499999761581420898e-02
4.761292338371276855e-01 -2.375574856996536255e-01 6.499999761581420898e-02
4.761731326580047607e-01 -2.369305193424224854e-01 6.499999761581420898e-02
4.762170612812042236e-01 -2.363035678863525391e-01 6.499999761581420898e-02
4.762609601020812988e-01 -2.356766015291213989e-01 6.499999761581420898e-02
4.763048887252807617e-01 -2.350496351718902588e-01 6.499999761581420898e-02
4.763487875461578369e-01 -2.344226688146591187e-01 6.499999761581420898e-02
4.763926863670349121e-01 -2.337957024574279785e-01 6.499999761581420898e-02
4.764366149902343750e-01 -2.331687510013580322e-01 6.499999761581420898e-02
4.764805138111114502e-01 -2.325417697429656982e-01 6.499999761581420898e-02
4.765244126319885254e-01 -2.319148033857345581e-01 6.499999761581420898e-02
4.765683412551879883e-01 -2.312878370285034180e-01 6.499999761581420898e-02
4.766122400760650635e-01 -2.306608706712722778e-01 6.499999761581420898e-02
4.766561388969421387e-01 -2.300339192152023315e-01 6.499999761581420898e-02
4.766843914985656738e-01 -2.294151037931442261e-01 6.499999761581420898e-02
4.764353334903717041e-01 -2.289407104253768921e-01 6.499999761581420898e-02
4.761862754821777344e-01 -2.284663170576095581e-01 6.499999761581420898e-02
4.759371876716613770e-01 -2.279919236898422241e-01 6.499999761581420898e-02
4.756881296634674072e-01 -2.275175452232360840e-01 6.499999761581420898e-02
4.754390716552734375e-01 -2.270431518554687500e-01 6.499999761581420898e-02
4.751899838447570801e-01 -2.265687584877014160e-01 6.499999761581420898e-02
4.749409258365631104e-01 -2.260943651199340820e-01 6.499999761581420898e-02
4.746918678283691406e-01 -2.256199717521667480e-01 6.499999761581420898e-02
4.744427800178527832e-01 -2.251455783843994141e-01 6.499999761581420898e-02
4.741937220096588135e-01 -2.246711850166320801e-01 6.499999761581420898e-02
4.739446640014648438e-01 -2.241968065500259399e-01 6.499999761581420898e-02
4.736955761909484863e-01 -2.237224131822586060e-01 6.499999761581420898e-02
4.734444022178649902e-01 -2.232514768838882446e-01 6.499999761581420898e-02
4.731860756874084473e-01 -2.227922528982162476e-01 6.499999761581420898e-02
4.729277789592742920e-01 -2.223330289125442505e-01 6.499999761581420898e-02
4.726694524288177490e-01 -2.218737900257110596e-01 6.499999761581420898e-02
4.724111557006835938e-01 -2.214145511388778687e-01 6.499999761581420898e-02
4.721528291702270508e-01 -2.209553271532058716e-01 6.499999761581420898e-02
4.718945324420928955e-01 -2.204961031675338745e-01 6.499999761581420898e-02
4.716362357139587402e-01 -2.200368642807006836e-01 6.499999761581420898e-02
4.713779091835021973e-01 -2.195776253938674927e-01 6.499999761581420898e-02
4.711196124553680420e-01 -2.191184014081954956e-01 6.499999761581420898e-02
4.708612859249114990e-01 -2.186591625213623047e-01 6.499999761581420898e-02
4.706029891967773438e-01 -2.181999385356903076e-01 6.499999761581420898e-02
4.703446626663208008e-01 -2.177407145500183105e-01 6.499999761581420898e-02
4.700860083103179932e-01 -2.172814607620239258e-01 6.499999761581420898e-02
4.694539010524749756e-01 -2.168105840682983398e-01 6.499999761581420898e-02
4.688217937946319580e-01 -2.163396924734115601e-01 6.499999761581420898e-02
4.681897163391113281e-01 -2.158688306808471680e-01 6.499999761581420898e-02
4.675576090812683105e-01 -2.153979390859603882e-01 6.499999761581420898e-02
4.669255018234252930e-01 -2.149270623922348022e-01 6.499999761581420898e-02
4.662933945655822754e-01 -2.144561856985092163e-01 6.499999761581420898e-02
4.656612873077392578e-01 -2.139852941036224365e-01 6.499999761581420898e-02
4.650292098522186279e-01 -2.135144323110580444e-01 6.499999761581420898e-02
4.643971025943756104e-01 -2.130435407161712646e-01 6.499999761581420898e-02
4.637649953365325928e-01 -2.125726640224456787e-01 6.499999761581420898e-02
4.631328880786895752e-01 -2.121017873287200928e-01 6.499999761581420898e-02
4.625007808208465576e-01 -2.116308957338333130e-01 6.499999761581420898e-02
4.618927538394927979e-01 -2.111635208129882812e-01 6.499999761581420898e-02
4.614199995994567871e-01 -2.107157558202743530e-01 6.499999761581420898e-02
4.609472751617431641e-01 -2.102680057287216187e-01 6.499999761581420898e-02
4.604745507240295410e-01 -2.098202407360076904e-01 6.499999761581420898e-02
4.600017964839935303e-01 -2.093724906444549561e-01 6.499999761581420898e-02
4.595290720462799072e-01 -2.089247405529022217e-01 6.499999761581420898e-02
4.590563476085662842e-01 -2.084769755601882935e-01 6.499999761581420898e-02
4.585835933685302734e-01 -2.080292254686355591e-01 6.499999761581420898e-02
4.581108689308166504e-01 -2.075814604759216309e-01 6.499999761581420898e-02
4.576381146907806396e-01 -2.071337103843688965e-01 6.499999761581420898e-02
4.571653902530670166e-01 -2.066859602928161621e-01 6.499999761581420898e-02
4.566926658153533936e-01 -2.062381953001022339e-01 6.499999761581420898e-02
4.562199115753173828e-01 -2.057904303073883057e-01 6.499999761581420898e-02
4.557471871376037598e-01 -2.053426802158355713e-01 6.499999761581420898e-02
4.552744328975677490e-01 -2.048949152231216431e-01 6.499999761581420898e-02
4.548017084598541260e-01 -2.044471651315689087e-01 6.499999761581420898e-02
4.543289840221405029e-01 -2.039994150400161743e-01 6.499999761581420898e-02
4.538678228855133057e-01 -2.035046219825744629e-01 6.499999761581420898e-02
4.534272551536560059e-01 -2.029261887073516846e-01 6.499999761581420898e-02
4.529867172241210938e-01 -2.023477703332901001e-01 6.499999761581420898e-02
4.525461494922637939e-01 -2.017693519592285156e-01 6.499999761581420898e-02
4.521055817604064941e-01 -2.011909186840057373e-01 6.499999761581420898e-02
4.516650140285491943e-01 -2.006124705076217651e-01 6.499999761581420898e-02
4.512244760990142822e-01 -2.000340521335601807e-01 6.499999761581420898e-02
4.507839381694793701e-01 -1.994556337594985962e-01 6.499999761581420898e-02
4.503433406352996826e-01 -1.988772004842758179e-01 6.499999761581420898e-02
4.499028027057647705e-01 -1.982987821102142334e-01 6.499999761581420898e-02
4.494622349739074707e-01 -1.977203488349914551e-01 6.499999761581420898e-02
4.490216970443725586e-01 -1.971419304609298706e-01 6.499999761581420898e-02
4.485811293125152588e-01 -1.965635120868682861e-01 6.499999761581420898e-02
4.481405615806579590e-01 -1.959850639104843140e-01 6.499999761581420898e-02
4.477000236511230469e-01 -1.954066455364227295e-01 6.499999761581420898e-02
4.473612010478973389e-01 -1.948676854372024536e-01 6.499999761581420898e-02
4.470754861831665039e-01 -1.943493634462356567e-01 6.499999761581420898e-02
4.467898011207580566e-01 -1.938310414552688599e-01 6.499999761581420898e-02
4.465040862560272217e-01 -1.933126896619796753e-01 6.499999761581420898e-02
4.462183713912963867e-01 -1.927943527698516846e-01 6.499999761581420898e-02
4.459326565265655518e-01 -1.922760158777236938e-01 6.499999761581420898e-02
4.456469416618347168e-01 -1.917576789855957031e-01 6.499999761581420898e-02
4.453612565994262695e-01 -1.912393569946289062e-01 6.499999761581420898e-02
4.450755417346954346e-01 -1.907210052013397217e-01 6.499999761581420898e-02
4.447898268699645996e-01 -1.902026683092117310e-01 6.499999761581420898e-02
4.445041120052337646e-01 -1.896843314170837402e-01 6.499999761581420898e-02
4.442184269428253174e-01 -1.891659945249557495e-01 6.499999761581420898e-02
4.439327120780944824e-01 -1.886476725339889526e-01 6.499999761581420898e-02
4.436469972133636475e-01 -1.881293207406997681e-01 6.499999761581420898e-02
4.433612823486328125e-01 -1.876109838485717773e-01 6.499999761581420898e-02
4.430755674839019775e-01 -1.870926469564437866e-01 6.499999761581420898e-02
4.427898824214935303e-01 -1.865743100643157959e-01 6.499999761581420898e-02
4.425041675567626953e-01 -1.860559880733489990e-01 6.499999761581420898e-02
4.422302842140197754e-01 -1.853737086057662964e-01 6.499999761581420898e-02
4.419759809970855713e-01 -1.844197809696197510e-01 6.499999761581420898e-02
4.417217075824737549e-01 -1.834658235311508179e-01 6.499999761581420898e-02
4.414674043655395508e-01 -1.825118958950042725e-01 6.499999761581420898e-02
4.412131309509277344e-01 -1.815579831600189209e-01 6.499999761581420898e-02
4.409588277339935303e-01 -1.806040257215499878e-01 6.499999761581420898e-02
4.407045543193817139e-01 -1.796500980854034424e-01 6.499999761581420898e-02
4.404502511024475098e-01 -1.786961406469345093e-01 6.499999761581420898e-02
4.401959478855133057e-01 -1.777422130107879639e-01 6.499999761581420898e-02
4.399416744709014893e-01 -1.767883002758026123e-01 6.499999761581420898e-02
4.396873712539672852e-01 -1.758343428373336792e-01 6.499999761581420898e-02
4.394330978393554688e-01 -1.748804152011871338e-01 6.499999761581420898e-02
4.391787946224212646e-01 -1.739264577627182007e-01 6.499999761581420898e-02
4.389806389808654785e-01 -1.730809956789016724e-01 6.499999761581420898e-02
4.388992190361022949e-01 -1.724611222743988037e-01 6.499999761581420898e-02
4.388177990913391113e-01 -1.718412339687347412e-01 6.499999761581420898e-02
4.387363791465759277e-01 -1.712213754653930664e-01 6.499999761581420898e-02
4.386549592018127441e-01 -1.706014871597290039e-01 6.499999761581420898e-02
4.385735392570495605e-01 -1.699816137552261353e-01 6.499999761581420898e-02
4.384921193122863770e-01 -1.693617403507232666e-01 6.499999761581420898e-02
4.384106993675231934e-01 -1.687418520450592041e-01 6.499999761581420898e-02
4.383292794227600098e-01 -1.681219935417175293e-01 6.499999761581420898e-02
4.382478594779968262e-01 -1.675021052360534668e-01 6.499999761581420898e-02
4.381664693355560303e-01 -1.668822318315505981e-01 6.499999761581420898e-02
4.380850493907928467e-01 -1.662623584270477295e-01 6.499999761581420898e-02
4.380036294460296631e-01 -1.656424701213836670e-01 6.499999761581420898e-02
4.379222095012664795e-01 -1.650226116180419922e-01 6.499999761581420898e-02
4.378407895565032959e-01 -1.644027233123779297e-01 6.499999761581420898e-02
4.377593696117401123e-01 -1.637828499078750610e-01 6.499999761581420898e-02
4.376779496669769287e-01 -1.631629914045333862e-01 6.499999761581420898e-02
4.375151097774505615e-01 -1.619232296943664551e-01 6.499999761581420898e-02
4.375200271606445312e-01 -1.613172888755798340e-01 6.499999761581420898e-02
4.375249445438385010e-01 -1.607113331556320190e-01 6.499999761581420898e-02
4.375298321247100830e-01 -1.601053923368453979e-01 6.499999761581420898e-02
4.375347495079040527e-01 -1.594994515180587769e-01 6.499999761581420898e-02
4.375408291816711426e-01 -1.588935256004333496e-01 6.499999761581420898e-02
4.375497996807098389e-01 -1.582877039909362793e-01 6.499999761581420898e-02
4.375587701797485352e-01 -1.576818823814392090e-01 6.499999761581420898e-02
4.375677108764648438e-01 -1.570760607719421387e-01 6.499999761581420898e-02
4.375766813755035400e-01 -1.564702540636062622e-01 6.499999761581420898e-02
4.375856518745422363e-01 -1.558644175529479980e-01 6.499999761581420898e-02
4.375945925712585449e-01 -1.552586108446121216e-01 6.499999761581420898e-02
4.376035630702972412e-01 -1.546527743339538574e-01 6.499999761581420898e-02
4.376125335693359375e-01 -1.540469676256179810e-01 6.499999761581420898e-02
4.376214742660522461e-01 -1.534411460161209106e-01 6.499999761581420898e-02
4.376304447650909424e-01 -1.528353244066238403e-01 6.499999761581420898e-02
4.376394152641296387e-01 -1.522295027971267700e-01 6.499999761581420898e-02
4.376483559608459473e-01 -1.516236662864685059e-01 6.499999761581420898e-02
4.376573264598846436e-01 -1.510178595781326294e-01 6.499999761581420898e-02
4.376662671566009521e-01 -1.504120528697967529e-01 6.499999761581420898e-02
4.376752376556396484e-01 -1.498062163591384888e-01 6.499999761581420898e-02
4.376842081546783447e-01 -1.492004096508026123e-01 6.499999761581420898e-02
4.376931488513946533e-01 -1.485945731401443481e-01 6.499999761581420898e-02
4.377021193504333496e-01 -1.479887664318084717e-01 6.499999761581420898e-02
4.377080202102661133e-01 -1.473827958106994629e-01 6.499999761581420898e-02
4.377124607563018799e-01 -1.467767506837844849e-01 6.499999761581420898e-02
4.377169013023376465e-01 -1.461707204580307007e-01 6.499999761581420898e-02
4.377213418483734131e-01 -1.455646604299545288e-01 6.499999761581420898e-02
4.377257525920867920e-01 -1.449586302042007446e-01 6.499999761581420898e-02
4.377301931381225586e-01 -1.443525999784469604e-01 6.499999761581420898e-02
4.377346336841583252e-01 -1.437465548515319824e-01 6.499999761581420898e-02
4.377390742301940918e-01 -1.431405246257781982e-01 6.499999761581420898e-02
4.377435147762298584e-01 -1.425344645977020264e-01 6.499999761581420898e-02
4.377479255199432373e-01 -1.419284343719482422e-01 6.499999761581420898e-02
4.377523660659790039e-01 -1.413224041461944580e-01 6.499999761581420898e-02
4.377568066120147705e-01 -1.407163590192794800e-01 6.499999761581420898e-02
4.377612471580505371e-01 -1.401103287935256958e-01 6.499999761581420898e-02
4.377656877040863037e-01 -1.395042687654495239e-01 6.499999761581420898e-02
4.377700984477996826e-01 -1.388982385396957397e-01 6.499999761581420898e-02
4.377745389938354492e-01 -1.382922083139419556e-01 6.499999761581420898e-02
4.377789795398712158e-01 -1.376861631870269775e-01 6.499999761581420898e-02
4.377834200859069824e-01 -1.370801329612731934e-01 6.499999761581420898e-02
4.377879500389099121e-01 -1.364740580320358276e-01 6.499999761581420898e-02
4.377947747707366943e-01 -1.358675062656402588e-01 6.499999761581420898e-02
4.378015995025634766e-01 -1.352609694004058838e-01 6.499999761581420898e-02
4.378084242343902588e-01 -1.346544027328491211e-01 6.499999761581420898e-02
4.378152489662170410e-01 -1.340478658676147461e-01 6.499999761581420898e-02
4.378220736980438232e-01 -1.334413290023803711e-01 6.499999761581420898e-02
4.378288984298706055e-01 -1.328347474336624146e-01 6.499999761581420898e-02
4.378357231616973877e-01 -1.322281956672668457e-01 6.499999761581420898e-02
4.378425478935241699e-01 -1.316216588020324707e-01 6.499999761581420898e-02
4.378493726253509521e-01 -1.310151219367980957e-01 6.499999761581420898e-02
4.378561973571777344e-01 -1.304085850715637207e-01 6.499999761581420898e-02
4.378630220890045166e-01 -1.298019886016845703e-01 6.499999761581420898e-02
4.378698468208312988e-01 -1.291954517364501953e-01 6.499999761581420898e-02
4.378766715526580811e-01 -1.285889148712158203e-01 6.499999761581420898e-02
4.378834962844848633e-01 -1.279823780059814453e-01 6.499999761581420898e-02
4.378903210163116455e-01 -1.273758411407470703e-01 6.499999761581420898e-02
4.378971457481384277e-01 -1.267692446708679199e-01 6.499999761581420898e-02
4.379039704799652100e-01 -1.261627078056335449e-01 6.499999761581420898e-02
4.379107952117919922e-01 -1.255561709403991699e-01 6.499999761581420898e-02
4.379179477691650391e-01 -1.249492168426513672e-01 6.499999761581420898e-02
4.379256069660186768e-01 -1.243415996432304382e-01 6.499999761581420898e-02
4.379332661628723145e-01 -1.237339377403259277e-01 6.499999761581420898e-02
4.379408955574035645e-01 -1.231263279914855957e-01 6.499999761581420898e-02
4.379485547542572021e-01 -1.225187107920646667e-01 6.499999761581420898e-02
4.379562139511108398e-01 -1.219110935926437378e-01 6.499999761581420898e-02
4.379638731479644775e-01 -1.213034838438034058e-01 6.499999761581420898e-02
4.379715323448181152e-01 -1.206958219408988953e-01 6.499999761581420898e-02
4.379791617393493652e-01 -1.200882047414779663e-01 6.499999761581420898e-02
4.379868209362030029e-01 -1.194805949926376343e-01 6.499999761581420898e-02
4.379944801330566406e-01 -1.188729777932167053e-01 6.499999761581420898e-02
4.380021393299102783e-01 -1.182653605937957764e-01 6.499999761581420898e-02
4.380097985267639160e-01 -1.176576986908912659e-01 6.499999761581420898e-02
4.380174279212951660e-01 -1.170500889420509338e-01 6.499999761581420898e-02
4.380250871181488037e-01 -1.164424717426300049e-01 6.499999761581420898e-02
4.380327463150024414e-01 -1.158348619937896729e-01 6.499999761581420898e-02
4.380404055118560791e-01 -1.152272447943687439e-01 6.499999761581420898e-02
4.380480647087097168e-01 -1.146195828914642334e-01 6.499999761581420898e-02
4.380556941032409668e-01 -1.140119656920433044e-01 6.499999761581420898e-02
4.380650222301483154e-01 -1.134030446410179138e-01 6.499999761581420898e-02
4.380751550197601318e-01 -1.127934530377388000e-01 6.499999761581420898e-02
4.380853176116943359e-01 -1.121838614344596863e-01 6.499999761581420898e-02
4.380954504013061523e-01 -1.115742176771163940e-01 6.499999761581420898e-02
4.381055831909179688e-01 -1.109646260738372803e-01 6.499999761581420898e-02
4.381157457828521729e-01 -1.103550344705581665e-01 6.499999761581420898e-02
4.381258785724639893e-01 -1.097454428672790527e-01 6.499999761581420898e-02
4.381360411643981934e-01 -1.091358512639999390e-01 6.499999761581420898e-02
4.381461739540100098e-01 -1.085262149572372437e-01 6.499999761581420898e-02
4.381563365459442139e-01 -1.079166233539581299e-01 6.499999761581420898e-02
4.381664693355560303e-01 -1.073070317506790161e-01 6.499999761581420898e-02
4.381766021251678467e-01 -1.066974401473999023e-01 6.499999761581420898e-02
4.381867647171020508e-01 -1.060878485441207886e-01 6.499999761581420898e-02
4.381968975067138672e-01 -1.054782047867774963e-01 6.499999761581420898e-02
4.382070600986480713e-01 -1.048686131834983826e-01 6.499999761581420898e-02
4.382171928882598877e-01 -1.042590215802192688e-01 6.499999761581420898e-02
4.382273554801940918e-01 -1.036494299769401550e-01 6.499999761581420898e-02
4.382374882698059082e-01 -1.030398383736610413e-01 6.499999761581420898e-02
4.382476508617401123e-01 -1.024302020668983459e-01 6.499999761581420898e-02
4.382330179214477539e-01 -1.018403694033622742e-01 6.499999761581420898e-02
4.382131397724151611e-01 -1.012547090649604797e-01 6.499999761581420898e-02
4.381932616233825684e-01 -1.006690561771392822e-01 6.499999761581420898e-02
4.381733834743499756e-01 -1.000834032893180847e-01 6.499999761581420898e-02
4.381535351276397705e-01 -9.949770569801330566e-02 6.499999761581420898e-02
4.381336569786071777e-01 -9.891205281019210815e-02 6.499999761581420898e-02
4.381137788295745850e-01 -9.832639247179031372e-02 6.499999761581420898e-02
4.380939006805419922e-01 -9.774073958396911621e-02 6.499999761581420898e-02
4.380740523338317871e-01 -9.715508669614791870e-02 6.499999761581420898e-02
4.380541741847991943e-01 -9.656938910484313965e-02 6.499999761581420898e-02
4.380342960357666016e-01 -9.598373621702194214e-02 6.499999761581420898e-02
4.380144178867340088e-01 -9.539807587862014771e-02 6.499999761581420898e-02
4.379945397377014160e-01 -9.481242299079895020e-02 6.499999761581420898e-02
4.379746913909912109e-01 -9.422677010297775269e-02 6.499999761581420898e-02
4.379548132419586182e-01 -9.364107251167297363e-02 6.499999761581420898e-02
4.379349350929260254e-01 -9.305541962385177612e-02 6.499999761581420898e-02
4.379150569438934326e-01 -9.246976673603057861e-02 6.499999761581420898e-02
4.379042983055114746e-01 -9.188476949930191040e-02 6.499999761581420898e-02
4.379054903984069824e-01 -9.130065143108367920e-02 6.499999761581420898e-02
4.379066824913024902e-01 -9.071648865938186646e-02 6.499999761581420898e-02
4.379078745841979980e-01 -9.013237059116363525e-02 6.499999761581420898e-02
4.379090666770935059e-01 -8.954825252294540405e-02 6.499999761581420898e-02
4.379102587699890137e-01 -8.896413445472717285e-02 6.499999761581420898e-02
4.379114508628845215e-01 -8.838001638650894165e-02 6.499999761581420898e-02
4.379126429557800293e-01 -8.779585361480712891e-02 6.499999761581420898e-02
4.379138350486755371e-01 -8.721172809600830078e-02 6.499999761581420898e-02
4.379150271415710449e-01 -8.662761002779006958e-02 6.499999761581420898e-02
4.379162192344665527e-01 -8.604349195957183838e-02 6.499999761581420898e-02
4.379174113273620605e-01 -8.545937389135360718e-02 6.499999761581420898e-02
4.379186034202575684e-01 -8.487521111965179443e-02 6.499999761581420898e-02
4.379197955131530762e-01 -8.429109305143356323e-02 6.499999761581420898e-02
4.379209876060485840e-01 -8.370697498321533203e-02 6.499999761581420898e-02
4.379221796989440918e-01 -8.312284946441650391e-02 6.499999761581420898e-02
4.379233717918395996e-01 -8.253873139619827271e-02 6.499999761581420898e-02
4.379256367683410645e-01 -8.195514976978302002e-02 6.499999761581420898e-02
4.379392266273498535e-01 -8.137778192758560181e-02 6.499999761581420898e-02
4.379528164863586426e-01 -8.080041408538818359e-02 6.499999761581420898e-02
4.379664063453674316e-01 -8.022304624319076538e-02 6.499999761581420898e-02
4.379799962043762207e-01 -7.964567840099334717e-02 6.499999761581420898e-02
4.379935860633850098e-01 -7.906826585531234741e-02 6.499999761581420898e-02
4.380071759223937988e-01 -7.849089801311492920e-02 6.499999761581420898e-02
4.380207657814025879e-01 -7.791352272033691406e-02 6.499999761581420898e-02
4.380343556404113770e-01 -7.733615487813949585e-02 6.499999761581420898e-02
4.380479454994201660e-01 -7.675878703594207764e-02 6.499999761581420898e-02
4.380615353584289551e-01 -7.618137449026107788e-02 6.499999761581420898e-02
4.380751252174377441e-01 -7.560400664806365967e-02 6.499999761581420898e-02
4.380887150764465332e-01 -7.502663880586624146e-02 6.499999761581420898e-02
4.381023049354553223e-01 -7.444927096366882324e-02 6.499999761581420898e-02
4.381158947944641113e-01 -7.387190312147140503e-02 6.499999761581420898e-02
4.381294846534729004e-01 -7.329449057579040527e-02 6.499999761581420898e-02
4.381430745124816895e-01 -7.271712273359298706e-02 6.499999761581420898e-02
4.381566941738128662e-01 -7.213986665010452271e-02 6.499999761581420898e-02
4.381731152534484863e-01 -7.157018035650253296e-02 6.499999761581420898e-02
4.381895065307617188e-01 -7.100048661231994629e-02 6.499999761581420898e-02
4.382059276103973389e-01 -7.043075561523437500e-02 6.499999761581420898e-02
4.382223486900329590e-01 -6.986106932163238525e-02 6.499999761581420898e-02
4.382387399673461914e-01 -6.929137557744979858e-02 6.499999761581420898e-02
4.382551610469818115e-01 -6.872168928384780884e-02 6.499999761581420898e-02
4.382715523242950439e-01 -6.815199553966522217e-02 6.499999761581420898e-02
4.382879734039306641e-01 -6.758226454257965088e-02 6.499999761581420898e-02
4.383043944835662842e-01 -6.701257824897766113e-02 6.499999761581420898e-02
4.383207857608795166e-01 -6.644288450479507446e-02 6.499999761581420898e-02
4.383372068405151367e-01 -6.587319821119308472e-02 6.499999761581420898e-02
4.383535981178283691e-01 -6.530351191759109497e-02 6.499999761581420898e-02
4.383700191974639893e-01 -6.473377346992492676e-02 6.499999761581420898e-02
4.383864402770996094e-01 -6.416408717632293701e-02 6.499999761581420898e-02
4.384028315544128418e-01 -6.359440088272094727e-02 6.499999761581420898e-02
4.384192526340484619e-01 -6.302470713853836060e-02 6.499999761581420898e-02
4.384770393371582031e-01 -6.245746836066246033e-02 6.499999761581420898e-02
4.386469423770904541e-01 -6.189681217074394226e-02 6.499999761581420898e-02
4.388168454170227051e-01 -6.133620068430900574e-02 6.499999761581420898e-02
4.389867186546325684e-01 -6.077558919787406921e-02 6.499999761581420898e-02
4.391566216945648193e-01 -6.021497771143913269e-02 6.499999761581420898e-02
4.393264949321746826e-01 -5.965436622500419617e-02 6.499999761581420898e-02
4.394963979721069336e-01 -5.909371003508567810e-02 6.499999761581420898e-02
4.396662712097167969e-01 -5.853309854865074158e-02 6.499999761581420898e-02
4.398361742496490479e-01 -5.797248706221580505e-02 6.499999761581420898e-02
4.400060474872589111e-01 -5.741187557578086853e-02 6.499999761581420898e-02
4.401759505271911621e-01 -5.685126408934593201e-02 6.499999761581420898e-02
4.403458535671234131e-01 -5.629061162471771240e-02 6.499999761581420898e-02
4.405157268047332764e-01 -5.573000013828277588e-02 6.499999761581420898e-02
4.406856298446655273e-01 -5.516938865184783936e-02 6.499999761581420898e-02
4.408555030822753906e-01 -5.460877716541290283e-02 6.499999761581420898e-02
4.410254061222076416e-01 -5.404816567897796631e-02 6.499999761581420898e-02
4.411952793598175049e-01 -5.348750948905944824e-02 6.499999761581420898e-02
4.413651823997497559e-01 -5.292689800262451172e-02 6.499999761581420898e-02
4.415501952171325684e-01 -5.237403512001037598e-02 6.499999761581420898e-02
4.417757689952850342e-01 -5.184194818139076233e-02 6.499999761581420898e-02
4.420013427734375000e-01 -5.130986124277114868e-02 6.499999761581420898e-02
4.422269463539123535e-01 -5.077773705124855042e-02 6.499999761581420898e-02
4.424525201320648193e-01 -5.024565011262893677e-02 6.499999761581420898e-02
4.426781237125396729e-01 -4.971356689929962158e-02 6.499999761581420898e-02
4.429036974906921387e-01 -4.918147996068000793e-02 6.499999761581420898e-02
4.431292712688446045e-01 -4.864939674735069275e-02 6.499999761581420898e-02
4.433548748493194580e-01 -4.811726883053779602e-02 6.499999761581420898e-02
4.435804486274719238e-01 -4.758518561720848083e-02 6.499999761581420898e-02
4.438060224056243896e-01 -4.705309867858886719e-02 6.499999761581420898e-02
4.440316259860992432e-01 -4.652101546525955200e-02 6.499999761581420898e-02
4.442571997642517090e-01 -4.598892852663993835e-02 6.499999761581420898e-02
4.444828033447265625e-01 -4.545680433511734009e-02 6.499999761581420898e-02
4.447083771228790283e-01 -4.492471739649772644e-02 6.499999761581420898e-02
4.449339509010314941e-01 -4.439263045787811279e-02 6.499999761581420898e-02
4.451595246791839600e-01 -4.386054724454879761e-02 6.499999761581420898e-02
4.453851282596588135e-01 -4.332846030592918396e-02 6.499999761581420898e-02
4.456185996532440186e-01 -4.280347004532814026e-02 6.499999761581420898e-02
4.458565115928649902e-01 -4.228252917528152466e-02 6.499999761581420898e-02
4.460944533348083496e-01 -4.176158830523490906e-02 6.499999761581420898e-02
4.463323652744293213e-01 -4.124065116047859192e-02 6.499999761581420898e-02
4.465702772140502930e-01 -4.071971029043197632e-02 6.499999761581420898e-02
4.468081891536712646e-01 -4.019872844219207764e-02 6.499999761581420898e-02
4.470461010932922363e-01 -3.967778757214546204e-02 6.499999761581420898e-02
4.472840428352355957e-01 -3.915684670209884644e-02 6.499999761581420898e-02
4.475219547748565674e-01 -3.863590955734252930e-02 6.499999761581420898e-02
4.477598667144775391e-01 -3.811496868729591370e-02 6.499999761581420898e-02
4.479977786540985107e-01 -3.759398683905601501e-02 6.499999761581420898e-02
4.482356905937194824e-01 -3.707304596900939941e-02 6.499999761581420898e-02
4.484736323356628418e-01 -3.655210509896278381e-02 6.499999761581420898e-02
4.487115442752838135e-01 -3.603116422891616821e-02 6.499999761581420898e-02
4.489494562149047852e-01 -3.551022708415985107e-02 6.499999761581420898e-02
4.491873681545257568e-01 -3.498924523591995239e-02 6.499999761581420898e-02
4.494253098964691162e-01 -3.446830436587333679e-02 6.499999761581420898e-02
4.497039318084716797e-01 -3.398820385336875916e-02 6.499999761581420898e-02
4.501914680004119873e-01 -3.371755778789520264e-02 6.499999761581420898e-02
4.506790041923522949e-01 -3.344691172242164612e-02 6.499999761581420898e-02
4.511665701866149902e-01 -3.317624330520629883e-02 6.499999761581420898e-02
4.516541063785552979e-01 -3.290559351444244385e-02 6.499999761581420898e-02
4.521416425704956055e-01 -3.263494744896888733e-02 6.499999761581420898e-02
4.526291489601135254e-01 -3.236430138349533081e-02 6.499999761581420898e-02
4.531166851520538330e-01 -3.209365159273147583e-02 6.499999761581420898e-02
4.536042511463165283e-01 -3.182298317551612854e-02 6.499999761581420898e-02
4.540917873382568359e-01 -3.155233711004257202e-02 6.499999761581420898e-02
4.545793235301971436e-01 -3.128168731927871704e-02 6.499999761581420898e-02
4.550668597221374512e-01 -3.101104125380516052e-02 6.499999761581420898e-02
4.555543661117553711e-01 -3.074039332568645477e-02 6.499999761581420898e-02
4.560419321060180664e-01 -3.046972677111625671e-02 6.499999761581420898e-02
4.565294682979583740e-01 -3.019907884299755096e-02 6.499999761581420898e-02
4.570170044898986816e-01 -2.992843091487884521e-02 6.499999761581420898e-02
4.575045406818389893e-01 -2.965778298676013947e-02 6.499999761581420898e-02
4.580097198486328125e-01 -2.939928323030471802e-02 6.499999761581420898e-02
4.585193097591400146e-01 -2.914374507963657379e-02 6.499999761581420898e-02
4.590288400650024414e-01 -2.888822555541992188e-02 6.499999761581420898e-02
4.595383405685424805e-01 -2.863270789384841919e-02 6.499999761581420898e-02
4.600478708744049072e-01 -2.837718836963176727e-02 6.499999761581420898e-02
4.605574011802673340e-01 -2.812166884541511536e-02 6.499999761581420898e-02
4.610669910907745361e-01 -2.786613069474697113e-02 6.499999761581420898e-02
4.615764915943145752e-01 -2.761061117053031921e-02 6.499999761581420898e-02
4.620860219001770020e-01 -2.735509164631366730e-02 6.499999761581420898e-02
4.625955522060394287e-01 -2.709957398474216461e-02 6.499999761581420898e-02
4.631050825119018555e-01 -2.684405446052551270e-02 6.499999761581420898e-02
4.636146426200866699e-01 -2.658851630985736847e-02 6.499999761581420898e-02
4.641241729259490967e-01 -2.633299678564071655e-02 6.499999761581420898e-02
4.646337032318115234e-01 -2.607747726142406464e-02 6.499999761581420898e-02
4.651432335376739502e-01 -2.582195959985256195e-02 6.499999761581420898e-02
4.656527638435363770e-01 -2.556644007563591003e-02 6.499999761581420898e-02
4.661623239517211914e-01 -2.531090192496776581e-02 6.499999761581420898e-02
4.666881561279296875e-01 -2.506537549197673798e-02 6.499999761581420898e-02
4.672166407108306885e-01 -2.482148073613643646e-02 6.499999761581420898e-02
4.677451252937316895e-01 -2.457758784294128418e-02 6.499999761581420898e-02
4.682736098766326904e-01 -2.433369494974613190e-02 6.499999761581420898e-02
4.688021242618560791e-01 -2.408978156745433807e-02 6.499999761581420898e-02
4.693306088447570801e-01 -2.384588867425918579e-02 6.499999761581420898e-02
4.698590934276580811e-01 -2.360199391841888428e-02 6.499999761581420898e-02
4.703875780105590820e-01 -2.335810102522373199e-02 6.499999761581420898e-02
4.709160625934600830e-01 -2.311420813202857971e-02 6.499999761581420898e-02
4.714445769786834717e-01 -2.287029474973678589e-02 6.499999761581420898e-02
4.719730615615844727e-01 -2.262640185654163361e-02 6.499999761581420898e-02
4.725015461444854736e-01 -2.238250896334648132e-02 6.499999761581420898e-02
4.730300307273864746e-01 -2.213861420750617981e-02 6.499999761581420898e-02
4.735585153102874756e-01 -2.189472131431102753e-02 6.499999761581420898e-02
4.740870594978332520e-01 -2.165080979466438293e-02 6.499999761581420898e-02
4.746155142784118652e-01 -2.140691503882408142e-02 6.499999761581420898e-02
4.751439988613128662e-01 -2.116302214562892914e-02 6.499999761581420898e-02
4.756789207458496094e-01 -2.092475257813930511e-02 6.499999761581420898e-02
4.762259423732757568e-01 -2.069712616503238678e-02 6.499999761581420898e-02
4.767730534076690674e-01 -2.046948485076427460e-02 6.499999761581420898e-02
4.773200750350952148e-01 -2.024186030030250549e-02 6.499999761581420898e-02
4.778671264648437500e-01 -2.001423388719558716e-02 6.499999761581420898e-02
4.784141778945922852e-01 -1.978660933673381805e-02 6.499999761581420898e-02
4.789612293243408203e-01 -1.955898478627204895e-02 6.499999761581420898e-02
4.795083105564117432e-01 -1.933134160935878754e-02 6.499999761581420898e-02
4.800553321838378906e-01 -1.910371705889701843e-02 6.499999761581420898e-02
4.806023836135864258e-01 -1.887609250843524933e-02 6.499999761581420898e-02
4.811494350433349609e-01 -1.864846609532833099e-02 6.499999761581420898e-02
4.816964864730834961e-01 -1.842084154486656189e-02 6.499999761581420898e-02
4.822435677051544189e-01 -1.819319836795330048e-02 6.499999761581420898e-02
4.827905893325805664e-01 -1.796557381749153137e-02 6.499999761581420898e-02
4.833376407623291016e-01 -1.773794926702976227e-02 6.499999761581420898e-02
4.838846921920776367e-01 -1.751032471656799316e-02 6.499999761581420898e-02
4.844317436218261719e-01 -1.728269830346107483e-02 6.499999761581420898e-02
4.849788248538970947e-01 -1.705505698919296265e-02 6.499999761581420898e-02
4.855314493179321289e-01 -1.683410629630088806e-02 6.499999761581420898e-02
4.860953390598297119e-01 -1.662658713757991791e-02 6.499999761581420898e-02
4.866591989994049072e-01 -1.641906984150409698e-02 6.499999761581420898e-02
4.872230887413024902e-01 -1.621155068278312683e-02 6.499999761581420898e-02
4.877870082855224609e-01 -1.600401662290096283e-02 6.499999761581420898e-02
4.883508980274200439e-01 -1.579649746417999268e-02 6.499999761581420898e-02
4.889147579669952393e-01 -1.558897923678159714e-02 6.499999761581420898e-02
4.894786477088928223e-01 -1.538146100938320160e-02 6.499999761581420898e-02
4.900425076484680176e-01 -1.517394278198480606e-02 6.499999761581420898e-02
4.906064271926879883e-01 -1.496640779078006744e-02 6.499999761581420898e-02
4.911703169345855713e-01 -1.475888956338167191e-02 6.499999761581420898e-02
4.917342066764831543e-01 -1.455137133598327637e-02 6.499999761581420898e-02
4.922980666160583496e-01 -1.434385217726230621e-02 6.499999761581420898e-02
4.928619563579559326e-01 -1.413633394986391068e-02 6.499999761581420898e-02
4.934258759021759033e-01 -1.392879988998174667e-02 6.499999761581420898e-02
4.939897358417510986e-01 -1.372128166258335114e-02 6.499999761581420898e-02
4.945536255836486816e-01 -1.351376250386238098e-02 6.499999761581420898e-02
4.951175153255462646e-01 -1.330624427646398544e-02 6.499999761581420898e-02
4.956813752651214600e-01 -1.309872604906558990e-02 6.499999761581420898e-02
4.962580800056457520e-01 -1.291206479072570801e-02 6.499999761581420898e-02
4.968359470367431641e-01 -1.272737514227628708e-02 6.499999761581420898e-02
4.974138140678405762e-01 -1.254268456250429153e-02 6.499999761581420898e-02
4.979916810989379883e-01 -1.235799491405487061e-02 6.499999761581420898e-02
4.985695481300354004e-01 -1.217330433428287506e-02 6.499999761581420898e-02
4.991474747657775879e-01 -1.198860071599483490e-02 6.499999761581420898e-02
4.997253417968750000e-01 -1.180391013622283936e-02 6.499999761581420898e-02
5.003032088279724121e-01 -1.161922048777341843e-02 6.499999761581420898e-02
5.008810758590698242e-01 -1.143453083932399750e-02 6.499999761581420898e-02
5.014589428901672363e-01 -1.124984025955200195e-02 6.499999761581420898e-02
5.020368695259094238e-01 -1.106513664126396179e-02 6.499999761581420898e-02
5.026147365570068359e-01 -1.088044606149196625e-02 6.499999761581420898e-02
5.031926035881042480e-01 -1.069575641304254532e-02 6.499999761581420898e-02
5.037704706192016602e-01 -1.051106583327054977e-02 6.499999761581420898e-02
5.043483376502990723e-01 -1.032637618482112885e-02 6.499999761581420898e-02
5.049262046813964844e-01 -1.014167256653308868e-02 6.499999761581420898e-02
5.055040717124938965e-01 -9.956981986761093140e-03 6.499999761581420898e-02
5.060819387435913086e-01 -9.772291406989097595e-03 6.499999761581420898e-02
5.066620111465454102e-01 -9.592853486537933350e-03 6.499999761581420898e-02
5.072503089904785156e-01 -9.432983584702014923e-03 6.499999761581420898e-02
5.078386068344116211e-01 -9.273101575672626495e-03 6.499999761581420898e-02
5.084269046783447266e-01 -9.113231673836708069e-03 6.499999761581420898e-02
5.090152025222778320e-01 -8.953361772000789642e-03 6.499999761581420898e-02
5.096035003662109375e-01 -8.793491870164871216e-03 6.499999761581420898e-02
5.101917386054992676e-01 -8.633622899651527405e-03 6.499999761581420898e-02
5.107800960540771484e-01 -8.473740890622138977e-03 6.499999761581420898e-02
5.113683938980102539e-01 -8.313870988786220551e-03 6.499999761581420898e-02
5.119566321372985840e-01 -8.154001086950302124e-03 6.499999761581420898e-02
5.125449299812316895e-01 -7.994131185114383698e-03 6.499999761581420898e-02
5.131332278251647949e-01 -7.834261283278465271e-03 6.499999761581420898e-02
5.137215256690979004e-01 -7.674379739910364151e-03 6.499999761581420898e-02
5.143098235130310059e-01 -7.514509372413158417e-03 6.499999761581420898e-02
5.148981213569641113e-01 -7.354639936238527298e-03 6.499999761581420898e-02
5.154864192008972168e-01 -7.194770034402608871e-03 6.499999761581420898e-02
5.160746574401855469e-01 -7.034900598227977753e-03 6.499999761581420898e-02
5.166630148887634277e-01 -6.875018589198589325e-03 6.499999761581420898e-02
5.172513127326965332e-01 -6.715148687362670898e-03 6.499999761581420898e-02
5.178413391113281250e-01 -6.561608985066413879e-03 6.499999761581420898e-02
5.184344649314880371e-01 -6.419310346245765686e-03 6.499999761581420898e-02
5.190275907516479492e-01 -6.277012173086404800e-03 6.499999761581420898e-02
5.196207761764526367e-01 -6.134703289717435837e-03 6.499999761581420898e-02
5.202139019966125488e-01 -5.992404650896787643e-03 6.499999761581420898e-02
5.208070278167724609e-01 -5.850106477737426758e-03 6.499999761581420898e-02
5.214001536369323730e-01 -5.707808304578065872e-03 6.499999761581420898e-02
5.219932794570922852e-01 -5.565510131418704987e-03 6.499999761581420898e-02
5.225864648818969727e-01 -5.423200782388448715e-03 6.499999761581420898e-02
5.231795907020568848e-01 -5.280902609229087830e-03 6.499999761581420898e-02
5.237727165222167969e-01 -5.138603970408439636e-03 6.499999761581420898e-02
5.243658423423767090e-01 -4.996305797249078751e-03 6.499999761581420898e-02
5.249589681625366211e-01 -4.854007624089717865e-03 6.499999761581420898e-02
5.255521535873413086e-01 -4.711698275059461594e-03 6.499999761581420898e-02
5.261452794075012207e-01 -4.569400101900100708e-03 6.499999761581420898e-02
5.267384052276611328e-01 -4.427101463079452515e-03 6.499999761581420898e-02
5.273315906524658203e-01 -4.284803755581378937e-03 6.499999761581420898e-02
5.279247164726257324e-01 -4.142505116760730743e-03 6.499999761581420898e-02
5.285178422927856445e-01 -4.000196233391761780e-03 6.499999761581420898e-02
5.291126966476440430e-01 -3.867038059979677200e-03 6.499999761581420898e-02
5.297092199325561523e-01 -3.743468783795833588e-03 6.499999761581420898e-02
5.303058028221130371e-01 -3.619899507611989975e-03 6.499999761581420898e-02
5.309023857116699219e-01 -3.496330231428146362e-03 6.499999761581420898e-02
5.314990282058715820e-01 -3.372751642018556595e-03 6.499999761581420898e-02
5.320955514907836914e-01 -3.249182365834712982e-03 6.499999761581420898e-02
5.326921343803405762e-01 -3.125613089650869370e-03 6.499999761581420898e-02
5.332887172698974609e-01 -3.002043813467025757e-03 6.499999761581420898e-02
5.338853001594543457e-01 -2.878474537283182144e-03 6.499999761581420898e-02
5.344818830490112305e-01 -2.754895947873592377e-03 6.499999761581420898e-02
5.350784659385681152e-01 -2.631326671689748764e-03 6.499999761581420898e-02
5.356750488281250000e-01 -2.507757395505905151e-03 6.499999761581420898e-02
5.362716317176818848e-01 -2.384188119322061539e-03 6.499999761581420898e-02
5.368682146072387695e-01 -2.260618843138217926e-03 6.499999761581420898e-02
5.374647974967956543e-01 -2.137040020897984505e-03 6.499999761581420898e-02
5.380613803863525391e-01 -2.013470511883497238e-03 6.499999761581420898e-02
5.386579632759094238e-01 -1.889901468530297279e-03 6.499999761581420898e-02
5.392545461654663086e-01 -1.766332192346453667e-03 6.499999761581420898e-02
5.398510694503784180e-01 -1.642762916162610054e-03 6.499999761581420898e-02
5.403358936309814453e-01 -1.554669579491019249e-03 6.499999761581420898e-02
5.407560467720031738e-01 -1.487076049670577049e-03 6.499999761581420898e-02
5.411762595176696777e-01 -1.419482519850134850e-03 6.499999761581420898e-02
5.415964126586914062e-01 -1.351889106445014477e-03 6.499999761581420898e-02
5.420165657997131348e-01 -1.284295576624572277e-03 6.499999761581420898e-02
5.424367785453796387e-01 -1.216696924529969692e-03 6.499999761581420898e-02
5.428569912910461426e-01 -1.149103394709527493e-03 6.499999761581420898e-02
5.432771444320678711e-01 -1.081509981304407120e-03 6.499999761581420898e-02
5.436972975730895996e-01 -1.013916451483964920e-03 6.499999761581420898e-02
5.441175103187561035e-01 -9.463229216635227203e-04 6.499999761581420898e-02
5.445376634597778320e-01 -8.787242113612592220e-04 6.499999761581420898e-02
5.449578762054443359e-01 -8.111307397484779358e-04 6.499999761581420898e-02
5.453780293464660645e-01 -7.435371517203748226e-04 6.499999761581420898e-02
5.457982420921325684e-01 -6.759437383152544498e-04 6.499999761581420898e-02
5.462183952331542969e-01 -6.083501502871513367e-04 6.499999761581420898e-02
5.466386079788208008e-01 -5.407514981925487518e-04 6.499999761581420898e-02
5.470587611198425293e-01 -4.731580847874283791e-04 6.499999761581420898e-02
5.474789738655090332e-01 -4.055645549669861794e-04 6.499999761581420898e-02
5.478991270065307617e-01 -3.379710251465439796e-04 6.499999761581420898e-02
5.483192801475524902e-01 -2.703774953261017799e-04 6.499999761581420898e-02
5.487394928932189941e-01 -2.027788432314991951e-04 6.499999761581420898e-02
5.491596460342407227e-01 -1.351854298263788223e-04 6.499999761581420898e-02
5.500000119209289551e-01 0.000000000000000000e+00 6.499999761581420898e-02
