3.780364096164703369e-01 -4.510861933231353760e-01 7.095845788717269897e-02 0.000000000000000000e+00 0.000000000000000000e+00 0.000000000000000000e+00
3.780363798141479492e-01 -4.510862827301025391e-01 7.095846533775329590e-02 0.000000000000000000e+00 0.000000000000000000e+00 0.000000000000000000e+00
3.780362904071807861e-01 -4.510863423347473145e-01 7.095849514007568359e-02 0.000000000000000000e+00 0.000000000000000000e+00 0.000000000000000000e+00
3.780360221862792969e-01 -4.510863125324249268e-01 7.095815241336822510e-02 0.000000000000000000e+00 0.000000000000000000e+00 0.000000000000000000e+00
3.780342042446136475e-01 -4.510895311832427979e-01 7.096377015113830566e-02 0.000000000000000000e+00 0.000000000000000000e+00 3.547362284734845161e-04
3.780486881732940674e-01 -4.510918557643890381e-01 7.096558809280395508e-02 0.000000000000000000e+00 0.000000000000000000e+00 0.000000000000000000e+00
3.780523240566253662e-01 -4.510899782180786133e-01 7.096605002880096436e-02 0.000000000000000000e+00 0.000000000000000000e+00 0.000000000000000000e+00
3.780534267425537109e-01 -4.510893821716308594e-01 7.096605747938156128e-02 0.000000000000000000e+00 0.000000000000000000e+00 0.000000000000000000e+00
3.780562579631805420e-01 -4.510872066020965576e-01 7.096608728170394897e-02 0.000000000000000000e+00 0.000000000000000000e+00 0.000000000000000000e+00
3.780600428581237793e-01 -4.510841667652130127e-01 7.096612453460693359e-02 0.000000000000000000e+00 0.000000000000000000e+00 0.000000000000000000e+00
3.780606985092163086e-01 -4.510837793350219727e-01 7.096612453460693359e-02 0.000000000000000000e+00 0.000000000000000000e+00 0.000000000000000000e+00
3.780662119388580322e-01 -4.510793387889862061e-01 7.096619904041290283e-02 0.000000000000000000e+00 0.000000000000000000e+00 0.000000000000000000e+00
3.780682682991027832e-01 -4.510777294635772705e-01 7.096609473228454590e-02 0.000000000000000000e+00 0.000000000000000000e+00 0.000000000000000000e+00
3.780705332756042480e-01 -4.510759115219116211e-01 7.096616923809051514e-02 0.000000000000000000e+00 0.000000000000000000e+00 0.000000000000000000e+00
3.780739009380340576e-01 -4.510731995105743408e-01 7.096619904041290283e-02 0.000000000000000000e+00 0.000000000000000000e+00 0.000000000000000000e+00
3.780763149261474609e-01 -4.510713219642639160e-01 7.096623629331588745e-02 0.000000000000000000e+00 0.000000000000000000e+00 0.000000000000000000e+00
3.780779838562011719e-01 -4.510698616504669189e-01 7.096626609563827515e-02 0.000000000000000000e+00 0.000000000000000000e+00 0.000000000000000000e+00
3.780799210071563721e-01 -4.510684013366699219e-01 7.096631079912185669e-02 0.000000000000000000e+00 0.000000000000000000e+00 0.000000000000000000e+00
3.780821561813354492e-01 -4.510665833950042725e-01 7.096631079912185669e-02 0.000000000000000000e+00 0.000000000000000000e+00 0.000000000000000000e+00
3.780875802040100098e-01 -4.510620832443237305e-01 7.096631079912185669e-02 0.000000000000000000e+00 0.000000000000000000e+00 0.000000000000000000e+00
3.780891299247741699e-01 -4.510608315467834473e-01 7.096632570028305054e-02 0.000000000000000000e+00 0.000000000000000000e+00 0.000000000000000000e+00
3.780916631221771240e-01 -4.510587751865386963e-01 7.096636295318603516e-02 0.000000000000000000e+00 0.000000000000000000e+00 0.000000000000000000e+00
3.781001865863800049e-01 -4.510516524314880371e-01 7.096632570028305054e-02 0.000000000000000000e+00 0.000000000000000000e+00 0.000000000000000000e+00
3.781049549579620361e-01 -4.510477185249328613e-01 7.096634805202484131e-02 0.000000000000000000e+00 0.000000000000000000e+00 0.000000000000000000e+00
3.781091868877410889e-01 -4.510442018508911133e-01 7.096637040376663208e-02 0.000000000000000000e+00 0.000000000000000000e+00 0.000000000000000000e+00
3.781130909919738770e-01 -4.510409832000732422e-01 7.096640020608901978e-02 0.000000000000000000e+00 0.000000000000000000e+00 0.000000000000000000e+00
3.781152665615081787e-01 -4.510391950607299805e-01 7.096640020608901978e-02 0.000000000000000000e+00 0.000000000000000000e+00 0.000000000000000000e+00
3.781189024448394775e-01 -4.510361850261688232e-01 7.096640020608901978e-02 0.000000000000000000e+00 0.000000000000000000e+00 0.000000000000000000e+00
3.781227171421051025e-01 -4.510330259799957275e-01 7.096632570028305054e-02 0.000000000000000000e+00 0.000000000000000000e+00 0.000000000000000000e+00
3.786421120166778564e-01 -4.516340196132659912e-01 7.124661654233932495e-02 3.228865796700119972e-03 -1.183269545435905457e-03 2.718532050494104624e-04
3.788015842437744141e-01 -4.514345228672027588e-01 7.103363424539566040e-02 1.408841088414192200e-02 1.714919880032539368e-02 -3.346886485815048218e-02
3.792017102241516113e-01 -4.515534043312072754e-01 7.110968232154846191e-02 6.018351996317505836e-04 -4.162874538451433182e-04 3.645788819994777441e-04
3.803783357143402100e-01 -4.516512751579284668e-01 7.111065089702606201e-02 1.645816490054130554e-02 6.288097938522696495e-04 1.375627471134066582e-03
3.809235394001007080e-01 -4.514273703098297119e-01 7.108606398105621338e-02 9.384783916175365448e-03 2.538250060752034187e-03 7.088186684995889664e-04
3.821290731430053711e-01 -4.516305327415466309e-01 7.121004164218902588e-02 1.570073422044515610e-03 0.000000000000000000e+00 1.781507307896390557e-04
3.837010562419891357e-01 -4.513185620307922363e-01 7.121966034173965454e-02 3.213522583246231079e-02 -3.189276671037077904e-03 4.691049922257661819e-03
3.852382302284240723e-01 -4.509600698947906494e-01 7.121147960424423218e-02 -1.043878146447241306e-03 4.361885134130716324e-03 -3.207379020750522614e-03
3.860377669334411621e-01 -4.509864449501037598e-01 7.127973437309265137e-02 8.814231492578983307e-03 -2.845682320185005665e-04 1.700237975455820560e-03
3.888171315193176270e-01 -4.502577483654022217e-01 7.124586403369903564e-02 1.744832098484039307e-02 -1.187474001199007034e-03 1.369591336697340012e-03
3.896311819553375244e-01 -4.498684108257293701e-01 7.127475738525390625e-02 6.848893128335475922e-03 5.683945026248693466e-03 -8.563879528082907200e-04
3.912755250930786133e-01 -4.496579766273498535e-01 7.143858820199966431e-02 2.814154699444770813e-02 5.123651586472988129e-03 2.920679282397031784e-03
3.927508294582366943e-01 -4.485061764717102051e-01 7.120949029922485352e-02 -8.887763833627104759e-04 5.939302500337362289e-04 1.034775283187627792e-03
3.948161005973815918e-01 -4.480005502700805664e-01 7.148790359497070312e-02 2.931481972336769104e-02 1.803965494036674500e-02 -4.943070001900196075e-03
3.976051211357116699e-01 -4.467171430587768555e-01 7.122164219617843628e-02 4.041180387139320374e-02 -3.592958673834800720e-03 1.152341905981302261e-02
3.986079394817352295e-01 -4.469492435455322266e-01 7.158669829368591309e-02 -5.979380221106112003e-04 4.221949784550815821e-04 -3.785440931096673012e-04
4.008933901786804199e-01 -4.461763501167297363e-01 7.163261622190475464e-02 3.329954668879508972e-02 9.507405571639537811e-03 2.029045950621366501e-03
4.019484817981719971e-01 -4.456168413162231445e-01 7.154440134763717651e-02 1.469612325308844447e-04 -1.713241945253685117e-04 -1.674435683526098728e-03
4.038544297218322754e-01 -4.452144801616668701e-01 7.175043225288391113e-02 2.529403381049633026e-02 7.964150980114936829e-03 2.053648699074983597e-03
4.052611887454986572e-01 -4.443047046661376953e-01 7.145831733942031860e-02 6.911957263946533203e-02 5.261718109250068665e-02 -3.647173568606376648e-02
4.078995883464813232e-01 -4.438175261020660400e-01 7.177262008190155029e-02 1.669299975037574768e-02 7.103419397026300430e-03 -5.584339378401637077e-04
4.086186587810516357e-01 -4.432689845561981201e-01 7.145015150308609009e-02 4.735524766147136688e-03 4.254707600921392441e-03 -1.619835151359438896e-03
4.114539027214050293e-01 -4.427635967731475830e-01 7.172295451164245605e-02 2.871790714561939240e-02 1.236325874924659729e-02 -3.322614124044775963e-03
4.120588302612304688e-01 -4.421601593494415283e-01 7.140588015317916870e-02 -1.472388743422925472e-03 9.611406712792813778e-04 -2.204082440584897995e-03
4.143728613853454590e-01 -4.421456158161163330e-01 7.183523476123809814e-02 3.278445079922676086e-02 5.194823723286390305e-03 5.159391555935144424e-03
4.157660305500030518e-01 -4.415673017501831055e-01 7.168287783861160278e-02 2.182345837354660034e-02 -1.141587388701736927e-03 5.731712095439434052e-03
4.191332161426544189e-01 -4.409960508346557617e-01 7.189297676086425781e-02 1.223144680261611938e-02 1.014660857617855072e-02 -5.553433205932378769e-03
4.192226827144622803e-01 -4.407557249069213867e-01 7.157194614410400391e-02 3.032754466403275728e-04 1.564477279316633940e-04 -5.685139913111925125e-04
4.219908118247985840e-01 -4.406608939170837402e-01 7.184762507677078247e-02 3.536032512784004211e-02 5.562077742069959641e-03 1.449258532375097275e-03
4.223470687866210938e-01 -4.401615858078002930e-01 7.131318002939224243e-02 -4.444197285920381546e-03 -2.945790532976388931e-03 1.661091810092329979e-03
4.241238832473754883e-01 -4.398661255836486816e-01 7.166247069835662842e-02 2.983629330992698669e-02 4.143247846513986588e-03 -8.935414953157305717e-04
4.254565834999084473e-01 -4.395363330841064453e-01 7.130594551563262939e-02 1.838850555941462517e-03 1.897251000627875328e-03 -2.295994432643055916e-03
4.275918006896972656e-01 -4.393399059772491455e-01 7.175444066524505615e-02 3.412197157740592957e-02 4.233895335346460342e-03 1.587392413057386875e-03
4.288307428359985352e-01 -4.387789070606231689e-01 7.130738347768783569e-02 -7.064820383675396442e-04 -1.225878950208425522e-04 -8.044727728702127934e-04
4.299018681049346924e-01 -4.389639794826507568e-01 7.167552411556243896e-02 2.507421001791954041e-02 -2.883506938815116882e-03 7.835432887077331543e-03
4.319913983345031738e-01 -4.381380081176757812e-01 7.111417502164840698e-02 -1.751701929606497288e-03 2.033224300248548388e-04 -2.389458939433097839e-03
4.324967563152313232e-01 -4.381066858768463135e-01 7.125725597143173218e-02 2.422356605529785156e-02 1.158809405751526356e-03 2.639473415911197662e-03
4.352901875972747803e-01 -4.375205338001251221e-01 7.109539210796356201e-02 1.232209429144859314e-02 8.066141046583652496e-03 -4.990816116333007812e-03
4.367685019969940186e-01 -4.372272491455078125e-01 7.129590213298797607e-02 1.922679133713245392e-02 -6.788574974052608013e-04 2.400029683485627174e-03
4.388883411884307861e-01 -4.366360604763031006e-01 7.121492177248001099e-02 1.731260493397712708e-02 4.918177146464586258e-03 -3.371360944584012032e-03
4.401476979255676270e-01 -4.363258481025695801e-01 7.134231925010681152e-02 7.819003611803054810e-02 6.956427544355392456e-02 1.239380426704883575e-02
4.414707720279693604e-01 -4.360053539276123047e-01 7.135314494371414185e-02 1.892357878386974335e-02 7.245055167004466057e-04 2.154522109776735306e-03
4.441636204719543457e-01 -4.353207945823669434e-01 7.135923951864242554e-02 2.837314270436763763e-02 -9.320268291048705578e-04 3.313287626951932907e-03
4.453733563423156738e-01 -4.347804784774780273e-01 7.130078971385955811e-02 9.843524312600493431e-04 7.356618065387010574e-03 -3.677275730296969414e-03
4.463706612586975098e-01 -4.346614480018615723e-01 7.144396752119064331e-02 6.778612732887268066e-03 -4.691683570854365826e-04 1.572256442159414291e-03
4.498676955699920654e-01 -4.336024224758148193e-01 7.148090749979019165e-02 1.034547016024589539e-02 -5.218750331550836563e-03 1.339983427897095680e-03
4.500108659267425537e-01 -4.336073696613311768e-01 7.146412879228591919e-02 1.117155887186527252e-03 5.591539666056632996e-04 1.443148212274536490e-04
4.529727399349212646e-01 -4.334616959095001221e-01 7.167796045541763306e-02 2.075543813407421112e-02 4.982626531273126602e-03 -2.376740798354148865e-03
4.527580142021179199e-01 -4.330609738826751709e-01 7.128831744194030762e-02 -9.291353635489940643e-03 2.011601754929870367e-04 -2.494772896170616150e-03
4.557276964187622070e-01 -4.329854249954223633e-01 7.175201922655105591e-02 2.516030333936214447e-02 1.739129656925797462e-03 -2.633657073602080345e-03
4.556860923767089844e-01 -4.324673116207122803e-01 7.112275063991546631e-02 -1.513370871543884277e-02 1.027116319164633751e-03 5.984877352602779865e-04
4.569664299488067627e-01 -4.323809146881103516e-01 7.167838513851165771e-02 2.674411237239837646e-02 5.041873548179864883e-03 -9.101472096517682076e-04
4.584763348102569580e-01 -4.316353797912597656e-01 7.097940891981124878e-02 -2.864993293769657612e-04 8.986684260889887810e-04 -7.672329084016382694e-04
4.605532288551330566e-01 -4.315571486949920654e-01 7.140126824378967285e-02 2.269585058093070984e-02 3.554029157385230064e-03 1.599443843588232994e-03
4.616396129131317139e-01 -4.309575557708740234e-01 7.102367281913757324e-02 -1.225760905072093010e-03 2.483381191268563271e-03 -3.756879828870296478e-03
4.637005329132080078e-01 -4.308547377586364746e-01 7.117243856191635132e-02 3.423373028635978699e-02 7.523723877966403961e-03 2.436665818095207214e-03
4.645220935344696045e-01 -4.303624331951141357e-01 7.082365453243255615e-02 -3.995092585682868958e-03 -3.155099460855126381e-03 -8.679567836225032806e-04
4.654124081134796143e-01 -4.302960634231567383e-01 7.100915908813476562e-02 3.078146278858184814e-02 2.004025271162390709e-03 3.553882008418440819e-03
4.674720168113708496e-01 -4.299089312553405762e-01 7.080054283142089844e-02 3.929656930267810822e-03 6.204669363796710968e-03 -4.616793710738420486e-03
4.680509865283966064e-01 -4.298567473888397217e-01 7.088223844766616821e-02 1.055167242884635925e-02 -3.960277885198593140e-03 5.321968812495470047e-03
4.695751368999481201e-01 -4.294920563697814941e-01 7.092395424842834473e-02 3.338425979018211365e-02 -3.387661650776863098e-03 9.638122864998877048e-04
4.713541269302368164e-01 -4.291772246360778809e-01 7.093917578458786011e-02 5.980112589895725250e-03 8.824127726256847382e-03 -1.471017836593091488e-03
4.728294014930725098e-01 -4.290525019168853760e-01 7.106947153806686401e-02 8.512396365404129028e-03 5.192888900637626648e-03 -8.643041364848613739e-04
4.737620651721954346e-01 -4.286663234233856201e-01 7.097426056861877441e-02 3.364850580692291260e-02 -5.464533809572458267e-03 6.304095499217510223e-03
4.760615825653076172e-01 -4.282882511615753174e-01 7.108323276042938232e-02 3.558561671525239944e-03 6.538850255310535431e-03 -3.544136648997664452e-03
4.773408174514770508e-01 -4.280351102352142334e-01 7.118494063615798950e-02 3.570512682199478149e-02 4.398565739393234253e-03 4.739592783153057098e-03
4.792063236236572266e-01 -4.273026883602142334e-01 7.110601663589477539e-02 2.432906813919544220e-02 4.979126900434494019e-02 -3.641073033213615417e-02
4.809874892234802246e-01 -4.271205067634582520e-01 7.127923518419265747e-02 5.701066181063652039e-02 1.096343249082565308e-02 7.001203019171953201e-03
4.824269115924835205e-01 -4.263559877872467041e-01 7.121615856885910034e-02 -9.164307848550379276e-04 1.283682533539831638e-03 -1.697779749520123005e-03
4.840695559978485107e-01 -4.261298477649688721e-01 7.138157635927200317e-02 3.293663635849952698e-02 9.814216755330562592e-03 2.823921618983149529e-03
4.854693412780761719e-01 -4.252553582191467285e-01 7.120349258184432983e-02 -1.088453806005418301e-03 4.167953156866133213e-04 -1.879343064501881599e-03
4.874338805675506592e-01 -4.250222444534301758e-01 7.147499173879623413e-02 2.918079122900962830e-02 1.296638883650302887e-02 2.726171864196658134e-03
4.884124696254730225e-01 -4.242119491100311279e-01 7.116459310054779053e-02 9.768803138285875320e-04 3.675448009744286537e-03 -4.441436380147933960e-03
4.892106950283050537e-01 -4.245395362377166748e-01 7.141236215829849243e-02 1.832407084293663502e-03 5.205731838941574097e-03 4.611562180798500776e-04
4.902108013629913330e-01 -4.241696298122406006e-01 7.145772874355316162e-02 3.126813471317291260e-02 2.244806382805109024e-03 6.107581313699483871e-03
4.925253391265869141e-01 -4.233479201793670654e-01 7.147897779941558838e-02 8.294331841170787811e-03 7.646423764526844025e-03 -4.610837902873754501e-03
4.931570589542388916e-01 -4.233229160308837891e-01 7.145116478204727173e-02 1.770706614479422569e-03 -5.896370275877416134e-04 5.512185744009912014e-04
4.948557615280151367e-01 -4.226420223712921143e-01 7.156371325254440308e-02 2.166713774204254150e-02 1.416838262230157852e-03 4.369871690869331360e-03
4.962881505489349365e-01 -4.218483567237854004e-01 7.132153958082199097e-02 -1.970471494132652879e-04 5.394471809267997742e-03 -4.307538270950317383e-03
4.968701601028442383e-01 -4.216153025627136230e-01 7.142178714275360107e-02 1.377003360539674759e-02 3.339651273563504219e-03 5.872825626283884048e-03
4.983259737491607666e-01 -4.209167957305908203e-01 7.119916379451751709e-02 1.805624552071094513e-02 2.922611020039767027e-04 5.698679597117006779e-04
4.997126460075378418e-01 -4.201687276363372803e-01 7.115680724382400513e-02 1.298264600336551666e-02 9.140060283243656158e-03 -3.568405983969569206e-03
5.012255311012268066e-01 -4.200714230537414551e-01 7.132101804018020630e-02 1.342603005468845367e-02 6.250617559999227524e-03 2.284020010847598314e-04
5.019727349281311035e-01 -4.194105863571166992e-01 7.111455500125885010e-02 4.457166418433189392e-03 -6.560203619301319122e-04 8.923467830754816532e-04
5.049042701721191406e-01 -4.188899397850036621e-01 7.126341015100479126e-02 2.115583978593349457e-02 1.405233517289161682e-03 -2.231568505521863699e-04
5.055185556411743164e-01 -4.185691773891448975e-01 7.108149677515029907e-02 4.835366737097501755e-03 3.628497244790196419e-03 -7.759527070447802544e-04
5.082800388336181641e-01 -4.182801544666290283e-01 7.142821699380874634e-02 2.730027213692665100e-02 8.713725954294204712e-03 -2.293097088113427162e-03
5.088945627212524414e-01 -4.177289605140686035e-01 7.102119177579879761e-02 9.082400240004062653e-03 -1.043092575855553150e-03 4.844380018766969442e-04
5.101738572120666504e-01 -4.178792238235473633e-01 7.143155485391616821e-02 3.471443429589271545e-02 -6.530418177135288715e-04 9.508191607892513275e-03
5.120111703872680664e-01 -4.171747863292694092e-01 7.083815336227416992e-02 -2.159940078854560852e-03 -1.673951977863907814e-03 -4.497893387451767921e-04
5.133642554283142090e-01 -4.172737598419189453e-01 7.118315249681472778e-02 3.451928868889808655e-02 0.000000000000000000e+00 4.559644497931003571e-03
5.152990221977233887e-01 -4.171495139598846436e-01 7.086861878633499146e-02 2.462904667481780052e-03 1.863572862930595875e-03 -3.903917968273162842e-03
5.165761113166809082e-01 -4.172355234622955322e-01 7.135542482137680054e-02 1.910143531858921051e-02 -1.576149137690663338e-03 1.013286411762237549e-02
5.173019766807556152e-01 -4.170331656932830811e-01 7.126914709806442261e-02 9.957615286111831665e-03 -1.750431023538112640e-03 -2.684846986085176468e-03
5.196294784545898438e-01 -4.173360764980316162e-01 7.158733904361724854e-02 2.658336982131004333e-02 1.827483647502958775e-04 4.163459409028291702e-03
5.207558870315551758e-01 -4.169263243675231934e-01 7.123319059610366821e-02 8.653341792523860931e-03 -4.303152207285165787e-03 2.379146404564380646e-03
5.235077738761901855e-01 -4.173139035701751709e-01 7.185370475053787231e-02 3.015816956758499146e-02 -2.266465220600366592e-03 3.274779999628663063e-03
5.238428115844726562e-01 -4.172174334526062012e-01 7.153997570276260376e-02 1.936245826072990894e-03 -2.397602220298722386e-04 -6.964091677218675613e-03
5.268325209617614746e-01 -4.175232052803039551e-01 7.208086550235748291e-02 4.023289307951927185e-02 1.759117585606873035e-03 5.679036490619182587e-03
5.273680090904235840e-01 -4.172758162021636963e-01 7.111993432044982910e-02 -4.770112223923206329e-03 -3.871005261316895485e-03 3.524951753206551075e-04
5.277588963508605957e-01 -4.172688126564025879e-01 7.141213119029998779e-02 2.268394455313682556e-02 1.058582449331879616e-03 4.598473198711872101e-03
5.310251712799072266e-01 -4.173059463500976562e-01 7.095123827457427979e-02 3.871000080835074186e-04 5.810925271362066269e-03 -7.967291399836540222e-03
5.310360789299011230e-01 -4.172884523868560791e-01 7.095721364021301270e-02 8.945733308792114258e-03 -3.115491243079304695e-03 6.744377780705690384e-03
5.347638726234436035e-01 -4.175037145614624023e-01 7.129795849323272705e-02 2.136290818452835083e-02 2.024140208959579468e-03 -5.278499331325292587e-03
5.354459881782531738e-01 -4.173394143581390381e-01 7.102884352207183838e-02 2.109471336007118225e-02 -3.897449234500527382e-03 9.284839965403079987e-03
5.383123755455017090e-01 -4.174635410308837891e-01 7.131651788949966431e-02 3.683500364422798157e-02 2.993273315951228142e-03 -1.112947356887161732e-03
5.389488935470581055e-01 -4.171122014522552490e-01 7.069337368011474609e-02 7.616139017045497894e-03 -2.962745260447263718e-03 4.854011815041303635e-03
5.424956679344177246e-01 -4.173438549041748047e-01 7.143504172563552856e-02 4.619740843772888184e-01 1.614389009773731232e-02 1.017508096992969513e-02
5.425567626953125000e-01 -4.169711768627166748e-01 7.046150416135787964e-02 -5.319025833159685135e-03 -1.126829767599701881e-03 3.186043119058012962e-03
5.449328422546386719e-01 -4.172161519527435303e-01 7.144401222467422485e-02 4.284963756799697876e-02 1.031802967190742493e-03 -2.156127942726016045e-03
5.461665987968444824e-01 -4.167287051677703857e-01 7.020097225904464722e-02 2.509687619749456644e-04 1.809228706406429410e-04 -5.624136538244783878e-04
5.487905144691467285e-01 -4.168743789196014404e-01 7.089272141456604004e-02 4.216290637850761414e-02 2.720694057643413544e-03 -3.130158409476280212e-03
5.507374405860900879e-01 -4.164409637451171875e-01 7.026320695877075195e-02 3.117653168737888336e-02 2.617738442495465279e-03 -9.150805883109569550e-03
5.529755353927612305e-01 -4.165926277637481689e-01 7.095657289028167725e-02 3.752384334802627563e-03 6.422699894756078720e-03 4.574907652568072081e-04
5.548541545867919922e-01 -4.165215194225311279e-01 7.072286307811737061e-02 3.911272063851356506e-02 8.258377201855182648e-04 1.389495097100734711e-03
5.568866729736328125e-01 -4.161188304424285889e-01 7.089590281248092651e-02 1.364628318697214127e-02 1.111422665417194366e-02 5.320615600794553757e-04
5.580411553382873535e-01 -4.163153767585754395e-01 7.099307328462600708e-02 2.511675097048282623e-02 -4.877672996371984482e-03 5.794290918856859207e-03
5.612522959709167480e-01 -4.159720838069915771e-01 7.109651714563369751e-02 2.584563381969928741e-02 -2.025075227720662951e-04 3.302983008325099945e-03
5.621924996376037598e-01 -4.157278537750244141e-01 7.104261964559555054e-02 8.177827694453299046e-04 2.229613019153475761e-03 -1.078709261491894722e-03
5.649027824401855469e-01 -4.154109656810760498e-01 7.140255719423294067e-02 3.101700171828269958e-02 4.720438737422227859e-03 1.320090144872665405e-03
5.659896731376647949e-01 -4.146356284618377686e-01 7.091741263866424561e-02 1.241145655512809753e-03 9.867753833532333374e-04 2.482160634826868773e-04
5.677633285522460938e-01 -4.147987961769104004e-01 7.160684466361999512e-02 3.338557854294776917e-02 -3.268237051088362932e-04 1.046605687588453293e-02
5.702080130577087402e-01 -4.135949313640594482e-01 7.096711546182632446e-02 2.598462440073490143e-02 -2.482146723195910454e-03 5.782509688287973404e-03
5.726621747016906738e-01 -4.134964644908905029e-01 7.181622087955474854e-02 1.118181552737951279e-02 1.259639486670494080e-02 -7.619391661137342453e-03
5.734470486640930176e-01 -4.128886461257934570e-01 7.090970128774642944e-02 3.899345174431800842e-03 1.953783910721540451e-03 -7.321382407099008560e-03
5.753349065780639648e-01 -4.126472473144531250e-01 7.183437794446945190e-02 2.824906818568706512e-02 -1.904555479995906353e-03 1.137902308255434036e-02
5.768864750862121582e-01 -4.120315015316009521e-01 7.180783897638320923e-02 1.273818872869014740e-02 3.262805752456188202e-03 5.454847705550491810e-04
5.792413353919982910e-01 -4.116489887237548828e-01 7.204040139913558960e-02 3.568297997117042542e-02 1.109324861317873001e-02 1.065443851985037327e-03
5.806576609611511230e-01 -4.106118381023406982e-01 7.156734913587570190e-02 2.745239064097404480e-03 -2.608387963846325874e-03 4.252579528838396072e-03
5.808981060981750488e-01 -4.106833040714263916e-01 7.173798978328704834e-02 1.083639636635780334e-02 -1.726398593746125698e-03 6.536682602018117905e-03
5.834921598434448242e-01 -4.101125597953796387e-01 7.195060700178146362e-02 -6.464141886681318283e-03 -1.602187752723693848e-03 -5.201949272304773331e-03
5.844457149505615234e-01 -4.095985591411590576e-01 7.213296741247177124e-02 1.003435067832469940e-02 6.132129579782485962e-03 1.712266355752944946e-03
5.853168964385986328e-01 -4.090133011341094971e-01 7.193583995103836060e-02 2.852076664566993713e-02 4.606356378644704819e-03 5.157120525836944580e-03
5.880728363990783691e-01 -4.081861078739166260e-01 7.218314707279205322e-02 3.283975273370742798e-02 1.650219783186912537e-02 -1.493541989475488663e-03
5.910124182701110840e-01 -4.068979918956756592e-01 7.209867984056472778e-02 2.311515435576438904e-02 4.874360747635364532e-03 2.447316888719797134e-03
5.923377871513366699e-01 -4.057686924934387207e-01 7.197681814432144165e-02 3.029221668839454651e-03 4.102082457393407822e-03 -2.986303879879415035e-04
5.937166810035705566e-01 -4.057294130325317383e-01 7.231247425079345703e-02 3.687835764139890671e-03 3.835735551547259092e-04 8.482882403768599033e-04
5.954520106315612793e-01 -4.040476083755493164e-01 7.194823771715164185e-02 2.281962195411324501e-03 3.351063700392842293e-03 -2.714938484132289886e-03
5.970321893692016602e-01 -4.037367701530456543e-01 7.232712209224700928e-02 1.948088780045509338e-02 7.951809093356132507e-03 4.469370469450950623e-03
5.990633368492126465e-01 -4.020067453384399414e-01 7.188589125871658325e-02 1.845503784716129303e-02 1.288321241736412048e-02 -3.354970598593354225e-03
6.013431549072265625e-01 -4.011774659156799316e-01 7.215706259012222290e-02 1.541734393686056137e-02 1.713495515286922455e-02 -3.494875272735953331e-03
6.032216548919677734e-01 -3.996065557003021240e-01 7.194200158119201660e-02 3.167645260691642761e-02 1.088881120085716248e-02 5.542948376387357712e-03
6.063618659973144531e-01 -3.978763818740844727e-01 7.214090973138809204e-02 2.471603825688362122e-02 1.617374457418918610e-02 4.472860018722712994e-04
6.070439219474792480e-01 -3.972120881080627441e-01 7.198864221572875977e-02 -2.518596884328871965e-04 2.060892991721630096e-03 -1.571866450831294060e-03
6.090371608734130859e-01 -3.961676657199859619e-01 7.243500649929046631e-02 3.624004498124122620e-02 2.296417206525802612e-02 4.597194492816925049e-03
6.095877885818481445e-01 -3.948403596878051758e-01 7.184296846389770508e-02 3.019425552338361740e-03 8.451185189187526703e-03 -2.819487126544117928e-03
6.117774248123168945e-01 -3.932518959045410156e-01 7.220613956451416016e-02 9.484100155532360077e-03 2.125068753957748413e-02 -1.001441292464733124e-02
6.129786968231201172e-01 -3.923194110393524170e-01 7.187541574239730835e-02 1.585474237799644470e-02 3.503802930936217308e-03 3.636720823124051094e-03
6.142166256904602051e-01 -3.909267187118530273e-01 7.215879857540130615e-02 3.572608344256877899e-03 6.357165984809398651e-03 -1.909702899865806103e-03
6.150473952293395996e-01 -3.898636996746063232e-01 7.206922769546508789e-02 1.645763777196407318e-02 2.039879932999610901e-02 1.095829298719763756e-03
6.159920692443847656e-01 -3.886521458625793457e-01 7.208105176687240601e-02 2.896515186876058578e-03 5.481316708028316498e-03 -1.340603688731789589e-03
6.163375377655029297e-01 -3.881230056285858154e-01 7.205414772033691406e-02 5.047204904258251190e-03 6.881927605718374252e-03 4.963300307281315327e-04
6.167565584182739258e-01 -3.870714604854583740e-01 7.206665724515914917e-02 3.678744251374155283e-04 1.981478417292237282e-03 -5.043801502324640751e-04
6.170621514320373535e-01 -3.860757648944854736e-01 7.221669703722000122e-02 -2.603389089927077293e-03 3.335084393620491028e-02 -3.702041693031787872e-03
6.181513667106628418e-01 -3.829451501369476318e-01 7.254166156053543091e-02 1.579145900905132294e-02 2.210729382932186127e-02 9.693998843431472778e-03
6.184842586517333984e-01 -3.821927905082702637e-01 7.291349768638610840e-02 -3.597994800657033920e-03 9.733871556818485260e-03 -4.937286023050546646e-03
6.180840730667114258e-01 -3.805671036243438721e-01 7.242868840694427490e-02 4.639262333512306213e-03 7.157874759286642075e-03 4.691042471677064896e-03
6.181484460830688477e-01 -3.796027302742004395e-01 7.292093336582183838e-02 -8.576405234634876251e-03 2.318692393600940704e-02 -3.223850857466459274e-03
6.176383495330810547e-01 -3.781267404556274414e-01 7.232827693223953247e-02 -2.277658786624670029e-04 4.669710528105497360e-03 -5.646570352837443352e-04
6.177035570144653320e-01 -3.772466480731964111e-01 7.297831773757934570e-02 -1.656401291256770492e-04 5.454296711832284927e-03 2.872397191822528839e-03
6.173379421234130859e-01 -3.762169778347015381e-01 7.289323210716247559e-02 -7.517412304878234863e-03 1.961690559983253479e-02 -2.283617854118347168e-03
6.168615221977233887e-01 -3.743426799774169922e-01 7.283475995063781738e-02 -1.015656511299312115e-03 1.239245291799306870e-02 -4.090777132660150528e-03
6.168567538261413574e-01 -3.741302490234375000e-01 7.283362001180648804e-02 -4.403359256684780121e-03 1.259031705558300018e-02 -2.137573203071951866e-03
6.162281632423400879e-01 -3.720294237136840820e-01 7.260105013847351074e-02 7.972175371833145618e-04 7.170592900365591049e-03 9.804109111428260803e-03
6.161727309226989746e-01 -3.713600039482116699e-01 7.287964969873428345e-02 -5.472757853567600250e-03 1.814446784555912018e-02 -7.703865412622690201e-03
6.160022616386413574e-01 -3.694195449352264404e-01 7.269037514925003052e-02 3.398961620405316353e-03 5.950319580733776093e-03 3.694822546094655991e-03
6.161506175994873047e-01 -3.693526387214660645e-01 7.296460866928100586e-02 -1.777632423909381032e-04 2.365352120250463486e-03 -2.047806920018047094e-04
6.158939599990844727e-01 -3.677450120449066162e-01 7.260095328092575073e-02 1.326285419054329395e-03 1.239907927811145782e-02 4.123928491026163101e-03
6.161633133888244629e-01 -3.669876158237457275e-01 7.287576794624328613e-02 -3.734104568138718605e-03 1.661893166601657867e-02 -6.985419429838657379e-03
6.160799264907836914e-01 -3.655165433883666992e-01 7.264082878828048706e-02 2.323865046491846442e-04 1.790748676285147667e-03 0.000000000000000000e+00
6.165822148323059082e-01 -3.645808100700378418e-01 7.305443286895751953e-02 1.137733575887978077e-03 7.002313155680894852e-03 1.200424972921609879e-03
6.168593764305114746e-01 -3.628920316696166992e-01 7.269620150327682495e-02 9.665564633905887604e-03 1.234713662415742874e-02 5.358105991035699844e-03
6.173682808876037598e-01 -3.621190190315246582e-01 7.314577698707580566e-02 5.114766769111156464e-03 2.070350944995880127e-02 1.584991463460028172e-03
6.175817251205444336e-01 -3.605054616928100586e-01 7.264512777328491211e-02 3.166679060086607933e-03 4.723995923995971680e-03 -2.378242643317207694e-04
6.179399490356445312e-01 -3.592224717140197754e-01 7.269599288702011108e-02 4.378593061119318008e-03 2.180892229080200195e-02 -2.713927533477544785e-03
6.183296442031860352e-01 -3.579729497432708740e-01 7.263214141130447388e-02 1.387748925480991602e-04 -3.601367061492055655e-04 2.483623684383928776e-04
6.186476349830627441e-01 -3.567057847976684570e-01 7.256692647933959961e-02 2.626963192597031593e-03 2.394949644804000854e-02 -5.453981924802064896e-03
6.192847490310668945e-01 -3.554991483688354492e-01 7.256852090358734131e-02 6.241620983928442001e-03 6.710529793053865433e-03 4.149619955569505692e-03
6.196613907814025879e-01 -3.538402318954467773e-01 7.260996848344802856e-02 7.083617150783538818e-03 1.136662811040878296e-02 1.170479925349354744e-03
6.202021241188049316e-01 -3.530768752098083496e-01 7.268531620502471924e-02 1.383041380904614925e-03 1.759590930305421352e-03 1.676300191320478916e-03
6.204332709312438965e-01 -3.515196442604064941e-01 7.247100770473480225e-02 8.961618877947330475e-03 3.179813548922538757e-02 -1.078106230124831200e-03
6.210481524467468262e-01 -3.503688871860504150e-01 7.269636541604995728e-02 2.881504828110337257e-03 5.030880682170391083e-03 1.420928747393190861e-03
6.214488744735717773e-01 -3.482997119426727295e-01 7.259755581617355347e-02 1.050739083439111710e-02 1.812731102108955383e-02 3.106842050328850746e-03
6.219955682754516602e-01 -3.474712371826171875e-01 7.278251647949218750e-02 1.273961272090673447e-03 1.311923749744892120e-02 -3.083921968936920166e-03
6.221710443496704102e-01 -3.456374406814575195e-01 7.252475619316101074e-02 8.615768514573574066e-03 2.490481175482273102e-02 4.764990590047091246e-04
6.226922869682312012e-01 -3.449505269527435303e-01 7.283493131399154663e-02 0.000000000000000000e+00 -6.097315927036106586e-04 1.649268437176942825e-03
6.227059364318847656e-01 -3.430739939212799072e-01 7.264876365661621094e-02 -2.982767473440617323e-04 1.890319213271141052e-02 -2.932577393949031830e-03
6.230504512786865234e-01 -3.421411514282226562e-01 7.301575690507888794e-02 1.046686782501637936e-03 1.002235151827335358e-02 2.062238520011305809e-03
6.230751872062683105e-01 -3.397407531738281250e-01 7.283406704664230347e-02 5.233505275100469589e-03 1.142382808029651642e-02 4.155621863901615143e-03
6.233391761779785156e-01 -3.390191495418548584e-01 7.314673066139221191e-02 -3.951974213123321533e-03 1.709030196070671082e-02 -2.322964370250701904e-03
6.230998635292053223e-01 -3.369819223880767822e-01 7.286312431097030640e-02 1.630480634048581123e-03 4.337043501436710358e-03 1.518704928457736969e-03
6.230030059814453125e-01 -3.351601362228393555e-01 7.295148819684982300e-02 -1.772398129105567932e-03 7.161294110119342804e-03 -1.851403387263417244e-03
6.229053735733032227e-01 -3.345184624195098877e-01 7.281516492366790771e-02 -4.945358261466026306e-03 1.691447198390960693e-02 -2.261008135974407196e-03
6.227704882621765137e-01 -3.323684036731719971e-01 7.290800660848617554e-02 4.231377039104700089e-03 6.555836182087659836e-03 3.943816758692264557e-03
6.226163506507873535e-01 -3.321118652820587158e-01 7.284162193536758423e-02 -1.799330231733620167e-03 1.702944282442331314e-04 -1.581596210598945618e-03
6.222468614578247070e-01 -3.306785821914672852e-01 7.263953238725662231e-02 -4.000774584710597992e-03 2.530465088784694672e-02 1.363626099191606045e-03
6.219263076782226562e-01 -3.285349011421203613e-01 7.273342460393905640e-02 -5.073113832622766495e-03 1.453258935362100601e-02 -2.893612952902913094e-03
6.216469407081604004e-01 -3.279199898242950439e-01 7.269769161939620972e-02 -2.133312809746712446e-04 7.960037328302860260e-03 5.555624375119805336e-04
6.213196516036987305e-01 -3.263859450817108154e-01 7.264091819524765015e-02 -4.023460205644369125e-03 1.623348332941532135e-02 3.662765957415103912e-04
6.211087703704833984e-01 -3.255683481693267822e-01 7.270007580518722534e-02 -5.168711766600608826e-03 1.786057255230844021e-03 -2.401920035481452942e-03
6.208473443984985352e-01 -3.246573507785797119e-01 7.253096997737884521e-02 -2.498528920114040375e-02 8.161447942256927490e-02 -1.182928681373596191e-02
6.205404400825500488e-01 -3.229862451553344727e-01 7.251507788896560669e-02 4.178235249128192663e-04 1.640962995588779449e-02 5.711339414119720459e-03
6.201745271682739258e-01 -3.212699592113494873e-01 7.255284488201141357e-02 -5.314911715686321259e-03 2.466258034110069275e-02 -3.378129331395030022e-03
6.200666427612304688e-01 -3.199442625045776367e-01 7.274514436721801758e-02 1.182884210720658302e-03 4.194112028926610947e-03 4.229197278618812561e-03
6.197862625122070312e-01 -3.192044198513031006e-01 7.267475873231887817e-02 -1.625130069442093372e-03 3.707441966980695724e-03 -7.975645712576806545e-04
6.196354627609252930e-01 -3.173981308937072754e-01 7.282934337854385376e-02 1.853912603110074997e-03 8.321841596625745296e-04 3.587154671549797058e-03
6.197358965873718262e-01 -3.171994388103485107e-01 7.288903743028640747e-02 -1.418397878296673298e-04 1.091548474505543709e-03 -1.737065904308110476e-04
6.193443536758422852e-01 -3.145102262496948242e-01 7.274524122476577759e-02 2.543065464124083519e-03 5.468944087624549866e-03 3.226047847419977188e-03
6.192669868469238281e-01 -3.131331801414489746e-01 7.289656996726989746e-02 -6.625504232943058014e-03 2.729263156652450562e-02 -3.493798198178410530e-03
6.191905140876770020e-01 -3.116219639778137207e-01 7.276438176631927490e-02 1.807892345823347569e-03 1.998997991904616356e-03 1.994241261854767799e-03
6.191038489341735840e-01 -3.100360631942749023e-01 7.280880212783813477e-02 -2.911676187068223953e-03 2.126225642859935760e-02 -2.693771850317716599e-03
6.190641522407531738e-01 -3.085128664970397949e-01 7.287297397851943970e-02 1.685527153313159943e-03 1.563050970435142517e-02 4.618100821971893311e-03
6.189483404159545898e-01 -3.061786293983459473e-01 7.289450615644454956e-02 -3.804615698754787445e-03 2.729837037622928619e-02 -6.236603949218988419e-03
6.189721226692199707e-01 -3.056875765323638916e-01 7.282369583845138550e-02 7.551315939053893089e-04 1.527874963358044624e-03 1.155406353063881397e-03
6.188288927078247070e-01 -3.034307658672332764e-01 7.286947220563888550e-02 -4.619773011654615402e-03 2.923721820116043091e-02 -5.664558149874210358e-03
6.188927292823791504e-01 -3.025048673152923584e-01 7.283937931060791016e-02 -3.453579265624284744e-03 1.803078502416610718e-02 -2.782959491014480591e-03
6.186547875404357910e-01 -3.006695806980133057e-01 7.257830351591110229e-02 -5.438305670395493507e-04 1.007019635289907455e-02 -5.507737514562904835e-04
6.189228892326354980e-01 -2.997976541519165039e-01 7.302343100309371948e-02 0.000000000000000000e+00 8.216813439503312111e-04 0.000000000000000000e+00
6.187059879302978516e-01 -2.984851002693176270e-01 7.268866151571273804e-02 -3.983757458627223969e-03 2.399035356938838959e-02 -4.167830571532249451e-03
6.188023090362548828e-01 -2.960790395736694336e-01 7.279468327760696411e-02 2.841000817716121674e-02 1.624015867710113525e-01 8.725771680474281311e-03
6.187446713447570801e-01 -2.962976098060607910e-01 7.270331680774688721e-02 -9.566601947881281376e-04 -2.207531826570630074e-03 -1.690295408479869366e-03
6.186655759811401367e-01 -2.954270839691162109e-01 7.261141389608383179e-02 -3.474383149296045303e-03 2.103804051876068115e-02 -1.208378234878182411e-03
6.186539530754089355e-01 -2.929357886314392090e-01 7.265222817659378052e-02 -1.249296008609235287e-03 1.810379698872566223e-02 3.997427120339125395e-04
6.186731457710266113e-01 -2.924737334251403809e-01 7.275488972663879395e-02 1.826260820962488651e-03 8.645854890346527100e-03 -2.563205081969499588e-03
6.185023188591003418e-01 -2.903082072734832764e-01 7.240140438079833984e-02 2.204637974500656128e-03 1.508640404790639877e-02 2.523658797144889832e-03
6.186299920082092285e-01 -2.894053459167480469e-01 7.261427491903305054e-02 -3.408232005313038826e-03 1.392085570842027664e-02 -1.532232039608061314e-03
6.184604167938232422e-01 -2.873319685459136963e-01 7.242589443922042847e-02 -4.517752386163920164e-04 6.642670370638370514e-03 -4.961278173141181469e-04
6.185952425003051758e-01 -2.857828438282012939e-01 7.255821675062179565e-02 -1.921547955134883523e-04 1.842042431235313416e-02 -3.178053768351674080e-03
6.183330416679382324e-01 -2.842009067535400391e-01 7.236246764659881592e-02 2.538689004722982645e-04 2.004449954256415367e-03 6.970337126404047012e-04
6.183853745460510254e-01 -2.824545800685882568e-01 7.242985814809799194e-02 -2.461654366925358772e-03 2.482090517878532410e-02 -2.764504170045256615e-03
6.182862520217895508e-01 -2.814054191112518311e-01 7.244314253330230713e-02 1.319605391472578049e-03 1.549296313896775246e-03 4.671179223805665970e-03
6.181312203407287598e-01 -2.797496318817138672e-01 7.246920466423034668e-02 -4.360854160040616989e-03 2.425612509250640869e-02 -4.008769523352384567e-03
6.179228425025939941e-01 -2.776640355587005615e-01 7.233849167823791504e-02 -2.387803513556718826e-03 2.271616086363792419e-02 7.785257184877991676e-04
6.179225444793701172e-01 -2.764600515365600586e-01 7.246734201908111572e-02 -2.810443518683314323e-03 9.013008326292037964e-03 -5.477807950228452682e-03
6.174977421760559082e-01 -2.743747532367706299e-01 7.220695912837982178e-02 3.135746344923973083e-03 2.138261497020721436e-02 5.189544521272182465e-03
6.174581646919250488e-01 -2.734186053276062012e-01 7.242464274168014526e-02 -5.319778341799974442e-03 1.194210909307003021e-02 -4.114085808396339417e-03
6.169301271438598633e-01 -2.702320218086242676e-01 7.197354733943939209e-02 -3.811867791227996349e-04 5.985754355788230896e-02 1.443202490918338299e-03
6.166353821754455566e-01 -2.657539546489715576e-01 7.210341095924377441e-02 -5.399076268076896667e-03 1.093785371631383896e-02 -2.756344911176711321e-04
6.165028810501098633e-01 -2.660445868968963623e-01 7.204593718051910400e-02 -9.884779574349522591e-04 7.615498267114162445e-03 -3.771198214963078499e-03
6.160003542900085449e-01 -2.632824778556823730e-01 7.190688699483871460e-02 1.888978760689496994e-03 1.957427896559238434e-02 5.942245014011859894e-03
6.160229444503784180e-01 -2.633102834224700928e-01 7.213690131902694702e-02 -3.528713947162032127e-03 -7.525382097810506821e-03 -1.138311927206814289e-03
6.154478192329406738e-01 -2.614085972309112549e-01 7.179708033800125122e-02 -2.733025932684540749e-03 2.378453128039836884e-02 -5.395517800934612751e-04
6.154159903526306152e-01 -2.605615258216857910e-01 7.219370454549789429e-02 -3.995554987341165543e-03 2.024725079536437988e-03 3.220090875402092934e-04
6.146685481071472168e-01 -2.588216066360473633e-01 7.164552807807922363e-02 -3.097500884905457497e-03 1.056622527539730072e-02 -3.182763932272791862e-03
6.145573854446411133e-01 -2.577946484088897705e-01 7.174774259328842163e-02 -6.293054670095443726e-03 1.491200923919677734e-02 -4.718665149994194508e-04
6.138868331909179688e-01 -2.552664577960968018e-01 7.168247550725936890e-02 -4.903714638203382492e-03 1.565968804061412811e-02 2.486214798409491777e-04
6.138674020767211914e-01 -2.546056807041168213e-01 7.192922383546829224e-02 9.118360467255115509e-03 1.336786709725856781e-02 3.502283943817019463e-03
6.131485104560852051e-01 -2.523940205574035645e-01 7.156533747911453247e-02 -1.936332904733717442e-03 7.605111692100763321e-03 4.673902294598519802e-04
6.131129860877990723e-01 -2.514081001281738281e-01 7.186175137758255005e-02 -7.903655059635639191e-03 1.934666000306606293e-02 -3.270049812272191048e-03
6.124399304389953613e-01 -2.495374083518981934e-01 7.154238224029541016e-02 0.000000000000000000e+00 5.906017962843179703e-03 4.185506142675876617e-03
6.125828623771667480e-01 -2.487789839506149292e-01 7.192958146333694458e-02 0.000000000000000000e+00 1.485409680753946304e-03 6.918917060829699039e-04
6.121409535408020020e-01 -2.474992424249649048e-01 7.179445773363113403e-02 -4.724421538412570953e-03 2.127814851701259613e-02 -3.309273452032357454e-04
6.119726300239562988e-01 -2.453889548778533936e-01 7.199805229902267456e-02 -1.269445288926362991e-03 1.656125858426094055e-02 1.359022571705281734e-03
6.114776730537414551e-01 -2.447205185890197754e-01 7.177162915468215942e-02 8.037935476750135422e-04 1.420187647454440594e-03 1.622387208044528961e-04
6.111097931861877441e-01 -2.428151667118072510e-01 7.178106158971786499e-02 -4.476204980164766312e-03 2.057849802076816559e-02 -5.163703463040292263e-04
6.109490394592285156e-01 -2.419027835130691528e-01 7.184609025716781616e-02 -3.726693103089928627e-03 9.182312525808811188e-03 0.000000000000000000e+00
6.105825304985046387e-01 -2.409006655216217041e-01 7.177064567804336548e-02 -2.936912002041935921e-03 1.485542021691799164e-02 -1.107756048440933228e-03
6.105075478553771973e-01 -2.394050806760787964e-01 7.194514572620391846e-02 0.000000000000000000e+00 -1.053645741194486618e-03 -6.017907289788126945e-04
6.101267337799072266e-01 -2.383293509483337402e-01 7.172930985689163208e-02 -9.869542904198169708e-03 2.350308746099472046e-02 -4.034381825476884842e-03
6.100353598594665527e-01 -2.369016408920288086e-01 7.198914885520935059e-02 1.062667346559464931e-03 1.944171148352324963e-03 1.135222846642136574e-03
6.100397109985351562e-01 -2.369384616613388062e-01 7.189679145812988281e-02 -6.404543528333306313e-04 -7.440527551807463169e-04 -2.037937752902507782e-03
6.098123192787170410e-01 -2.360529154539108276e-01 7.178165763616561890e-02 -7.784754503518342972e-03 2.509467303752899170e-02 -2.752219559624791145e-03
6.096441745758056641e-01 -2.346127033233642578e-01 7.188560813665390015e-02 5.050910986028611660e-04 1.897504203952848911e-03 1.177545520476996899e-03
6.094079613685607910e-01 -2.338371425867080688e-01 7.177165895700454712e-02 -9.113698615692555904e-04 3.116496838629245758e-03 -2.903601271100342274e-04
6.091414093971252441e-01 -2.325155287981033325e-01 7.182209938764572144e-02 -5.202668253332376480e-03 1.423020102083683014e-02 0.000000000000000000e+00
6.089571714401245117e-01 -2.314441949129104614e-01 7.177167385816574097e-02 1.258112752111628652e-04 3.598623443394899368e-03 -4.285630711819976568e-04
6.086654663085937500e-01 -2.304949909448623657e-01 7.175612449645996094e-02 -8.907392038963735104e-04 3.781681181862950325e-03 -3.133667050860822201e-04
6.085652112960815430e-01 -2.294918894767761230e-01 7.176367193460464478e-02 -1.664505922235548496e-03 7.901379838585853577e-03 5.597474519163370132e-04
6.084034442901611328e-01 -2.286256253719329834e-01 7.170809060335159302e-02 -6.177682895213365555e-03 1.850249618291854858e-02 -2.138578100129961967e-03
6.082115769386291504e-01 -2.270546555519104004e-01 7.176338136196136475e-02 1.510457950644195080e-03 4.948451649397611618e-03 5.582535522989928722e-04
6.080079674720764160e-01 -2.265277504920959473e-01 7.169358432292938232e-02 -1.761468476615846157e-03 1.795236719772219658e-03 -5.824288236908614635e-04
6.076896190643310547e-01 -2.251433283090591431e-01 7.167823612689971924e-02 -4.216820001602172852e-03 2.040589414536952972e-02 1.065288321115076542e-03
6.075705289840698242e-01 -2.242054194211959839e-01 7.169870287179946899e-02 -1.498095574788749218e-03 6.427842192351818085e-03 -1.271835062652826309e-03
6.071239113807678223e-01 -2.223012745380401611e-01 7.159758359193801880e-02 -3.582873323466628790e-04 1.720185019075870514e-02 -1.898297050502151251e-04
6.071652770042419434e-01 -2.218437641859054565e-01 7.173532992601394653e-02 -5.118901375681161880e-03 1.382017880678176880e-02 -6.034499383531510830e-04
6.066403985023498535e-01 -2.197849452495574951e-01 7.157503068447113037e-02 -3.185440553352236748e-03 1.505349855870008469e-02 -2.733352885115891695e-04
6.066307425498962402e-01 -2.192617654800415039e-01 7.185748964548110962e-02 -6.717161275446414948e-03 1.505795586854219437e-02 -2.371608279645442963e-03
6.061359047889709473e-01 -2.175636440515518188e-01 7.161167263984680176e-02 4.682456143200397491e-03 7.270622998476028442e-03 7.997823879122734070e-03
6.059961318969726562e-01 -2.161952108144760132e-01 7.181918621063232422e-02 -7.346079219132661819e-03 1.609220169484615326e-02 -4.759902600198984146e-03
6.057165265083312988e-01 -2.154840081930160522e-01 7.171621918678283691e-02 -2.591002266854047775e-04 9.597644209861755371e-03 1.562535879202187061e-03
6.053825020790100098e-01 -2.137310355901718140e-01 7.176566123962402344e-02 -1.235518604516983032e-03 9.694331325590610504e-03 5.854728515259921551e-04
6.053069829940795898e-01 -2.133332788944244385e-01 7.175347208976745605e-02 -4.208527971059083939e-03 1.117829885333776474e-02 -5.403461982496082783e-04
6.049278378486633301e-01 -2.123936712741851807e-01 7.161384075880050659e-02 -2.187486505135893822e-03 6.083600223064422607e-03 -6.230098078958690166e-04
6.044643521308898926e-01 -2.108210921287536621e-01 7.166123390197753906e-02 -5.303450394421815872e-03 7.278081495314836502e-03 -2.632221207022666931e-03
6.041601300239562988e-01 -2.100212126970291138e-01 7.160901278257369995e-02 -5.576327908784151077e-03 1.538691110908985138e-02 -3.334482025820761919e-04
6.039235591888427734e-01 -2.091593146324157715e-01 7.166886329650878906e-02 1.052020350471138954e-03 1.363489544019103050e-03 9.907976491376757622e-04
6.040187478065490723e-01 -2.086958736181259155e-01 7.191024720668792725e-02 8.267443627119064331e-04 2.942835446447134018e-03 1.213078619912266731e-03
6.033489704132080078e-01 -2.077699750661849976e-01 7.188149541616439819e-02 -8.663809858262538910e-03 1.255465578287839890e-02 -2.862459514290094376e-04
6.032729744911193848e-01 -2.072961330413818359e-01 7.199954986572265625e-02 3.959287423640489578e-04 2.158770948881283402e-04 2.635954006109386683e-04
6.021890640258789062e-01 -2.066226750612258911e-01 7.169327884912490845e-02 4.295116523280739784e-04 3.945745993405580521e-03 1.732191420160233974e-03
6.015464067459106445e-01 -2.058967798948287964e-01 7.176113873720169067e-02 -1.761093735694885254e-02 1.352394092828035355e-02 -4.489284474402666092e-03
6.009587645530700684e-01 -2.054784297943115234e-01 7.170707732439041138e-02 -1.010582782328128815e-02 8.324670605361461639e-03 -1.890841871500015259e-03
6.000508666038513184e-01 -2.047363668680191040e-01 7.164463400840759277e-02 4.534334875643253326e-04 -1.214329386129975319e-03 4.022761248052120209e-03
5.985660552978515625e-01 -2.042691707611083984e-01 7.148742675781250000e-02 -2.266374975442886353e-02 7.622246630489826202e-03 -3.177664475515484810e-03
5.977663397789001465e-01 -2.038559615612030029e-01 7.158847153186798096e-02 -1.693268073722720146e-03 1.787054701708257198e-03 3.204301232472062111e-03
5.958367586135864258e-01 -2.033456563949584961e-01 7.138837128877639771e-02 -1.962035335600376129e-02 2.825000789016485214e-03 -4.442220670171082020e-04
5.956708192825317383e-01 -2.033410370349884033e-01 7.170757651329040527e-02 3.984443028457462788e-04 1.160412211902439594e-03 -1.273578091058880091e-04
5.931196808815002441e-01 -2.030650526285171509e-01 7.121685147285461426e-02 -1.746778376400470734e-02 1.749892137013375759e-03 4.461651667952537537e-03
5.932326316833496094e-01 -2.031460702419281006e-01 7.187604904174804688e-02 2.480500843375921249e-03 -4.263827577233314514e-04 3.931900020688772202e-03
5.913348793983459473e-01 -2.032160162925720215e-01 7.130701094865798950e-02 -3.009340725839138031e-02 -2.088572829961776733e-03 -6.087867077440023422e-04
5.907473564147949219e-01 -2.033878117799758911e-01 7.205917686223983765e-02 -2.545253606513142586e-03 -1.291296444833278656e-03 1.337196095846593380e-03
5.881667733192443848e-01 -2.036472707986831665e-01 7.167404890060424805e-02 -1.573442108929157257e-02 -7.784642744809389114e-03 4.188718274235725403e-03
5.876964926719665527e-01 -2.037791311740875244e-01 7.202572375535964966e-02 -2.230247855186462402e-02 3.095977706834673882e-03 -8.627936244010925293e-03
5.849115848541259766e-01 -2.043967545032501221e-01 7.172067463397979736e-02 -4.232277628034353256e-03 -7.864994928240776062e-03 1.226256135851144791e-02
5.851805210113525391e-01 -2.044347375631332397e-01 7.230002433061599731e-02 1.409964519552886486e-03 2.102119615301489830e-03 -7.334689726121723652e-04
5.828968286514282227e-01 -2.049037069082260132e-01 7.182762771844863892e-02 -2.100555785000324249e-02 -4.002341534942388535e-03 3.845576196908950806e-03
5.823726654052734375e-01 -2.052890211343765259e-01 7.246583700180053711e-02 -6.842256058007478714e-03 -9.072794346138834953e-04 -1.037563895806670189e-03
5.804687142372131348e-01 -2.055127918720245361e-01 7.180016487836837769e-02 -3.435109555721282959e-02 -8.023132570087909698e-03 -9.884896688163280487e-03
5.785542726516723633e-01 -2.061811685562133789e-01 7.245021313428878784e-02 -2.276370860636234283e-02 0.000000000000000000e+00 -4.842161666601896286e-03
5.766140818595886230e-01 -2.068942934274673462e-01 7.161039113998413086e-02 0.000000000000000000e+00 -5.625128280371427536e-03 2.790913684293627739e-03
5.750753283500671387e-01 -2.071899473667144775e-01 7.175906747579574585e-02 -3.457110002636909485e-02 -7.167011033743619919e-03 -6.143379025161266327e-03
5.734775066375732422e-01 -2.080027908086776733e-01 7.173188030719757080e-02 -4.462532233446836472e-03 -5.757990758866071701e-03 3.376494394615292549e-03
5.703570246696472168e-01 -2.091749757528305054e-01 7.161165773868560791e-02 -5.955156683921813965e-02 -2.602387033402919769e-02 -1.735150115564465523e-03
5.661844015121459961e-01 -2.118610590696334839e-01 7.194383442401885986e-02 -8.763223886489868164e-04 2.397527219727635384e-03 -3.527473018039017916e-04
5.659176707267761230e-01 -2.112575024366378784e-01 7.158339768648147583e-02 -2.893243916332721710e-03 -8.156380616128444672e-03 3.533229755703359842e-04
5.635755062103271484e-01 -2.121377885341644287e-01 7.159672677516937256e-02 -2.946242690086364746e-02 -8.936595404520630836e-04 -3.423320362344384193e-03
5.628795623779296875e-01 -2.125691026449203491e-01 7.159491628408432007e-02 -1.751674106344580650e-03 -2.453343709930777550e-03 0.000000000000000000e+00
5.602261424064636230e-01 -2.135403007268905640e-01 7.140072435140609741e-02 -9.171403013169765472e-03 -6.316999904811382294e-03 1.595401903614401817e-03
5.595740079879760742e-01 -2.143768370151519775e-01 7.160648703575134277e-02 -2.656517177820205688e-02 2.119877317454665899e-04 -7.687533274292945862e-03
5.569869875907897949e-01 -2.149481922388076782e-01 7.135299593210220337e-02 -1.035042013972997665e-02 -1.691814139485359192e-02 8.625926449894905090e-03
5.563860535621643066e-01 -2.157559096813201904e-01 7.156804203987121582e-02 -3.420481830835342407e-02 -3.521596547216176987e-03 -1.014985330402851105e-02
5.530217885971069336e-01 -2.170263826847076416e-01 7.143622636795043945e-02 -2.692995127290487289e-03 -7.359105627983808517e-03 3.838624106720089912e-03
5.524995326995849609e-01 -2.172826081514358521e-01 7.142422348260879517e-02 -2.391167543828487396e-02 -6.838769186288118362e-03 -6.203110329806804657e-03
5.501844286918640137e-01 -2.182447314262390137e-01 7.120832055807113647e-02 -5.711534060537815094e-03 -3.960026428103446960e-03 1.205320702865719795e-03
5.489881038665771484e-01 -2.186587452888488770e-01 7.130214571952819824e-02 -3.275918960571289062e-02 -6.614884827286005020e-03 -7.199491374194622040e-03
5.473883748054504395e-01 -2.197050303220748901e-01 7.129270583391189575e-02 2.330478979274630547e-03 -1.869004336185753345e-03 2.423803089186549187e-03
5.463548898696899414e-01 -2.196248173713684082e-01 7.109078764915466309e-02 -5.835580173879861832e-03 -8.046150323934853077e-04 -1.407157978974282742e-03
5.453938841819763184e-01 -2.202779948711395264e-01 7.112117111682891846e-02 -2.152090519666671753e-02 6.455170805566012859e-04 -3.070494160056114197e-03
5.436503887176513672e-01 -2.205983698368072510e-01 7.089451700448989868e-02 -4.586369264870882034e-03 -2.937674289569258690e-03 -4.402839113026857376e-04
5.433643460273742676e-01 -2.214720845222473145e-01 7.108540832996368408e-02 -1.891957223415374756e-02 -2.247024327516555786e-03 -6.939843297004699707e-03
5.410936474800109863e-01 -2.221631109714508057e-01 7.091435790061950684e-02 8.188133942894637585e-04 -1.546702533960342407e-02 6.887625902891159058e-03
5.413267612457275391e-01 -2.229388803243637085e-01 7.123123854398727417e-02 -4.609619209077209234e-04 5.190483061596751213e-04 -3.037237795069813728e-03
5.394538044929504395e-01 -2.233296632766723633e-01 7.076630741357803345e-02 -9.639810770750045776e-03 -2.192923100665211678e-03 4.052869917359203100e-04
5.374152660369873047e-01 -2.242530137300491333e-01 7.095696032047271729e-02 -2.141807042062282562e-02 -5.664299707859754562e-03 -3.686481621116399765e-03
5.367219448089599609e-01 -2.247186601161956787e-01 7.072070240974426270e-02 -1.431839191354811192e-03 -4.613363184034824371e-03 1.770585513440892100e-04
5.346801877021789551e-01 -2.254161983728408813e-01 7.065251469612121582e-02 -1.748941279947757721e-02 -1.281624939292669296e-02 -1.602278556674718857e-03
5.342892408370971680e-01 -2.260042279958724976e-01 7.077926397323608398e-02 -7.897866889834403992e-03 2.133806701749563217e-04 -7.946275291033089161e-04
5.316758155822753906e-01 -2.267549782991409302e-01 7.062771171331405640e-02 -1.167314033955335617e-02 -1.274579390883445740e-02 7.389173842966556549e-03
5.317056775093078613e-01 -2.269152998924255371e-01 7.077600806951522827e-02 -6.206751801073551178e-03 -9.677701164036989212e-04 -3.244597464799880981e-03
5.291794538497924805e-01 -2.275963276624679565e-01 7.063782215118408203e-02 -2.673353627324104309e-02 -3.288574051111936569e-03 3.486947389319539070e-03
5.292770266532897949e-01 -2.277014702558517456e-01 7.094548642635345459e-02 -3.667567390948534012e-03 2.033068798482418060e-03 -3.048072569072246552e-03
5.271295905113220215e-01 -2.279366701841354370e-01 7.066643983125686646e-02 -1.866047084331512451e-02 -9.215801022946834564e-03 5.712318699806928635e-03
5.269365310668945312e-01 -2.282022982835769653e-01 7.109145820140838623e-02 -2.446286613121628761e-03 -1.247325330041348934e-03 1.185797387734055519e-03
5.242696404457092285e-01 -2.283127605915069580e-01 7.062961161136627197e-02 -6.511345040053129196e-03 -5.834042560309171677e-03 4.969178233295679092e-03
5.234279036521911621e-01 -2.282837033271789551e-01 7.066942751407623291e-02 -2.736952714622020721e-02 2.667728113010525703e-03 -5.386346951127052307e-03
5.214547514915466309e-01 -2.285211384296417236e-01 7.058223336935043335e-02 -1.792089897207915783e-03 -4.108311608433723450e-03 3.887026803568005562e-03
5.196260809898376465e-01 -2.277818173170089722e-01 7.048657536506652832e-02 -4.111343249678611755e-02 6.411948241293430328e-03 -4.157998133450746536e-03
5.175013542175292969e-01 -2.278933376073837280e-01 7.060694694519042969e-02 -1.515593100339174271e-02 2.151998225599527359e-03 0.000000000000000000e+00
5.168457031250000000e-01 -2.278876006603240967e-01 7.046833634376525879e-02 -2.455719513818621635e-03 -4.054383840411901474e-03 0.000000000000000000e+00
5.144835114479064941e-01 -2.278402894735336304e-01 7.033488899469375610e-02 -1.572669856250286102e-02 -7.791834650561213493e-04 5.499727558344602585e-04
5.141664743423461914e-01 -2.279224395751953125e-01 7.048245519399642944e-02 -1.286735851317644119e-02 4.580473992973566055e-03 -4.096813499927520752e-03
5.116814970970153809e-01 -2.279569804668426514e-01 7.023240625858306885e-02 -2.691964618861675262e-03 -1.033455319702625275e-02 7.496330421417951584e-03
5.110100507736206055e-01 -2.281653285026550293e-01 7.036299258470535278e-02 -2.989082038402557373e-02 1.423712819814682007e-03 -6.465794052928686142e-03
5.089154243469238281e-01 -2.283710390329360962e-01 7.012788951396942139e-02 -2.523386850953102112e-02 -6.702848710119724274e-03 4.235677188262343407e-04
5.083835721015930176e-01 -2.287079989910125732e-01 7.037178426980972290e-02 -1.216162182390689850e-02 -3.364522126503288746e-04 -1.231734175235033035e-03
5.058268308639526367e-01 -2.292104661464691162e-01 7.018835842609405518e-02 -7.757700514048337936e-04 -4.304174799472093582e-03 5.700455512851476669e-03
5.056175589561462402e-01 -2.293125987052917480e-01 7.040259242057800293e-02 -1.698236726224422455e-02 -6.220527924597263336e-03 -2.056367462500929832e-03
5.034322738647460938e-01 -2.301508933305740356e-01 7.029532641172409058e-02 -5.101331043988466263e-03 -7.912204600870609283e-03 4.790278617292642593e-03
5.031273365020751953e-01 -2.304882556200027466e-01 7.051893323659896851e-02 -1.833973266184329987e-02 -3.752810182049870491e-03 -2.537772757932543755e-03
5.006940364837646484e-01 -2.313334792852401733e-01 7.029484212398529053e-02 -2.196333184838294983e-02 -1.517082937061786652e-02 2.011096337810158730e-03
4.995565414428710938e-01 -2.320206165313720703e-01 7.034815102815628052e-02 -3.861435875296592712e-02 -1.618592441082000732e-02 -7.910951040685176849e-03
4.972182512283325195e-01 -2.332437634468078613e-01 7.026048749685287476e-02 -3.777881339192390442e-02 -2.106489799916744232e-02 6.479953299276530743e-04
4.971517622470855713e-01 -2.333114594221115112e-01 7.034601271152496338e-02 3.387274628039449453e-04 -3.084779600612819195e-04 -5.756557220593094826e-04
4.958616197109222412e-01 -2.337386608123779297e-01 7.016150653362274170e-02 -1.456621568650007248e-02 -8.341340348124504089e-03 2.319476567208766937e-03
4.948406517505645752e-01 -2.345555871725082397e-01 7.038185000419616699e-02 9.116003639064729214e-04 -4.455629270523786545e-03 1.463311375118792057e-03
4.936346709728240967e-01 -2.347998768091201782e-01 7.002403587102890015e-02 -2.222828567028045654e-02 -5.322579760104417801e-03 -4.449579864740371704e-03
4.928126633167266846e-01 -2.354773730039596558e-01 7.007724791765213013e-02 -1.672874391078948975e-02 -3.182370914146304131e-03 -3.656785236671566963e-03
4.910641610622406006e-01 -2.360641956329345703e-01 6.983206421136856079e-02 -3.459390252828598022e-03 -3.036271315068006516e-03 1.108256547013297677e-04
4.906843900680541992e-01 -2.365765273571014404e-01 7.014400511980056763e-02 -1.965452358126640320e-02 -4.988249856978654861e-03 -3.117555286735296249e-03
4.880954921245574951e-01 -2.372910827398300171e-01 7.003066688776016235e-02 -7.804427295923233032e-03 -1.233440544456243515e-02 7.797811180353164673e-03
4.881071746349334717e-01 -2.375166714191436768e-01 7.024978846311569214e-02 -1.233057701028883457e-03 -2.254526596516370773e-03 -7.224823813885450363e-03
4.854577779769897461e-01 -2.379928231239318848e-01 6.998212635517120361e-02 -2.106517553329467773e-02 -3.472903510555624962e-03 2.010751282796263695e-03
4.856244027614593506e-01 -2.383023947477340698e-01 7.033076137304306030e-02 -6.132676266133785248e-03 1.249521039426326752e-03 -4.213856533169746399e-03
4.831338226795196533e-01 -2.383474707603454590e-01 6.991893053054809570e-02 -4.567903652787208557e-02 -5.622000433504581451e-03 1.942735048942267895e-03
4.830453097820281982e-01 -2.387095391750335693e-01 7.053811848163604736e-02 4.257181659340858459e-03 -4.455079615581780672e-04 5.890907486900687218e-04
4.810125231742858887e-01 -2.384220212697982788e-01 7.028470188379287720e-02 -2.939051762223243713e-02 2.467541489750146866e-03 3.294390626251697540e-03
4.804269075393676758e-01 -2.383424937725067139e-01 7.073064148426055908e-02 -3.208840498700737953e-03 1.223646686412394047e-03 -1.063506817445158958e-03
4.790818691253662109e-01 -2.380690127611160278e-01 7.009001076221466064e-02 -6.640745326876640320e-03 -2.508779987692832947e-03 -1.411873614415526390e-03
4.776228964328765869e-01 -2.374355196952819824e-01 7.014412432909011841e-02 -3.048784658312797546e-02 1.078548002988100052e-02 -3.151568816974759102e-03
4.762036502361297607e-01 -2.370974272489547729e-01 7.008696347475051880e-02 2.868857409339398146e-04 -1.539734541438519955e-03 1.868699328042566776e-03
4.759871065616607666e-01 -2.364683896303176880e-01 7.023924589157104492e-02 -2.435853471979498863e-03 -4.072702140547335148e-04 1.029964885674417019e-03
4.749338030815124512e-01 -2.356837987899780273e-01 7.018136233091354370e-02 -2.832166664302349091e-02 1.961577311158180237e-02 -2.228121273219585419e-03
4.732680022716522217e-01 -2.344525307416915894e-01 7.035835832357406616e-02 -1.573053654283285141e-03 2.432583831250667572e-03 4.208544269204139709e-03
4.721428751945495605e-01 -2.331870794296264648e-01 7.009373605251312256e-02 -2.629121392965316772e-02 1.810614764690399170e-02 -2.538662636652588844e-03
4.703567624092102051e-01 -2.318600267171859741e-01 7.012739777565002441e-02 -7.713347673416137695e-03 8.427841588854789734e-03 5.113606341183185577e-03
4.695731997489929199e-01 -2.304268032312393188e-01 7.001561671495437622e-02 -1.427274290472269058e-02 1.832278445363044739e-02 -3.516244702041149139e-03
4.690223634243011475e-01 -2.297735363245010376e-01 7.003322243690490723e-02 -1.410005707293748856e-02 1.598323695361614227e-02 1.496341777965426445e-03
4.665725231170654297e-01 -2.269039899110794067e-01 7.002633810043334961e-02 -1.531251147389411926e-02 1.406201254576444626e-02 -9.203286608681082726e-04
4.664264917373657227e-01 -2.266248464584350586e-01 7.012164592742919922e-02 -8.831080049276351929e-03 1.224370673298835754e-02 -1.270052161999046803e-03
4.637620747089385986e-01 -2.237825989723205566e-01 6.988726556301116943e-02 -1.203072164207696915e-02 1.781660877168178558e-02 5.676526110619306564e-03
4.640214443206787109e-01 -2.235650569200515747e-01 7.022969424724578857e-02 1.575758797116577625e-03 2.106790198013186455e-03 7.242249557748436928e-04
4.617550969123840332e-01 -2.213619798421859741e-01 6.980688124895095825e-02 -3.077450208365917206e-02 3.408402949571609497e-02 5.065340083092451096e-04
4.615221619606018066e-01 -2.203261256217956543e-01 7.033159583806991577e-02 1.016330253332853317e-02 -5.985824391245841980e-04 6.351370830088853836e-03
4.595258235931396484e-01 -2.186241298913955688e-01 6.971370428800582886e-02 -2.762417681515216827e-02 2.470155246555805206e-02 -5.705975461751222610e-03
4.585473537445068359e-01 -2.174246907234191895e-01 6.987098604440689087e-02 -9.987559169530868530e-03 1.492871809750795364e-02 6.307204021140933037e-04
4.571210145950317383e-01 -2.155088335275650024e-01 6.977181136608123779e-02 -9.878312237560749054e-03 1.277421694248914719e-02 -1.201696111820638180e-03
4.563828110694885254e-01 -2.144794911146163940e-01 6.994315236806869507e-02 3.090754908043891191e-04 -1.382881891913712025e-04 1.463816734030842781e-04
4.549401700496673584e-01 -2.127491384744644165e-01 6.969121843576431274e-02 -2.840360440313816071e-02 3.549142926931381226e-02 -1.567401690408587456e-03
4.539698958396911621e-01 -2.111357450485229492e-01 6.998205929994583130e-02 2.548068063333630562e-03 3.518972778692841530e-03 3.511154325678944588e-03
4.525671899318695068e-01 -2.095667421817779541e-01 6.964732706546783447e-02 -2.430347725749015808e-02 2.443043515086174011e-02 -6.473039742559194565e-03
4.519906938076019287e-01 -2.087633609771728516e-01 6.965464353561401367e-02 -1.280446629971265793e-02 1.986628212034702301e-02 0.000000000000000000e+00
4.498192965984344482e-01 -2.056992352008819580e-01 6.962718069553375244e-02 -1.622598990797996521e-02 1.837733387947082520e-02 4.053856711834669113e-03
4.496143460273742676e-01 -2.054364830255508423e-01 6.976664066314697266e-02 0.000000000000000000e+00 -1.562364777782931924e-04 -5.739927291870117188e-04
4.481555819511413574e-01 -2.037509381771087646e-01 6.952626258134841919e-02 -3.581280633807182312e-02 5.384074524044990540e-02 -8.790341089479625225e-04
4.465675354003906250e-01 -2.015012353658676147e-01 6.960848718881607056e-02 -2.205384708940982819e-02 2.973041310906410217e-02 -1.394320977851748466e-03
4.447751939296722412e-01 -1.991301178932189941e-01 6.963379681110382080e-02 -1.756533049046993256e-02 2.415760420262813568e-02 5.457352963276207447e-04
4.435462355613708496e-01 -1.973986625671386719e-01 6.964710354804992676e-02 -5.451154895126819611e-03 8.904023095965385437e-03 2.858303254470229149e-03
4.416184127330780029e-01 -1.948019713163375854e-01 6.952787935733795166e-02 -2.221706509590148926e-02 2.313673682510852814e-02 -2.616320038214325905e-03
4.410935342311859131e-01 -1.941301524639129639e-01 6.965200603008270264e-02 -2.446047263219952583e-03 5.551003385335206985e-03 2.019524108618497849e-03
4.390816688537597656e-01 -1.913589686155319214e-01 6.953980773687362671e-02 -2.875993028283119202e-02 3.273051977157592773e-02 -1.581145683303475380e-03
4.384038150310516357e-01 -1.908039897680282593e-01 6.969572603702545166e-02 -7.429086137562990189e-03 2.248507691547274590e-03 2.214796375483274460e-03
4.362705647945404053e-01 -1.878052502870559692e-01 6.948984414339065552e-02 -1.727083511650562286e-02 1.806225068867206573e-02 1.523184124380350113e-03
4.357710778713226318e-01 -1.871731132268905640e-01 6.986833363771438599e-02 -5.596107337623834610e-03 1.566290669143199921e-02 9.789296891540288925e-04
4.337683916091918945e-01 -1.843650192022323608e-01 6.962780654430389404e-02 -3.183236345648765564e-02 3.113295324146747589e-02 1.544504426419734955e-03
4.333156049251556396e-01 -1.838329136371612549e-01 6.996382772922515869e-02 -3.405648283660411835e-03 5.777515005320310593e-03 4.141312092542648315e-04
4.309011101722717285e-01 -1.806415021419525146e-01 6.982774287462234497e-02 -2.495069801807403564e-01 2.935222387313842773e-01 6.495310459285974503e-03
4.305486679077148438e-01 -1.798876821994781494e-01 7.001823931932449341e-02 -1.410354766994714737e-02 2.152182534337043762e-02 -2.442885423079133034e-03
4.287934601306915283e-01 -1.771637946367263794e-01 6.982781738042831421e-02 -1.978915557265281677e-02 2.477650530636310577e-02 2.822642447426915169e-03
4.278175532817840576e-01 -1.762491613626480103e-01 7.000053673982620239e-02 -1.205458398908376694e-02 1.341558806598186493e-02 0.000000000000000000e+00
4.265259206295013428e-01 -1.737161129713058472e-01 6.978587061166763306e-02 -5.533157382160425186e-03 5.518252495676279068e-03 -1.181501429527997971e-03
4.260804057121276855e-01 -1.729743629693984985e-01 6.978747248649597168e-02 -2.156339585781097412e-02 3.016161359846591949e-02 -3.247074084356427193e-03
4.241776168346405029e-01 -1.700157970190048218e-01 6.972481310367584229e-02 -1.182829774916172028e-02 1.966468803584575653e-02 9.298013756051659584e-04
4.238053858280181885e-01 -1.693022251129150391e-01 6.985582411289215088e-02 1.672076876275241375e-03 -3.302530385553836823e-04 1.615925342775881290e-03
4.223976731300354004e-01 -1.669751852750778198e-01 6.964980065822601318e-02 -1.417219825088977814e-02 2.821650356054306030e-02 8.059696410782635212e-04
4.219607412815093994e-01 -1.660811752080917358e-01 6.988937407732009888e-02 -1.937288790941238403e-03 3.095739148557186127e-02 3.191013261675834656e-02
4.208150804042816162e-01 -1.638907492160797119e-01 6.959982216358184814e-02 -9.399403817951679230e-03 1.509753428399562836e-02 -2.419486641883850098e-03
4.202858209609985352e-01 -1.630431711673736572e-01 6.963735818862915039e-02 -5.490729119628667831e-03 2.113723382353782654e-02 4.637023957911878824e-04
4.197986125946044922e-01 -1.610518097877502441e-01 6.956022977828979492e-02 -2.934393472969532013e-03 6.273546256124973297e-03 0.000000000000000000e+00
4.195970594882965088e-01 -1.602967828512191772e-01 6.968712806701660156e-02 -2.216594060882925987e-03 9.132295846939086914e-03 1.193756004795432091e-03
4.195102155208587646e-01 -1.596633791923522949e-01 6.966201961040496826e-02 -2.598189515992999077e-03 1.921865344047546387e-02 -4.640609258785843849e-04
4.194266498088836670e-01 -1.569652855396270752e-01 6.966187804937362671e-02 3.187107853591442108e-03 1.449998747557401657e-02 6.898634019307792187e-04
4.194829165935516357e-01 -1.567980647087097168e-01 6.967406719923019409e-02 -2.831310848705470562e-04 -5.194131517782807350e-04 -6.133168353699147701e-04
4.196231663227081299e-01 -1.540849059820175171e-01 6.965149939060211182e-02 2.878041472285985947e-03 2.789169549942016602e-02 1.408998272381722927e-03
4.198440909385681152e-01 -1.537768840789794922e-01 6.971693038940429688e-02 -3.202976949978619814e-04 2.500751870684325695e-04 0.000000000000000000e+00
4.201184809207916260e-01 -1.511302888393402100e-01 6.960301101207733154e-02 4.536526277661323547e-03 2.645261026918888092e-02 6.542074843309819698e-04
4.203266501426696777e-01 -1.504949331283569336e-01 6.976970285177230835e-02 3.832478309050202370e-03 1.133014354854822159e-02 1.419489504769444466e-03
4.207336008548736572e-01 -1.478231847286224365e-01 6.960188597440719604e-02 2.463649027049541473e-03 1.606208272278308868e-02 -7.996157510206103325e-04
4.209958314895629883e-01 -1.472365707159042358e-01 6.963697820901870728e-02 5.909687373787164688e-03 1.119891181588172913e-02 1.185765257105231285e-03
4.214553236961364746e-01 -1.447016745805740356e-01 6.948159635066986084e-02 4.389747045934200287e-03 2.997746877372264862e-02 -2.590840915217995644e-03
4.217539131641387939e-01 -1.436995863914489746e-01 6.965614110231399536e-02 2.786362310871481895e-03 3.014698857441544533e-03 8.800475043244659901e-04
4.219491183757781982e-01 -1.419706046581268311e-01 6.947017461061477661e-02 -5.607478087767958641e-04 1.785295642912387848e-02 -1.578754745423793793e-03
4.220978617668151855e-01 -1.400823742151260376e-01 6.956683844327926636e-02 3.231610637158155441e-03 1.039616018533706665e-02 2.245135372504591942e-03
4.222102165222167969e-01 -1.381553709506988525e-01 6.947749853134155273e-02 1.869207946583628654e-03 1.155914273113012314e-02 -4.897870239801704884e-04
4.222798049449920654e-01 -1.358777731657028198e-01 6.958395242691040039e-02 1.740747247822582722e-04 2.463228814303874969e-02 3.160777559969574213e-04
4.222850799560546875e-01 -1.352940350770950317e-01 6.951657682657241821e-02 0.000000000000000000e+00 -2.412647008895874023e-04 0.000000000000000000e+00
4.223273098468780518e-01 -1.325465440750122070e-01 6.948611140251159668e-02 0.000000000000000000e+00 2.926112525165081024e-02 -9.779719403013586998e-04
4.223465621471405029e-01 -1.321342438459396362e-01 6.953321397304534912e-02 0.000000000000000000e+00 -1.853971974924206734e-03 -3.014925750903785229e-04
4.223086535930633545e-01 -1.313146203756332397e-01 6.947514414787292480e-02 -5.048615392297506332e-03 4.170592129230499268e-02 -7.900237687863409519e-04
4.222905933856964111e-01 -1.288169920444488525e-01 6.951144337654113770e-02 1.166789908893406391e-03 2.060209400951862335e-03 0.000000000000000000e+00
4.222626090049743652e-01 -1.284083724021911621e-01 6.949394196271896362e-02 -8.636352722533047199e-04 4.724432714283466339e-03 -5.190715892240405083e-04
4.222027659416198730e-01 -1.261738091707229614e-01 6.951093673706054688e-02 9.166162344627082348e-04 2.760295011103153229e-02 9.782084962353110313e-04
4.222479462623596191e-01 -1.251178234815597534e-01 6.946571916341781616e-02 6.948237423785030842e-04 1.490558497607707977e-03 3.112071135547012091e-04
4.222798347473144531e-01 -1.225629150867462158e-01 6.948886811733245850e-02 1.272011199034750462e-03 3.014588356018066406e-02 -6.068416987545788288e-04
4.223195314407348633e-01 -1.217969506978988647e-01 6.949881464242935181e-02 1.643694122321903706e-03 7.112468592822551727e-03 4.160762473475188017e-04
4.224175512790679932e-01 -1.196500286459922791e-01 6.942740827798843384e-02 1.037743873894214630e-03 3.194740787148475647e-02 -9.919680887833237648e-04
4.225223362445831299e-01 -1.187933310866355896e-01 6.947206705808639526e-02 9.487608913332223892e-04 -1.283761579543352127e-03 1.563199912197887897e-03
4.226458370685577393e-01 -1.180416196584701538e-01 6.951683759689331055e-02 1.766040106303989887e-03 1.792608387768268585e-02 -2.766734978649765253e-04
4.226965904235839844e-01 -1.157089397311210632e-01 6.952173262834548950e-02 3.997649182565510273e-04 -1.528472639620304108e-03 2.327784459339454770e-04
4.228743910789489746e-01 -1.146595850586891174e-01 6.946592032909393311e-02 1.500793267041444778e-03 3.416696190834045410e-02 -2.663563238456845284e-03
4.230025708675384521e-01 -1.123951002955436707e-01 6.946637481451034546e-02 2.277806634083390236e-03 7.646869402378797531e-03 1.210378482937812805e-03
4.231929779052734375e-01 -1.117354184389114380e-01 6.954251229763031006e-02 6.655856850557029247e-04 2.486117649823427200e-03 -1.014754598145373166e-04
4.232784807682037354e-01 -1.101459637284278870e-01 6.946200877428054810e-02 1.189078087918460369e-03 3.575203940272331238e-02 8.548961486667394638e-04
4.234143793582916260e-01 -1.083090528845787048e-01 6.943730264902114868e-02 5.324207013472914696e-04 2.705338038504123688e-02 -2.446255646646022797e-03
4.235799312591552734e-01 -1.066814959049224854e-01 6.942970305681228638e-02 1.049249782226979733e-03 2.533007413148880005e-03 1.222631690325215459e-04
4.238028824329376221e-01 -1.054000407457351685e-01 6.946164369583129883e-02 4.466388199944049120e-04 1.502420939505100250e-02 -1.789783476851880550e-03
4.238700270652770996e-01 -1.050220727920532227e-01 6.942114979028701782e-02 1.556596544105559587e-04 6.083722109906375408e-04 0.000000000000000000e+00
4.243213534355163574e-01 -1.018660217523574829e-01 6.935857236385345459e-02 6.311532342806458473e-04 6.450830493122339249e-03 -5.385224358178675175e-04
4.245883822441101074e-01 -1.010764762759208679e-01 6.946133822202682495e-02 6.679777521640062332e-03 2.880165167152881622e-02 1.440760912373661995e-03
4.249359071254730225e-01 -9.840251505374908447e-02 6.942018866539001465e-02 4.057199228554964066e-03 1.704215072095394135e-02 3.974312276113778353e-04
4.254229962825775146e-01 -9.626150131225585938e-02 6.943050026893615723e-02 4.021295811980962753e-03 2.728390693664550781e-02 -5.378946661949157715e-04
4.257967472076416016e-01 -9.401246905326843262e-02 6.942663341760635376e-02 3.892868990078568459e-03 2.324572205543518066e-02 1.226792810484766960e-03
4.260522127151489258e-01 -9.284927695989608765e-02 6.948152929544448853e-02 2.031133481068536639e-04 3.834077506326138973e-04 -2.721691853366792202e-04
4.263063371181488037e-01 -9.176152199506759644e-02 6.939158588647842407e-02 2.982460195198655128e-03 1.332010328769683838e-02 0.000000000000000000e+00
4.266469478607177734e-01 -9.077712893486022949e-02 6.945325434207916260e-02 4.517958965152502060e-03 2.105540037155151367e-02 1.593191118445247412e-04
4.272277355194091797e-01 -8.814033120870590210e-02 6.941042840480804443e-02 5.211123730987310410e-03 1.465979125350713730e-02 -7.893819129094481468e-04
4.274736046791076660e-01 -8.770873397588729858e-02 6.945460289716720581e-02 3.207881527487188578e-04 2.514570660423487425e-04 2.762878430075943470e-04
4.279529750347137451e-01 -8.571437001228332520e-02 6.940319389104843140e-02 5.459188483655452728e-03 2.623212710022926331e-02 0.000000000000000000e+00
4.284131824970245361e-01 -8.475919812917709351e-02 6.943632662296295166e-02 3.295715432614088058e-03 8.638498373329639435e-03 5.660439492203295231e-04
4.290655851364135742e-01 -8.209691196680068970e-02 6.939449161291122437e-02 1.011533755809068680e-02 2.319711074233055115e-02 3.640244831331074238e-04
4.292451143264770508e-01 -8.182843774557113647e-02 6.945672631263732910e-02 0.000000000000000000e+00 -1.083854353055357933e-03 3.946373471990227699e-04
4.298132658004760742e-01 -7.945311069488525391e-02 6.936809420585632324e-02 6.638152524828910828e-03 2.300761081278324127e-02 0.000000000000000000e+00
4.303117394447326660e-01 -7.849634438753128052e-02 6.935045123100280762e-02 4.740148317068815231e-03 1.218565832823514938e-02 4.680363635998219252e-04
4.308091998100280762e-01 -7.615873962640762329e-02 6.931999325752258301e-02 7.397779263556003571e-03 2.507061138749122620e-02 -1.469477196224033833e-03
4.315186142921447754e-01 -7.437828928232192993e-02 6.934089958667755127e-02 5.460074171423912048e-03 2.884183265268802643e-02 -7.272055372595787048e-04
4.321947097778320312e-01 -7.137033343315124512e-02 6.933104246854782104e-02 1.112632732838392258e-02 1.876596547663211823e-02 1.090350560843944550e-03
4.325394034385681152e-01 -7.094582915306091309e-02 6.940411776304244995e-02 2.785566030070185661e-03 1.005652733147144318e-02 2.600171137601137161e-04
4.333020746707916260e-01 -6.804195791482925415e-02 6.936452537775039673e-02 7.680003996938467026e-03 1.934958994388580322e-02 -9.850518545135855675e-04
4.337313771247863770e-01 -6.726025044918060303e-02 6.940627098083496094e-02 4.880753811448812485e-03 2.194644697010517120e-02 9.969866368919610977e-04
4.344103038311004639e-01 -6.444536149501800537e-02 6.938663125038146973e-02 8.471850305795669556e-03 1.150394510477781296e-02 1.030519269988872111e-04
4.346563518047332764e-01 -6.413961201906204224e-02 6.941375881433486938e-02 1.349259691778570414e-04 8.649501833133399487e-04 -1.263463491341099143e-04
4.352878034114837646e-01 -6.152551993727684021e-02 6.937468796968460083e-02 6.059773266315460205e-03 2.057489007711410522e-02 -8.462421828880906105e-04
4.355597496032714844e-01 -6.071893498301506042e-02 6.941641122102737427e-02 5.253448616713285446e-03 1.981827989220619202e-02 1.177125610411167145e-03
4.361991584300994873e-01 -5.807613208889961243e-02 6.931856274604797363e-02 4.077075980603694916e-03 9.024103172123432159e-03 -1.564764301292598248e-03
4.366623759269714355e-01 -5.718302726745605469e-02 6.940621882677078247e-02 8.941370993852615356e-03 2.939916960895061493e-02 4.870249249506741762e-04
4.374014139175415039e-01 -5.503652617335319519e-02 6.929675489664077759e-02 5.685520358383655548e-03 8.625365793704986572e-03 -1.235687755979597569e-03
4.381070733070373535e-01 -5.372253805398941040e-02 6.937891244888305664e-02 1.092834491282701492e-02 2.843787334859371185e-02 -4.837448068428784609e-04
4.388873279094696045e-01 -5.260362103581428528e-02 6.931328028440475464e-02 7.758046034723520279e-03 8.148490451276302338e-04 1.135021098889410496e-03
4.393669068813323975e-01 -5.164639279246330261e-02 6.941604614257812500e-02 1.884111785329878330e-03 4.900395404547452927e-03 2.799807407427579165e-04
4.403848350048065186e-01 -5.021393671631813049e-02 6.931088119745254517e-02 7.137930369935929775e-04 1.109055010601878166e-03 2.866376889869570732e-04
4.415230154991149902e-01 -4.874601215124130249e-02 6.940257549285888672e-02 2.382467314600944519e-02 2.834731712937355042e-02 1.723807654343545437e-03
4.423170089721679688e-01 -4.763627052307128906e-02 6.927414983510971069e-02 1.162650296464562416e-03 2.175629138946533203e-03 3.520929894875735044e-04
4.438452124595642090e-01 -4.601527750492095947e-02 6.955289840698242188e-02 9.351226501166820526e-03 1.286816876381635666e-02 -1.016701105982065201e-03
4.447917342185974121e-01 -4.519357532262802124e-02 6.955543160438537598e-02 3.175237402319908142e-02 2.362899109721183777e-02 4.364253021776676178e-03
4.465035200119018555e-01 -4.350620880722999573e-02 6.949181854724884033e-02 -4.338965285569429398e-03 -1.936326036229729652e-03 -1.532230526208877563e-03
4.467706382274627686e-01 -4.334361478686332703e-02 6.959562003612518311e-02 2.327286452054977417e-02 1.532171946018934250e-02 3.634181048255413771e-04
4.488256871700286865e-01 -4.203210398554801941e-02 6.955740600824356079e-02 5.883981008082628250e-03 3.647914854809641838e-03 0.000000000000000000e+00
4.495355784893035889e-01 -4.123897105455398560e-02 6.959487497806549072e-02 9.043916361406445503e-04 -1.073145307600498199e-03 2.219496527686715126e-03
4.511081874370574951e-01 -4.018541052937507629e-02 6.967414915561676025e-02 3.341758251190185547e-02 1.930436305701732635e-02 7.740635774098336697e-04
4.522731900215148926e-01 -3.905889391899108887e-02 6.961230188608169556e-02 -3.240434743929654360e-04 1.381815993227064610e-03 -4.067617410328239202e-04
4.541339874267578125e-01 -3.767716884613037109e-02 6.975068151950836182e-02 4.717229306697845459e-02 3.605167940258979797e-02 1.569168089190497994e-04
4.548844695091247559e-01 -3.676636517047882080e-02 6.949476897716522217e-02 -1.246450585313141346e-03 -2.626836067065596581e-03 2.345636952668428421e-03
4.561398029327392578e-01 -3.619285300374031067e-02 6.960117071866989136e-02 3.268336877226829529e-02 1.674610562622547150e-02 1.076110871508717537e-03
4.577034115791320801e-01 -3.504397720098495483e-02 6.945865601301193237e-02 -1.346907694824039936e-03 3.336583497002720833e-03 -2.685645129531621933e-03
4.594823718070983887e-01 -3.431669622659683228e-02 6.953389197587966919e-02 4.972132295370101929e-02 2.321484312415122986e-02 1.712756347842514515e-03
4.608693420886993408e-01 -3.324165567755699158e-02 6.937465071678161621e-02 1.121098361909389496e-02 1.400055713020265102e-03 2.569221192970871925e-03
4.628999233245849609e-01 -3.266334161162376404e-02 6.953256577253341675e-02 8.483567275106906891e-03 8.804371580481529236e-03 -3.360283095389604568e-03
4.637512862682342529e-01 -3.206850588321685791e-02 6.936480849981307983e-02 1.373969670385122299e-02 6.616424303501844406e-03 -7.457045139744877815e-04
4.654223620891571045e-01 -3.153720498085021973e-02 6.944828480482101440e-02 3.071575798094272614e-02 2.948427572846412659e-03 2.254846272990107536e-03
4.674820899963378906e-01 -3.087364695966243744e-02 6.930217146873474121e-02 1.456878893077373505e-02 3.661296563223004341e-03 8.549036574549973011e-04
4.689991772174835205e-01 -3.039662167429924011e-02 6.948341429233551025e-02 -1.736913458444178104e-03 7.136068306863307953e-03 -3.919770475476980209e-03
4.697856903076171875e-01 -3.025093860924243927e-02 6.937394291162490845e-02 6.111974827945232391e-03 3.807563625741750002e-04 5.893338238820433617e-04
4.714605510234832764e-01 -2.992282249033451080e-02 6.950733065605163574e-02 -1.071899430826306343e-03 -1.678914763033390045e-03 4.733703099191188812e-04
4.724247753620147705e-01 -2.978941984474658966e-02 6.955959647893905640e-02 3.145102411508560181e-02 4.747648257762193680e-03 2.747026737779378891e-03
4.744517207145690918e-01 -2.934024110436439514e-02 6.958677619695663452e-02 8.174246177077293396e-03 4.885627422481775284e-03 -3.282051999121904373e-03
4.746882617473602295e-01 -2.899828739464282990e-02 6.956715881824493408e-02 2.415121346712112427e-02 6.421159487217664719e-03 3.927396144717931747e-03
4.775093793869018555e-01 -2.839623205363750458e-02 6.958796828985214233e-02 3.242472931742668152e-02 1.166300382465124130e-02 -4.299750551581382751e-03
4.776256084442138672e-01 -2.826199121773242950e-02 6.958246231079101562e-02 -1.601017545908689499e-03 1.846740196924656630e-04 1.280757482163608074e-03
4.799846410751342773e-01 -2.784093096852302551e-02 6.969397515058517456e-02 2.532468549907207489e-02 2.723811892792582512e-03 -1.004757010377943516e-03
4.803860187530517578e-01 -2.761941775679588318e-02 6.947661191225051880e-02 -1.234160549938678741e-02 1.965818228200078011e-03 -1.849910127930343151e-03
4.823836684226989746e-01 -2.713824249804019928e-02 6.970544159412384033e-02 2.707415446639060974e-02 6.796661298722028732e-03 -3.144769929349422455e-03
4.828384518623352051e-01 -2.689032815396785736e-02 6.934060901403427124e-02 4.869991913437843323e-03 1.544964616186916828e-03 2.427146071568131447e-03
4.853772819042205811e-01 -2.612687088549137115e-02 6.960471719503402710e-02 1.349478308111429214e-02 6.721736863255500793e-03 -2.944067586213350296e-03
4.854712486267089844e-01 -2.592970617115497589e-02 6.932590901851654053e-02 1.524400897324085236e-03 1.355707878246903419e-03 -2.466624719090759754e-04
4.882439076900482178e-01 -2.516725659370422363e-02 6.951171159744262695e-02 1.083528995513916016e-02 7.766232360154390335e-03 -4.450015258044004440e-03
4.880447685718536377e-01 -2.494284510612487793e-02 6.928557157516479492e-02 5.602151504717767239e-04 3.527404041960835457e-04 1.909694983623921871e-03
4.893623590469360352e-01 -2.447772771120071411e-02 6.945788115262985229e-02 3.208743780851364136e-02 1.109367888420820236e-02 -1.340861490461975336e-04
4.907201826572418213e-01 -2.383189648389816284e-02 6.925393640995025635e-02 -7.782511529512703419e-04 1.183573273010551929e-03 -1.454369514249265194e-03
4.909805953502655029e-01 -2.351377345621585846e-02 6.938143819570541382e-02 1.764341071248054504e-02 8.228838443756103516e-03 1.618260750547051430e-03
4.933392107486724854e-01 -2.262928336858749390e-02 6.930721551179885864e-02 5.503807682543992996e-03 9.442782029509544373e-03 -1.145833637565374374e-03
4.944345951080322266e-01 -2.197285369038581848e-02 6.940194964408874512e-02 2.117937430739402771e-02 2.238725544884800911e-03 2.711146837100386620e-03
4.950651228427886963e-01 -2.141661383211612701e-02 6.931019574403762817e-02 3.406232455745339394e-03 3.251940477639436722e-03 -1.653737155720591545e-03
4.973428547382354736e-01 -2.030256390571594238e-02 6.939804553985595703e-02 1.707273349165916443e-02 1.602973788976669312e-02 -1.865265192463994026e-03
4.973244965076446533e-01 -2.008935622870922089e-02 6.922210752964019775e-02 -3.584352671168744564e-04 -9.840537095442414284e-04 9.779604151844978333e-04
4.976783096790313721e-01 -1.995970308780670166e-02 6.929445266723632812e-02 1.929135993123054504e-02 6.414780393242835999e-03 1.633215812034904957e-03
4.995471239089965820e-01 -1.906659081578254700e-02 6.915313750505447388e-02 -2.271960722282528877e-03 4.912047879770398140e-04 -1.470172312110662460e-03
5.009974837303161621e-01 -1.853370852768421173e-02 6.931420415639877319e-02 2.734535746276378632e-02 1.221462152898311615e-02 7.266236934810876846e-04
5.018353462219238281e-01 -1.796212047338485718e-02 6.910255551338195801e-02 2.408663975074887276e-03 9.296342032030224800e-04 1.464512431994080544e-03
5.032954812049865723e-01 -1.763904094696044922e-02 6.943471729755401611e-02 2.081434242427349091e-02 5.940203089267015457e-03 3.286523977294564247e-03
5.039510726928710938e-01 -1.714955829083919525e-02 6.909820437431335449e-02 8.221369236707687378e-03 1.787152606993913651e-03 -8.500806870870292187e-04
5.050622224807739258e-01 -1.667434349656105042e-02 6.915135681629180908e-02 3.913078829646110535e-02 3.998992964625358582e-03 4.426849074661731720e-03
5.064826607704162598e-01 -1.644321531057357788e-02 6.912533938884735107e-02 5.909352563321590424e-03 5.182198714464902878e-03 -4.469950217753648758e-03
5.083213448524475098e-01 -1.587815396487712860e-02 6.924398988485336304e-02 2.585583552718162537e-02 7.741167210042476654e-03 6.947489455342292786e-04
5.088649392127990723e-01 -1.554412487894296646e-02 6.895153969526290894e-02 1.157345614046789706e-04 -1.406087685609236360e-04 1.999710075324401259e-04
5.110461115837097168e-01 -1.491942908614873886e-02 6.915206462144851685e-02 5.126288626343011856e-03 5.507293157279491425e-03 -6.344659719616174698e-03
5.111288428306579590e-01 -1.476725842803716660e-02 6.894162297248840332e-02 1.731905154883861542e-03 1.088274366338737309e-04 3.143819922115653753e-04
5.135458111763000488e-01 -1.412868220359086990e-02 6.911563128232955933e-02 1.249526254832744598e-02 1.102525647729635239e-02 -7.027810905128717422e-03
5.133485794067382812e-01 -1.404853910207748413e-02 6.891243904829025269e-02 -6.097175646573305130e-04 -1.313232496613636613e-04 6.415576790459454060e-04
5.154521465301513672e-01 -1.356292981654405594e-02 6.911626458168029785e-02 2.306750044226646423e-02 2.666485263034701347e-03 -2.650928799994289875e-04
5.153265595436096191e-01 -1.335716526955366135e-02 6.875300407409667969e-02 -5.570631474256515503e-03 5.608386709354817867e-04 -8.290808182209730148e-04
5.173697471618652344e-01 -1.293896231800317764e-02 6.921488791704177856e-02 2.725493907928466797e-02 5.590084008872509003e-03 1.304508885368704796e-03
5.189052224159240723e-01 -1.250848826020956039e-02 6.910482048988342285e-02 1.977240666747093201e-02 4.272748716175556183e-03 4.257324151694774628e-03
5.197939276695251465e-01 -1.205230038613080978e-02 6.921488791704177856e-02 -1.088996184989809990e-03 5.170677904970943928e-04 -9.619510383345186710e-04
5.204370021820068359e-01 -1.191477105021476746e-02 6.907755136489868164e-02 4.882980603724718094e-03 5.309956613928079605e-03 3.687295538838952780e-04
5.219835042953491211e-01 -1.155613921582698822e-02 6.922010332345962524e-02 1.307113282382488251e-02 3.579012118279933929e-04 1.228282810188829899e-03
5.225757360458374023e-01 -1.136715337634086609e-02 6.906568259000778198e-02 2.360934950411319733e-02 3.384898591320961714e-04 4.483900032937526703e-03
5.241365432739257812e-01 -1.102056540548801422e-02 6.930413097143173218e-02 3.622805932536721230e-03 6.427364423871040344e-03 -3.714563092216849327e-03
5.256143212318420410e-01 -1.068875007331371307e-02 6.925617158412933350e-02 2.357177995145320892e-02 8.490405045449733734e-03 3.038605442270636559e-03
5.261471867561340332e-01 -1.026584673672914505e-02 6.917106360197067261e-02 1.246035937219858170e-02 -7.872316637076437473e-04 3.747208509594202042e-03
5.275149941444396973e-01 -1.022281963378190994e-02 6.943017244338989258e-02 9.360597468912601471e-03 1.061944523826241493e-03 7.484848611056804657e-04
5.277796983718872070e-01 -9.939712472259998322e-03 6.916955113410949707e-02 5.551510490477085114e-03 8.675202843733131886e-04 1.505788066424429417e-03
5.292010307312011719e-01 -9.642301127314567566e-03 6.942638754844665527e-02 1.595230586826801300e-02 1.637582783587276936e-03 9.660731302574276924e-04
5.296002030372619629e-01 -9.379317052662372589e-03 6.910390406847000122e-02 1.290784962475299835e-02 0.000000000000000000e+00 3.261927282437682152e-03
5.311245322227478027e-01 -8.952140808105468750e-03 6.922659277915954590e-02 -7.798674632795155048e-04 7.168039213865995407e-03 -1.123514119535684586e-02
5.316697955131530762e-01 -8.772066794335842133e-03 6.907981634140014648e-02 1.864011399447917938e-02 4.936314653605222702e-03 3.297423478215932846e-03
5.327005982398986816e-01 -8.358555845916271210e-03 6.914282590150833130e-02 3.004020836669951677e-04 1.442966284230351448e-03 -1.126378076151013374e-03
5.333135724067687988e-01 -8.333269506692886353e-03 6.919428706169128418e-02 8.006671443581581116e-03 1.260290620848536491e-03 1.777058816514909267e-03
5.341861248016357422e-01 -7.290556561201810837e-03 6.880757212638854980e-02 8.307939395308494568e-03 2.877817256376147270e-03 2.008535200729966164e-03
5.349223613739013672e-01 -7.599750068038702011e-03 6.917642802000045776e-02 7.400702219456434250e-03 1.213631359860301018e-03 1.240340410731732845e-03
5.357850790023803711e-01 -6.711299996823072433e-03 6.903996318578720093e-02 8.107453584671020508e-03 -2.492696279659867287e-03 5.330732092261314392e-04
5.362847447395324707e-01 -7.037986069917678833e-03 6.915342062711715698e-02 8.431339636445045471e-03 3.885427489876747131e-03 3.402559959795325994e-04
5.372787117958068848e-01 -6.337869912385940552e-03 6.907048076391220093e-02 1.233831048011779785e-02 -2.208966761827468872e-03 2.293530153110623360e-03
5.374384522438049316e-01 -6.467944942414760590e-03 6.915213912725448608e-02 -4.992259782738983631e-04 -1.451595104299485683e-03 -2.713912108447402716e-04
5.385828614234924316e-01 -6.200157105922698975e-03 6.926207244396209717e-02 4.691506735980510712e-03 2.962656551972031593e-03 -2.685728715732693672e-03
5.381952524185180664e-01 -6.047380622476339340e-03 6.901548802852630615e-02 -1.502500730566680431e-03 -5.040250835008919239e-04 2.268270618515089154e-04
5.395189523696899414e-01 -5.734538659453392029e-03 6.943249702453613281e-02 5.565422121435403824e-03 1.428665942512452602e-03 2.680970064830034971e-04
5.400779843330383301e-01 -5.417791195213794708e-03 6.935078650712966919e-02 1.593087241053581238e-02 3.220047801733016968e-03 3.710651071742177010e-03
5.404002070426940918e-01 -4.942823667079210281e-03 6.914228200912475586e-02 -2.474437933415174484e-03 3.560260403901338577e-03 -2.910244977101683617e-03
5.407676696777343750e-01 -4.833285696804523468e-03 6.928410381078720093e-02 1.324670761823654175e-02 5.156932398676872253e-03 2.989105647429823875e-03
5.412519574165344238e-01 -4.469699226319789886e-03 6.927900016307830811e-02 2.490326063707470894e-03 2.051822841167449951e-03 -6.893044337630271912e-04
5.417486429214477539e-01 -4.138032440096139908e-03 6.921649724245071411e-02 5.073159467428922653e-03 5.998593755066394806e-03 -1.920610549859702587e-03
5.419057011604309082e-01 -3.905396442860364914e-03 6.925554573535919189e-02 6.445487961173057556e-03 3.429238218814134598e-03 1.565440325066447258e-03
