1.260091215372085571e-01
1.260094642639160156e-01
1.260093450546264648e-01
1.260094344615936279e-01
1.260022073984146118e-01
1.259993761777877808e-01
1.259953081607818604e-01
1.259912997484207153e-01
1.259879767894744873e-01
1.259850263595581055e-01
1.259806603193283081e-01
1.259767711162567139e-01
1.259746998548507690e-01
1.259715706110000610e-01
1.259679347276687622e-01
1.259646266698837280e-01
1.259604543447494507e-01
1.259565204381942749e-01
1.259548068046569824e-01
1.259445101022720337e-01
1.259407252073287964e-01
1.259369999170303345e-01
1.259338706731796265e-01
1.259313970804214478e-01
1.259261667728424072e-01
1.259229779243469238e-01
1.259186416864395142e-01
1.259152591228485107e-01
1.259119510650634766e-01
1.259088367223739624e-01
1.259044706821441650e-01
1.258989870548248291e-01
1.258956491947174072e-01
1.258876174688339233e-01
1.258803904056549072e-01
1.258745640516281128e-01
1.258650422096252441e-01
1.258607506752014160e-01
1.258591115474700928e-01
1.258578300476074219e-01
1.258503794670104980e-01
1.258456707000732422e-01
1.258410513401031494e-01
1.258348971605300903e-01
1.256270408630371094e-01
1.239049956202507019e-01
1.225914582610130310e-01
1.216214075684547424e-01
1.188875585794448853e-01
1.173645481467247009e-01
1.151200681924819946e-01
1.140486225485801697e-01
1.109255030751228333e-01
1.105606183409690857e-01
1.075921729207038879e-01
1.065400838851928711e-01
1.031131371855735779e-01
1.026920303702354431e-01
1.001411974430084229e-01
9.883208572864532471e-02
9.778083115816116333e-02
9.504416584968566895e-02
9.338387101888656616e-02
8.990270644426345825e-02
8.919912576675415039e-02
8.716052025556564331e-02
8.508431166410446167e-02
8.230040222406387329e-02
8.112112432718276978e-02
7.845006138086318970e-02
7.749242335557937622e-02
7.507034391164779663e-02
7.168187946081161499e-02
7.044720649719238281e-02
6.909941136837005615e-02
6.591837108135223389e-02
6.491571664810180664e-02
6.111250817775726318e-02
6.007228791713714600e-02
5.837806314229965210e-02
5.393590033054351807e-02
5.319414287805557251e-02
5.124090984463691711e-02
4.832747578620910645e-02
4.837340861558914185e-02
4.419597983360290527e-02
4.297529533505439758e-02
3.885360807180404663e-02
3.784748539328575134e-02
3.560072928667068481e-02
3.255487233400344849e-02
2.790950797498226166e-02
2.720145322382450104e-02
2.368583716452121735e-02
2.260871790349483490e-02
2.119358628988265991e-02
1.829073578119277954e-02
1.620133221149444580e-02
1.397072803229093552e-02
1.270097121596336365e-02
1.000358816236257553e-02
9.037915617227554321e-03
7.249319925904273987e-03
7.062129676342010498e-03
7.070582825690507889e-03
7.294875569641590118e-03
9.987524710595607758e-03
1.015015691518783569e-02
1.344140619039535522e-02
1.399890147149562836e-02
1.692447438836097717e-02
1.860378868877887726e-02
2.146250195801258087e-02
2.573878876864910126e-02
2.702277153730392456e-02
2.881232462823390961e-02
3.282779827713966370e-02
3.375798463821411133e-02
3.690599650144577026e-02
3.880335763096809387e-02
4.193056747317314148e-02
4.383981600403785706e-02
4.713345691561698914e-02
4.863642901182174683e-02
5.094362050294876099e-02
5.475500598549842834e-02
5.716006830334663391e-02
5.836619809269905090e-02
6.000529602169990540e-02
6.386836618185043335e-02
6.565802544355392456e-02
6.932539492845535278e-02
7.151458412408828735e-02
7.288882881402969360e-02
7.647237181663513184e-02
8.015601336956024170e-02
8.256962895393371582e-02
8.464928716421127319e-02
8.539326488971710205e-02
8.427999913692474365e-02
8.368644118309020996e-02
8.059792965650558472e-02
7.957472652196884155e-02
7.794652134180068970e-02
7.603160291910171509e-02
7.492618262767791748e-02
7.267724722623825073e-02
7.135497033596038818e-02
6.889301538467407227e-02
6.856239587068557739e-02
6.568471342325210571e-02
6.475236266851425171e-02
6.383728981018066406e-02
6.124440208077430725e-02
5.997188389301300049e-02
5.661066621541976929e-02
5.615877732634544373e-02
5.371409654617309570e-02
5.259421467781066895e-02
4.997026547789573669e-02
4.912814125418663025e-02
4.725535959005355835e-02
4.493800550699234009e-02
4.348449781537055969e-02
4.151360318064689636e-02
3.827375546097755432e-02
3.692160546779632568e-02
3.497742116451263428e-02
3.225777670741081238e-02
3.045250661671161652e-02
2.858565934002399445e-02
2.806270867586135864e-02
2.527004666626453400e-02
2.361891232430934906e-02
2.295166812837123871e-02
2.058016695082187653e-02
1.992969214916229248e-02
1.815748773515224457e-02
1.126775797456502914e-02
9.090633131563663483e-03
9.065540507435798645e-03
8.435569703578948975e-03
8.649814873933792114e-03
8.908364921808242798e-03
1.051351428031921387e-02
1.110793091356754303e-02
1.274859718978404999e-02
1.429151464253664017e-02
1.494401041418313980e-02
1.785549893975257874e-02
1.833055168390274048e-02
2.132975123822689056e-02
2.399182505905628204e-02
2.743709087371826172e-02
2.845186926424503326e-02
3.027067519724369049e-02
3.232311829924583435e-02
3.342944011092185974e-02
3.571292012929916382e-02
3.701422363519668579e-02
3.776596114039421082e-02
4.072234034538269043e-02
4.177708551287651062e-02
4.458023980259895325e-02
4.690479114651679993e-02
5.011568218469619751e-02
5.213487520813941956e-02
5.539026483893394470e-02
5.660323426127433777e-02
5.961380153894424438e-02
6.037670746445655823e-02
6.300115585327148438e-02
6.457052379846572876e-02
6.648792326450347900e-02
6.464219093322753906e-02
6.218021735548973083e-02
6.058581173419952393e-02
5.882313102483749390e-02
5.646514147520065308e-02
5.303837731480598450e-02
5.174813792109489441e-02
4.898485168814659119e-02
4.766634479165077209e-02
4.563461989164352417e-02
4.213500395417213440e-02
4.070446640253067017e-02
3.946896642446517944e-02
3.683099895715713501e-02
3.536475822329521179e-02
3.301565349102020264e-02
3.177093714475631714e-02
2.875744551420211792e-02
2.667470462620258331e-02
2.454316988587379456e-02
2.294797822833061218e-02
2.095871232450008392e-02
1.954729110002517700e-02
1.694888994097709656e-02
1.588267646729946136e-02
1.426545158028602600e-02
1.308357995003461838e-02
1.165847107768058777e-02
1.107839401811361313e-02
9.376333095133304596e-03
8.867065422236919403e-03
8.574416860938072205e-03
8.903476409614086151e-03
9.146118536591529846e-03
9.692476131021976471e-03
9.369231760501861572e-03
9.785011410713195801e-03
1.023576781153678894e-02
1.015164796262979507e-02
1.227131392806768417e-02
1.323024369776248932e-02
1.563734933733940125e-02
1.694629900157451630e-02
1.924870349466800690e-02
1.968092657625675201e-02
2.356114424765110016e-02
2.401734143495559692e-02
2.634428627789020538e-02
2.960364334285259247e-02
3.139359503984451294e-02
3.323959186673164368e-02
3.621952980756759644e-02
3.732216358184814453e-02
3.922405466437339783e-02
4.069044813513755798e-02
4.192364215850830078e-02
4.581151157617568970e-02
4.693335667252540588e-02
4.944178462028503418e-02
5.311979353427886963e-02
5.441182851791381836e-02
5.682677403092384338e-02
5.899566784501075745e-02
5.998155102133750916e-02
6.358112394809722900e-02
6.254202127456665039e-02
5.861400067806243896e-02
5.789281055331230164e-02
5.437127873301506042e-02
5.389063805341720581e-02
5.029636994004249573e-02
5.000981688499450684e-02
4.714814946055412292e-02
4.647814854979515076e-02
4.353842511773109436e-02
4.339275509119033813e-02
4.282892495393753052e-02
3.992965817451477051e-02
3.791557252407073975e-02
3.592243790626525879e-02
3.339574486017227173e-02
3.229929879307746887e-02
2.956046536564826965e-02
2.943466603755950928e-02
2.702361904084682465e-02
2.680836617946624756e-02
2.467356249690055847e-02
2.420425042510032654e-02
2.154165133833885193e-02
2.159964293241500854e-02
1.927606575191020966e-02
1.929725334048271179e-02
1.713244244456291199e-02
1.694234833121299744e-02
1.452182978391647339e-02
1.500891800969839096e-02
1.289997342973947525e-02
1.352575421333312988e-02
1.172848418354988098e-02
1.228809170424938202e-02
1.150809600949287415e-02
1.124791894108057022e-02
1.072677876800298691e-02
1.096144691109657288e-02
1.096427906304597855e-02
1.167542953044176102e-02
1.200485695153474808e-02
1.383943483233451843e-02
1.446947269141674042e-02
1.684543490409851074e-02
1.785485818982124329e-02
1.778616383671760559e-02
2.221690677106380463e-02
2.303129807114601135e-02
2.776576392352581024e-02
2.851735800504684448e-02
3.237036615610122681e-02
3.379110619425773621e-02
3.621863573789596558e-02
3.902554139494895935e-02
4.170681163668632507e-02
4.433887824416160583e-02
4.665088653564453125e-02
5.013677850365638733e-02
5.245893821120262146e-02
5.362155660986900330e-02
5.791847407817840576e-02
5.898535624146461487e-02
6.168768182396888733e-02
6.587952375411987305e-02
6.755750626325607300e-02
7.005171477794647217e-02
7.282050698995590210e-02
7.611929625272750854e-02
7.805874198675155640e-02
8.002622425556182861e-02
8.359264582395553589e-02
8.579429239034652710e-02
8.799817413091659546e-02
9.097692370414733887e-02
9.164787828922271729e-02
9.540823101997375488e-02
9.616998583078384399e-02
9.939688444137573242e-02
1.001754850149154663e-01
1.037945523858070374e-01
1.044134572148323059e-01
1.074974238872528076e-01
1.084440499544143677e-01
1.101959198713302612e-01
1.122380271553993225e-01
1.133832037448883057e-01
1.160150617361068726e-01
1.191646605730056763e-01
1.201096549630165100e-01
1.204971671104431152e-01
1.237883940339088440e-01
1.245283111929893494e-01
1.252992749214172363e-01
1.280374974012374878e-01
1.287841051816940308e-01
1.308236569166183472e-01
1.327202320098876953e-01
1.340979635715484619e-01
1.371068954467773438e-01
1.381811648607254028e-01
1.391865611076354980e-01
1.427972614765167236e-01
1.437522917985916138e-01
1.464868634939193726e-01
1.485858559608459473e-01
1.513457745313644409e-01
1.556781977415084839e-01
1.569464504718780518e-01
1.599149554967880249e-01
1.612459570169448853e-01
1.611184924840927124e-01
1.613459438085556030e-01
1.649482697248458862e-01
1.654094457626342773e-01
1.685515046119689941e-01
1.693036854267120361e-01
1.710254102945327759e-01
1.735091954469680786e-01
1.757964789867401123e-01
1.769226938486099243e-01
1.788000911474227905e-01
1.801708191633224487e-01
1.811397820711135864e-01
1.831005066633224487e-01
1.848321855068206787e-01
1.855651289224624634e-01
1.865266710519790649e-01
1.878451704978942871e-01
1.888089030981063843e-01
1.900421231985092163e-01
1.906051784753799438e-01
1.923282146453857422e-01
1.927213519811630249e-01
1.943687945604324341e-01
1.952037066221237183e-01
1.960747092962265015e-01
1.969441026449203491e-01
1.977628916501998901e-01
1.985711306333541870e-01
1.991258710622787476e-01
1.996712088584899902e-01
2.002767920494079590e-01
2.011798173189163208e-01
2.018634527921676636e-01
2.026782482862472534e-01
2.032706886529922485e-01
2.036329656839370728e-01
2.044641375541687012e-01
2.055391967296600342e-01
2.058814465999603271e-01
2.069168239831924438e-01
2.073934525251388550e-01
2.079205214977264404e-01
2.083028107881546021e-01
2.078725695610046387e-01
2.075307965278625488e-01
2.067591845989227295e-01
2.066151946783065796e-01
2.063058465719223022e-01
2.061170786619186401e-01
2.055547535419464111e-01
2.055619657039642334e-01
2.053917050361633301e-01
2.056560516357421875e-01
2.054565399885177612e-01
2.058961093425750732e-01
2.053754627704620361e-01
2.058223187923431396e-01
2.052380293607711792e-01
2.056439369916915894e-01
2.053497731685638428e-01
2.058213949203491211e-01
2.055782675743103027e-01
2.056078910827636719e-01
2.052942067384719849e-01
2.053505182266235352e-01
2.049806118011474609e-01
2.049062848091125488e-01
2.044403553009033203e-01
2.039615958929061890e-01
2.040360271930694580e-01
2.038349360227584839e-01
2.038147747516632080e-01
2.038442045450210571e-01
2.035097628831863403e-01
2.036340534687042236e-01
2.035364061594009399e-01
2.035636305809020996e-01
2.036348432302474976e-01
2.035394608974456787e-01
2.036129236221313477e-01
2.034757584333419800e-01
2.035450637340545654e-01
2.038660943508148193e-01
2.038838416337966919e-01
2.041605710983276367e-01
2.042647898197174072e-01
2.045507580041885376e-01
2.046432197093963623e-01
2.049098461866378784e-01
2.050054073333740234e-01
2.053548842668533325e-01
2.053828537464141846e-01
2.057574242353439331e-01
2.060076296329498291e-01
2.062864750623703003e-01
2.065031081438064575e-01
2.067426145076751709e-01
2.068399190902709961e-01
2.069886475801467896e-01
2.072744667530059814e-01
2.075280696153640747e-01
2.076385170221328735e-01
2.078460007905960083e-01
2.078765630722045898e-01
2.079075425863265991e-01
2.080504298210144043e-01
2.080372124910354614e-01
2.081843614578247070e-01
2.081287652254104614e-01
2.080983370542526245e-01
2.081219553947448730e-01
2.080384194850921631e-01
2.079807668924331665e-01
2.079980969429016113e-01
2.079001367092132568e-01
2.078989446163177490e-01
2.078591585159301758e-01
