3.855574429035186768e-01 -4.129272997379302979e-01 6.538051366806030273e-02
3.855575919151306152e-01 -4.129272401332855225e-01 6.538051366806030273e-02
3.855587244033813477e-01 -4.129267632961273193e-01 6.538051366806030273e-02
3.855617046356201172e-01 -4.129254817962646484e-01 6.538051366806030273e-02
3.855674862861633301e-01 -4.129230380058288574e-01 6.538051366806030273e-02
3.855769336223602295e-01 -4.129190444946289062e-01 6.538051366806030273e-02
3.855908513069152832e-01 -4.129131138324737549e-01 6.538051366806030273e-02
3.856100738048553467e-01 -4.129049777984619141e-01 6.538051366806030273e-02
3.856354355812072754e-01 -4.128942489624023438e-01 6.538051366806030273e-02
3.856676220893859863e-01 -4.128806591033935547e-01 6.538051366806030273e-02
3.857074379920959473e-01 -4.128638505935668945e-01 6.538051366806030273e-02
3.857555091381072998e-01 -4.128435552120208740e-01 6.538051366806030273e-02
3.858126103878021240e-01 -4.128195047378540039e-01 6.538051366806030273e-02
3.858793079853057861e-01 -4.127914309501647949e-01 6.538051366806030273e-02
3.859562873840332031e-01 -4.127590656280517578e-01 6.538051366806030273e-02
3.860441148281097412e-01 -4.127221703529357910e-01 6.538051366806030273e-02
3.861433863639831543e-01 -4.126805067062377930e-01 6.538051366806030273e-02
3.862546086311340332e-01 -4.126338660717010498e-01 6.538051366806030273e-02
3.863783776760101318e-01 -4.125820696353912354e-01 6.538051366806030273e-02
3.865151107311248779e-01 -4.125248789787292480e-01 6.538051366806030273e-02
3.866653144359588623e-01 -4.124621450901031494e-01 6.538051366806030273e-02
3.868294656276702881e-01 -4.123936593532562256e-01 6.538051366806030273e-02
3.870079219341278076e-01 -4.123193025588989258e-01 6.538051366806030273e-02
3.872011005878448486e-01 -4.122388958930969238e-01 6.538051366806030273e-02
3.874093890190124512e-01 -4.121523201465606689e-01 6.538051366806030273e-02
3.876330852508544922e-01 -4.120594561100006104e-01 6.538051366806030273e-02
3.878725767135620117e-01 -4.119601547718048096e-01 6.538051366806030273e-02
3.881281316280364990e-01 -4.118543565273284912e-01 6.538051366806030273e-02
3.883999884128570557e-01 -4.117419719696044922e-01 6.538051366806030273e-02
3.886884450912475586e-01 -4.116228818893432617e-01 6.538051366806030273e-02
3.889937102794647217e-01 -4.114970564842224121e-01 6.538051366806030273e-02
3.893159627914428711e-01 -4.113644361495971680e-01 6.538051366806030273e-02
3.896553814411163330e-01 -4.112249314785003662e-01 6.538051366806030273e-02
3.900121450424194336e-01 -4.110785424709320068e-01 6.538051366806030273e-02
3.903863430023193359e-01 -4.109252393245697021e-01 6.538051366806030273e-02
3.907781243324279785e-01 -4.107649922370910645e-01 6.538051366806030273e-02
3.911875784397125244e-01 -4.105978012084960938e-01 6.538051366806030273e-02
3.916147053241729736e-01 -4.104236960411071777e-01 6.538051366806030273e-02
3.920596241950988770e-01 -4.102426767349243164e-01 6.538051366806030273e-02
3.925222754478454590e-01 -4.100547730922698975e-01 6.538051366806030273e-02
3.930027186870574951e-01 -4.098599851131439209e-01 6.538051366806030273e-02
3.935008645057678223e-01 -4.096584320068359375e-01 6.538051366806030273e-02
3.940167129039764404e-01 -4.094501137733459473e-01 6.538051366806030273e-02
3.945501446723937988e-01 -4.092351198196411133e-01 6.538051366806030273e-02
3.951011300086975098e-01 -4.090135395526885986e-01 6.538051366806030273e-02
3.956694900989532471e-01 -4.087854325771331787e-01 6.538051366806030273e-02
3.962551355361938477e-01 -4.085509181022644043e-01 6.538051366806030273e-02
3.968578875064849854e-01 -4.083100855350494385e-01 6.538051366806030273e-02
3.974775671958923340e-01 -4.080630838871002197e-01 6.538051366806030273e-02
3.981139957904815674e-01 -4.078099727630615234e-01 6.538051366806030273e-02
3.987669050693511963e-01 -4.075509607791900635e-01 6.538051366806030273e-02
3.994361162185668945e-01 -4.072861671447753906e-01 6.538051366806030273e-02
4.001213610172271729e-01 -4.070157110691070557e-01 6.538051366806030273e-02
4.008223116397857666e-01 -4.067398011684417725e-01 6.538051366806030273e-02
4.015387296676635742e-01 -4.064585864543914795e-01 6.538051366806030273e-02
4.022702574729919434e-01 -4.061722755432128906e-01 6.538051366806030273e-02
4.030165672302246094e-01 -4.058810174465179443e-01 6.538051366806030273e-02
4.037773013114929199e-01 -4.055850505828857422e-01 6.538051366806030273e-02
4.045520722866058350e-01 -4.052845537662506104e-01 6.538051366806030273e-02
4.053404927253723145e-01 -4.049797654151916504e-01 6.538051366806030273e-02
4.061421453952789307e-01 -4.046709239482879639e-01 6.538051366806030273e-02
4.069566130638122559e-01 -4.043582081794738770e-01 6.538051366806030273e-02
4.077834188938140869e-01 -4.040419161319732666e-01 6.538051366806030273e-02
4.086221158504486084e-01 -4.037222564220428467e-01 6.538051366806030273e-02
4.094721674919128418e-01 -4.033995270729064941e-01 6.538051366806030273e-02
4.103331267833709717e-01 -4.030739963054656982e-01 6.538051366806030273e-02
4.112044572830200195e-01 -4.027459025382995605e-01 6.538051366806030273e-02
4.120855927467346191e-01 -4.024155735969543457e-01 6.538051366806030273e-02
4.129759967327117920e-01 -4.020832479000091553e-01 6.538051366806030273e-02
4.138750433921813965e-01 -4.017492830753326416e-01 6.538051366806030273e-02
4.147822260856628418e-01 -4.014139771461486816e-01 6.538051366806030273e-02
4.156968593597412109e-01 -4.010775983333587646e-01 6.538051366806030273e-02
4.166183173656463623e-01 -4.007405340671539307e-01 6.538051366806030273e-02
4.175460040569305420e-01 -4.004030823707580566e-01 6.538051366806030273e-02
4.184792041778564453e-01 -4.000655710697174072e-01 6.538051366806030273e-02
4.194172918796539307e-01 -3.997283875942230225e-01 6.538051366806030273e-02
4.203595519065856934e-01 -3.993918597698211670e-01 6.538051366806030273e-02
4.213052690029144287e-01 -3.990563452243804932e-01 6.538051366806030273e-02
4.222536981105804443e-01 -3.987222313880920410e-01 6.538051366806030273e-02
4.232041239738464355e-01 -3.983898758888244629e-01 6.538051366806030273e-02
4.241558015346527100e-01 -3.980596661567687988e-01 6.538051366806030273e-02
4.251079261302947998e-01 -3.977320194244384766e-01 6.538051366806030273e-02
4.260597527027130127e-01 -3.974072933197021484e-01 6.538051366806030273e-02
4.270104169845581055e-01 -3.970859050750732422e-01 6.538051366806030273e-02
4.279591739177703857e-01 -3.967682719230651855e-01 6.538051366806030273e-02
4.289051294326782227e-01 -3.964548110961914062e-01 6.538051366806030273e-02
4.298474788665771484e-01 -3.961459696292877197e-01 6.538051366806030273e-02
4.307853281497955322e-01 -3.958421349525451660e-01 6.538051366806030273e-02
4.317178428173065186e-01 -3.955437541007995605e-01 6.538051366806030273e-02
4.326443374156951904e-01 -3.952511250972747803e-01 6.538051366806030273e-02
4.335645437240600586e-01 -3.949641883373260498e-01 6.538051366806030273e-02
4.344782233238220215e-01 -3.946828842163085938e-01 6.538051366806030273e-02
4.353850781917572021e-01 -3.944071531295776367e-01 6.538051366806030273e-02
4.362848997116088867e-01 -3.941369354724884033e-01 6.538051366806030273e-02
4.371775090694427490e-01 -3.938721716403961182e-01 6.538051366806030273e-02
4.380626082420349121e-01 -3.936128020286560059e-01 6.538051366806030273e-02
4.389400184154510498e-01 -3.933587074279785156e-01 6.538051366806030273e-02
4.398095309734344482e-01 -3.931098878383636475e-01 6.538051366806030273e-02
4.406709671020507812e-01 -3.928661644458770752e-01 6.538051366806030273e-02
4.415240883827209473e-01 -3.926275372505187988e-01 6.538051366806030273e-02
4.423687458038330078e-01 -3.923938870429992676e-01 6.538051366806030273e-02
4.432047605514526367e-01 -3.921651244163513184e-01 6.538051366806030273e-02
4.440319538116455078e-01 -3.919411599636077881e-01 6.538051366806030273e-02
4.448501765727996826e-01 -3.917218744754791260e-01 6.538051366806030273e-02
4.456592500209808350e-01 -3.915072083473205566e-01 6.538051366806030273e-02
4.464590251445770264e-01 -3.912970125675201416e-01 6.538051366806030273e-02
4.472493529319763184e-01 -3.910912275314331055e-01 6.538051366806030273e-02
4.480301439762115479e-01 -3.908897042274475098e-01 6.538051366806030273e-02
4.488012194633483887e-01 -3.906923532485961914e-01 6.538051366806030273e-02
4.495624601840972900e-01 -3.904990851879119873e-01 6.538051366806030273e-02
4.503137767314910889e-01 -3.903096914291381836e-01 6.538051366806030273e-02
4.510550498962402344e-01 -3.901241421699523926e-01 6.538051366806030273e-02
4.517861902713775635e-01 -3.899422883987426758e-01 6.538051366806030273e-02
4.525070488452911377e-01 -3.897639811038970947e-01 6.538051366806030273e-02
4.532175958156585693e-01 -3.895890712738037109e-01 6.538051366806030273e-02
4.539177417755126953e-01 -3.894174993038177490e-01 6.538051366806030273e-02
4.546073675155639648e-01 -3.892490565776824951e-01 6.538051366806030273e-02
4.552864432334899902e-01 -3.890836238861083984e-01 6.538051366806030273e-02
4.559548795223236084e-01 -3.889210820198059082e-01 6.538051366806030273e-02
4.566126465797424316e-01 -3.887612521648406982e-01 6.538051366806030273e-02
4.572596848011016846e-01 -3.886040151119232178e-01 6.538051366806030273e-02
4.578959047794342041e-01 -3.884491920471191406e-01 6.538051366806030273e-02
4.585213363170623779e-01 -3.882966637611389160e-01 6.538051366806030273e-02
4.591358900070190430e-01 -3.881462514400482178e-01 6.538051366806030273e-02
4.597395956516265869e-01 -3.879977762699127197e-01 6.538051366806030273e-02
4.603323936462402344e-01 -3.878510892391204834e-01 6.538051366806030273e-02
4.609142541885375977e-01 -3.877060413360595703e-01 6.538051366806030273e-02
4.614852070808410645e-01 -3.875624835491180420e-01 6.538051366806030273e-02
4.620452225208282471e-01 -3.874201774597167969e-01 6.538051366806030273e-02
4.625943005084991455e-01 -3.872790038585662842e-01 6.538051366806030273e-02
4.631325006484985352e-01 -3.871387541294097900e-01 6.538051366806030273e-02
4.636597633361816406e-01 -3.869993090629577637e-01 6.538051366806030273e-02
4.641761779785156250e-01 -3.868604004383087158e-01 6.538051366806030273e-02
4.646817147731781006e-01 -3.867219090461730957e-01 6.538051366806030273e-02
4.651764035224914551e-01 -3.865836262702941895e-01 6.538051366806030273e-02
4.656603336334228516e-01 -3.864453434944152832e-01 6.538051366806030273e-02
4.661335051059722900e-01 -3.863069117069244385e-01 6.538051366806030273e-02
4.665960073471069336e-01 -3.861681222915649414e-01 6.538051366806030273e-02
4.670478403568267822e-01 -3.860287666320800781e-01 6.538051366806030273e-02
4.674890935420989990e-01 -3.858886361122131348e-01 6.538051366806030273e-02
4.679197967052459717e-01 -3.857475519180297852e-01 6.538051366806030273e-02
4.683400690555572510e-01 -3.856052756309509277e-01 6.538051366806030273e-02
4.687499701976776123e-01 -3.854616582393646240e-01 6.538051366806030273e-02
4.691495597362518311e-01 -3.853164613246917725e-01 6.538051366806030273e-02
4.695389270782470703e-01 -3.851694464683532715e-01 6.538051366806030273e-02
4.699181914329528809e-01 -3.850204348564147949e-01 6.538051366806030273e-02
4.702874124050140381e-01 -3.848692178726196289e-01 6.538051366806030273e-02
4.706467092037200928e-01 -3.847155272960662842e-01 6.538051366806030273e-02
4.709961712360382080e-01 -3.845592141151428223e-01 6.538051366806030273e-02
4.713359177112579346e-01 -3.843999803066253662e-01 6.538051366806030273e-02
4.716660678386688232e-01 -3.842376768589019775e-01 6.538051366806030273e-02
4.719867408275604248e-01 -3.840720057487487793e-01 6.538051366806030273e-02
4.722980558872222900e-01 -3.839027583599090576e-01 6.538051366806030273e-02
4.726001322269439697e-01 -3.837297260761260986e-01 6.538051366806030273e-02
4.728931486606597900e-01 -3.835526704788208008e-01 6.538051366806030273e-02
4.738872051239013672e-01 -3.837332129478454590e-01 6.538051366806030273e-02
4.748812615871429443e-01 -3.839137554168701172e-01 6.538051366806030273e-02
4.758753180503845215e-01 -3.840942978858947754e-01 6.538051366806030273e-02
4.768693745136260986e-01 -3.842748403549194336e-01 6.538051366806030273e-02
4.778634607791900635e-01 -3.844553828239440918e-01 6.538051366806030273e-02
4.788575172424316406e-01 -3.846359252929687500e-01 6.538051366806030273e-02
4.798515737056732178e-01 -3.848164677619934082e-01 6.538051366806030273e-02
4.809873104095458984e-01 -3.850337564945220947e-01 6.538051366806030273e-02
4.825477600097656250e-01 -3.853610754013061523e-01 6.538051366806030273e-02
4.841081798076629639e-01 -3.856884241104125977e-01 6.538051366806030273e-02
4.856686294078826904e-01 -3.860157728195190430e-01 6.538051366806030273e-02
4.872290492057800293e-01 -3.863430917263031006e-01 6.538051366806030273e-02
4.887894988059997559e-01 -3.866704404354095459e-01 6.538051366806030273e-02
4.903499484062194824e-01 -3.869977593421936035e-01 6.538051366806030273e-02
4.919156134128570557e-01 -3.873733878135681152e-01 6.538051366806030273e-02
4.934830367565155029e-01 -3.877655267715454102e-01 6.538051366806030273e-02
4.950504899024963379e-01 -3.881576955318450928e-01 6.538051366806030273e-02
4.966179430484771729e-01 -3.885498344898223877e-01 6.538051366806030273e-02
4.981853961944580078e-01 -3.889420032501220703e-01 6.538051366806030273e-02
4.997528493404388428e-01 -3.893341422080993652e-01 6.538051366806030273e-02
5.013113021850585938e-01 -3.897380828857421875e-01 6.538051366806030273e-02
5.026322007179260254e-01 -3.904547095298767090e-01 6.538051366806030273e-02
5.039530396461486816e-01 -3.911713063716888428e-01 6.538051366806030273e-02
5.052739381790161133e-01 -3.918879330158233643e-01 6.538051366806030273e-02
5.065947771072387695e-01 -3.926045596599578857e-01 6.538051366806030273e-02
5.079156160354614258e-01 -3.933211863040924072e-01 6.538051366806030273e-02
5.092441439628601074e-01 -3.940521478652954102e-01 6.538051366806030273e-02
5.105800032615661621e-01 -3.947969973087310791e-01 6.538051366806030273e-02
5.119158625602722168e-01 -3.955418467521667480e-01 6.538051366806030273e-02
5.132517218589782715e-01 -3.962866961956024170e-01 6.538051366806030273e-02
5.145875811576843262e-01 -3.970315456390380859e-01 6.538051366806030273e-02
5.159234404563903809e-01 -3.977763950824737549e-01 6.538051366806030273e-02
5.166764855384826660e-01 -3.976628184318542480e-01 6.538051366806030273e-02
5.174295306205749512e-01 -3.975492417812347412e-01 6.538051366806030273e-02
5.181825757026672363e-01 -3.974356353282928467e-01 6.538051366806030273e-02
5.189356207847595215e-01 -3.973220586776733398e-01 6.538051366806030273e-02
5.196886658668518066e-01 -3.972084820270538330e-01 6.538051366806030273e-02
5.204417109489440918e-01 -3.970949053764343262e-01 6.538051366806030273e-02
5.211947560310363770e-01 -3.969812989234924316e-01 6.538051366806030273e-02
5.219478011131286621e-01 -3.968677222728729248e-01 6.538051366806030273e-02
5.228983759880065918e-01 -3.967272937297821045e-01 6.538051366806030273e-02
5.241070985794067383e-01 -3.965517580509185791e-01 6.538051366806030273e-02
5.253158211708068848e-01 -3.963762521743774414e-01 6.538051366806030273e-02
5.265245437622070312e-01 -3.962007462978363037e-01 6.538051366806030273e-02
5.277332663536071777e-01 -3.960252106189727783e-01 6.538051366806030273e-02
5.289419293403625488e-01 -3.958497047424316406e-01 6.538051366806030273e-02
5.301506519317626953e-01 -3.956741690635681152e-01 6.538051366806030273e-02
5.314036607742309570e-01 -3.955142498016357422e-01 6.538051366806030273e-02
5.326715707778930664e-01 -3.953595459461212158e-01 6.538051366806030273e-02
5.339394807815551758e-01 -3.952048420906066895e-01 6.538051366806030273e-02
5.352073311805725098e-01 -3.950501084327697754e-01 6.538051366806030273e-02
5.364752411842346191e-01 -3.948954045772552490e-01 6.538051366806030273e-02
5.377431511878967285e-01 -3.947407007217407227e-01 6.538051366806030273e-02
5.390110015869140625e-01 -3.945859968662261963e-01 6.538051366806030273e-02
5.403689146041870117e-01 -3.946644663810729980e-01 6.538051366806030273e-02
5.417798161506652832e-01 -3.948802649974822998e-01 6.538051366806030273e-02
5.431907176971435547e-01 -3.950960636138916016e-01 6.538051366806030273e-02
5.446016192436218262e-01 -3.953118622303009033e-01 6.538051366806030273e-02
5.460125207901000977e-01 -3.955276310443878174e-01 6.538051366806030273e-02
5.474234223365783691e-01 -3.957434296607971191e-01 6.538051366806030273e-02
5.488343238830566406e-01 -3.959592282772064209e-01 6.538051366806030273e-02
5.502452254295349121e-01 -3.961750268936157227e-01 6.538051366806030273e-02
5.516561269760131836e-01 -3.963908255100250244e-01 6.538051366806030273e-02
5.530687570571899414e-01 -3.965771198272705078e-01 6.538051366806030273e-02
5.544819831848144531e-01 -3.967542648315429688e-01 6.538051366806030273e-02
5.558951497077941895e-01 -3.969314396381378174e-01 6.538051366806030273e-02
5.573083758354187012e-01 -3.971085846424102783e-01 6.538051366806030273e-02
5.587215423583984375e-01 -3.972857594490051270e-01 6.538051366806030273e-02
5.601347684860229492e-01 -3.974629044532775879e-01 6.538051366806030273e-02
5.615479350090026855e-01 -3.976400792598724365e-01 6.538051366806030273e-02
5.629611611366271973e-01 -3.978172242641448975e-01 6.538051366806030273e-02
5.643743276596069336e-01 -3.979943692684173584e-01 6.538051366806030273e-02
5.657648444175720215e-01 -3.981160819530487061e-01 6.538051366806030273e-02
5.671514272689819336e-01 -3.982281088829040527e-01 6.538051366806030273e-02
5.685380101203918457e-01 -3.983401060104370117e-01 6.538051366806030273e-02
5.699245929718017578e-01 -3.984521329402923584e-01 6.538051366806030273e-02
5.713111758232116699e-01 -3.985641598701477051e-01 6.538051366806030273e-02
5.726977586746215820e-01 -3.986761569976806641e-01 6.538051366806030273e-02
5.740843415260314941e-01 -3.987881839275360107e-01 6.538051366806030273e-02
5.754709243774414062e-01 -3.989002108573913574e-01 6.538051366806030273e-02
5.768617987632751465e-01 -3.989732265472412109e-01 6.538051366806030273e-02
5.782657861709594727e-01 -3.989264667034149170e-01 6.538051366806030273e-02
5.796698331832885742e-01 -3.988797366619110107e-01 6.538051366806030273e-02
5.810738801956176758e-01 -3.988330066204071045e-01 6.538051366806030273e-02
5.824779272079467773e-01 -3.987862467765808105e-01 6.538051366806030273e-02
5.838819742202758789e-01 -3.987395167350769043e-01 6.538051366806030273e-02
5.852860212326049805e-01 -3.986927866935729980e-01 6.538051366806030273e-02
5.866900682449340820e-01 -3.986460268497467041e-01 6.538051366806030273e-02
5.880940556526184082e-01 -3.985992968082427979e-01 6.538051366806030273e-02
5.894820094108581543e-01 -3.985290825366973877e-01 6.538051366806030273e-02
5.908407568931579590e-01 -3.984163403511047363e-01 6.538051366806030273e-02
5.921994447708129883e-01 -3.983035683631896973e-01 6.538051366806030273e-02
5.935581922531127930e-01 -3.981908261775970459e-01 6.538051366806030273e-02
5.949168801307678223e-01 -3.980780839920043945e-01 6.538051366806030273e-02
5.962756276130676270e-01 -3.979653120040893555e-01 6.538051366806030273e-02
5.976343750953674316e-01 -3.978525698184967041e-01 6.538051366806030273e-02
5.989930629730224609e-01 -3.977398276329040527e-01 6.538051366806030273e-02
6.003518104553222656e-01 -3.976270556449890137e-01 6.538051366806030273e-02
6.016712784767150879e-01 -3.974736332893371582e-01 6.538051366806030273e-02
6.029791235923767090e-01 -3.973081707954406738e-01 6.538051366806030273e-02
6.042869687080383301e-01 -3.971427083015441895e-01 6.538051366806030273e-02
6.055948138236999512e-01 -3.969772458076477051e-01 6.538051366806030273e-02
6.069026589393615723e-01 -3.968117833137512207e-01 6.538051366806030273e-02
6.082105636596679688e-01 -3.966463208198547363e-01 6.538051366806030273e-02
6.095184087753295898e-01 -3.964808285236358643e-01 6.538051366806030273e-02
6.108262538909912109e-01 -3.963153660297393799e-01 6.538051366806030273e-02
6.119447350502014160e-01 -3.957903981208801270e-01 6.538051366806030273e-02
6.128658652305603027e-01 -3.948904871940612793e-01 6.538051366806030273e-02
6.137869358062744141e-01 -3.939905762672424316e-01 6.538051366806030273e-02
6.147080063819885254e-01 -3.930906653404235840e-01 6.538051366806030273e-02
6.156291365623474121e-01 -3.921907544136047363e-01 6.538051366806030273e-02
6.165502071380615234e-01 -3.912908434867858887e-01 6.538051366806030273e-02
6.174712777137756348e-01 -3.903909325599670410e-01 6.538051366806030273e-02
6.183923482894897461e-01 -3.894910216331481934e-01 6.538051366806030273e-02
6.192877292633056641e-01 -3.885612189769744873e-01 6.538051366806030273e-02
6.201543211936950684e-01 -3.875979781150817871e-01 6.538051366806030273e-02
6.210209131240844727e-01 -3.866347670555114746e-01 6.538051366806030273e-02
6.218875050544738770e-01 -3.856715261936187744e-01 6.538051366806030273e-02
6.227540373802185059e-01 -3.847082853317260742e-01 6.538051366806030273e-02
6.236206293106079102e-01 -3.837450444698333740e-01 6.538051366806030273e-02
6.244872212409973145e-01 -3.827818036079406738e-01 6.538051366806030273e-02
6.253538131713867188e-01 -3.818185925483703613e-01 6.538051366806030273e-02
6.261922121047973633e-01 -3.808307051658630371e-01 6.538051366806030273e-02
6.269959807395935059e-01 -3.798125982284545898e-01 6.538051366806030273e-02
6.277998089790344238e-01 -3.787944912910461426e-01 6.538051366806030273e-02
6.286035776138305664e-01 -3.777763545513153076e-01 6.538051366806030273e-02
6.294073462486267090e-01 -3.767582476139068604e-01 6.538051366806030273e-02
6.302111148834228516e-01 -3.757401108741760254e-01 6.538051366806030273e-02
6.310149431228637695e-01 -3.747220039367675781e-01 6.538051366806030273e-02
6.318187117576599121e-01 -3.737038969993591309e-01 6.538051366806030273e-02
6.324661374092102051e-01 -3.725404143333435059e-01 6.538051366806030273e-02
6.329181194305419922e-01 -3.711951673030853271e-01 6.538051366806030273e-02
6.333700418472290039e-01 -3.698499202728271484e-01 6.538051366806030273e-02
6.338220238685607910e-01 -3.685046732425689697e-01 6.538051366806030273e-02
6.342740058898925781e-01 -3.671594262123107910e-01 6.538051366806030273e-02
6.347259283065795898e-01 -3.658141791820526123e-01 6.538051366806030273e-02
6.351779103279113770e-01 -3.644689321517944336e-01 6.538051366806030273e-02
6.356298327445983887e-01 -3.631236851215362549e-01 6.538051366806030273e-02
6.360818147659301758e-01 -3.617784380912780762e-01 6.538051366806030273e-02
6.364910602569580078e-01 -3.604323863983154297e-01 6.538051366806030273e-02
6.366118192672729492e-01 -3.590809404850006104e-01 6.538051366806030273e-02
6.367326378822326660e-01 -3.577294945716857910e-01 6.538051366806030273e-02
6.368533968925476074e-01 -3.563780486583709717e-01 6.538051366806030273e-02
6.369742155075073242e-01 -3.550265729427337646e-01 6.538051366806030273e-02
6.370949745178222656e-01 -3.536751270294189453e-01 6.538051366806030273e-02
6.372157931327819824e-01 -3.523236811161041260e-01 6.538051366806030273e-02
6.373366117477416992e-01 -3.509722352027893066e-01 6.538051366806030273e-02
6.374573707580566406e-01 -3.496207594871520996e-01 6.538051366806030273e-02
6.375375986099243164e-01 -3.482432365417480469e-01 6.538051366806030273e-02
6.376000046730041504e-01 -3.468542695045471191e-01 6.538051366806030273e-02
6.376624107360839844e-01 -3.454653024673461914e-01 6.538051366806030273e-02
6.377248167991638184e-01 -3.440763652324676514e-01 6.538051366806030273e-02
6.377872228622436523e-01 -3.426873981952667236e-01 6.538051366806030273e-02
6.378496289253234863e-01 -3.412984311580657959e-01 6.538051366806030273e-02
6.379120349884033203e-01 -3.399094641208648682e-01 6.538051366806030273e-02
6.379745006561279297e-01 -3.385204970836639404e-01 6.538051366806030273e-02
6.380370855331420898e-01 -3.371281623840332031e-01 6.538051366806030273e-02
6.381021738052368164e-01 -3.356939852237701416e-01 6.538051366806030273e-02
6.381672620773315430e-01 -3.342598676681518555e-01 6.538051366806030273e-02
6.382323503494262695e-01 -3.328256905078887939e-01 6.538051366806030273e-02
6.382973790168762207e-01 -3.313915431499481201e-01 6.538051366806030273e-02
6.383624672889709473e-01 -3.299573957920074463e-01 6.538051366806030273e-02
6.384275555610656738e-01 -3.285232484340667725e-01 6.538051366806030273e-02
6.384926438331604004e-01 -3.270891010761260986e-01 6.538051366806030273e-02
6.385577321052551270e-01 -3.256549239158630371e-01 6.538051366806030273e-02
6.386218667030334473e-01 -3.242205083370208740e-01 6.538051366806030273e-02
6.386120319366455078e-01 -3.227662444114685059e-01 6.538051366806030273e-02
6.386021971702575684e-01 -3.213119506835937500e-01 6.538051366806030273e-02
6.385923624038696289e-01 -3.198576569557189941e-01 6.538051366806030273e-02
6.385825276374816895e-01 -3.184033632278442383e-01 6.538051366806030273e-02
6.385726928710937500e-01 -3.169490694999694824e-01 6.538051366806030273e-02
6.385628581047058105e-01 -3.154948055744171143e-01 6.538051366806030273e-02
6.385530829429626465e-01 -3.140404820442199707e-01 6.538051366806030273e-02
6.385432481765747070e-01 -3.125862181186676025e-01 6.538051366806030273e-02
6.385334134101867676e-01 -3.111319243907928467e-01 6.538051366806030273e-02
6.384724974632263184e-01 -3.096711337566375732e-01 6.538051366806030273e-02
6.383994221687316895e-01 -3.082088232040405273e-01 6.538051366806030273e-02
6.383263468742370605e-01 -3.067465126514434814e-01 6.538051366806030273e-02
6.382533311843872070e-01 -3.052842020988464355e-01 6.538051366806030273e-02
6.381802558898925781e-01 -3.038218617439270020e-01 6.538051366806030273e-02
6.381071805953979492e-01 -3.023595511913299561e-01 6.538051366806030273e-02
6.380341053009033203e-01 -3.008972406387329102e-01 6.538051366806030273e-02
6.379610300064086914e-01 -2.994349002838134766e-01 6.538051366806030273e-02
6.378880143165588379e-01 -2.979725897312164307e-01 6.538051366806030273e-02
6.378610134124755859e-01 -2.965125441551208496e-01 6.538051366806030273e-02
6.378763318061828613e-01 -2.950546145439147949e-01 6.538051366806030273e-02
6.378917098045349121e-01 -2.935966849327087402e-01 6.538051366806030273e-02
6.379070281982421875e-01 -2.921387553215026855e-01 6.538051366806030273e-02
6.379223465919494629e-01 -2.906808555126190186e-01 6.538051366806030273e-02
6.379376649856567383e-01 -2.892228960990905762e-01 6.538051366806030273e-02
6.379530429840087891e-01 -2.877649664878845215e-01 6.538051366806030273e-02
6.379683613777160645e-01 -2.863070666790008545e-01 6.538051366806030273e-02
6.379836797714233398e-01 -2.848491370677947998e-01 6.538051366806030273e-02
6.379795074462890625e-01 -2.833999097347259521e-01 6.538051366806030273e-02
6.379253864288330078e-01 -2.819729447364807129e-01 6.538051366806030273e-02
6.378712654113769531e-01 -2.805460393428802490e-01 6.538051366806030273e-02
6.378171443939208984e-01 -2.791191041469573975e-01 6.538051366806030273e-02
6.377630233764648438e-01 -2.776921689510345459e-01 6.538051366806030273e-02
6.377089619636535645e-01 -2.762652337551116943e-01 6.538051366806030273e-02
6.376548409461975098e-01 -2.748382985591888428e-01 6.538051366806030273e-02
6.376007199287414551e-01 -2.734113931655883789e-01 6.538051366806030273e-02
6.375465989112854004e-01 -2.719844579696655273e-01 6.538051366806030273e-02
6.374703049659729004e-01 -2.705683708190917969e-01 6.538051366806030273e-02
6.373494863510131836e-01 -2.691740989685058594e-01 6.538051366806030273e-02
6.372287273406982422e-01 -2.677797973155975342e-01 6.538051366806030273e-02
6.371079087257385254e-01 -2.663855552673339844e-01 6.538051366806030273e-02
6.369871497154235840e-01 -2.649912536144256592e-01 6.538051366806030273e-02
6.368663311004638672e-01 -2.635969817638397217e-01 6.538051366806030273e-02
6.367455720901489258e-01 -2.622026801109313965e-01 6.538051366806030273e-02
6.366247534751892090e-01 -2.608084082603454590e-01 6.538051366806030273e-02
6.365039944648742676e-01 -2.594141364097595215e-01 6.538051366806030273e-02
6.362115144729614258e-01 -2.580762505531311035e-01 6.538051366806030273e-02
6.357994079589843750e-01 -2.567776441574096680e-01 6.538051366806030273e-02
6.353873610496520996e-01 -2.554790079593658447e-01 6.538051366806030273e-02
6.349752545356750488e-01 -2.541804015636444092e-01 6.538051366806030273e-02
6.345632076263427734e-01 -2.528818249702453613e-01 6.538051366806030273e-02
6.341511011123657227e-01 -2.515831887722015381e-01 6.538051366806030273e-02
6.337390542030334473e-01 -2.502845823764801025e-01 6.538051366806030273e-02
6.333269476890563965e-01 -2.489859610795974731e-01 6.538051366806030273e-02
6.328991651535034180e-01 -2.476969659328460693e-01 6.538051366806030273e-02
6.324078440666198730e-01 -2.464467436075210571e-01 6.538051366806030273e-02
6.319165825843811035e-01 -2.451965063810348511e-01 6.538051366806030273e-02
6.314253211021423340e-01 -2.439462691545486450e-01 6.538051366806030273e-02
6.309340000152587891e-01 -2.426960319280624390e-01 6.538051366806030273e-02
6.304427385330200195e-01 -2.414457947015762329e-01 6.538051366806030273e-02
6.299514770507812500e-01 -2.401955723762512207e-01 6.538051366806030273e-02
6.294601559638977051e-01 -2.389453351497650146e-01 6.538051366806030273e-02
6.289688944816589355e-01 -2.376950979232788086e-01 6.538051366806030273e-02
6.284294128417968750e-01 -2.364927828311920166e-01 6.538051366806030273e-02
6.278865337371826172e-01 -2.352939099073410034e-01 6.538051366806030273e-02
6.273436546325683594e-01 -2.340950667858123779e-01 6.538051366806030273e-02
6.268007159233093262e-01 -2.328961938619613647e-01 6.538051366806030273e-02
6.262578368186950684e-01 -2.316973209381103516e-01 6.538051366806030273e-02
6.257149577140808105e-01 -2.304984480142593384e-01 6.538051366806030273e-02
6.251720190048217773e-01 -2.292995750904083252e-01 6.538051366806030273e-02
6.246291399002075195e-01 -2.281007319688796997e-01 6.538051366806030273e-02
6.236791610717773438e-01 -2.272304594516754150e-01 6.538051366806030273e-02
6.226861476898193359e-01 -2.263949364423751831e-01 6.538051366806030273e-02
6.216931343078613281e-01 -2.255594134330749512e-01 6.538051366806030273e-02
6.207001209259033203e-01 -2.247238755226135254e-01 6.538051366806030273e-02
6.197071075439453125e-01 -2.238883674144744873e-01 6.538051366806030273e-02
6.187140941619873047e-01 -2.230528444051742554e-01 6.538051366806030273e-02
6.177210807800292969e-01 -2.222173213958740234e-01 6.538051366806030273e-02
6.167249679565429688e-01 -2.213850170373916626e-01 6.538051366806030273e-02
6.156809329986572266e-01 -2.206020206212997437e-01 6.538051366806030273e-02
6.146368980407714844e-01 -2.198190391063690186e-01 6.538051366806030273e-02
6.135928630828857422e-01 -2.190360426902770996e-01 6.538051366806030273e-02
6.125488281250000000e-01 -2.182530462741851807e-01 6.538051366806030273e-02
6.115047931671142578e-01 -2.174700498580932617e-01 6.538051366806030273e-02
6.104607582092285156e-01 -2.166870534420013428e-01 6.538051366806030273e-02
6.094167828559875488e-01 -2.159040719270706177e-01 6.538051366806030273e-02
6.083648800849914551e-01 -2.151319235563278198e-01 6.538051366806030273e-02
6.072778701782226562e-01 -2.144084274768829346e-01 6.538051366806030273e-02
6.061908602714538574e-01 -2.136849462985992432e-01 6.538051366806030273e-02
6.051037907600402832e-01 -2.129614502191543579e-01 6.538051366806030273e-02
6.040167808532714844e-01 -2.122379690408706665e-01 6.538051366806030273e-02
6.029297709465026855e-01 -2.115144878625869751e-01 6.538051366806030273e-02
6.018427014350891113e-01 -2.107909917831420898e-01 6.538051366806030273e-02
6.007556915283203125e-01 -2.100674957036972046e-01 6.538051366806030273e-02
5.995930433273315430e-01 -2.095435112714767456e-01 6.538051366806030273e-02
5.982666611671447754e-01 -2.094513177871704102e-01 6.538051366806030273e-02
5.969403386116027832e-01 -2.093591243028640747e-01 6.538051366806030273e-02
5.956139564514160156e-01 -2.092669159173965454e-01 6.538051366806030273e-02
5.942875742912292480e-01 -2.091747224330902100e-01 6.538051366806030273e-02
5.929611921310424805e-01 -2.090825289487838745e-01 6.538051366806030273e-02
5.916348695755004883e-01 -2.089903354644775391e-01 6.538051366806030273e-02
5.903084874153137207e-01 -2.088981419801712036e-01 6.538051366806030273e-02
5.889675021171569824e-01 -2.088147252798080444e-01 6.538051366806030273e-02
5.875974893569946289e-01 -2.087487727403640747e-01 6.538051366806030273e-02
5.862274765968322754e-01 -2.086828202009201050e-01 6.538051366806030273e-02
5.848574638366699219e-01 -2.086168676614761353e-01 6.538051366806030273e-02
5.834873914718627930e-01 -2.085509002208709717e-01 6.538051366806030273e-02
5.834714770317077637e-01 -2.074508219957351685e-01 6.538051366806030273e-02
5.834555625915527344e-01 -2.063507437705993652e-01 6.538051366806030273e-02
5.834396481513977051e-01 -2.052506655454635620e-01 6.538051366806030273e-02
5.834237337112426758e-01 -2.041505873203277588e-01 6.538051366806030273e-02
5.834078192710876465e-01 -2.030505090951919556e-01 6.538051366806030273e-02
5.833919048309326172e-01 -2.019504308700561523e-01 6.538051366806030273e-02
5.833759903907775879e-01 -2.008503526449203491e-01 6.538051366806030273e-02
5.831773281097412109e-01 -2.001749724149703979e-01 6.538051366806030273e-02
5.829092264175415039e-01 -1.996610462665557861e-01 6.538051366806030273e-02
5.826411247253417969e-01 -1.991471201181411743e-01 6.538051366806030273e-02
5.823730230331420898e-01 -1.986331939697265625e-01 6.538051366806030273e-02
5.821049213409423828e-01 -1.981192529201507568e-01 6.538051366806030273e-02
5.818368196487426758e-01 -1.976053267717361450e-01 6.538051366806030273e-02
5.815687179565429688e-01 -1.970914006233215332e-01 6.538051366806030273e-02
5.811707377433776855e-01 -1.965763419866561890e-01 6.538051366806030273e-02
5.807395577430725098e-01 -1.960609704256057739e-01 6.538051366806030273e-02
5.803084373474121094e-01 -1.955456137657165527e-01 6.538051366806030273e-02
5.798772573471069336e-01 -1.950302571058273315e-01 6.538051366806030273e-02
5.794460773468017578e-01 -1.945149004459381104e-01 6.538051366806030273e-02
5.790148973464965820e-01 -1.939995437860488892e-01 6.538051366806030273e-02
5.785837173461914062e-01 -1.934841722249984741e-01 6.538051366806030273e-02
5.781525373458862305e-01 -1.929688155651092529e-01 6.538051366806030273e-02
5.777213573455810547e-01 -1.924534589052200317e-01 6.538051366806030273e-02
5.772901773452758789e-01 -1.919381022453308105e-01 6.538051366806030273e-02
5.768589973449707031e-01 -1.914227455854415894e-01 6.538051366806030273e-02
5.764278173446655273e-01 -1.909073740243911743e-01 6.538051366806030273e-02
5.759966373443603516e-01 -1.903920173645019531e-01 6.538051366806030273e-02
5.755654573440551758e-01 -1.898766607046127319e-01 6.538051366806030273e-02
5.750007629394531250e-01 -1.886059790849685669e-01 6.538051366806030273e-02
5.744340419769287109e-01 -1.873234212398529053e-01 6.538051366806030273e-02
5.738672614097595215e-01 -1.860408633947372437e-01 6.538051366806030273e-02
5.733004808425903320e-01 -1.847583055496215820e-01 6.538051366806030273e-02
5.727337002754211426e-01 -1.834757328033447266e-01 6.538051366806030273e-02
5.721669197082519531e-01 -1.821931749582290649e-01 6.538051366806030273e-02
5.716001391410827637e-01 -1.809106171131134033e-01 6.538051366806030273e-02
5.710333585739135742e-01 -1.796280443668365479e-01 6.538051366806030273e-02
5.704666376113891602e-01 -1.783454865217208862e-01 6.538051366806030273e-02
5.699706673622131348e-01 -1.772350966930389404e-01 6.538051366806030273e-02
5.696344971656799316e-01 -1.765129566192626953e-01 6.538051366806030273e-02
5.692983865737915039e-01 -1.757908165454864502e-01 6.538051366806030273e-02
5.689622163772583008e-01 -1.750686764717102051e-01 6.538051366806030273e-02
5.686260461807250977e-01 -1.743465363979339600e-01 6.538051366806030273e-02
5.682898759841918945e-01 -1.736244112253189087e-01 6.538051366806030273e-02
5.679537057876586914e-01 -1.729022711515426636e-01 6.538051366806030273e-02
5.676175355911254883e-01 -1.721801310777664185e-01 6.538051366806030273e-02
5.675873160362243652e-01 -1.712988018989562988e-01 6.538051366806030273e-02
5.677412152290344238e-01 -1.703216731548309326e-01 6.538051366806030273e-02
5.678951144218444824e-01 -1.693445444107055664e-01 6.538051366806030273e-02
5.680489540100097656e-01 -1.683674305677413940e-01 6.538051366806030273e-02
5.682028532028198242e-01 -1.673903018236160278e-01 6.538051366806030273e-02
5.683567523956298828e-01 -1.664131730794906616e-01 6.538051366806030273e-02
5.685106515884399414e-01 -1.654360443353652954e-01 6.538051366806030273e-02
5.686645507812500000e-01 -1.644589155912399292e-01 6.538051366806030273e-02
5.688184499740600586e-01 -1.634818017482757568e-01 6.538051366806030273e-02
5.689723491668701172e-01 -1.625046730041503906e-01 6.538051366806030273e-02
5.691202282905578613e-01 -1.614556610584259033e-01 6.538051366806030273e-02
5.692644715309143066e-01 -1.603617668151855469e-01 6.538051366806030273e-02
5.694086551666259766e-01 -1.592678874731063843e-01 6.538051366806030273e-02
5.695528984069824219e-01 -1.581739932298660278e-01 6.538051366806030273e-02
5.696970820426940918e-01 -1.570800989866256714e-01 6.538051366806030273e-02
5.698412656784057617e-01 -1.559862196445465088e-01 6.538051366806030273e-02
5.699855089187622070e-01 -1.548923254013061523e-01 6.538051366806030273e-02
5.701296925544738770e-01 -1.537984311580657959e-01 6.538051366806030273e-02
5.702739357948303223e-01 -1.527045518159866333e-01 6.538051366806030273e-02
5.704181194305419922e-01 -1.516106575727462769e-01 6.538051366806030273e-02
5.705202221870422363e-01 -1.505049616098403931e-01 6.538051366806030273e-02
5.706014037132263184e-01 -1.493933498859405518e-01 6.538051366806030273e-02
5.706825256347656250e-01 -1.482817530632019043e-01 6.538051366806030273e-02
5.707636475563049316e-01 -1.471701562404632568e-01 6.538051366806030273e-02
5.708447694778442383e-01 -1.460585594177246094e-01 6.538051366806030273e-02
5.709259510040283203e-01 -1.449469774961471558e-01 6.538051366806030273e-02
5.710070729255676270e-01 -1.438353657722473145e-01 6.538051366806030273e-02
5.710881948471069336e-01 -1.427237689495086670e-01 6.538051366806030273e-02
5.711693167686462402e-01 -1.416121721267700195e-01 6.538051366806030273e-02
5.712504982948303223e-01 -1.405005753040313721e-01 6.538051366806030273e-02
5.712811946868896484e-01 -1.393748074769973755e-01 6.538051366806030273e-02
5.712984800338745117e-01 -1.382452398538589478e-01 6.538051366806030273e-02
5.713158249855041504e-01 -1.371156871318817139e-01 6.538051366806030273e-02
5.713331103324890137e-01 -1.359861344099044800e-01 6.538051366806030273e-02
5.713503956794738770e-01 -1.348565667867660522e-01 6.538051366806030273e-02
5.713677406311035156e-01 -1.337270140647888184e-01 6.538051366806030273e-02
5.713850259780883789e-01 -1.325974613428115845e-01 6.538051366806030273e-02
5.714023113250732422e-01 -1.314678937196731567e-01 6.538051366806030273e-02
5.714195966720581055e-01 -1.303383409976959229e-01 6.538051366806030273e-02
5.714369416236877441e-01 -1.292087882757186890e-01 6.538051366806030273e-02
5.713940858840942383e-01 -1.280650645494461060e-01 6.538051366806030273e-02
5.713455080986022949e-01 -1.269199848175048828e-01 6.538051366806030273e-02
5.712969303131103516e-01 -1.257749050855636597e-01 6.538051366806030273e-02
5.712483525276184082e-01 -1.246298253536224365e-01 6.538051366806030273e-02
5.711997747421264648e-01 -1.234847605228424072e-01 6.538051366806030273e-02
5.711511969566345215e-01 -1.223396807909011841e-01 6.538051366806030273e-02
5.711026191711425781e-01 -1.211946085095405579e-01 6.538051366806030273e-02
5.710540413856506348e-01 -1.200495287775993347e-01 6.538051366806030273e-02
5.710054636001586914e-01 -1.189044490456581116e-01 6.538051366806030273e-02
5.709568858146667480e-01 -1.177593767642974854e-01 6.538051366806030273e-02
5.709989666938781738e-01 -1.165799498558044434e-01 6.538051366806030273e-02
5.710445642471313477e-01 -1.153992265462875366e-01 6.538051366806030273e-02
5.710901021957397461e-01 -1.142184957861900330e-01 6.538051366806030273e-02
5.711356401443481445e-01 -1.130377575755119324e-01 6.538051366806030273e-02
5.711811780929565430e-01 -1.118570342659950256e-01 6.538051366806030273e-02
5.712267756462097168e-01 -1.106763035058975220e-01 6.538051366806030273e-02
5.712723135948181152e-01 -1.094955801963806152e-01 6.538051366806030273e-02
5.713178515434265137e-01 -1.083148419857025146e-01 6.538051366806030273e-02
5.713634490966796875e-01 -1.071341037750244141e-01 6.538051366806030273e-02
5.714089870452880859e-01 -1.059533804655075073e-01 6.538051366806030273e-02
5.714177489280700684e-01 -1.047770902514457703e-01 6.538051366806030273e-02
5.713866949081420898e-01 -1.036056205630302429e-01 6.538051366806030273e-02
5.713556408882141113e-01 -1.024341359734535217e-01 6.538051366806030273e-02
5.713245868682861328e-01 -1.012626513838768005e-01 6.538051366806030273e-02
5.712935328483581543e-01 -1.000911816954612732e-01 6.538051366806030273e-02
5.712624788284301758e-01 -9.891969710588455200e-02 6.538051366806030273e-02
5.712314248085021973e-01 -9.774821996688842773e-02 6.538051366806030273e-02
5.712004303932189941e-01 -9.657673537731170654e-02 6.538051366806030273e-02
5.711693763732910156e-01 -9.540525823831558228e-02 6.538051366806030273e-02
5.711383223533630371e-01 -9.423378109931945801e-02 6.538051366806030273e-02
5.710962414741516113e-01 -9.306566417217254639e-02 6.538051366806030273e-02
5.709951519966125488e-01 -9.191551804542541504e-02 6.538051366806030273e-02
5.708940625190734863e-01 -9.076536446809768677e-02 6.538051366806030273e-02
5.707929730415344238e-01 -8.961521089076995850e-02 6.538051366806030273e-02
5.706918835639953613e-01 -8.846506476402282715e-02 6.538051366806030273e-02
5.705907940864562988e-01 -8.731491118669509888e-02 6.538051366806030273e-02
5.704897046089172363e-01 -8.616477251052856445e-02 6.538051366806030273e-02
5.703886151313781738e-01 -8.501461893320083618e-02 6.538051366806030273e-02
5.702875852584838867e-01 -8.386446535587310791e-02 6.538051366806030273e-02
5.701864957809448242e-01 -8.271431922912597656e-02 6.538051366806030273e-02
5.700806975364685059e-01 -8.156647533178329468e-02 6.538051366806030273e-02
5.699180960655212402e-01 -8.044669777154922485e-02 6.538051366806030273e-02
5.697555541992187500e-01 -7.932691276073455811e-02 6.538051366806030273e-02
5.695929527282714844e-01 -7.820712029933929443e-02 6.538051366806030273e-02
5.694303512573242188e-01 -7.708734273910522461e-02 6.538051366806030273e-02
5.692677497863769531e-01 -7.596755027770996094e-02 6.538051366806030273e-02
5.691051483154296875e-01 -7.484777271747589111e-02 6.538051366806030273e-02
5.689425468444824219e-01 -7.372798770666122437e-02 6.538051366806030273e-02
5.687800049781799316e-01 -7.260819524526596069e-02 6.538051366806030273e-02
5.686174035072326660e-01 -7.148841768503189087e-02 6.538051366806030273e-02
5.684393048286437988e-01 -7.037906348705291748e-02 6.538051366806030273e-02
5.682244300842285156e-01 -6.929451227188110352e-02 6.538051366806030273e-02
5.680095553398132324e-01 -6.820995360612869263e-02 6.538051366806030273e-02
5.677946805953979492e-01 -6.712539494037628174e-02 6.538051366806030273e-02
5.675798058509826660e-01 -6.604084372520446777e-02 6.538051366806030273e-02
5.673649311065673828e-01 -6.495628505945205688e-02 6.538051366806030273e-02
5.671500563621520996e-01 -6.387173384428024292e-02 6.538051366806030273e-02
5.669351816177368164e-01 -6.278717517852783203e-02 6.538051366806030273e-02
5.667203068733215332e-01 -6.170261651277542114e-02 6.538051366806030273e-02
5.665054321289062500e-01 -6.061806529760360718e-02 6.538051366806030273e-02
5.660446882247924805e-01 -5.959322303533554077e-02 6.538051366806030273e-02
5.655326247215270996e-01 -5.858085304498672485e-02 6.538051366806030273e-02
5.650205016136169434e-01 -5.756847187876701355e-02 6.538051366806030273e-02
5.645084381103515625e-01 -5.655609071254730225e-02 6.538051366806030273e-02
5.639963150024414062e-01 -5.554372072219848633e-02 6.538051366806030273e-02
5.634842514991760254e-01 -5.453133955597877502e-02 6.538051366806030273e-02
5.629721879959106445e-01 -5.351896956562995911e-02 6.538051366806030273e-02
5.624600648880004883e-01 -5.250658839941024780e-02 6.538051366806030273e-02
5.619480013847351074e-01 -5.149420723319053650e-02 6.538051366806030273e-02
5.614358782768249512e-01 -5.048183351755142212e-02 6.538051366806030273e-02
5.608846545219421387e-01 -4.950644820928573608e-02 6.538051366806030273e-02
5.603154897689819336e-01 -4.854807257652282715e-02 6.538051366806030273e-02
5.597462654113769531e-01 -4.758968576788902283e-02 6.538051366806030273e-02
5.591771006584167480e-01 -4.663129895925521851e-02 6.538051366806030273e-02
5.586078763008117676e-01 -4.567292332649230957e-02 6.538051366806030273e-02
5.580387115478515625e-01 -4.471454024314880371e-02 6.538051366806030273e-02
5.574694871902465820e-01 -4.375615343451499939e-02 6.538051366806030273e-02
5.569003224372863770e-01 -4.279776662588119507e-02 6.538051366806030273e-02
5.563310980796813965e-01 -4.183939844369888306e-02 6.538051366806030273e-02
5.557619333267211914e-01 -4.088101536035537720e-02 6.538051366806030273e-02
5.551595687866210938e-01 -3.996763378381729126e-02 6.538051366806030273e-02
5.545471310615539551e-01 -3.906799107789993286e-02 6.538051366806030273e-02
5.539346337318420410e-01 -3.816834464669227600e-02 6.538051366806030273e-02
5.533221960067749023e-01 -3.726871684193611145e-02 6.538051366806030273e-02
5.527097582817077637e-01 -3.636907413601875305e-02 6.538051366806030273e-02
5.520972609519958496e-01 -3.546942770481109619e-02 6.538051366806030273e-02
5.514848232269287109e-01 -3.456978499889373779e-02 6.538051366806030273e-02
5.508723258972167969e-01 -3.367013856768608093e-02 6.538051366806030273e-02
5.502598881721496582e-01 -3.277051076292991638e-02 6.538051366806030273e-02
5.496437549591064453e-01 -3.187819942831993103e-02 6.538051366806030273e-02
5.490020513534545898e-01 -3.103708475828170776e-02 6.538051366806030273e-02
5.483603477478027344e-01 -3.019597195088863373e-02 6.538051366806030273e-02
5.477186441421508789e-01 -2.935485914349555969e-02 6.538051366806030273e-02
5.470770001411437988e-01 -2.851376309990882874e-02 6.538051366806030273e-02
5.464352965354919434e-01 -2.767265029251575470e-02 6.538051366806030273e-02
5.457935929298400879e-01 -2.683153748512268066e-02 6.538051366806030273e-02
5.451518893241882324e-01 -2.599042467772960663e-02 6.538051366806030273e-02
5.445101857185363770e-01 -2.514931187033653259e-02 6.538051366806030273e-02
5.438684821128845215e-01 -2.430821582674980164e-02 6.538051366806030273e-02
5.429138541221618652e-01 -2.387009933590888977e-02 6.538051366806030273e-02
5.418724417686462402e-01 -2.354376576840877533e-02 6.538051366806030273e-02
5.408310294151306152e-01 -2.321743033826351166e-02 6.538051366806030273e-02
5.397896170616149902e-01 -2.289109490811824799e-02 6.538051366806030273e-02
5.387482643127441406e-01 -2.256476692855358124e-02 6.538051366806030273e-02
5.377068519592285156e-01 -2.223843149840831757e-02 6.538051366806030273e-02
5.366654396057128906e-01 -2.191209606826305389e-02 6.538051366806030273e-02
5.356240272521972656e-01 -2.158576063811779022e-02 6.538051366806030273e-02
5.345826148986816406e-01 -2.125942520797252655e-02 6.538051366806030273e-02
5.335412621498107910e-01 -2.093309722840785980e-02 6.538051366806030273e-02
5.324757099151611328e-01 -2.066716551780700684e-02 6.538051366806030273e-02
5.314005017280578613e-01 -2.042561210691928864e-02 6.538051366806030273e-02
5.303252339363098145e-01 -2.018405683338642120e-02 6.538051366806030273e-02
5.292500257492065430e-01 -1.994250342249870300e-02 6.538051366806030273e-02
5.281747579574584961e-01 -1.970095373690128326e-02 6.538051366806030273e-02
5.270995497703552246e-01 -1.945940032601356506e-02 6.538051366806030273e-02
5.260242819786071777e-01 -1.921784505248069763e-02 6.538051366806030273e-02
5.249490737915039062e-01 -1.897629164159297943e-02 6.538051366806030273e-02
5.238738059997558594e-01 -1.873473823070526123e-02 6.538051366806030273e-02
5.227985978126525879e-01 -1.849318854510784149e-02 6.538051366806030273e-02
5.217139124870300293e-01 -1.830402947962284088e-02 6.538051366806030273e-02
5.206224918365478516e-01 -1.815279200673103333e-02 6.538051366806030273e-02
5.195310115814208984e-01 -1.800155267119407654e-02 6.538051366806030273e-02
5.184395313262939453e-01 -1.785031333565711975e-02 6.538051366806030273e-02
5.173481106758117676e-01 -1.769907772541046143e-02 6.538051366806030273e-02
5.162566304206848145e-01 -1.754783838987350464e-02 6.538051366806030273e-02
5.151652097702026367e-01 -1.739660091698169708e-02 6.538051366806030273e-02
5.140737295150756836e-01 -1.724536158144474030e-02 6.538051366806030273e-02
5.129822492599487305e-01 -1.709412224590778351e-02 6.538051366806030273e-02
5.118908286094665527e-01 -1.694288663566112518e-02 6.538051366806030273e-02
5.108000636100769043e-01 -1.683534495532512665e-02 6.538051366806030273e-02
5.097101330757141113e-01 -1.677384227514266968e-02 6.538051366806030273e-02
5.086201429367065430e-01 -1.671233959496021271e-02 6.538051366806030273e-02
5.075302124023437500e-01 -1.665083691477775574e-02 6.538051366806030273e-02
5.064402818679809570e-01 -1.658933609724044800e-02 6.538051366806030273e-02
5.053502917289733887e-01 -1.652783341705799103e-02 6.538051366806030273e-02
5.042603611946105957e-01 -1.646633073687553406e-02 6.538051366806030273e-02
5.031703710556030273e-01 -1.640482805669307709e-02 6.538051366806030273e-02
5.020804405212402344e-01 -1.634332537651062012e-02 6.538051366806030273e-02
5.009905099868774414e-01 -1.628182269632816315e-02 6.538051366806030273e-02
4.999086558818817139e-01 -1.626480743288993835e-02 6.538051366806030273e-02
4.988341927528381348e-01 -1.628811471164226532e-02 6.538051366806030273e-02
4.977597296237945557e-01 -1.631142199039459229e-02 6.538051366806030273e-02
4.966852664947509766e-01 -1.633472926914691925e-02 6.538051366806030273e-02
4.956108331680297852e-01 -1.635803654789924622e-02 6.538051366806030273e-02
4.945363700389862061e-01 -1.638134382665157318e-02 6.538051366806030273e-02
4.934619069099426270e-01 -1.640465110540390015e-02 6.538051366806030273e-02
4.923874437808990479e-01 -1.642795838415622711e-02 6.538051366806030273e-02
4.913129806518554688e-01 -1.645126566290855408e-02 6.538051366806030273e-02
4.902385473251342773e-01 -1.647457294166088104e-02 6.538051366806030273e-02
4.891603291034698486e-01 -1.662988401949405670e-02 6.538051366806030273e-02
4.880806505680084229e-01 -1.683768071234226227e-02 6.538051366806030273e-02
4.870009720325469971e-01 -1.704547740519046783e-02 6.538051366806030273e-02
4.859212934970855713e-01 -1.725327223539352417e-02 6.538051366806030273e-02
4.848416447639465332e-01 -1.746106520295143127e-02 6.538051366806030273e-02
4.837619662284851074e-01 -1.766886189579963684e-02 6.538051366806030273e-02
4.826822876930236816e-01 -1.787665672600269318e-02 6.538051366806030273e-02
4.816026091575622559e-01 -1.808445341885089874e-02 6.538051366806030273e-02
4.805229306221008301e-01 -1.829224824905395508e-02 6.538051366806030273e-02
4.794432818889617920e-01 -1.850004121661186218e-02 6.538051366806030273e-02
4.783734381198883057e-01 -1.872454769909381866e-02 6.538051366806030273e-02
4.773450195789337158e-01 -1.901959255337715149e-02 6.538051366806030273e-02
4.763166308403015137e-01 -1.931463927030563354e-02 6.538051366806030273e-02
4.752882122993469238e-01 -1.960968412458896637e-02 6.538051366806030273e-02
4.742598235607147217e-01 -1.990472339093685150e-02 6.538051366806030273e-02
4.732314348220825195e-01 -2.019976824522018433e-02 6.538051366806030273e-02
4.722030162811279297e-01 -2.049481309950351715e-02 6.538051366806030273e-02
4.711746275424957275e-01 -2.078985795378684998e-02 6.538051366806030273e-02
4.701462090015411377e-01 -2.108490280807018280e-02 6.538051366806030273e-02
4.691178202629089355e-01 -2.137994393706321716e-02 6.538051366806030273e-02
4.680894315242767334e-01 -2.167498879134654999e-02 6.538051366806030273e-02
4.671143591403961182e-01 -2.202755585312843323e-02 6.538051366806030273e-02
4.661492407321929932e-01 -2.239086106419563293e-02 6.538051366806030273e-02
4.651841521263122559e-01 -2.275416441261768341e-02 6.538051366806030273e-02
4.642190635204315186e-01 -2.311746217310428619e-02 6.538051366806030273e-02
4.632539749145507812e-01 -2.348076552152633667e-02 6.538051366806030273e-02
4.622888565063476562e-01 -2.384407073259353638e-02 6.538051366806030273e-02
4.613237380981445312e-01 -2.420737408101558685e-02 6.538051366806030273e-02
4.603586494922637939e-01 -2.457067929208278656e-02 6.538051366806030273e-02
4.593935608863830566e-01 -2.493397518992424011e-02 6.538051366806030273e-02
4.584284722805023193e-01 -2.529728040099143982e-02 6.538051366806030273e-02
4.575104117393493652e-01 -2.568979561328887939e-02 6.538051366806030273e-02
4.566130340099334717e-01 -2.609512768685817719e-02 6.538051366806030273e-02
4.557156264781951904e-01 -2.650045976042747498e-02 6.538051366806030273e-02
4.548182487487792969e-01 -2.690578252077102661e-02 6.538051366806030273e-02
4.539208412170410156e-01 -2.731111459434032440e-02 6.538051366806030273e-02
4.530234634876251221e-01 -2.771644666790962219e-02 6.538051366806030273e-02
4.521260559558868408e-01 -2.812177687883377075e-02 6.538051366806030273e-02
4.512286484241485596e-01 -2.852710895240306854e-02 6.538051366806030273e-02
4.503312706947326660e-01 -2.893243171274662018e-02 6.538051366806030273e-02
4.494338929653167725e-01 -2.933776378631591797e-02 6.538051366806030273e-02
4.485825002193450928e-01 -2.974664978682994843e-02 6.538051366806030273e-02
4.477448165416717529e-01 -3.015659376978874207e-02 6.538051366806030273e-02
4.469071626663208008e-01 -3.056653775274753571e-02 6.538051366806030273e-02
4.460694789886474609e-01 -3.097647428512573242e-02 6.538051366806030273e-02
4.452318251132965088e-01 -3.138641640543937683e-02 6.538051366806030273e-02
4.443941414356231689e-01 -3.179636225104331970e-02 6.538051366806030273e-02
4.435564577579498291e-01 -3.220630437135696411e-02 6.538051366806030273e-02
4.427188038825988770e-01 -3.261625021696090698e-02 6.538051366806030273e-02
4.418811202049255371e-01 -3.302618488669395447e-02 6.538051366806030273e-02
4.410748183727264404e-01 -3.346064314246177673e-02 6.538051366806030273e-02
4.405889809131622314e-01 -3.414550796151161194e-02 6.538051366806030273e-02
4.401031136512756348e-01 -3.483036905527114868e-02 6.538051366806030273e-02
4.396172463893890381e-01 -3.551523387432098389e-02 6.538051366806030273e-02
4.391314089298248291e-01 -3.620008379220962524e-02 6.538051366806030273e-02
4.386455416679382324e-01 -3.688494861125946045e-02 6.538051366806030273e-02
4.381596744060516357e-01 -3.756980970501899719e-02 6.538051366806030273e-02
4.376738071441650391e-01 -3.825467452406883240e-02 6.538051366806030273e-02
4.371879696846008301e-01 -3.893953561782836914e-02 6.538051366806030273e-02
4.367633461952209473e-01 -3.964673727750778198e-02 6.538051366806030273e-02
4.363515973091125488e-01 -4.035865515470504761e-02 6.538051366806030273e-02
4.359398782253265381e-01 -4.107057303190231323e-02 6.538051366806030273e-02
4.355281293392181396e-01 -4.178249090909957886e-02 6.538051366806030273e-02
4.351164102554321289e-01 -4.249440878629684448e-02 6.538051366806030273e-02
4.347046613693237305e-01 -4.320631176233291626e-02 6.538051366806030273e-02
4.342929422855377197e-01 -4.391822963953018188e-02 6.538051366806030273e-02
4.338811933994293213e-01 -4.463014751672744751e-02 6.538051366806030273e-02
4.335011541843414307e-01 -4.534786939620971680e-02 6.538051366806030273e-02
4.331605434417724609e-01 -4.607280343770980835e-02 6.538051366806030273e-02
4.328199326992034912e-01 -4.679772630333900452e-02 6.538051366806030273e-02
4.324793219566345215e-01 -4.752266034483909607e-02 6.538051366806030273e-02
4.321387112140655518e-01 -4.824759811162948608e-02 6.538051366806030273e-02
4.317981004714965820e-01 -4.897253215312957764e-02 6.538051366806030273e-02
4.314574599266052246e-01 -4.969746619462966919e-02 6.538051366806030273e-02
4.311168491840362549e-01 -5.042238906025886536e-02 6.538051366806030273e-02
4.307782948017120361e-01 -5.114727094769477844e-02 6.538051366806030273e-02
4.304945468902587891e-01 -5.187069997191429138e-02 6.538051366806030273e-02
4.302107989788055420e-01 -5.259412527084350586e-02 6.538051366806030273e-02
4.299270510673522949e-01 -5.331755429506301880e-02 6.538051366806030273e-02
4.296433031558990479e-01 -5.404096841812133789e-02 6.538051366806030273e-02
4.293595552444458008e-01 -5.476439744234085083e-02 6.538051366806030273e-02
4.290758073329925537e-01 -5.548782646656036377e-02 6.538051366806030273e-02
4.287920296192169189e-01 -5.621125176548957825e-02 6.538051366806030273e-02
4.285082817077636719e-01 -5.693468078970909119e-02 6.538051366806030273e-02
4.281204640865325928e-01 -5.738972872495651245e-02 6.538051366806030273e-02
4.276882410049438477e-01 -5.773028731346130371e-02 6.538051366806030273e-02
4.272559881210327148e-01 -5.807084962725639343e-02 6.538051366806030273e-02
4.268237650394439697e-01 -5.841140449047088623e-02 6.538051366806030273e-02
4.263915419578552246e-01 -5.875195562839508057e-02 6.538051366806030273e-02
4.259592890739440918e-01 -5.909252166748046875e-02 6.538051366806030273e-02
4.255270659923553467e-01 -5.943307280540466309e-02 6.538051366806030273e-02
4.250948429107666016e-01 -5.977363884449005127e-02 6.538051366806030273e-02
4.246091544628143311e-01 -6.007302179932594299e-02 6.538051366806030273e-02
4.241061508655548096e-01 -6.035909056663513184e-02 6.538051366806030273e-02
4.236031770706176758e-01 -6.064516678452491760e-02 6.538051366806030273e-02
4.231001734733581543e-01 -6.093123182654380798e-02 6.538051366806030273e-02
4.225971698760986328e-01 -6.121731176972389221e-02 6.538051366806030273e-02
4.220941960811614990e-01 -6.150337681174278259e-02 6.538051366806030273e-02
4.215912222862243652e-01 -6.178944557905197144e-02 6.538051366806030273e-02
4.210943579673767090e-01 -6.207355484366416931e-02 6.538051366806030273e-02
4.206666946411132812e-01 -6.233553960919380188e-02 6.538051366806030273e-02
4.202390015125274658e-01 -6.259752810001373291e-02 6.538051366806030273e-02
4.198113381862640381e-01 -6.285951286554336548e-02 6.538051366806030273e-02
4.193836748600006104e-01 -6.312149763107299805e-02 6.538051366806030273e-02
4.189559817314147949e-01 -6.338348984718322754e-02 6.538051366806030273e-02
4.185283184051513672e-01 -6.364546716213226318e-02 6.538051366806030273e-02
4.181006252765655518e-01 -6.390745937824249268e-02 6.538051366806030273e-02
4.176729321479797363e-01 -6.416944414377212524e-02 6.538051366806030273e-02
4.172897934913635254e-01 -6.434254348278045654e-02 6.538051366806030273e-02
4.169252812862396240e-01 -6.447849422693252563e-02 6.538051366806030273e-02
4.165607392787933350e-01 -6.461443006992340088e-02 6.538051366806030273e-02
4.161962270736694336e-01 -6.475038081407546997e-02 6.538051366806030273e-02
4.158316850662231445e-01 -6.488632410764694214e-02 6.538051366806030273e-02
4.154671728610992432e-01 -6.502226740121841431e-02 6.538051366806030273e-02
4.151026308536529541e-01 -6.515821069478988647e-02 6.538051366806030273e-02
4.147381186485290527e-01 -6.529415398836135864e-02 6.538051366806030273e-02
4.143714606761932373e-01 -6.541908532381057739e-02 6.538051366806030273e-02
4.139972925186157227e-01 -6.550458818674087524e-02 6.538051366806030273e-02
4.136231243610382080e-01 -6.559009104967117310e-02 6.538051366806030273e-02
4.132489562034606934e-01 -6.567560136318206787e-02 6.538051366806030273e-02
4.128747880458831787e-01 -6.576110422611236572e-02 6.538051366806030273e-02
4.125005900859832764e-01 -6.584660708904266357e-02 6.538051366806030273e-02
4.121264219284057617e-01 -6.593210995197296143e-02 6.538051366806030273e-02
4.117522537708282471e-01 -6.601762026548385620e-02 6.538051366806030273e-02
4.113780856132507324e-01 -6.610312312841415405e-02 6.538051366806030273e-02
4.110039174556732178e-01 -6.618862599134445190e-02 6.538051366806030273e-02
4.106281399726867676e-01 -6.628141552209854126e-02 6.538051366806030273e-02
4.102499186992645264e-01 -6.638570129871368408e-02 6.538051366806030273e-02
4.098716676235198975e-01 -6.648998707532882690e-02 6.538051366806030273e-02
4.094934165477752686e-01 -6.659428030252456665e-02 6.538051366806030273e-02
4.091151952743530273e-01 -6.669856607913970947e-02 6.538051366806030273e-02
4.087369441986083984e-01 -6.680285185575485229e-02 6.538051366806030273e-02
4.083586931228637695e-01 -6.690713763236999512e-02 6.538051366806030273e-02
4.079804718494415283e-01 -6.701142340898513794e-02 6.538051366806030273e-02
4.076022207736968994e-01 -6.711571663618087769e-02 6.538051366806030273e-02
4.072213768959045410e-01 -6.722120940685272217e-02 6.538051366806030273e-02
4.068357646465301514e-01 -6.732892990112304688e-02 6.538051366806030273e-02
4.064501523971557617e-01 -6.743663549423217773e-02 6.538051366806030273e-02
4.060645401477813721e-01 -6.754434853792190552e-02 6.538051366806030273e-02
4.056788980960845947e-01 -6.765206158161163330e-02 6.538051366806030273e-02
4.052932858467102051e-01 -6.775977462530136108e-02 6.538051366806030273e-02
4.049076735973358154e-01 -6.786748766899108887e-02 6.538051366806030273e-02
4.045220613479614258e-01 -6.797520071268081665e-02 6.538051366806030273e-02
4.041364490985870361e-01 -6.808291375637054443e-02 6.538051366806030273e-02
4.033651947975158691e-01 -6.829833984375000000e-02 6.538051366806030273e-02
4.033457338809967041e-01 -6.776911020278930664e-02 6.538051366806030273e-02
4.033263325691223145e-01 -6.724130362272262573e-02 6.538051366806030273e-02
4.033069610595703125e-01 -6.671482324600219727e-02 6.538051366806030273e-02
4.032875895500183105e-01 -6.618956476449966431e-02 6.538051366806030273e-02
4.032682478427886963e-01 -6.566543132066726685e-02 6.538051366806030273e-02
4.032489061355590820e-01 -6.514231115579605103e-02 6.538051366806030273e-02
4.032295644283294678e-01 -6.462010741233825684e-02 6.538051366806030273e-02
4.032102227210998535e-01 -6.409873068332672119e-02 6.538051366806030273e-02
4.031908810138702393e-01 -6.357806921005249023e-02 6.538051366806030273e-02
4.031715393066406250e-01 -6.305803358554840088e-02 6.538051366806030273e-02
4.031521677970886230e-01 -6.253851950168609619e-02 6.538051366806030273e-02
4.031327962875366211e-01 -6.201943755149841309e-02 6.538051366806030273e-02
4.031134247779846191e-01 -6.150068715214729309e-02 6.538051366806030273e-02
4.030940234661102295e-01 -6.098217517137527466e-02 6.538051366806030273e-02
4.030745923519134521e-01 -6.046380847692489624e-02 6.538051366806030273e-02
4.030551612377166748e-01 -5.994549021124839783e-02 6.538051366806030273e-02
4.030356705188751221e-01 -5.942713096737861633e-02 6.538051366806030273e-02
4.030161798000335693e-01 -5.890863761305809021e-02 6.538051366806030273e-02
4.029966592788696289e-01 -5.838992074131965637e-02 6.538051366806030273e-02
4.029770791530609131e-01 -5.787088721990585327e-02 6.538051366806030273e-02
4.029574692249298096e-01 -5.735145509243011475e-02 6.538051366806030273e-02
4.029377996921539307e-01 -5.683152750134468079e-02 6.538051366806030273e-02
4.029181301593780518e-01 -5.631101876497268677e-02 6.538051366806030273e-02
4.028983712196350098e-01 -5.578984692692756653e-02 6.538051366806030273e-02
4.028785824775695801e-01 -5.526792630553245544e-02 6.538051366806030273e-02
4.028587341308593750e-01 -5.474516749382019043e-02 6.538051366806030273e-02
4.028388559818267822e-01 -5.422148853540420532e-02 6.538051366806030273e-02
4.028188884258270264e-01 -5.369680374860763550e-02 6.538051366806030273e-02
4.027988910675048828e-01 -5.317103862762451172e-02 6.538051366806030273e-02
4.027788043022155762e-01 -5.264410749077796936e-02 6.538051366806030273e-02
4.027586579322814941e-01 -5.211592838168144226e-02 6.538051366806030273e-02
4.027384519577026367e-01 -5.158642679452896118e-02 6.538051366806030273e-02
4.027181863784790039e-01 -5.105552077293395996e-02 6.538051366806030273e-02
4.026978313922882080e-01 -5.052313581109046936e-02 6.538051366806030273e-02
4.026773869991302490e-01 -4.998919367790222168e-02 6.538051366806030273e-02
4.026568830013275146e-01 -4.945361986756324768e-02 6.538051366806030273e-02
4.026363193988800049e-01 -4.891633987426757812e-02 6.538051366806030273e-02
4.026156663894653320e-01 -4.837727919220924377e-02 6.538051366806030273e-02
4.025948941707611084e-01 -4.783637076616287231e-02 6.538051366806030273e-02
4.025740623474121094e-01 -4.729354009032249451e-02 6.538051366806030273e-02
4.025531709194183350e-01 -4.674871638417243958e-02 6.538051366806030273e-02
4.025321602821350098e-01 -4.620182886719703674e-02 6.538051366806030273e-02
4.025110602378845215e-01 -4.565281420946121216e-02 6.538051366806030273e-02
4.024898409843444824e-01 -4.510160535573959351e-02 6.538051366806030273e-02
4.024685621261596680e-01 -4.454813152551651001e-02 6.538051366806030273e-02
4.024471640586853027e-01 -4.399233311414718628e-02 6.538051366806030273e-02
4.024256765842437744e-01 -4.343414306640625000e-02 6.538051366806030273e-02
4.024040997028350830e-01 -4.287350177764892578e-02 6.538051366806030273e-02
4.023824036121368408e-01 -4.231034591794013977e-02 6.538051366806030273e-02
4.023606181144714355e-01 -4.174461588263511658e-02 6.538051366806030273e-02
4.023387134075164795e-01 -4.117624834179878235e-02 6.538051366806030273e-02
4.023166894912719727e-01 -4.060519114136695862e-02 6.538051366806030273e-02
4.022945761680603027e-01 -4.003138840198516846e-02 6.538051366806030273e-02
4.022723436355590820e-01 -3.945477679371833801e-02 6.538051366806030273e-02
4.022499918937683105e-01 -3.887530788779258728e-02 6.538051366806030273e-02
4.022275209426879883e-01 -3.829292953014373779e-02 6.538051366806030273e-02
4.022049605846405029e-01 -3.770758211612701416e-02 6.538051366806030273e-02
4.021822512149810791e-01 -3.711922466754913330e-02 6.538051366806030273e-02
4.021594524383544922e-01 -3.652779757976531982e-02 6.538051366806030273e-02
4.021365046501159668e-01 -3.593325614929199219e-02 6.538051366806030273e-02
4.021134674549102783e-01 -3.533555567264556885e-02 6.538051366806030273e-02
4.020902812480926514e-01 -3.473464772105216980e-02 6.538051366806030273e-02
4.020669758319854736e-01 -3.413049131631851196e-02 6.538051366806030273e-02
4.020435512065887451e-01 -3.352303430438041687e-02 6.538051366806030273e-02
4.020200073719024658e-01 -3.291224315762519836e-02 6.538051366806030273e-02
4.019963145256042480e-01 -3.229806944727897644e-02 6.538051366806030273e-02
4.019725322723388672e-01 -3.168047964572906494e-02 6.538051366806030273e-02
4.019485712051391602e-01 -3.105942904949188232e-02 6.538051366806030273e-02
4.019245207309722900e-01 -3.043488599359989166e-02 6.538051366806030273e-02
4.019003212451934814e-01 -2.980681322515010834e-02 6.538051366806030273e-02
4.018760025501251221e-01 -2.917517535388469696e-02 6.538051366806030273e-02
4.018515348434448242e-01 -2.853993885219097137e-02 6.538051366806030273e-02
4.018269479274749756e-01 -2.790107205510139465e-02 6.538051366806030273e-02
4.018022418022155762e-01 -2.725854516029357910e-02 6.538051366806030273e-02
4.017773866653442383e-01 -2.661232836544513702e-02 6.538051366806030273e-02
4.017523825168609619e-01 -2.596239186823368073e-02 6.538051366806030273e-02
4.017272591590881348e-01 -2.530871331691741943e-02 6.538051366806030273e-02
4.017019867897033691e-01 -2.465126477181911469e-02 6.538051366806030273e-02
4.016765952110290527e-01 -2.399002388119697571e-02 6.538051366806030273e-02
4.016510546207427979e-01 -2.332506142556667328e-02 6.538051366806030273e-02
4.016254246234893799e-01 -2.265670709311962128e-02 6.538051366806030273e-02
4.015996456146240234e-01 -2.198533341288566589e-02 6.538051366806030273e-02
4.015738070011138916e-01 -2.131129987537860870e-02 6.538051366806030273e-02
4.015478789806365967e-01 -2.063496969640254974e-02 6.538051366806030273e-02
4.015218913555145264e-01 -1.995669864118099213e-02 6.538051366806030273e-02
4.014958441257476807e-01 -1.927683688700199127e-02 6.538051366806030273e-02
4.014697670936584473e-01 -1.859573461115360260e-02 6.538051366806030273e-02
4.014436602592468262e-01 -1.791373081505298615e-02 6.538051366806030273e-02
4.014175236225128174e-01 -1.723116636276245117e-02 6.538051366806030273e-02
4.013913869857788086e-01 -1.654837280511856079e-02 6.538051366806030273e-02
4.013652801513671875e-01 -1.586567983031272888e-02 6.538051366806030273e-02
4.013391733169555664e-01 -1.518341153860092163e-02 6.538051366806030273e-02
4.013131260871887207e-01 -1.450188830494880676e-02 6.538051366806030273e-02
4.012871086597442627e-01 -1.382142398506402969e-02 6.538051366806030273e-02
4.012611508369445801e-01 -1.314232870936393738e-02 6.538051366806030273e-02
4.012352824211120605e-01 -1.246490795165300369e-02 6.538051366806030273e-02
4.012094736099243164e-01 -1.178946066647768021e-02 6.538051366806030273e-02
4.011837840080261230e-01 -1.111628394573926926e-02 6.538051366806030273e-02
4.011581540107727051e-01 -1.044566649943590164e-02 6.538051366806030273e-02
4.011326730251312256e-01 -9.777894243597984314e-03 6.538051366806030273e-02
4.011073112487792969e-01 -9.113247506320476532e-03 6.538051366806030273e-02
4.010820686817169189e-01 -8.452001027762889862e-03 6.538051366806030273e-02
4.010569751262664795e-01 -7.794425357133150101e-03 6.538051366806030273e-02
4.010320603847503662e-01 -7.140784058719873428e-03 6.538051366806030273e-02
4.010072648525238037e-01 -6.491337437182664871e-03 6.538051366806030273e-02
4.009826779365539551e-01 -5.846339277923107147e-03 6.538051366806030273e-02
4.009582698345184326e-01 -5.206038709729909897e-03 6.538051366806030273e-02
4.009340405464172363e-01 -4.570678807795047760e-03 6.538051366806030273e-02
4.009100198745727539e-01 -3.940497059375047684e-03 6.538051366806030273e-02
4.008862078189849854e-01 -3.315726993605494499e-03 6.538051366806030273e-02
4.008626341819763184e-01 -2.696595154702663422e-03 6.538051366806030273e-02
4.008392691612243652e-01 -2.083322731778025627e-03 6.538051366806030273e-02
4.008161425590515137e-01 -1.476125675253570080e-03 6.538051366806030273e-02
4.007932543754577637e-01 -8.752142312005162239e-04 6.538051366806030273e-02
4.007706046104431152e-01 -2.807926794048398733e-04 6.538051366806030273e-02
4.007482230663299561e-01 3.069402009714394808e-04 6.538051366806030273e-02
4.007261097431182861e-01 8.877915097400546074e-04 6.538051366806030273e-02
4.007042944431304932e-01 1.461574225686490536e-03 6.538051366806030273e-02
4.006827175617218018e-01 2.028106944635510445e-03 6.538051366806030273e-02
4.006614387035369873e-01 2.587214810773730278e-03 6.538051366806030273e-02
4.006404578685760498e-01 3.138728206977248192e-03 6.538051366806030273e-02
4.006197750568389893e-01 3.682484151795506477e-03 6.538051366806030273e-02
4.005993902683258057e-01 4.218325018882751465e-03 6.538051366806030273e-02
4.005793035030364990e-01 4.746099933981895447e-03 6.538051366806030273e-02
4.005595445632934570e-01 5.265663843601942062e-03 6.538051366806030273e-02
4.005400836467742920e-01 5.776877980679273605e-03 6.538051366806030273e-02
4.005209803581237793e-01 6.279610097408294678e-03 6.538051366806030273e-02
4.005021750926971436e-01 6.773733999580144882e-03 6.538051366806030273e-02
4.004837274551391602e-01 7.259129080921411514e-03 6.538051366806030273e-02
4.004656076431274414e-01 7.735682185739278793e-03 6.538051366806030273e-02
4.004478454589843750e-01 8.203285746276378632e-03 6.538051366806030273e-02
4.004304111003875732e-01 8.661840111017227173e-03 6.538051366806030273e-02
4.004133343696594238e-01 9.111250750720500946e-03 6.538051366806030273e-02
4.003966152667999268e-01 9.551430121064186096e-03 6.538051366806030273e-02
4.003802239894866943e-01 9.982296265661716461e-03 6.538051366806030273e-02
4.003642201423645020e-01 1.040377561002969742e-02 6.538051366806030273e-02
4.003485739231109619e-01 1.081580016762018204e-02 6.538051366806030273e-02
4.003332853317260742e-01 1.121831033378839493e-02 6.538051366806030273e-02
4.003183543682098389e-01 1.161124929785728455e-02 6.538051366806030273e-02
4.003037810325622559e-01 1.199457235634326935e-02 6.538051366806030273e-02
4.002895951271057129e-01 1.236823759973049164e-02 6.538051366806030273e-02
4.002757668495178223e-01 1.273221150040626526e-02 6.538051366806030273e-02
4.002623260021209717e-01 1.308646798133850098e-02 6.538051366806030273e-02
4.002492427825927734e-01 1.343098655343055725e-02 6.538051366806030273e-02
4.002365171909332275e-01 1.376575604081153870e-02 6.538051366806030273e-02
4.002241790294647217e-01 1.409076899290084839e-02 6.538051366806030273e-02
4.002122282981872559e-01 1.440602913498878479e-02 6.538051366806030273e-02
4.002006053924560547e-01 1.471154391765594482e-02 6.538051366806030273e-02
4.001893997192382812e-01 1.500733010470867157e-02 6.538051366806030273e-02
4.001785218715667725e-01 1.529341097921133041e-02 6.538051366806030273e-02
4.001680314540863037e-01 1.556981727480888367e-02 6.538051366806030273e-02
4.001579284667968750e-01 1.583658531308174133e-02 6.538051366806030273e-02
4.001481533050537109e-01 1.609376259148120880e-02 6.538051366806030273e-02
4.001387655735015869e-01 1.634140126407146454e-02 6.538051366806030273e-02
4.001297056674957275e-01 1.657956279814243317e-02 6.538051366806030273e-02
4.001210331916809082e-01 1.680831238627433777e-02 6.538051366806030273e-02
4.001127183437347412e-01 1.702772825956344604e-02 6.538051366806030273e-02
4.001047313213348389e-01 1.723789051175117493e-02 6.538051366806030273e-02
4.000971019268035889e-01 1.743889413774013519e-02 6.538051366806030273e-02
4.000898301601409912e-01 1.763083226978778839e-02 6.538051366806030273e-02
4.000828862190246582e-01 1.781381666660308838e-02 6.538051366806030273e-02
4.000762999057769775e-01 1.798795722424983978e-02 6.538051366806030273e-02
4.000700116157531738e-01 1.815337873995304108e-02 6.538051366806030273e-02
4.000640809535980225e-01 1.831020787358283997e-02 6.538051366806030273e-02
4.000584483146667480e-01 1.845858618617057800e-02 6.538051366806030273e-02
4.000531136989593506e-01 1.859865710139274597e-02 6.538051366806030273e-02
4.000481367111206055e-01 1.873057335615158081e-02 6.538051366806030273e-02
4.000434279441833496e-01 1.885449886322021484e-02 6.538051366806030273e-02
4.000390172004699707e-01 1.897060312330722809e-02 6.538051366806030273e-02
4.000349044799804688e-01 1.907906308770179749e-02 6.538051366806030273e-02
4.000310897827148438e-01 1.918006688356399536e-02 6.538051366806030273e-02
4.000275433063507080e-01 1.927380822598934174e-02 6.538051366806030273e-02
4.000242352485656738e-01 1.936048828065395355e-02 6.538051366806030273e-02
4.000212252140045166e-01 1.944032125174999237e-02 6.538051366806030273e-02
4.000184535980224609e-01 1.951352693140506744e-02 6.538051366806030273e-02
4.000159204006195068e-01 1.958033069968223572e-02 6.538051366806030273e-02
4.000136256217956543e-01 1.964096911251544952e-02 6.538051366806030273e-02
4.000115394592285156e-01 1.969568990170955658e-02 6.538051366806030273e-02
4.000096917152404785e-01 1.974474452435970306e-02 6.538051366806030273e-02
4.000080227851867676e-01 1.978839747607707977e-02 6.538051366806030273e-02
4.000065624713897705e-01 1.982691697776317596e-02 6.538051366806030273e-02
4.000052809715270996e-01 1.986058428883552551e-02 6.538051366806030273e-02
4.000041782855987549e-01 1.988968625664710999e-02 6.538051366806030273e-02
4.000032544136047363e-01 1.991452090442180634e-02 6.538051366806030273e-02
4.000024497509002686e-01 1.993539556860923767e-02 6.538051366806030273e-02
4.000017940998077393e-01 1.995262317359447479e-02 6.538051366806030273e-02
4.000012874603271484e-01 1.996652968227863312e-02 6.538051366806030273e-02
4.000008702278137207e-01 1.997744478285312653e-02 6.538051366806030273e-02
4.000005424022674561e-01 1.998571306467056274e-02 6.538051366806030273e-02
4.000003337860107422e-01 1.999168284237384796e-02 6.538051366806030273e-02
4.000001549720764160e-01 1.999571733176708221e-02 6.538051366806030273e-02
4.000000655651092529e-01 1.999818161129951477e-02 6.538051366806030273e-02
4.000000357627868652e-01 1.999945752322673798e-02 6.538051366806030273e-02
4.000000059604644775e-01 1.999993063509464264e-02 6.538051366806030273e-02
