4.000000059604644775e-01 -3.779999911785125732e-01 6.499999761581420898e-02 0.000000000000000000e+00 0.000000000000000000e+00 0.000000000000000000e+00
4.000000059604644775e-01 -3.779999911785125732e-01 6.499999761581420898e-02 0.000000000000000000e+00 0.000000000000000000e+00 0.000000000000000000e+00
4.000000059604644775e-01 -3.765366673469543457e-01 6.499999761581420898e-02 -7.754383091196359601e-08 1.903741061687469482e-02 3.101753520695638144e-08
4.000000059604644775e-01 -3.750733435153961182e-01 6.499999761581420898e-02 -5.420547921630713972e-08 1.330784801393747330e-02 2.168219737086474197e-08
4.000000059604644775e-01 -3.736099898815155029e-01 6.499999761581420898e-02 -6.122963469579190132e-08 1.503239665180444717e-02 2.449184854924624233e-08
4.000000059604644775e-01 -3.721466660499572754e-01 6.499999761581420898e-02 -5.911556399951223284e-08 1.451309584081172943e-02 2.364623163941814710e-08
4.000000059604644775e-01 -3.706833422183990479e-01 6.499999761581420898e-02 -5.975184080853068735e-08 1.466951332986354828e-02 2.390073738922637858e-08
4.000000059604644775e-01 -3.692199885845184326e-01 6.499999761581420898e-02 -5.956033888310230395e-08 1.462255977094173431e-02 2.382413555324092158e-08
4.000000059604644775e-01 -3.677566647529602051e-01 6.499999761581420898e-02 -5.961798876796819968e-08 1.463642716407775879e-02 2.384719266501633683e-08
4.000000059604644775e-01 -3.662933409214019775e-01 6.499999761581420898e-02 -5.960063376164725923e-08 1.463237684220075607e-02 2.384025243884480005e-08
4.000000059604644775e-01 -3.648299872875213623e-01 6.499999761581420898e-02 -5.960585269804141717e-08 1.463371980935335159e-02 2.384234143448793475e-08
4.000000059604644775e-01 -3.633666634559631348e-01 6.499999761581420898e-02 -5.960428595130906615e-08 1.463305205106735229e-02 2.384171082780994766e-08
4.000000059604644775e-01 -3.619033396244049072e-01 6.499999761581420898e-02 -5.960473714594627381e-08 1.463337615132331848e-02 2.384190089799176349e-08
4.000000059604644775e-01 -3.604399859905242920e-01 6.499999761581420898e-02 -5.960461990639487340e-08 1.463340222835540771e-02 2.384184583092974208e-08
4.000000059604644775e-01 -3.589766621589660645e-01 6.499999761581420898e-02 -5.960465188081798260e-08 1.463313028216362000e-02 2.384186181814129668e-08
4.000000059604644775e-01 -3.575133383274078369e-01 6.499999761581420898e-02 -5.960463411724958860e-08 1.463333610445261002e-02 2.384185648907077848e-08
4.000000059604644775e-01 -3.560500144958496094e-01 6.499999761581420898e-02 -5.960464477539062500e-08 1.463339757174253464e-02 2.384186004178445728e-08
4.000000059604644775e-01 -3.545866608619689941e-01 6.499999761581420898e-02 -5.960465898624534020e-08 1.463350281119346619e-02 2.384186004178445728e-08
4.000000059604644775e-01 -3.531233370304107666e-01 6.499999761581420898e-02 -5.960464477539062500e-08 1.463320665061473846e-02 2.384185826542761788e-08
4.000000059604644775e-01 -3.516600131988525391e-01 6.499999761581420898e-02 -5.960464477539062500e-08 1.463341992348432541e-02 2.384185826542761788e-08
4.000000059604644775e-01 -3.501966595649719238e-01 6.499999761581420898e-02 -5.960463766996326740e-08 1.463347859680652618e-02 2.384185826542761788e-08
4.000000059604644775e-01 -3.487333357334136963e-01 6.499999761581420898e-02 -5.960463056453590980e-08 1.463319733738899231e-02 2.384185826542761788e-08
4.000000059604644775e-01 -3.472700119018554688e-01 6.499999761581420898e-02 -5.960465188081798260e-08 1.463340595364570618e-02 2.384185471271393908e-08
4.000000059604644775e-01 -3.458066582679748535e-01 6.499999761581420898e-02 -5.960463411724958860e-08 1.463346648961305618e-02 2.384186004178445728e-08
4.000000059604644775e-01 -3.443433344364166260e-01 6.499999761581420898e-02 -5.960463766996326740e-08 1.463318429887294769e-02 2.384185648907077848e-08
4.000000059604644775e-01 -3.428800106048583984e-01 6.499999761581420898e-02 -5.960464122267694620e-08 1.463339291512966156e-02 2.384185648907077848e-08
4.000000059604644775e-01 -3.414166569709777832e-01 6.499999761581420898e-02 -5.960464122267694620e-08 1.463345345109701157e-02 2.384185648907077848e-08
4.000000059604644775e-01 -3.399533331394195557e-01 6.499999761581420898e-02 -5.960464477539062500e-08 1.463317126035690308e-02 2.384185648907077848e-08
4.000000059604644775e-01 -3.384900093078613281e-01 6.499999761581420898e-02 -5.960463411724958860e-08 1.463337987661361694e-02 2.384186004178445728e-08
4.000000059604644775e-01 -3.370266556739807129e-01 6.499999761581420898e-02 -5.960465188081798260e-08 1.463344041258096695e-02 2.384185648907077848e-08
4.000000059604644775e-01 -3.355633318424224854e-01 6.499999761581420898e-02 -5.960464122267694620e-08 1.463315822184085846e-02 2.384185648907077848e-08
4.000000059604644775e-01 -3.341000080108642578e-01 6.499999761581420898e-02 -5.960464122267694620e-08 1.463336683809757233e-02 2.384185471271393908e-08
4.000000059604644775e-01 -3.326366543769836426e-01 6.499999761581420898e-02 -5.960465898624534020e-08 1.463342737406492233e-02 2.384185826542761788e-08
4.000000059604644775e-01 -3.311733305454254150e-01 6.499999761581420898e-02 -5.960463766996326740e-08 1.463314518332481384e-02 2.384186004178445728e-08
4.000000059604644775e-01 -3.297100067138671875e-01 6.499999761581420898e-02 -5.960464477539062500e-08 1.463335379958152771e-02 2.384185471271393908e-08
4.000000059604644775e-01 -3.282466530799865723e-01 6.499999761581420898e-02 -5.960465898624534020e-08 1.463341433554887772e-02 2.384186004178445728e-08
4.000000059604644775e-01 -3.267833292484283447e-01 6.499999761581420898e-02 -5.960465188081798260e-08 1.463313214480876923e-02 2.384185471271393908e-08
4.000000059604644775e-01 -3.253200054168701172e-01 6.499999761581420898e-02 -5.960463411724958860e-08 1.463334076106548309e-02 2.384186004178445728e-08
4.000000059604644775e-01 -3.238566517829895020e-01 6.499999761581420898e-02 -5.960464477539062500e-08 1.463340129703283310e-02 2.384185826542761788e-08
4.000000059604644775e-01 -3.223933279514312744e-01 6.499999761581420898e-02 -5.960463766996326740e-08 1.463311910629272461e-02 2.384185648907077848e-08
4.000000059604644775e-01 -3.209300041198730469e-01 6.499999761581420898e-02 -5.960464477539062500e-08 1.463332772254943848e-02 2.384185826542761788e-08
4.000000059604644775e-01 -3.194666802883148193e-01 6.499999761581420898e-02 -5.960465898624534020e-08 1.463338825851678848e-02 2.384185648907077848e-08
4.000000059604644775e-01 -3.180033266544342041e-01 6.499999761581420898e-02 -5.960464477539062500e-08 1.463349442929029465e-02 2.384185826542761788e-08
4.000000059604644775e-01 -3.165400028228759766e-01 6.499999761581420898e-02 -5.960465188081798260e-08 1.463319826871156693e-02 2.384185648907077848e-08
4.000000059604644775e-01 -3.150766789913177490e-01 6.499999761581420898e-02 -5.960463766996326740e-08 1.463341061025857925e-02 2.384185648907077848e-08
4.000000059604644775e-01 -3.136133253574371338e-01 6.499999761581420898e-02 -5.960465898624534020e-08 1.463347021490335464e-02 2.384186004178445728e-08
4.000000059604644775e-01 -3.121500015258789062e-01 6.499999761581420898e-02 -5.960464477539062500e-08 1.463318802416324615e-02 2.384185826542761788e-08
4.000000059604644775e-01 -3.106866776943206787e-01 6.499999761581420898e-02 -5.960464122267694620e-08 1.463339664041996002e-02 2.384185648907077848e-08
4.000000059604644775e-01 -3.092233240604400635e-01 6.499999761581420898e-02 -5.960464122267694620e-08 1.463345810770988464e-02 2.384185826542761788e-08
4.000000059604644775e-01 -3.077600002288818359e-01 6.499999761581420898e-02 -5.960463056453590980e-08 1.463317498564720154e-02 2.384185826542761788e-08
4.000000059604644775e-01 -3.062966763973236084e-01 6.499999761581420898e-02 -5.960463056453590980e-08 1.463338360190391541e-02 2.384185826542761788e-08
4.000000059604644775e-01 -3.062966763973236084e-01 6.499999761581420898e-02 -5.960463056453590980e-08 1.463338360190391541e-02 2.384185826542761788e-08
4.000000059604644775e-01 -3.062966763973236084e-01 6.499999761581420898e-02 -5.960463056453590980e-08 1.463338360190391541e-02 2.384185826542761788e-08
4.000000059604644775e-01 -3.062966763973236084e-01 6.499999761581420898e-02 -5.960463056453590980e-08 1.463338360190391541e-02 2.384185826542761788e-08
4.000000059604644775e-01 -3.062966763973236084e-01 6.499999761581420898e-02 -5.960463056453590980e-08 1.463338360190391541e-02 2.384185826542761788e-08
4.000000059604644775e-01 -3.062966763973236084e-01 6.499999761581420898e-02 -5.960463056453590980e-08 1.463338360190391541e-02 2.384185826542761788e-08
4.000000059604644775e-01 -3.062966763973236084e-01 6.499999761581420898e-02 -5.960463056453590980e-08 1.463338360190391541e-02 2.384185826542761788e-08
4.000000059604644775e-01 -3.062966763973236084e-01 6.499999761581420898e-02 -5.960463056453590980e-08 1.463338360190391541e-02 2.384185826542761788e-08
4.000000059604644775e-01 -3.048333227634429932e-01 6.499999761581420898e-02 -5.960465898624534020e-08 1.463344506919384003e-02 2.384185826542761788e-08
4.000000059604644775e-01 -3.048333227634429932e-01 6.499999761581420898e-02 -5.960465898624534020e-08 1.463344506919384003e-02 2.384185826542761788e-08
4.000000059604644775e-01 -3.033702969551086426e-01 6.499999761581420898e-02 -5.959221383022850205e-08 3.366694599390029907e-02 2.383688268992045778e-08
4.000000059604644775e-01 -3.033702969551086426e-01 6.499999761581420898e-02 -5.959221383022850205e-08 3.366694599390029907e-02 2.383688268992045778e-08
4.000000059604644775e-01 -3.004435598850250244e-01 6.499999761581420898e-02 -5.959592641602284857e-08 2.794341184198856354e-02 2.383837305330871459e-08
4.000000059604644775e-01 -2.989799976348876953e-01 6.499999761581420898e-02 -5.960726667808557977e-08 1.063034962862730026e-02 2.384290986867654283e-08
3.999499976634979248e-01 -2.987191081047058105e-01 6.499999761581420898e-02 -6.504891207441687584e-04 1.947016426129266620e-04 4.366970673963521676e-10
3.998274803161621094e-01 -2.987143397331237793e-01 6.499999761581420898e-02 -1.398327061906456947e-03 3.566085069905966520e-06 7.999162096594680804e-12
3.996297717094421387e-01 -2.987142503261566162e-01 6.499999761581420898e-02 -2.151263179257512093e-03 7.366141119291569339e-08 1.512969030658187219e-13
3.993476033210754395e-01 -2.987135350704193115e-01 6.499999761581420898e-02 -3.023294964805245399e-03 9.326759936811868101e-06 3.424842874577560536e-12
3.989400565624237061e-01 -2.986957132816314697e-01 6.499999761581420898e-02 -4.392321687191724777e-03 2.289788826601579785e-04 5.812582359876472538e-11
3.983702957630157471e-01 -2.985908091068267822e-01 6.499999761581420898e-02 -6.090539507567882538e-03 1.296000089496374130e-03 2.593505132875151276e-10
3.976570069789886475e-01 -2.982698976993560791e-01 6.499999761581420898e-02 -7.446669973433017731e-03 3.784969914704561234e-03 6.536226004882905727e-10
3.968673944473266602e-01 -2.976018786430358887e-01 6.499999761581420898e-02 -8.031566627323627472e-03 7.551522459834814072e-03 1.193372622942945327e-09
3.960714042186737061e-01 -2.965406477451324463e-01 6.499999761581420898e-02 -7.938183844089508057e-03 1.153362635523080826e-02 1.737356147835100728e-09
3.953022956848144531e-01 -2.951581180095672607e-01 6.499999761581420898e-02 -7.616557646542787552e-03 1.451500318944454193e-02 2.144595390163317461e-09
3.945560753345489502e-01 -2.935806810855865479e-01 6.499999761581420898e-02 -7.415841799229383469e-03 1.615358516573905945e-02 2.384769492991267725e-09
3.938182890415191650e-01 -2.919071316719055176e-01 6.499999761581420898e-02 -7.366267498582601547e-03 1.691057160496711731e-02 2.520847974807338687e-09
3.930836319923400879e-01 -2.901842296123504639e-01 6.499999761581420898e-02 -7.340618409216403961e-03 1.732484251260757446e-02 2.622310368849412043e-09
3.923574090003967285e-01 -2.884255051612854004e-01 6.499999761581420898e-02 -7.238593418151140213e-03 1.766619086265563965e-02 2.724508840756811878e-09
3.916495144367218018e-01 -2.866337001323699951e-01 6.499999761581420898e-02 -7.030879147350788116e-03 1.799375005066394806e-02 2.835823798008618724e-09
3.909694552421569824e-01 -2.848116755485534668e-01 6.499999761581420898e-02 -6.731144618242979050e-03 1.828840561211109161e-02 2.954003486266287837e-09
3.903244733810424805e-01 -2.829646468162536621e-01 6.499999761581420898e-02 -6.365175824612379074e-03 1.852488704025745392e-02 3.075391941109728577e-09
3.897193372249603271e-01 -2.810994386672973633e-01 6.499999761581420898e-02 -5.957022309303283691e-03 1.869043521583080292e-02 3.197499820473126420e-09
3.891567885875701904e-01 -2.792232334613800049e-01 6.499999761581420898e-02 -5.525808315724134445e-03 1.878349855542182922e-02 3.318995078771536100e-09
3.886379003524780273e-01 -2.773430049419403076e-01 6.499999761581420898e-02 -5.087497178465127945e-03 1.880796439945697784e-02 3.439035278773872051e-09
3.881623744964599609e-01 -2.754650413990020752e-01 6.499999761581420898e-02 -4.655206575989723206e-03 1.877096109092235565e-02 3.557065753057031543e-09
3.877287805080413818e-01 -2.735948562622070312e-01 6.499999761581420898e-02 -4.239673726260662079e-03 1.868103258311748505e-02 3.672665949139286568e-09
3.873348832130432129e-01 -2.717369794845581055e-01 6.499999761581420898e-02 -3.848482621833682060e-03 1.854798011481761932e-02 3.785632252117920871e-09
3.869778215885162354e-01 -2.698949873447418213e-01 6.499999761581420898e-02 -3.486823989078402519e-03 1.838156580924987793e-02 3.895860078984014763e-09
3.866544961929321289e-01 -2.680714428424835205e-01 6.499999761581420898e-02 -3.156913444399833679e-03 1.819149404764175415e-02 4.003429143750736330e-09
3.863616287708282471e-01 -2.662680745124816895e-01 6.499999761581420898e-02 -2.859845757484436035e-03 1.798610389232635498e-02 4.108397622104575930e-09
3.860960304737091064e-01 -2.644858360290527344e-01 6.499999761581420898e-02 -2.594656078144907951e-03 1.777297630906105042e-02 4.210944481997103139e-09
3.858546018600463867e-01 -2.627250552177429199e-01 6.499999761581420898e-02 -2.359898062422871590e-03 1.755820773541927338e-02 4.311213608332309377e-09
3.856345117092132568e-01 -2.609854936599731445e-01 6.499999761581420898e-02 -2.153007546439766884e-03 1.734686642885208130e-02 4.409411502592774923e-09
3.854331374168395996e-01 -2.592665255069732666e-01 6.499999761581420898e-02 -1.971793593838810921e-03 1.714249700307846069e-02 4.505659845221998694e-09
3.852481245994567871e-01 -2.575672566890716553e-01 6.499999761581420898e-02 -1.813535229302942753e-03 1.694777794182300568e-02 4.600116731978687312e-09
3.850773870944976807e-01 -2.558865547180175781e-01 6.499999761581420898e-02 -1.675514155067503452e-03 1.676455512642860413e-02 4.692931820926560249e-09
3.849190771579742432e-01 -2.542232275009155273e-01 6.499999761581420898e-02 -1.555302529595792294e-03 1.659379526972770691e-02 4.784218798903339120e-09
3.847716152667999268e-01 -2.525759637355804443e-01 6.499999761581420898e-02 -1.450321986339986324e-03 1.643610373139381409e-02 4.874116665831706996e-09
3.846336305141448975e-01 -2.509434819221496582e-01 6.499999761581420898e-02 -1.358754932880401611e-03 1.629135198891162872e-02 4.962693367360770935e-09
3.845039010047912598e-01 -2.493245005607604980e-01 6.499999761581420898e-02 -1.278847688809037209e-03 1.615921221673488617e-02 5.050023954566995599e-09
3.843814134597778320e-01 -2.477178126573562622e-01 6.499999761581420898e-02 -1.208692556247115135e-03 1.603914611041545868e-02 5.136207015254967700e-09
3.842652738094329834e-01 -2.461222559213638306e-01 6.499999761581420898e-02 -1.146999769844114780e-03 1.593041419982910156e-02 5.221294063773029848e-09
3.841547667980194092e-01 -2.445367723703384399e-01 6.499999761581420898e-02 -1.092419843189418316e-03 1.583217643201351166e-02 5.305352157591869400e-09
3.840492069721221924e-01 -2.429603785276412964e-01 6.499999761581420898e-02 -1.044348115101456642e-03 1.574349217116832733e-02 5.388389734406473508e-09
3.839480876922607422e-01 -2.413921654224395752e-01 6.499999761581420898e-02 -1.001407275907695293e-03 1.566358096897602081e-02 5.470494723880392485e-09
3.838508725166320801e-01 -2.398313581943511963e-01 6.499999761581420898e-02 -9.634638554416596889e-04 1.559142675250768661e-02 5.551649362445232327e-09
3.837571740150451660e-01 -2.382772117853164673e-01 6.499999761581420898e-02 -9.289942099712789059e-04 1.552647445350885391e-02 5.631968669206344202e-09
3.836666643619537354e-01 -2.367290705442428589e-01 6.499999761581420898e-02 -8.977708057500422001e-04 1.546785049140453339e-02 5.711455308698987210e-09
3.835790455341339111e-01 -2.351863682270050049e-01 6.499999761581420898e-02 -8.696190197952091694e-04 1.541479863226413727e-02 5.790112833636840151e-09
3.834940493106842041e-01 -2.336485832929611206e-01 6.499999761581420898e-02 -8.441669633612036705e-04 1.536671817302703857e-02 5.867967001194074328e-09
3.834114074707031250e-01 -2.321152687072753906e-01 6.499999761581420898e-02 -8.210169617086648941e-04 1.532303448766469955e-02 5.945049785793798947e-09
3.833309710025787354e-01 -2.305860221385955811e-01 6.499999761581420898e-02 -7.993161561898887157e-04 1.528335735201835632e-02 6.021434462155639267e-09
3.832525610923767090e-01 -2.290604710578918457e-01 6.499999761581420898e-02 -7.795049459673464298e-04 1.524713542312383652e-02 6.097084170875177733e-09
3.831759989261627197e-01 -2.275383025407791138e-01 6.499999761581420898e-02 -7.613101042807102203e-04 1.521394588053226471e-02 6.172026001394215200e-09
3.831011950969696045e-01 -2.260192483663558960e-01 6.499999761581420898e-02 -7.441821508109569550e-04 1.518351025879383087e-02 6.246312356239513974e-09
3.830279707908630371e-01 -2.245030552148818970e-01 6.499999761581420898e-02 -7.285945466719567776e-04 1.515547651797533035e-02 6.319909484631125451e-09
3.829562664031982422e-01 -2.229894846677780151e-01 6.499999761581420898e-02 -7.135502528399229050e-04 1.512968633323907852e-02 6.392909757124698444e-09
3.828859925270080566e-01 -2.214783579111099243e-01 6.499999761581420898e-02 -6.996779702603816986e-04 1.510576624423265457e-02 6.465266988442408547e-09
3.828170001506805420e-01 -2.199694812297821045e-01 6.499999761581420898e-02 -6.868899799883365631e-04 1.508357655256986618e-02 6.536998498063439911e-09
3.827492892742156982e-01 -2.184627056121826172e-01 6.499999761581420898e-02 -6.741977413184940815e-04 1.506300363689661026e-02 6.608194880186601949e-09
3.826827406883239746e-01 -2.169578820466995239e-01 6.499999761581420898e-02 -6.626894464716315269e-04 1.504378765821456909e-02 6.678774866486492101e-09
3.826173245906829834e-01 -2.154548764228820801e-01 6.499999761581420898e-02 -6.515135755762457848e-04 1.502587087452411652e-02 6.748818837110093227e-09
3.825529813766479492e-01 -2.139535844326019287e-01 6.499999761581420898e-02 -6.411709473468363285e-04 1.500905957072973251e-02 6.818294373545086273e-09
3.824895918369293213e-01 -2.124538868665695190e-01 6.499999761581420898e-02 -6.315333885140717030e-04 1.499330345541238785e-02 6.887222347984334192e-09
3.824272155761718750e-01 -2.109556943178176880e-01 6.499999761581420898e-02 -6.215606117621064186e-04 1.497857924550771713e-02 6.955696907340325197e-09
3.823657333850860596e-01 -2.094589024782180786e-01 6.499999761581420898e-02 -6.129323737695813179e-04 1.496464945375919342e-02 7.023590153920622470e-09
3.823050856590270996e-01 -2.079634517431259155e-01 6.499999761581420898e-02 -6.043873727321624756e-04 1.495152525603771210e-02 7.091014442295318077e-09
3.822453320026397705e-01 -2.064692378044128418e-01 6.499999761581420898e-02 -5.956263048574328423e-04 1.493924111127853394e-02 7.158001302798311372e-09
3.821863234043121338e-01 -2.049762159585952759e-01 6.499999761581420898e-02 -5.882544210180640221e-04 1.492747850716114044e-02 7.224431719521362538e-09
3.821281194686889648e-01 -2.034843116998672485e-01 6.499999761581420898e-02 -5.802847445011138916e-04 1.491646654903888702e-02 7.290473114096585050e-09
3.820706307888031006e-01 -2.019934654235839844e-01 6.499999761581420898e-02 -5.733307334594428539e-04 1.490596216171979904e-02 7.356006026526529240e-09
3.820138275623321533e-01 -2.005036324262619019e-01 6.499999761581420898e-02 -5.663221818394958973e-04 1.489602494984865189e-02 7.421123715545263622e-09
3.819509744644165039e-01 -1.990147531032562256e-01 6.499999761581420898e-02 -6.473737885244190693e-04 1.488664746284484863e-02 7.485832398401726095e-09
3.819026052951812744e-01 -1.975260227918624878e-01 6.499999761581420898e-02 -4.342897736933082342e-04 1.488740835338830948e-02 7.558893955206258397e-09
3.818494081497192383e-01 -1.960389763116836548e-01 6.499999761581420898e-02 -5.614447873085737228e-04 1.486536767333745956e-02 7.612778851751045295e-09
3.817923069000244141e-01 -1.945531517267227173e-01 6.499999761581420898e-02 -5.740599008277058601e-04 1.485613081604242325e-02 7.674752389164041233e-09
3.817392587661743164e-01 -1.930676847696304321e-01 6.499999761581420898e-02 -5.171836819499731064e-04 1.485419925302267075e-02 7.741764562751995982e-09
3.816869556903839111e-01 -1.915829032659530640e-01 6.499999761581420898e-02 -5.249096429906785488e-04 1.484580710530281067e-02 7.803383716975531570e-09
3.816339373588562012e-01 -1.900989413261413574e-01 6.499999761581420898e-02 -5.317901377566158772e-04 1.483778469264507294e-02 7.864707107785307016e-09
3.815819025039672852e-01 -1.886155903339385986e-01 6.499999761581420898e-02 -5.169307696633040905e-04 1.483217719942331314e-02 7.927341449942559848e-09
3.815306127071380615e-01 -1.871328651905059814e-01 6.499999761581420898e-02 -5.117519176565110683e-04 1.482586562633514404e-02 7.988875339037804224e-09
3.814729154109954834e-01 -1.856507658958435059e-01 6.499999761581420898e-02 -5.966670578345656395e-04 1.481952425092458725e-02 8.049783950525579712e-09
3.814299106597900391e-01 -1.841686069965362549e-01 6.499999761581420898e-02 -3.799198311753571033e-04 1.482221856713294983e-02 8.119622307845020259e-09
3.813807666301727295e-01 -1.826877743005752563e-01 6.499999761581420898e-02 -5.249744863249361515e-04 1.480409968644380569e-02 8.169252829759443557e-09
3.813216090202331543e-01 -1.812077611684799194e-01 6.499999761581420898e-02 -6.115062860772013664e-04 1.479901932179927826e-02 8.228975723056919378e-09
3.812812268733978271e-01 -1.797272413969039917e-01 6.499999761581420898e-02 -3.411292564123868942e-04 1.480700727552175522e-02 8.301803688937070547e-09
3.812336325645446777e-01 -1.782480031251907349e-01 6.499999761581420898e-02 -5.163468886166810989e-04 1.478803809732198715e-02 8.348315816419926705e-09
3.811817765235900879e-01 -1.767695397138595581e-01 6.499999761581420898e-02 -5.192271783016622066e-04 1.478363759815692902e-02 8.406913387659642467e-09
3.811352550983428955e-01 -1.752910763025283813e-01 6.499999761581420898e-02 -4.490519932005554438e-04 1.478499639779329300e-02 8.470677492766753858e-09
3.810882866382598877e-01 -1.738130748271942139e-01 6.499999761581420898e-02 -4.757554852403700352e-04 1.477853022515773773e-02 8.526914285766906687e-09
3.810403943061828613e-01 -1.723355799913406372e-01 6.499999761581420898e-02 -4.797819710802286863e-04 1.477392483502626419e-02 8.584545518885988713e-09
3.809938430786132812e-01 -1.708583980798721313e-01 6.499999761581420898e-02 -4.612779011949896812e-04 1.477115880697965622e-02 8.643546323128248332e-09
3.809475898742675781e-01 -1.693816035985946655e-01 6.499999761581420898e-02 -4.628644092008471489e-04 1.476694270968437195e-02 8.700774323244786501e-09
3.809013962745666504e-01 -1.679052114486694336e-01 6.499999761581420898e-02 -4.618147504515945911e-04 1.476305536925792694e-02 8.757913505519354658e-09
3.808557093143463135e-01 -1.664291620254516602e-01 6.499999761581420898e-02 -4.555087652988731861e-04 1.475971471518278122e-02 8.815157492847447429e-09
3.808103501796722412e-01 -1.649534553289413452e-01 6.499999761581420898e-02 -4.528367135208100080e-04 1.475621294230222702e-02 8.871860579517942824e-09
3.807652890682220459e-01 -1.634780913591384888e-01 6.499999761581420898e-02 -4.498389607761055231e-04 1.475283969193696976e-02 8.928315864409341884e-09
3.807205557823181152e-01 -1.620030552148818970e-01 6.499999761581420898e-02 -4.463941440917551517e-04 1.474963966757059097e-02 8.984536670197940111e-09
3.806761503219604492e-01 -1.605283319950103760e-01 6.499999761581420898e-02 -4.432342830114066601e-04 1.474655419588088989e-02 9.040473258892234298e-09
3.806320428848266602e-01 -1.590539067983627319e-01 6.499999761581420898e-02 -4.404502105899155140e-04 1.474355906248092651e-02 9.096123854135385045e-09
3.805882036685943604e-01 -1.575797796249389648e-01 6.499999761581420898e-02 -4.376019642222672701e-04 1.474065892398357391e-02 9.151523983064180356e-09
3.805446922779083252e-01 -1.561059206724166870e-01 6.499999761581420898e-02 -4.342584288679063320e-04 1.473791617900133133e-02 9.206707396458568837e-09
3.805014491081237793e-01 -1.546323448419570923e-01 6.499999761581420898e-02 -4.317847196944057941e-04 1.473516970872879028e-02 9.261580835584481974e-09
3.804584741592407227e-01 -1.531590223312377930e-01 6.499999761581420898e-02 -4.289815551601350307e-04 1.473258715122938156e-02 9.316232230105470080e-09
3.804157972335815430e-01 -1.516859531402587891e-01 6.499999761581420898e-02 -4.261034191586077213e-04 1.473005302250385284e-02 9.370648257345237653e-09
3.803733587265014648e-01 -1.502131372690200806e-01 6.499999761581420898e-02 -4.238255496602505445e-04 1.472757942974567413e-02 9.424783620204379986e-09
3.803311884403228760e-01 -1.487405598163604736e-01 6.499999761581420898e-02 -4.210026236250996590e-04 1.472524832934141159e-02 9.478722695632768591e-09
3.802892863750457764e-01 -1.472682058811187744e-01 6.499999761581420898e-02 -4.184517019893974066e-04 1.472298614680767059e-02 9.532412192925221461e-09
3.802476227283477783e-01 -1.457960754632949829e-01 6.499999761581420898e-02 -4.162220284342765808e-04 1.472075935453176498e-02 9.585849447546479496e-09
3.802061975002288818e-01 -1.443241685628890991e-01 6.499999761581420898e-02 -4.138013173360377550e-04 1.471862290054559708e-02 9.639074427525429201e-09
3.801650106906890869e-01 -1.428524553775787354e-01 6.499999761581420898e-02 -4.113249597139656544e-04 1.471659634262323380e-02 9.692082691969972075e-09
3.801240622997283936e-01 -1.413809508085250854e-01 6.499999761581420898e-02 -4.089148133061826229e-04 1.471456699073314667e-02 9.744864470917491417e-09
3.800833523273468018e-01 -1.399096399545669556e-01 6.499999761581420898e-02 -4.066234396304935217e-04 1.471263356506824493e-02 9.797423317081666028e-09
3.800428509712219238e-01 -1.384385228157043457e-01 6.499999761581420898e-02 -4.045545647386461496e-04 1.471074391156435013e-02 9.849751236856718606e-09
3.800025880336761475e-01 -1.369675844907760620e-01 6.499999761581420898e-02 -4.021661297883838415e-04 1.470894832164049149e-02 9.901890862806794757e-09
3.799625337123870850e-01 -1.354968249797821045e-01 6.499999761581420898e-02 -4.002279601991176605e-04 1.470716856420040131e-02 9.953789792405132175e-09
3.799226582050323486e-01 -1.340262442827224731e-01 6.499999761581420898e-02 -3.981283225584775209e-04 1.470545679330825806e-02 1.000549421092955527e-08
3.798830509185791016e-01 -1.325558274984359741e-01 6.499999761581420898e-02 -3.953763516619801521e-04 1.470385305583477020e-02 1.005703964551685203e-08
3.798436224460601807e-01 -1.310855597257614136e-01 6.499999761581420898e-02 -3.939884772989898920e-04 1.470222976058721542e-02 1.010829020486880836e-08
3.798043727874755859e-01 -1.296154558658599854e-01 6.499999761581420898e-02 -3.919930895790457726e-04 1.470061857253313065e-02 1.015938355664047776e-08
3.797653615474700928e-01 -1.281455159187316895e-01 6.499999761581420898e-02 -3.896243870258331299e-04 1.469910424202680588e-02 1.021030460179872534e-08
3.797264993190765381e-01 -1.266757100820541382e-01 6.499999761581420898e-02 -3.881915181409567595e-04 1.469764951616525650e-02 1.026096896339367959e-08
3.796878755092620850e-01 -1.252060532569885254e-01 6.499999761581420898e-02 -3.857813717331737280e-04 1.469620130956172943e-02 1.031150720365303641e-08
3.796494007110595703e-01 -1.237365454435348511e-01 6.499999761581420898e-02 -3.845308383461087942e-04 1.469478476792573929e-02 1.036177632585122410e-08
3.796111047267913818e-01 -1.222671642899513245e-01 6.499999761581420898e-02 -3.823832958005368710e-04 1.469348091632127762e-02 1.041191932671381437e-08
3.795667886734008789e-01 -1.207979172468185425e-01 6.499999761581420898e-02 -4.614414938259869814e-04 1.469216588884592056e-02 1.046187314557300851e-08
3.795379698276519775e-01 -1.193284541368484497e-01 6.499999761581420898e-02 -2.358791389269754291e-04 1.469536684453487396e-02 1.052069631413132811e-08
3.794975578784942627e-01 -1.178596839308738708e-01 6.499999761581420898e-02 -4.545758129097521305e-04 1.468542777001857758e-02 1.055598364274601408e-08
3.794584274291992188e-01 -1.163909360766410828e-01 6.499999761581420898e-02 -3.721126704476773739e-04 1.468811836093664169e-02 1.061075760588892081e-08
3.794171214103698730e-01 -1.149221137166023254e-01 6.499999761581420898e-02 -4.255671228747814894e-04 1.468824222683906555e-02 1.066169197372346389e-08
3.793879151344299316e-01 -1.134532094001770020e-01 6.499999761581420898e-02 -2.519809058867394924e-04 1.468928903341293335e-02 1.071624478043986528e-08
3.793478906154632568e-01 -1.119849085807800293e-01 6.499999761581420898e-02 -4.450256528798490763e-04 1.468110550194978714e-02 1.075267874739438412e-08
3.793100714683532715e-01 -1.105165854096412659e-01 6.499999761581420898e-02 -3.579052863642573357e-04 1.468391064554452896e-02 1.080701306221953928e-08
3.792752325534820557e-01 -1.090482249855995178e-01 6.499999761581420898e-02 -3.454143588896840811e-04 1.468352600932121277e-02 1.085624745655877632e-08
3.792374432086944580e-01 -1.075800731778144836e-01 6.499999761581420898e-02 -3.877345297951251268e-04 1.468091271817684174e-02 1.090165735462278462e-08
3.792011737823486328e-01 -1.061119660735130310e-01 6.499999761581420898e-02 -3.552342823240906000e-04 1.468115486204624176e-02 1.095187940336472820e-08
3.791652023792266846e-01 -1.046439409255981445e-01 6.499999761581420898e-02 -3.612483560573309660e-04 1.467993855476379395e-02 1.099937474435819240e-08
3.791869878768920898e-01 -1.031760424375534058e-01 6.499999761581420898e-02 3.920368617400527000e-04 1.467873342335224152e-02 1.104675817487077438e-08
3.792448937892913818e-01 -1.017110422253608704e-01 6.499999761581420898e-02 6.351732881739735603e-04 1.464139111340045929e-02 1.100886315441584884e-08
3.792689442634582520e-01 -1.002500876784324646e-01 6.499999761581420898e-02 1.218401230289600790e-04 1.459995750337839127e-02 1.092739498886885485e-08
3.793064653873443604e-01 -9.878999739885330200e-02 6.499999761581420898e-02 4.513767780736088753e-04 1.460115239024162292e-02 1.090102852430163693e-08
3.793064653873443604e-01 -9.878999739885330200e-02 6.499999761581420898e-02 4.513767780736088753e-04 1.460115239024162292e-02 1.090102852430163693e-08
3.793804943561553955e-01 -9.587166458368301392e-02 6.499999761581420898e-02 3.117927117273211479e-04 1.458672620356082916e-02 1.079494627020949338e-08
3.793804943561553955e-01 -9.587166458368301392e-02 6.499999761581420898e-02 3.117927117273211479e-04 1.458672620356082916e-02 1.079494627020949338e-08
3.797159790992736816e-01 -9.382929652929306030e-02 6.499999761581420898e-02 4.270805511623620987e-03 2.218045480549335480e-02 1.101180124862821685e-08
3.795029819011688232e-01 -9.193874895572662354e-02 6.499999761581420898e-02 -4.056292586028575897e-03 1.791984774172306061e-02 1.038065100544827146e-08
3.795132637023925781e-01 -9.026022255420684814e-02 6.499999761581420898e-02 1.354513573460280895e-03 1.644379459321498871e-02 1.068107113866290092e-08
3.796219825744628906e-01 -8.868765830993652344e-02 6.499999761581420898e-02 1.006749458611011505e-03 1.550952531397342682e-02 1.060246201944892164e-08
3.795939981937408447e-01 -8.717747777700424194e-02 6.499999761581420898e-02 -6.669623544439673424e-04 1.497913803905248642e-02 1.043690378565997889e-08
3.795939981937408447e-01 -8.717747777700424194e-02 6.499999761581420898e-02 -6.669623544439673424e-04 1.497913803905248642e-02 1.043690378565997889e-08
3.797004818916320801e-01 -8.421916514635086060e-02 6.499999761581420898e-02 4.861033521592617035e-04 1.469240896403789520e-02 1.040786123951420450e-08
3.797197937965393066e-01 -8.275547623634338379e-02 6.499999761581420898e-02 1.048779304255731404e-04 1.462017465382814407e-02 1.033204100053808361e-08
3.797640800476074219e-01 -8.129413425922393799e-02 6.499999761581420898e-02 5.447118310257792473e-04 1.461136434227228165e-02 1.031152230268617132e-08
3.797994554042816162e-01 -7.983473688364028931e-02 6.499999761581420898e-02 2.961102291010320187e-04 1.458877976983785629e-02 1.024957541062576638e-08
3.798365294933319092e-01 -7.837628573179244995e-02 6.499999761581420898e-02 3.930546517949551344e-04 1.458318997174501419e-02 1.020495954406896999e-08
3.798782825469970703e-01 -7.691830396652221680e-02 6.499999761581420898e-02 4.248820478096604347e-04 1.457876712083816528e-02 1.015633621648248663e-08
3.799164891242980957e-01 -7.546091824769973755e-02 6.499999761581420898e-02 3.692730679176747799e-04 1.457241456955671310e-02 1.010145656010763560e-08
3.799558877944946289e-01 -7.400376349687576294e-02 6.499999761581420898e-02 4.015185986645519733e-04 1.457130443304777145e-02 1.005243355223228718e-08
3.799962699413299561e-01 -7.254678755998611450e-02 6.499999761581420898e-02 4.046214162372052670e-04 1.456934027373790741e-02 1.000120697369766276e-08
3.800359368324279785e-01 -7.109003514051437378e-02 6.499999761581420898e-02 3.944368218071758747e-04 1.456698682159185410e-02 9.948855961283697980e-09
3.800761699676513672e-01 -6.963343173265457153e-02 6.499999761581420898e-02 4.048487462569028139e-04 1.456574071198701859e-02 9.897726194196820870e-09
3.801167309284210205e-01 -6.817698478698730469e-02 6.499999761581420898e-02 4.060087958350777626e-04 1.456407085061073303e-02 9.845745552183871041e-09
3.801573216915130615e-01 -6.672070920467376709e-02 6.499999761581420898e-02 4.058009944856166840e-04 1.456232462078332901e-02 9.793456712259285268e-09
3.801982104778289795e-01 -6.526459753513336182e-02 6.499999761581420898e-02 4.096940683666616678e-04 1.456076744943857193e-02 9.741238926608275506e-09
3.802393376827239990e-01 -6.380864977836608887e-02 6.499999761581420898e-02 4.117482167202979326e-04 1.455909851938486099e-02 9.688675639552002394e-09
3.802806735038757324e-01 -6.235287338495254517e-02 6.499999761581420898e-02 4.138213407713919878e-04 1.455737557262182236e-02 9.635892972426063352e-09
3.803222477436065674e-01 -6.089726835489273071e-02 6.499999761581420898e-02 4.164409474469721317e-04 1.455563213676214218e-02 9.582924676010406984e-09
3.803640902042388916e-01 -5.944184586405754089e-02 6.499999761581420898e-02 4.190408508293330669e-04 1.455381978303194046e-02 9.529728117740887683e-09
3.804061710834503174e-01 -5.798660963773727417e-02 6.499999761581420898e-02 4.211818741168826818e-04 1.455194503068923950e-02 9.476269546837556845e-09
3.804484605789184570e-01 -5.653156340122222900e-02 6.499999761581420898e-02 4.235995875205844641e-04 1.455002930015325546e-02 9.422598701291917678e-09
3.804910778999328613e-01 -5.507671087980270386e-02 6.499999761581420898e-02 4.269161436241120100e-04 1.454809028655290604e-02 9.368754660954436986e-09
3.805339038372039795e-01 -5.362206324934959412e-02 6.499999761581420898e-02 4.288128693588078022e-04 1.454601250588893890e-02 9.314569560103791446e-09
3.805770277976989746e-01 -5.216762050986289978e-02 6.499999761581420898e-02 4.319697618484497070e-04 1.454393938183784485e-02 9.260232580743377184e-09
3.806204199790954590e-01 -5.071339383721351624e-02 6.499999761581420898e-02 4.344898625276982784e-04 1.454175170511007309e-02 9.205603390682881582e-09
3.806640803813934326e-01 -4.925939068198204041e-02 6.499999761581420898e-02 4.372462281025946140e-04 1.453951094299554825e-02 9.150741497876424546e-09
3.807080388069152832e-01 -4.780561476945877075e-02 6.499999761581420898e-02 4.402797494549304247e-04 1.453721802681684494e-02 9.095646014145586378e-09
3.807522952556610107e-01 -4.635207727551460266e-02 6.499999761581420898e-02 4.431235138326883316e-04 1.453483104705810547e-02 9.040279635996739671e-09
3.807968199253082275e-01 -4.489878192543983459e-02 6.499999761581420898e-02 4.459494375623762608e-04 1.453237514942884445e-02 8.984650357035661727e-09
3.808416724205017090e-01 -4.344573616981506348e-02 6.499999761581420898e-02 4.494350869208574295e-04 1.452986337244510651e-02 8.928802586183337553e-09
3.808868527412414551e-01 -4.199295118451118469e-02 6.499999761581420898e-02 4.525123222265392542e-04 1.452723797410726547e-02 8.872657275560413837e-09
3.809323310852050781e-01 -4.054043814539909363e-02 6.499999761581420898e-02 4.554144688881933689e-04 1.452451758086681366e-02 8.816225971486346680e-09
3.809781372547149658e-01 -3.908820077776908875e-02 6.499999761581420898e-02 4.588303854689002037e-04 1.452174689620733261e-02 8.759553082882121089e-09
3.810242712497711182e-01 -3.763624653220176697e-02 6.499999761581420898e-02 4.622748238034546375e-04 1.451887376606464386e-02 8.702600418075689959e-09
3.810707926750183105e-01 -3.618458658456802368e-02 6.499999761581420898e-02 4.659317492041736841e-04 1.451590005308389664e-02 8.645375970672830590e-09
3.811176121234893799e-01 -3.473323583602905273e-02 6.499999761581420898e-02 4.688338085543364286e-04 1.451277080923318863e-02 8.587804245507868472e-09
3.811176121234893799e-01 -3.473323583602905273e-02 6.499999761581420898e-02 4.688338085543364286e-04 1.451277080923318863e-02 8.587804245507868472e-09
3.811648190021514893e-01 -3.328220173716545105e-02 6.499999761581420898e-02 4.728831117972731590e-04 1.450961083173751831e-02 8.530020245700598025e-09
3.812123835086822510e-01 -3.183149546384811401e-02 6.499999761581420898e-02 4.764331679325550795e-04 1.450630649924278259e-02 8.471898738093841530e-09
3.814274966716766357e-01 -2.954541705548763275e-02 6.499999761581420898e-02 -3.010920016095042229e-03 1.751323789358139038e-02 8.129094730691122095e-09
3.813391625881195068e-01 -2.787108905613422394e-02 6.499999761581420898e-02 -2.429312007734552026e-04 1.651154644787311554e-02 8.260636619183969742e-09
3.814541399478912354e-01 -2.626834623515605927e-02 6.499999761581420898e-02 1.569027779623866081e-03 1.588171720504760742e-02 8.329681833174618077e-09
3.814888894557952881e-01 -2.473015524446964264e-02 6.499999761581420898e-02 -2.000157292059157044e-05 1.523149013519287109e-02 8.144912300167561625e-09
3.815044164657592773e-01 -2.322884835302829742e-02 6.499999761581420898e-02 2.081745187751948833e-04 1.494733337312936783e-02 8.098988146798546950e-09
3.815044164657592773e-01 -2.322884835302829742e-02 6.499999761581420898e-02 2.081745187751948833e-04 1.494733337312936783e-02 8.098988146798546950e-09
3.816160261631011963e-01 -2.027570270001888275e-02 6.499999761581420898e-02 4.596629296429455280e-04 1.466152817010879517e-02 7.993699924213615304e-09
3.816597163677215576e-01 -1.881559565663337708e-02 6.499999761581420898e-02 4.300317377783358097e-04 1.458287052810192108e-02 7.929406464768362639e-09
3.817118704319000244e-01 -1.736025884747505188e-02 6.499999761581420898e-02 5.489154136739671230e-04 1.454448141157627106e-02 7.876405305751177366e-09
3.817650079727172852e-01 -1.590851321816444397e-02 6.499999761581420898e-02 5.262178601697087288e-04 1.450933422893285751e-02 7.812316127342455729e-09
3.818164169788360596e-01 -1.445946283638477325e-02 6.499999761581420898e-02 5.104239680804312229e-04 1.448483113199472427e-02 7.748459651679695526e-09
3.818694353103637695e-01 -1.301208138465881348e-02 6.499999761581420898e-02 5.360495415516197681e-04 1.447050366550683975e-02 7.687487979524121329e-09
3.819235265254974365e-01 -1.156598236411809921e-02 6.499999761581420898e-02 5.424137925729155540e-04 1.445812266319990158e-02 7.624672448969249672e-09
3.819777667522430420e-01 -1.012099441140890121e-02 6.499999761581420898e-02 5.425302661024034023e-04 1.444739755243062973e-02 7.560991832633590093e-09
3.820326626300811768e-01 -8.676909841597080231e-03 6.499999761581420898e-02 5.509856273420155048e-04 1.443886756896972656e-02 7.497571452574902651e-09
3.820883333683013916e-01 -7.233629468828439713e-03 6.499999761581420898e-02 5.582546582445502281e-04 1.443098019808530807e-02 7.433653692601183138e-09
3.821445405483245850e-01 -5.791127681732177734e-03 6.499999761581420898e-02 5.631456151604652405e-04 1.442322414368391037e-02 7.369130194945228141e-09
3.822013735771179199e-01 -4.349376540631055832e-03 6.499999761581420898e-02 5.699023604393005371e-04 1.441579125821590424e-02 7.304325144730228203e-09
3.822589218616485596e-01 -2.908368594944477081e-03 6.499999761581420898e-02 5.770358256995677948e-04 1.440835930407047272e-02 7.239109756085326808e-09
3.823171257972717285e-01 -1.468120608478784561e-03 6.499999761581420898e-02 5.835039773955941200e-04 1.440070942044258118e-02 7.173390326187245591e-09
3.823760151863098145e-01 -2.864914131350815296e-05 6.499999761581420898e-02 5.906844744458794594e-04 1.439291052520275116e-02 7.107266775108200818e-09
3.824356794357299805e-01 1.410024706274271011e-03 6.499999761581420898e-02 5.983778974041342735e-04 1.438488159328699112e-02 7.040711125227971934e-09
3.824356794357299805e-01 1.410024706274271011e-03 6.499999761581420898e-02 5.983778974041342735e-04 1.438488159328699112e-02 7.040711125227971934e-09
3.824960589408874512e-01 2.847866388037800789e-03 6.499999761581420898e-02 6.055819685570895672e-04 1.437646988779306412e-02 6.973633670526169226e-09
3.828317224979400635e-01 5.003565922379493713e-03 6.499999761581420898e-02 -1.810571644455194473e-03 1.699290052056312561e-02 6.682445263805902869e-09
3.827170133590698242e-01 6.640167441219091415e-03 6.499999761581420898e-02 -9.473845129832625389e-04 1.617734320461750031e-02 6.667294272233448282e-09
3.827902078628540039e-01 8.233912289142608643e-03 6.499999761581420898e-02 1.237555872648954391e-03 1.586524210870265961e-02 6.769714122611958373e-09
3.828690648078918457e-01 9.778311476111412048e-03 6.499999761581420898e-02 6.535236607305705547e-04 1.531721372157335281e-02 6.644790051524296359e-09
3.829047977924346924e-01 1.128125283867120743e-02 6.499999761581420898e-02 2.683077764231711626e-04 1.494279131293296814e-02 6.537546948237604738e-09
3.829572796821594238e-01 1.276246737688779831e-02 6.499999761581420898e-02 6.018416606821119785e-04 1.477282028645277023e-02 6.491339465952705723e-09
3.830253779888153076e-01 1.422892324626445770e-02 6.499999761581420898e-02 7.047283579595386982e-04 1.463197357952594757e-02 6.426140064519358930e-09
3.830904960632324219e-01 1.568260043859481812e-02 6.499999761581420898e-02 6.351174088194966316e-04 1.450811233371496201e-02 6.346297265480416172e-09
3.831555247306823730e-01 1.712721213698387146e-02 6.499999761581420898e-02 6.546620861627161503e-04 1.442744769155979156e-02 6.273783270671628998e-09
3.832245469093322754e-01 1.856562867760658264e-02 6.499999761581420898e-02 7.008860120549798012e-04 1.437113806605339050e-02 6.203207725263837347e-09
3.832957148551940918e-01 1.999906823039054871e-02 6.499999761581420898e-02 7.150840247049927711e-04 1.432332582771778107e-02 6.129424967582508543e-09
3.833679854869842529e-01 2.142837084829807281e-02 6.499999761581420898e-02 7.249855552799999714e-04 1.428390853106975555e-02 6.054727830218098461e-09
3.834418654441833496e-01 2.285430021584033966e-02 6.499999761581420898e-02 7.428076351061463356e-04 1.425188407301902771e-02 5.980122175230917492e-09
3.835175037384033203e-01 2.427732571959495544e-02 6.499999761581420898e-02 7.603981648571789265e-04 1.422375161200761795e-02 5.904857047767109179e-09
3.835947513580322266e-01 2.569769881665706635e-02 6.499999761581420898e-02 7.761849556118249893e-04 1.419770810753107071e-02 5.828750815339844848e-09
3.835947513580322266e-01 2.569769881665706635e-02 6.499999761581420898e-02 7.761849556118249893e-04 1.419770810753107071e-02 5.828750815339844848e-09
3.840421140193939209e-01 2.746993303298950195e-02 6.499999761581420898e-02 5.586492829024791718e-03 1.878314279019832611e-02 6.150189690856677771e-09
3.840421140193939209e-01 2.746993303298950195e-02 6.499999761581420898e-02 5.586492829024791718e-03 1.878314279019832611e-02 6.150189690856677771e-09
3.840455114841461182e-01 3.074526228010654449e-02 6.499999761581420898e-02 -9.930648375302553177e-04 1.559270638972520828e-02 5.386081358693672883e-09
3.840817809104919434e-01 3.229691460728645325e-02 6.499999761581420898e-02 7.707160548307001591e-04 1.549357548356056213e-02 5.457506002670697853e-09
3.841772377490997314e-01 3.382019326090812683e-02 6.499999761581420898e-02 1.010021893307566643e-03 1.515431609004735947e-02 5.390335289234826632e-09
3.842534124851226807e-01 3.530655801296234131e-02 6.499999761581420898e-02 6.871540099382400513e-04 1.477617397904396057e-02 5.271667102846322450e-09
3.843247890472412109e-01 3.676691651344299316e-02 6.499999761581420898e-02 7.216337253339588642e-04 1.455166377127170563e-02 5.186763463171928379e-09
3.844085931777954102e-01 3.821082785725593567e-02 6.499999761581420898e-02 8.730940753594040871e-04 1.440524216741323471e-02 5.113060641548372587e-09
3.845003843307495117e-01 3.964110091328620911e-02 6.499999761581420898e-02 9.314529015682637691e-04 1.427189446985721588e-02 5.030301508668344468e-09
3.845952451229095459e-01 4.105930030345916748e-02 6.499999761581420898e-02 9.538874728605151176e-04 1.415496040135622025e-02 4.943589093642231092e-09
3.846936225891113281e-01 4.246751219034194946e-02 6.499999761581420898e-02 9.927678620442748070e-04 1.406021509319543839e-02 4.857798607815766445e-09
3.847964406013488770e-01 4.386736452579498291e-02 6.499999761581420898e-02 1.038683345541357994e-03 1.397994346916675568e-02 4.771908201917085535e-09
3.849035501480102539e-01 4.525976628065109253e-02 6.499999761581420898e-02 1.080908230505883694e-03 1.390719506889581680e-02 4.684755250394800896e-09
3.850148022174835205e-01 4.664528369903564453e-02 6.499999761581420898e-02 1.122152549214661121e-03 1.383954100310802460e-02 4.596507618970235853e-09
3.851303458213806152e-01 4.802430793642997742e-02 6.499999761581420898e-02 1.165346126072108746e-03 1.377542689442634583e-02 4.507378470464118436e-09
3.852503597736358643e-01 4.939705878496170044e-02 6.499999761581420898e-02 1.210774062201380730e-03 1.371309254318475723e-02 4.417326060490722739e-09
3.853751420974731445e-01 5.076361075043678284e-02 6.499999761581420898e-02 1.259042299352586269e-03 1.365121733397245407e-02 4.326349500871629061e-09
3.855049610137939453e-01 5.212391912937164307e-02 6.499999761581420898e-02 1.310122548602521420e-03 1.358859427273273468e-02 4.234384842760618994e-09
3.856401741504669189e-01 5.347784608602523804e-02 6.499999761581420898e-02 1.364816562272608280e-03 1.352443639189004898e-02 4.141459619688703242e-09
3.857811689376831055e-01 5.482518300414085388e-02 6.499999761581420898e-02 1.423566252924501896e-03 1.345800142735242844e-02 4.047565393960894653e-09
3.857811689376831055e-01 5.482518300414085388e-02 6.499999761581420898e-02 1.423566252924501896e-03 1.345800142735242844e-02 4.047565393960894653e-09
3.857811689376831055e-01 5.482518300414085388e-02 6.499999761581420898e-02 1.423566252924501896e-03 1.345800142735242844e-02 4.047565393960894653e-09
3.864687681198120117e-01 5.782942473888397217e-02 6.499999761581420898e-02 6.582478526979684830e-03 1.761551015079021454e-02 4.398338138145163612e-09
3.864687681198120117e-01 5.782942473888397217e-02 6.499999761581420898e-02 6.582478526979684830e-03 1.761551015079021454e-02 4.398338138145163612e-09
3.872376978397369385e-01 5.979152023792266846e-02 6.499999761581420898e-02 8.022574707865715027e-03 2.022455260157585144e-02 4.472664905108558742e-09
3.875460922718048096e-01 6.147199869155883789e-02 6.499999761581420898e-02 1.597599941305816174e-03 1.577554643154144287e-02 3.567553363836850622e-09
3.875460922718048096e-01 6.147199869155883789e-02 6.499999761581420898e-02 1.597599941305816174e-03 1.577554643154144287e-02 3.567553363836850622e-09
3.876723945140838623e-01 6.434189528226852417e-02 6.499999761581420898e-02 9.626449318602681160e-04 1.410390436649322510e-02 3.213842081351003799e-09
3.878241479396820068e-01 6.574612110853195190e-02 6.499999761581420898e-02 1.684642396867275238e-03 1.402367837727069855e-02 3.176229057544333045e-09
3.880173861980438232e-01 6.712705641984939575e-02 6.499999761581420898e-02 2.006804104894399643e-03 1.374485902488231659e-02 3.087051281269737046e-09
3.882328867912292480e-01 6.847637891769409180e-02 6.499999761581420898e-02 2.199586713686585426e-03 1.341751590371131897e-02 2.980500735105806598e-09
3.884688019752502441e-01 6.979559361934661865e-02 6.499999761581420898e-02 2.407322172075510025e-03 1.312432345002889633e-02 2.875631510690368486e-09
3.884688019752502441e-01 6.979559361934661865e-02 6.499999761581420898e-02 2.407322172075510025e-03 1.312432345002889633e-02 2.875631510690368486e-09
3.890118002891540527e-01 7.235699892044067383e-02 6.499999761581420898e-02 2.899276325479149818e-03 1.263277046382427216e-02 2.674812815683935696e-09
3.893224298954010010e-01 7.360328733921051025e-02 6.499999761581420898e-02 3.168712602928280830e-03 1.241172105073928833e-02 2.576520330421772087e-09
3.896613717079162598e-01 7.482836395502090454e-02 6.499999761581420898e-02 3.455782076343894005e-03 1.220236532390117645e-02 2.479898508767064413e-09
3.900306522846221924e-01 7.603339850902557373e-02 6.499999761581420898e-02 3.764124354347586632e-03 1.200463157147169113e-02 2.385630581969166997e-09
3.900306522846221924e-01 7.603339850902557373e-02 6.499999761581420898e-02 3.764124354347586632e-03 1.200463157147169113e-02 2.385630581969166997e-09
3.904326558113098145e-01 7.721963524818420410e-02 6.499999761581420898e-02 4.096989519894123077e-03 1.181958988308906555e-02 2.294492373877687896e-09
3.904326558113098145e-01 7.721963524818420410e-02 6.499999761581420898e-02 4.096989519894123077e-03 1.181958988308906555e-02 2.294492373877687896e-09
3.904326558113098145e-01 7.721963524818420410e-02 6.499999761581420898e-02 4.096989519894123077e-03 1.181958988308906555e-02 2.294492373877687896e-09
3.904326558113098145e-01 7.721963524818420410e-02 6.499999761581420898e-02 4.096989519894123077e-03 1.181958988308906555e-02 2.294492373877687896e-09
3.904326558113098145e-01 7.721963524818420410e-02 6.499999761581420898e-02 4.096989519894123077e-03 1.181958988308906555e-02 2.294492373877687896e-09
3.904326558113098145e-01 7.721963524818420410e-02 6.499999761581420898e-02 4.096989519894123077e-03 1.181958988308906555e-02 2.294492373877687896e-09
3.904326558113098145e-01 7.721963524818420410e-02 6.499999761581420898e-02 4.096989519894123077e-03 1.181958988308906555e-02 2.294492373877687896e-09
3.908152878284454346e-01 7.765571027994155884e-02 6.499999761581420898e-02 9.075147099792957306e-03 1.749273575842380524e-02 3.085296684801619449e-09
3.908152878284454346e-01 7.765571027994155884e-02 6.499999761581420898e-02 9.075147099792957306e-03 1.749273575842380524e-02 3.085296684801619449e-09
3.931747674942016602e-01 8.148203045129776001e-02 6.499999761581420898e-02 2.796478942036628723e-02 4.451445490121841431e-02 7.216176101110249874e-09
3.951645791530609131e-01 8.507755398750305176e-02 6.499999761581420898e-02 1.747021824121475220e-02 3.337919712066650391e-02 6.231795079969515427e-09
3.967159092426300049e-01 8.820564299821853638e-02 6.499999761581420898e-02 1.492426078766584396e-02 3.064938820898532867e-02 7.511725463871243846e-09
3.984426558017730713e-01 9.152206033468246460e-02 6.499999761581420898e-02 1.797284372150897980e-02 3.392109274864196777e-02 1.348725664485073139e-08
3.999953269958496094e-01 9.465165436267852783e-02 6.499999761581420898e-02 1.479049865156412125e-02 3.050581365823745728e-02 2.684692645971153979e-08
4.000000059604644775e-01 9.611999988555908203e-02 6.499999761581420898e-02 -4.390698857605457306e-03 9.921404533088207245e-03 2.293742440429014096e-08
4.000000059604644775e-01 9.758333116769790649e-02 6.499999761581420898e-02 1.321390154771506786e-03 1.605148240923881531e-02 2.411406541114047286e-08
4.000000059604644775e-01 9.904666990041732788e-02 6.499999761581420898e-02 -3.977760497946292162e-04 1.420654170215129852e-02 2.375993091163763893e-08
4.000000059604644775e-01 1.005100011825561523e-01 6.499999761581420898e-02 1.196410303236916661e-04 1.476174220442771912e-02 2.386651409835849336e-08
4.000000059604644775e-01 1.019733324646949768e-01 6.499999761581420898e-02 -3.608587940107099712e-05 1.459467038512229919e-02 2.383443664655260363e-08
4.000000059604644775e-01 1.034366637468338013e-01 6.499999761581420898e-02 1.078321565728401765e-05 1.464498136192560196e-02 2.384409114597474399e-08
4.000000059604644775e-01 1.049000024795532227e-01 6.499999761581420898e-02 -3.322965994811966084e-06 1.462986599653959274e-02 2.384118502618548519e-08
4.000000059604644775e-01 1.063633337616920471e-01 6.499999761581420898e-02 9.225685175806574989e-07 1.463434472680091858e-02 2.384205721739363071e-08
4.000000059604644775e-01 1.078266650438308716e-01 6.499999761581420898e-02 -3.552090959146880778e-07 1.463302318006753922e-02 2.384179786929507827e-08
4.000000059604644775e-01 1.092899963259696960e-01 6.499999761581420898e-02 2.936335974368375901e-08 1.463344786316156387e-02 2.384187602899601188e-08
4.000000059604644775e-01 1.107533350586891174e-01 6.499999761581420898e-02 -8.638132698024492129e-08 1.463334634900093079e-02 2.384185293635709968e-08
4.000442922115325928e-01 1.111124679446220398e-01 6.499999761581420898e-02 5.762961227446794510e-04 2.680190955288708210e-04 4.366775552266943805e-10
4.001593291759490967e-01 1.111190468072891235e-01 6.499999761581420898e-02 1.323303557001054287e-03 4.908940809400519356e-06 7.994650080833665129e-12
4.003494679927825928e-01 1.111191660165786743e-01 6.499999761581420898e-02 2.075365744531154633e-03 9.395177613669147831e-08 1.466926488049788424e-13
4.006224572658538818e-01 1.111196875572204590e-01 6.499999761581420898e-02 2.926862100139260292e-03 6.789949111407622695e-06 2.570515415106777724e-12
4.010170698165893555e-01 1.111348643898963928e-01 6.499999761581420898e-02 4.253014456480741501e-03 1.954300532815977931e-04 5.065150035510335158e-11
4.010170698165893555e-01 1.111348643898963928e-01 6.499999761581420898e-02 4.253014456480741501e-03 1.954300532815977931e-04 5.065150035510335158e-11
4.017157852649688721e-01 1.114176809787750244e-01 6.499999761581420898e-02 7.810106966644525528e-03 3.620530944317579269e-03 6.254426421214986931e-10
4.025311768054962158e-01 1.120667904615402222e-01 6.499999761581420898e-02 8.257207460701465607e-03 7.355073466897010803e-03 1.158888873753483040e-09
4.033626616001129150e-01 1.131029054522514343e-01 6.499999761581420898e-02 8.332328870892524719e-03 1.126592420041561127e-02 1.689196671428305763e-09
4.041794538497924805e-01 1.144586652517318726e-01 6.499999761581420898e-02 8.118417114019393921e-03 1.424728427082300186e-02 2.091626871703056167e-09
4.049777388572692871e-01 1.160143315792083740e-01 6.499999761581420898e-02 7.942046038806438446e-03 1.595072261989116669e-02 2.335910576078958911e-09
4.057663679122924805e-01 1.176734045147895813e-01 6.499999761581420898e-02 7.869682274758815765e-03 1.678338460624217987e-02 2.478449667719928584e-09
4.065487086772918701e-01 1.193880736827850342e-01 6.499999761581420898e-02 7.809535134583711624e-03 1.725601591169834137e-02 2.584896297008754118e-09
4.073192775249481201e-01 1.211431324481964111e-01 6.499999761581420898e-02 7.674286141991615295e-03 1.763921976089477539e-02 2.690434319774226424e-09
4.080682694911956787e-01 1.229348033666610718e-01 6.499999761581420898e-02 7.434345316141843796e-03 1.800020597875118256e-02 2.804423138158540496e-09
4.087860882282257080e-01 1.247597187757492065e-01 6.499999761581420898e-02 7.100913207978010178e-03 1.832406781613826752e-02 2.925224729111164379e-09
4.094653129577636719e-01 1.266122311353683472e-01 6.499999761581420898e-02 6.699233781546354294e-03 1.858572475612163544e-02 3.049268171295693719e-09
4.101010262966156006e-01 1.284850835800170898e-01 6.499999761581420898e-02 6.254263222217559814e-03 1.877158321440219879e-02 3.173961093949628776e-09
4.106905162334442139e-01 1.303705126047134399e-01 6.499999761581420898e-02 5.786855705082416534e-03 1.887919008731842041e-02 3.297800921231441862e-09
4.112328588962554932e-01 1.322610229253768921e-01 6.499999761581420898e-02 5.313972476869821548e-03 1.891280524432659149e-02 3.419919236691271180e-09
4.117285609245300293e-01 1.341497898101806641e-01 6.499999761581420898e-02 4.849546588957309723e-03 1.888010278344154358e-02 3.539745385694459401e-09
4.121793210506439209e-01 1.360309123992919922e-01 6.499999761581420898e-02 4.404737614095211029e-03 1.879055798053741455e-02 3.656887903602523693e-09
4.125877320766448975e-01 1.378995180130004883e-01 6.499999761581420898e-02 3.987586591392755508e-03 1.865465193986892700e-02 3.771134959862365577e-09
4.129569232463836670e-01 1.397518068552017212e-01 6.499999761581420898e-02 3.602991579100489616e-03 1.848316192626953125e-02 3.882453913917061072e-09
4.132903516292572021e-01 1.415849924087524414e-01 6.499999761581420898e-02 3.253559116274118423e-03 1.828623190522193909e-02 3.990892061267459212e-09
4.135915935039520264e-01 1.433972418308258057e-01 6.499999761581420898e-02 2.939688274636864662e-03 1.807316578924655914e-02 4.096597727709649917e-09
4.138640761375427246e-01 1.451875567436218262e-01 6.499999761581420898e-02 2.660157391801476479e-03 1.785201020538806915e-02 4.199771641566485414e-09
4.141111373901367188e-01 1.469556242227554321e-01 6.499999761581420898e-02 2.413535723462700844e-03 1.762910187244415283e-02 4.300546585511710873e-09
4.143358469009399414e-01 1.487016677856445312e-01 6.499999761581420898e-02 2.197087742388248444e-03 1.740969903767108917e-02 4.399131281473955823e-09
4.145410060882568359e-01 1.504263430833816528e-01 6.499999761581420898e-02 2.007969655096530914e-03 1.719774678349494934e-02 4.495706917850839091e-09
4.147291481494903564e-01 1.521306186914443970e-01 6.499999761581420898e-02 1.843182253651320934e-03 1.699606329202651978e-02 4.590446689434202199e-09
4.149024188518524170e-01 1.538156569004058838e-01 6.499999761581420898e-02 1.699559274129569530e-03 1.680657081305980682e-02 4.683528675997195023e-09
4.150628149509429932e-01 1.554827541112899780e-01 6.499999761581420898e-02 1.575051806867122650e-03 1.663015410304069519e-02 4.775019935010504923e-09
4.152119755744934082e-01 1.571332663297653198e-01 6.499999761581420898e-02 1.466562272980809212e-03 1.646742969751358032e-02 4.865097658068862074e-09
4.153513908386230469e-01 1.587685346603393555e-01 6.499999761581420898e-02 1.372357830405235291e-03 1.631822064518928528e-02 4.953814247699028783e-09
4.154822826385498047e-01 1.603899151086807251e-01 6.499999761581420898e-02 1.290011452510952950e-03 1.618230342864990234e-02 5.041301598396330519e-09
4.156057536602020264e-01 1.619986593723297119e-01 6.499999761581420898e-02 1.218204619362950325e-03 1.605888269841670990e-02 5.127594349119135586e-09
4.157227277755737305e-01 1.635959744453430176e-01 6.499999761581420898e-02 1.155027654021978378e-03 1.594731211662292480e-02 5.212798637188598150e-09
4.158339500427246094e-01 1.651829779148101807e-01 6.499999761581420898e-02 1.099149230867624283e-03 1.584668271243572235e-02 5.296974858737257819e-09
4.159400761127471924e-01 1.667606681585311890e-01 6.499999761581420898e-02 1.049942569807171822e-03 1.575594954192638397e-02 5.380128786924842643e-09
4.160417318344116211e-01 1.683299839496612549e-01 6.499999761581420898e-02 1.006581587716937065e-03 1.567422598600387573e-02 5.462296392977350479e-09
4.161393940448760986e-01 1.698917597532272339e-01 6.499999761581420898e-02 9.676468325778841972e-04 1.560070272535085678e-02 5.543573600164108939e-09
4.162334799766540527e-01 1.714467406272888184e-01 6.499999761581420898e-02 9.326327126473188400e-04 1.553449966013431549e-02 5.623981724767190826e-09
4.163243174552917480e-01 1.729955971240997314e-01 6.499999761581420898e-02 9.009733912535011768e-04 1.547483447939157486e-02 5.703551853031285646e-09
4.164122343063354492e-01 1.745389401912689209e-01 6.499999761581420898e-02 8.726075757294893265e-04 1.542090810835361481e-02 5.782277323618245646e-09
4.164975285530090332e-01 1.760772764682769775e-01 6.499999761581420898e-02 8.469250751659274101e-04 1.537206117063760757e-02 5.860202989538265683e-09
4.165803790092468262e-01 1.776110827922821045e-01 6.499999761581420898e-02 8.231411920860409737e-04 1.532783359289169312e-02 5.937394575994403567e-09
4.166610538959503174e-01 1.791407763957977295e-01 6.499999761581420898e-02 8.017180953174829483e-04 1.528755668550729752e-02 6.013809006333303842e-09
4.167396724224090576e-01 1.806667149066925049e-01 6.499999761581420898e-02 7.814888376742601395e-04 1.525089982897043228e-02 6.089549753340861571e-09
4.168164134025573730e-01 1.821892261505126953e-01 6.499999761581420898e-02 7.630480104126036167e-04 1.521735545247793198e-02 6.164567523114783398e-09
4.168913960456848145e-01 1.837085932493209839e-01 6.499999761581420898e-02 7.458621985279023647e-04 1.518661063164472580e-02 6.238914274092621781e-09
4.169718623161315918e-01 1.852250844240188599e-01 6.499999761581420898e-02 8.222216856665909290e-04 1.515832729637622833e-02 6.312586897649907769e-09
4.170446991920471191e-01 1.867399364709854126e-01 6.499999761581420898e-02 7.001949124969542027e-04 1.514564361423254013e-02 6.394230034345582681e-09
4.171060025691986084e-01 1.882524639368057251e-01 6.499999761581420898e-02 5.866116844117641449e-04 1.511916983872652054e-02 6.467221869144168522e-09
4.171744585037231445e-01 1.897610872983932495e-01 6.499999761581420898e-02 7.139276713132858276e-04 1.507630944252014160e-02 6.527629992092442990e-09
4.172450006008148193e-01 1.912672370672225952e-01 6.499999761581420898e-02 7.026796811260282993e-04 1.505699940025806427e-02 6.598774415778052571e-09
4.173181354999542236e-01 1.927720159292221069e-01 6.499999761581420898e-02 7.398210582323372364e-04 1.504506263881921768e-02 6.672935981555383478e-09
4.173764884471893311e-01 1.942760199308395386e-01 6.499999761581420898e-02 5.365092656575143337e-04 1.503856386989355087e-02 6.750938030819497726e-09
4.174386262893676758e-01 1.957773566246032715e-01 6.499999761581420898e-02 6.469690124504268169e-04 1.500581204891204834e-02 6.810944253032857887e-09
4.175047576427459717e-01 1.972765177488327026e-01 6.499999761581420898e-02 6.656684563495218754e-04 1.498733460903167725e-02 6.877600711163722735e-09
4.175671935081481934e-01 1.987746357917785645e-01 6.499999761581420898e-02 6.118337041698396206e-04 1.497938018292188644e-02 6.949719022486533504e-09
4.176279008388519287e-01 2.002715170383453369e-01 6.499999761581420898e-02 6.057368009351193905e-04 1.496562082320451736e-02 7.017457281932593105e-09
4.176888465881347656e-01 2.017669677734375000e-01 6.499999761581420898e-02 6.104861968196928501e-04 1.495115645229816437e-02 7.083857500589374467e-09
4.177488684654235840e-01 2.032611966133117676e-01 6.499999761581420898e-02 5.972794024273753166e-04 1.493965182453393936e-02 7.151252923165429820e-09
4.178077876567840576e-01 2.047542929649353027e-01 6.499999761581420898e-02 5.869427695870399475e-04 1.492842752486467361e-02 7.217967112893575177e-09
4.178660809993743896e-01 2.062462717294692993e-01 6.499999761581420898e-02 5.817418568767607212e-04 1.491719577461481094e-02 7.283833536320116764e-09
4.179236888885498047e-01 2.077371925115585327e-01 6.499999761581420898e-02 5.742856883443892002e-04 1.490678638219833374e-02 7.349449493432302916e-09
4.179805219173431396e-01 2.092271149158477783e-01 6.499999761581420898e-02 5.664503551088273525e-04 1.489695720374584198e-02 7.414674652039821012e-09
4.180366694927215576e-01 2.107160836458206177e-01 6.499999761581420898e-02 5.600521108135581017e-04 1.488749310374259949e-02 7.479373564933666785e-09
4.180921912193298340e-01 2.122041434049606323e-01 6.499999761581420898e-02 5.539295962080359459e-04 1.487848721444606781e-02 7.543644819918426947e-09
4.181470870971679688e-01 2.136913388967514038e-01 6.499999761581420898e-02 5.475631332956254482e-04 1.486996095627546310e-02 7.607539487253234256e-09
4.182013571262359619e-01 2.151777148246765137e-01 6.499999761581420898e-02 5.413678591139614582e-04 1.486184634268283844e-02 7.671030033407078008e-09
4.182617664337158203e-01 2.166633009910583496e-01 6.499999761581420898e-02 6.230471190065145493e-04 1.485407818108797073e-02 7.734098694811564201e-09
4.183076024055480957e-01 2.181488424539566040e-01 6.499999761581420898e-02 4.087200795765966177e-04 1.485582813620567322e-02 7.805668111871000292e-09
4.183588922023773193e-01 2.196328788995742798e-01 6.499999761581420898e-02 5.440851091407239437e-04 1.483567990362644196e-02 7.857606121319804515e-09
4.184138476848602295e-01 2.211159020662307739e-01 6.499999761581420898e-02 5.513309733942151070e-04 1.482849940657615662e-02 7.918559141728565010e-09
4.184645712375640869e-01 2.225986719131469727e-01 6.499999761581420898e-02 4.938794299960136414e-04 1.482750102877616882e-02 7.984136018990284356e-09
4.185149371623992920e-01 2.240808457136154175e-01 6.499999761581420898e-02 5.067585734650492668e-04 1.482001319527626038e-02 8.043978816374419694e-09
4.185660481452941895e-01 2.255623340606689453e-01 6.499999761581420898e-02 5.125586176291108131e-04 1.481338124722242355e-02 8.104025006616666360e-09
4.186161160469055176e-01 2.270433306694030762e-01 6.499999761581420898e-02 4.971253219991922379e-04 1.480886060744524002e-02 8.165344844712763006e-09
4.186655580997467041e-01 2.285238057374954224e-01 6.499999761581420898e-02 4.937389167025685310e-04 1.480341888964176178e-02 8.225420344842859777e-09
4.187148511409759521e-01 2.300037294626235962e-01 6.499999761581420898e-02 4.927779082208871841e-04 1.479798648506402969e-02 8.284987806916888076e-09
4.187636375427246094e-01 2.314831614494323730e-01 6.499999761581420898e-02 4.864837101195007563e-04 1.479324884712696075e-02 8.344636981405528786e-09
4.188119471073150635e-01 2.329621315002441406e-01 6.499999761581420898e-02 4.821644979529082775e-04 1.478854380548000336e-02 8.403824303115925431e-09
4.188599288463592529e-01 2.344406247138977051e-01 6.499999761581420898e-02 4.789813538081943989e-04 1.478389557451009750e-02 8.462617273607975221e-09
4.189074635505676270e-01 2.359186857938766479e-01 6.499999761581420898e-02 4.744133038911968470e-04 1.477958820760250092e-02 8.521210403955592483e-09
4.189546406269073486e-01 2.373963147401809692e-01 6.499999761581420898e-02 4.710867942776530981e-04 1.477533299475908279e-02 8.579411847620121989e-09
4.190014600753784180e-01 2.388735413551330566e-01 6.499999761581420898e-02 4.673093790188431740e-04 1.477130409330129623e-02 8.637353055007679359e-09
4.190478920936584473e-01 2.403503656387329102e-01 6.499999761581420898e-02 4.634122306015342474e-04 1.476741209626197815e-02 8.695012709836191789e-09
4.190939664840698242e-01 2.418268173933029175e-01 6.499999761581420898e-02 4.600793472491204739e-04 1.476367656141519547e-02 8.752348179541513673e-09
4.191397428512573242e-01 2.433029115200042725e-01 6.499999761581420898e-02 4.568945150822401047e-04 1.476004999130964279e-02 8.809391438546754216e-09
4.191851317882537842e-01 2.447786480188369751e-01 6.499999761581420898e-02 4.529235593508929014e-04 1.475657988339662552e-02 8.866215317482328828e-09
4.192301928997039795e-01 2.462540417909622192e-01 6.499999761581420898e-02 4.500782815739512444e-04 1.475320570170879364e-02 8.922687477763702191e-09
4.192749857902526855e-01 2.477291077375411987e-01 6.499999761581420898e-02 4.472282307688146830e-04 1.474997494369745255e-02 8.978891408162326115e-09
4.193194210529327393e-01 2.492038756608963013e-01 6.499999761581420898e-02 4.434676957316696644e-04 1.474691741168498993e-02 9.034898162951776612e-09
4.193635582923889160e-01 2.506783306598663330e-01 6.499999761581420898e-02 4.407677333801984787e-04 1.474384870380163193e-02 9.090568298120160762e-09
4.194074273109436035e-01 2.521525025367736816e-01 6.499999761581420898e-02 4.379104939289391041e-04 1.474094390869140625e-02 9.145993296044707677e-09
4.194509685039520264e-01 2.536263763904571533e-01 6.499999761581420898e-02 4.345783381722867489e-04 1.473812200129032135e-02 9.201200690256428061e-09
4.194942414760589600e-01 2.550999820232391357e-01 6.499999761581420898e-02 4.320550651755183935e-04 1.473542768508195877e-02 9.256102551091771602e-09
4.195372164249420166e-01 2.565733194351196289e-01 6.499999761581420898e-02 4.292203520890325308e-04 1.473281905055046082e-02 9.310780590965350711e-09
4.195799529552459717e-01 2.580464184284210205e-01 6.499999761581420898e-02 4.268665798008441925e-04 1.473030075430870056e-02 9.365183295528822782e-09
4.196224212646484375e-01 2.595192492008209229e-01 6.499999761581420898e-02 4.238930123392492533e-04 1.472782623022794724e-02 9.419391489018380526e-09
4.196645915508270264e-01 2.609918415546417236e-01 6.499999761581420898e-02 4.210404003970324993e-04 1.472553052008152008e-02 9.473357209799360135e-09
4.197065234184265137e-01 2.624642252922058105e-01 6.499999761581420898e-02 4.189900355413556099e-04 1.472327113151550293e-02 9.527034272593937203e-09
4.197482466697692871e-01 2.639363706111907959e-01 6.499999761581420898e-02 4.166290455032140017e-04 1.472100894898176193e-02 9.580502613459884742e-09
4.197896718978881836e-01 2.654083073139190674e-01 6.499999761581420898e-02 4.134963091928511858e-04 1.471893116831779480e-02 9.633801312247669557e-09
4.198372364044189453e-01 2.668800354003906250e-01 6.499999761581420898e-02 4.941694787703454494e-04 1.471683196723461151e-02 9.686790924945398729e-09
4.198695421218872070e-01 2.683519721031188965e-01 6.499999761581420898e-02 2.715193550102412701e-04 1.472031604498624802e-02 9.748682749943782255e-09
4.199117720127105713e-01 2.698231041431427002e-01 6.499999761581420898e-02 4.677038814406841993e-04 1.470851805061101913e-02 9.787969545982377895e-09
4.199545681476593018e-01 2.712940573692321777e-01 6.499999761581420898e-02 4.161589313298463821e-04 1.470972783863544464e-02 9.843726722635892656e-09
4.199927151203155518e-01 2.727650701999664307e-01 6.499999761581420898e-02 3.711595491040498018e-04 1.471037603914737701e-02 9.898855068968259729e-09
4.200333952903747559e-01 2.742357850074768066e-01 6.499999761581420898e-02 4.176309448666870594e-04 1.470632292330265045e-02 9.947415335886944376e-09
4.200736582279205322e-01 2.757063508033752441e-01 6.499999761581420898e-02 3.982749476563185453e-04 1.470560953021049500e-02 1.000033744702477634e-08
4.201191067695617676e-01 2.771768271923065186e-01 6.499999761581420898e-02 4.713473608717322350e-04 1.470434851944446564e-02 1.005232164175140497e-08
4.201498925685882568e-01 2.786474823951721191e-01 6.499999761581420898e-02 2.584675967227667570e-04 1.470709778368473053e-02 1.011195660538533048e-08
4.201912283897399902e-01 2.801173627376556396e-01 6.499999761581420898e-02 4.598019877448678017e-04 1.469644345343112946e-02 1.014968287194051300e-08
4.202321171760559082e-01 2.815871834754943848e-01 6.499999761581420898e-02 3.936650464311242104e-04 1.469856407493352890e-02 1.020495332682003209e-08
4.202750623226165771e-01 2.830570638179779053e-01 6.499999761581420898e-02 4.403901402838528156e-04 1.469881553202867508e-02 1.025792428777094756e-08
4.203056097030639648e-01 2.845270335674285889e-01 6.499999761581420898e-02 2.650336828082799911e-04 1.469996385276317596e-02 1.031415308716532309e-08
4.203466475009918213e-01 2.859963178634643555e-01 6.499999761581420898e-02 4.542294191196560860e-04 1.469073537737131119e-02 1.035206853572390173e-08
4.203862249851226807e-01 2.874655723571777344e-01 6.499999761581420898e-02 3.782084677368402481e-04 1.469326112419366837e-02 1.040720398748362641e-08
4.204223453998565674e-01 2.889348864555358887e-01 6.499999761581420898e-02 3.561483754310756922e-04 1.469316054135560989e-02 1.045853537107177544e-08
4.204612970352172852e-01 2.904039621353149414e-01 6.499999761581420898e-02 3.995930601377040148e-04 1.469004061073064804e-02 1.050523934509328683e-08
4.204990863800048828e-01 2.918729484081268311e-01 6.499999761581420898e-02 3.712832112796604633e-04 1.468998659402132034e-02 1.055661780213767997e-08
4.205362498760223389e-01 2.933418452739715576e-01 6.499999761581420898e-02 3.717589715961366892e-04 1.468876656144857407e-02 1.060586996004531102e-08
4.205740094184875488e-01 2.948105931282043457e-01 6.499999761581420898e-02 3.792674688156694174e-04 1.468722615391016006e-02 1.065447108317130187e-08
4.206111729145050049e-01 2.962792515754699707e-01 6.499999761581420898e-02 3.693506005220115185e-04 1.468644104897975922e-02 1.070406874248419626e-08
4.206482172012329102e-01 2.977477908134460449e-01 6.499999761581420898e-02 3.707288997247815132e-04 1.468518283218145370e-02 1.075273203809956613e-08
4.206852316856384277e-01 2.992162108421325684e-01 6.499999761581420898e-02 3.699918743222951889e-04 1.468407455831766129e-02 1.080136602382708588e-08
4.207219779491424561e-01 3.006845414638519287e-01 6.499999761581420898e-02 3.666159464046359062e-04 1.468312181532382965e-02 1.085000356226828444e-08
4.207586050033569336e-01 3.021527826786041260e-01 6.499999761581420898e-02 3.660155052784830332e-04 1.468202378600835800e-02 1.089828849387686205e-08
4.207950830459594727e-01 3.036209046840667725e-01 6.499999761581420898e-02 3.643734089564532042e-04 1.468092296272516251e-02 1.094647394950243324e-08
4.208313822746276855e-01 3.050889074802398682e-01 6.499999761581420898e-02 3.627630067057907581e-04 1.467994879931211472e-02 1.099449153940668111e-08
4.208222329616546631e-01 3.065568208694458008e-01 6.499999761581420898e-02 -2.283351204823702574e-04 1.467907987534999847e-02 1.104230484827439795e-08
4.207570552825927734e-01 3.080224692821502686e-01 6.499999761581420898e-02 -7.791424868628382683e-04 1.464962866157293320e-02 1.102301538935535064e-08
4.207337200641632080e-01 3.094835579395294189e-01 6.499999761581420898e-02 -6.894617399666458368e-05 1.459940243512392044e-02 1.092871926289262774e-08
4.206986725330352783e-01 3.109436333179473877e-01 6.499999761581420898e-02 -4.351855895947664976e-04 1.460133120417594910e-02 1.090477130816225326e-08
4.206555485725402832e-01 3.124032914638519287e-01 6.499999761581420898e-02 -4.301426815800368786e-04 1.459506805986166000e-02 1.085615775053838661e-08
4.206232428550720215e-01 3.138621151447296143e-01 6.499999761581420898e-02 -2.907945890910923481e-04 1.458618417382240295e-02 1.079840039608370716e-08
4.205851256847381592e-01 3.153209090232849121e-01 6.499999761581420898e-02 -4.083701060153543949e-04 1.458854693919420242e-02 1.075763389479789112e-08
4.205468893051147461e-01 3.167795538902282715e-01 6.499999761581420898e-02 -3.744795976672321558e-04 1.458564400672912598e-02 1.070657784651984912e-08
4.205107390880584717e-01 3.182379603385925293e-01 6.499999761581420898e-02 -3.576671006157994270e-04 1.458355411887168884e-02 1.065648191911350295e-08
4.204726219177246094e-01 3.196963071823120117e-01 6.499999761581420898e-02 -3.883011813741177320e-04 1.458358392119407654e-02 1.060940224562045842e-08
4.204348325729370117e-01 3.211545348167419434e-01 6.499999761581420898e-02 -3.748082672245800495e-04 1.458192616701126099e-02 1.055917575598641633e-08
4.203971922397613525e-01 3.226126432418823242e-01 6.499999761581420898e-02 -3.767164598684757948e-04 1.458083279430866241e-02 1.050980547034896517e-08
4.203589558601379395e-01 3.240706622600555420e-01 6.499999761581420898e-02 -3.839948622044175863e-04 1.457994151860475540e-02 1.046061814946597224e-08
4.203207492828369141e-01 3.255285620689392090e-01 6.499999761581420898e-02 -3.816540411207824945e-04 1.457860320806503296e-02 1.041059416451162178e-08
4.202823340892791748e-01 3.269863426685333252e-01 6.499999761581420898e-02 -3.847791231237351894e-04 1.457746140658855438e-02 1.036075403249014926e-08
4.202437102794647217e-01 3.284440040588378906e-01 6.499999761581420898e-02 -3.867856285069137812e-04 1.457626745104789734e-02 1.031065099965644549e-08
4.202049076557159424e-01 3.299015462398529053e-01 6.499999761581420898e-02 -3.884052275680005550e-04 1.457503251731395721e-02 1.026033125128833490e-08
4.201659262180328369e-01 3.313589394092559814e-01 6.499999761581420898e-02 -3.902634198311716318e-04 1.457376126199960709e-02 1.020983386723628428e-08
4.201267361640930176e-01 3.328162133693695068e-01 6.499999761581420898e-02 -3.924058692064136267e-04 1.457258313894271851e-02 1.015916240021397243e-08
4.200873672962188721e-01 3.342733681201934814e-01 6.499999761581420898e-02 -3.942231414839625359e-04 1.457130350172519684e-02 1.010827244130041436e-08
4.200477600097656250e-01 3.357304036617279053e-01 6.499999761581420898e-02 -3.964695206377655268e-04 1.456995029002428055e-02 1.005721017577343446e-08
4.200080037117004395e-01 3.371872901916503906e-01 6.499999761581420898e-02 -3.978954628109931946e-04 1.456846017390489578e-02 1.000589033850474152e-08
4.199680089950561523e-01 3.386440277099609375e-01 6.499999761581420898e-02 -4.006012459285557270e-04 1.456703245639801025e-02 9.954454149863067869e-09
4.199278056621551514e-01 3.401006162166595459e-01 6.499999761581420898e-02 -4.025978851132094860e-04 1.456556096673011780e-02 9.902763054014940280e-09
4.198873937129974365e-01 3.415570557117462158e-01 6.499999761581420898e-02 -4.047704860568046570e-04 1.456406060606241226e-02 9.850873894379219564e-09
4.198467433452606201e-01 3.430133461952209473e-01 6.499999761581420898e-02 -4.071107541676610708e-04 1.456251367926597595e-02 9.798784894599066320e-09
4.198058843612670898e-01 3.444694578647613525e-01 6.499999761581420898e-02 -4.090871661901473999e-04 1.456087920814752579e-02 9.746455198467174341e-09
4.197647869586944580e-01 3.459254205226898193e-01 6.499999761581420898e-02 -4.114851471967995167e-04 1.455930154770612717e-02 9.693938096688725636e-09
4.197234809398651123e-01 3.473812043666839600e-01 6.499999761581420898e-02 -4.136613570153713226e-04 1.455758884549140930e-02 9.641184739450636698e-09
4.196819067001342773e-01 3.488368391990661621e-01 6.499999761581420898e-02 -4.164082056377083063e-04 1.455589942634105682e-02 9.588248417458089534e-09
4.196400940418243408e-01 3.502922952175140381e-01 6.499999761581420898e-02 -4.184903809800744057e-04 1.455401256680488586e-02 9.535037648333855032e-09
4.195980727672576904e-01 3.517475426197052002e-01 6.499999761581420898e-02 -4.207571328151971102e-04 1.455208752304315567e-02 9.481610163675213698e-09
4.195557534694671631e-01 3.532026112079620361e-01 6.499999761581420898e-02 -4.238610563334077597e-04 1.455024629831314087e-02 9.428011260581570241e-09
4.195131957530975342e-01 3.546574711799621582e-01 6.499999761581420898e-02 -4.260080750100314617e-04 1.454824395477771759e-02 9.374108600468389341e-09
4.194703996181488037e-01 3.561121523380279541e-01 6.499999761581420898e-02 -4.286869661882519722e-04 1.454626303166151047e-02 9.320004323853936512e-09
4.194273054599761963e-01 3.575666248798370361e-01 6.499999761581420898e-02 -4.318138526286929846e-04 1.454413495957851410e-02 9.265688660775595054e-09
4.193839132785797119e-01 3.590208590030670166e-01 6.499999761581420898e-02 -4.343692853581160307e-04 1.454192586243152618e-02 9.211087004246110155e-09
4.193403124809265137e-01 3.604748845100402832e-01 6.499999761581420898e-02 -4.365981731098145247e-04 1.453972887247800827e-02 9.156212676941777318e-09
4.192963838577270508e-01 3.619286715984344482e-01 6.499999761581420898e-02 -4.402796330396085978e-04 1.453747041523456573e-02 9.101189135662934859e-09
4.192521274089813232e-01 3.633822500705718994e-01 6.499999761581420898e-02 -4.430971166584640741e-04 1.453514117747545242e-02 9.045846738331420056e-09
4.192076325416564941e-01 3.648355603218078613e-01 6.499999761581420898e-02 -4.453227738849818707e-04 1.453258749097585678e-02 8.990199695801948110e-09
4.191628396511077881e-01 3.662886321544647217e-01 6.499999761581420898e-02 -4.488603444769978523e-04 1.453013252466917038e-02 8.934383899372733140e-09
4.191176891326904297e-01 3.677414357662200928e-01 6.499999761581420898e-02 -4.524730029515922070e-04 1.452753785997629166e-02 8.878304313952867233e-09
4.190722107887268066e-01 3.691939711570739746e-01 6.499999761581420898e-02 -4.553008475340902805e-04 1.452485471963882446e-02 8.821894326160872879e-09
4.190264642238616943e-01 3.706462383270263672e-01 6.499999761581420898e-02 -4.581125976983457804e-04 1.452207751572132111e-02 8.765205450345092686e-09
4.189803600311279297e-01 3.720982372760772705e-01 6.499999761581420898e-02 -4.620937688741832972e-04 1.451923511922359467e-02 8.708321175276978465e-09
4.189338684082031250e-01 3.735499382019042969e-01 6.499999761581420898e-02 -4.655983066186308861e-04 1.451620180159807205e-02 8.651113603264093399e-09
4.188870787620544434e-01 3.750013113021850586e-01 6.499999761581420898e-02 -4.683949518948793411e-04 1.451303903013467789e-02 8.593563194381204084e-09
4.188399314880371094e-01 3.764523863792419434e-01 6.499999761581420898e-02 -4.723519668914377689e-04 1.450992189347743988e-02 8.535803175391265540e-09
4.187923967838287354e-01 3.779031336307525635e-01 6.499999761581420898e-02 -4.763116885442286730e-04 1.450661662966012955e-02 8.477741175738628954e-09
4.187444746494293213e-01 3.793535232543945312e-01 6.499999761581420898e-02 -4.800172464456409216e-04 1.450318843126296997e-02 8.419354990962801821e-09
4.186961948871612549e-01 3.808035850524902344e-01 6.499999761581420898e-02 -4.836960288230329752e-04 1.449970901012420654e-02 8.360655279204820545e-09
4.186474978923797607e-01 3.822532892227172852e-01 6.499999761581420898e-02 -4.879819462075829506e-04 1.449604798108339310e-02 8.301683784850411030e-09
4.185983836650848389e-01 3.837026059627532959e-01 6.499999761581420898e-02 -4.919617203995585442e-04 1.449222303926944733e-02 8.242365900912318466e-09
4.185488820075988770e-01 3.851515352725982666e-01 6.499999761581420898e-02 -4.959278739988803864e-04 1.448830123990774155e-02 8.182719390958936856e-09
4.184989333152770996e-01 3.866000473499298096e-01 6.499999761581420898e-02 -5.005651619285345078e-04 1.448426768183708191e-02 8.122788663911251206e-09
4.184485375881195068e-01 3.880481421947479248e-01 6.499999761581420898e-02 -5.049941828474402428e-04 1.448011770844459534e-02 8.062501777317265805e-09
4.183976948261260986e-01 3.894958198070526123e-01 6.499999761581420898e-02 -5.094716325402259827e-04 1.447580195963382721e-02 8.001872053853276157e-09
4.183463752269744873e-01 3.909430503845214844e-01 6.499999761581420898e-02 -5.141742876730859280e-04 1.447127386927604675e-02 7.940905710768220160e-09
4.182946085929870605e-01 3.923898041248321533e-01 6.499999761581420898e-02 -5.188222276046872139e-04 1.446655858308076859e-02 7.879575214531087113e-09
4.182423055171966553e-01 3.938360810279846191e-01 6.499999761581420898e-02 -5.242079496383666992e-04 1.446174737066030502e-02 7.817932967668639321e-09
4.181895256042480469e-01 3.952818512916564941e-01 6.499999761581420898e-02 -5.289556575007736683e-04 1.445666234940290451e-02 7.755867947878414270e-09
4.181362092494964600e-01 3.967271149158477783e-01 6.499999761581420898e-02 -5.344574456103146076e-04 1.445144228637218475e-02 7.693478742964998673e-09
4.180823564529418945e-01 3.981718420982360840e-01 6.499999761581420898e-02 -5.398360081017017365e-04 1.444594003260135651e-02 7.630690745941137720e-09
4.180279374122619629e-01 3.996160030364990234e-01 6.499999761581420898e-02 -5.454454221762716770e-04 1.444020960479974747e-02 7.567522608553645114e-09
4.179729521274566650e-01 4.010595679283142090e-01 6.499999761581420898e-02 -5.510666524060070515e-04 1.443424634635448456e-02 7.503948573628349550e-09
4.179174005985260010e-01 4.025025069713592529e-01 6.499999761581420898e-02 -5.570277571678161621e-04 1.442808844149112701e-02 7.439988181090484431e-09
4.178611934185028076e-01 4.039448201656341553e-01 6.499999761581420898e-02 -5.636255373246967793e-04 1.442176476120948792e-02 7.375654309527135410e-09
4.178043603897094727e-01 4.053864777088165283e-01 6.499999761581420898e-02 -5.696616717614233494e-04 1.441507600247859955e-02 7.310843930241617272e-09
4.177469015121459961e-01 4.068274497985839844e-01 6.499999761581420898e-02 -5.760506610386073589e-04 1.440810039639472961e-02 7.245618771634099176e-09
4.176887571811676025e-01 4.082677066326141357e-01 6.499999761581420898e-02 -5.830879672430455685e-04 1.440085656940937042e-02 7.179994376826925873e-09
4.176230430603027344e-01 4.097072184085845947e-01 6.499999761581420898e-02 -6.794493529014289379e-04 1.439327653497457504e-02 7.113911681955187305e-09
4.175701141357421875e-01 4.111451506614685059e-01 6.499999761581420898e-02 -4.842776979785412550e-04 1.437495741993188858e-02 7.038668758951871496e-09
4.175120592117309570e-01 4.125830233097076416e-01 6.499999761581420898e-02 -6.095630233176052570e-04 1.437999866902828217e-02 6.980742650597449028e-09
4.174483418464660645e-01 4.140205681324005127e-01 6.499999761581420898e-02 -6.455887923948466778e-04 1.437422540038824081e-02 6.915596095780074393e-09
4.173864424228668213e-01 4.154568612575531006e-01 6.499999761581420898e-02 -6.108621601015329361e-04 1.435936056077480316e-02 6.844131039684953066e-09
4.173245131969451904e-01 4.168920814990997314e-01 6.499999761581420898e-02 -6.216889014467597008e-04 1.434986758977174759e-02 6.775871863595739342e-09
4.172607362270355225e-01 4.183264076709747314e-01 6.499999761581420898e-02 -6.426665349863469601e-04 1.434139069169759750e-02 6.707926658577889611e-09
4.171960055828094482e-01 4.197597205638885498e-01 6.499999761581420898e-02 -6.485326448455452919e-04 1.433055568486452103e-02 6.638190885865924429e-09
4.171306490898132324e-01 4.211919009685516357e-01 6.499999761581420898e-02 -6.549415993504226208e-04 1.431924384087324142e-02 6.567939525581323323e-09
4.170642793178558350e-01 4.226229786872863770e-01 6.499999761581420898e-02 -6.665259716100990772e-04 1.430815830826759338e-02 6.497550053552458849e-09
4.169967770576477051e-01 4.240528941154479980e-01 6.499999761581420898e-02 -6.777462549507617950e-04 1.429639942944049835e-02 6.426544185700322487e-09
4.169282317161560059e-01 4.254815578460693359e-01 6.499999761581420898e-02 -6.878388812765479088e-04 1.428386196494102478e-02 6.354840653699511677e-09
4.168586134910583496e-01 4.269089400768280029e-01 6.499999761581420898e-02 -6.988703971728682518e-04 1.427084207534790039e-02 6.282600217843992141e-09
4.167878031730651855e-01 4.283349812030792236e-01 6.499999761581420898e-02 -7.109383004717528820e-04 1.425722241401672363e-02 6.209813996349566878e-09
4.167157709598541260e-01 4.297595918178558350e-01 6.499999761581420898e-02 -7.230889750644564629e-04 1.424283068627119064e-02 6.136382957322439324e-09
4.166424870491027832e-01 4.311827123165130615e-01 6.499999761581420898e-02 -7.357849390245974064e-04 1.422773580998182297e-02 6.062330193401521683e-09
4.165678620338439941e-01 4.326042830944061279e-01 6.499999761581420898e-02 -7.493913872167468071e-04 1.421189680695533752e-02 5.987668139084689756e-09
4.164918363094329834e-01 4.340241849422454834e-01 6.499999761581420898e-02 -7.635130314156413078e-04 1.419515814632177353e-02 5.912343059577551685e-09
4.164143502712249756e-01 4.354423582553863525e-01 6.499999761581420898e-02 -7.783700712025165558e-04 1.417759060859680176e-02 5.836355398969317321e-09
4.163353145122528076e-01 4.368586838245391846e-01 6.499999761581420898e-02 -7.940895156934857368e-04 1.415906939655542374e-02 5.759694499118950262e-09
4.163353145122528076e-01 4.368586838245391846e-01 6.499999761581420898e-02 -7.940895156934857368e-04 1.415906939655542374e-02 5.759694499118950262e-09
4.158853292465209961e-01 4.386252462863922119e-01 6.499999761581420898e-02 -5.615205504000186920e-03 1.872087270021438599e-02 6.083649140009583789e-09
4.157870411872863770e-01 4.403168559074401855e-01 6.499999761581420898e-02 4.114289768040180206e-04 1.637293770909309387e-02 5.463842267516838547e-09
4.158712327480316162e-01 4.418902099132537842e-01 6.499999761581420898e-02 9.715344640426337719e-04 1.554106455296278000e-02 5.314056750194140477e-09
4.158359766006469727e-01 4.434374570846557617e-01 6.499999761581420898e-02 -7.510487921535968781e-04 1.545187085866928101e-02 5.382048584579024464e-09
4.157398343086242676e-01 4.449577331542968750e-01 6.499999761581420898e-02 -1.024678698740899563e-03 1.512786094099283218e-02 5.317414064620606950e-09
4.156608879566192627e-01 4.464417994022369385e-01 6.499999761581420898e-02 -7.185724098235368729e-04 1.475406438112258911e-02 5.199211727813235484e-09
4.155872464179992676e-01 4.478997588157653809e-01 6.499999761581420898e-02 -7.418245659209787846e-04 1.452725566923618317e-02 5.112340328849995785e-09
4.155016839504241943e-01 4.493411779403686523e-01 6.499999761581420898e-02 -8.897507213987410069e-04 1.437997911125421524e-02 5.037453121303769876e-09
4.154078066349029541e-01 4.507689177989959717e-01 6.499999761581420898e-02 -9.534650016576051712e-04 1.424648240208625793e-02 4.954264998247026597e-09
4.153104424476623535e-01 4.521844685077667236e-01 6.499999761581420898e-02 -9.796714875847101212e-04 1.412818394601345062e-02 4.866918423829247331e-09
4.152094125747680664e-01 4.535898268222808838e-01 6.499999761581420898e-02 -1.019668299704790115e-03 1.403109449893236160e-02 4.780217111033380206e-09
4.151037633419036865e-01 4.549865722656250000e-01 6.499999761581420898e-02 -1.067455974407494068e-03 1.394838560372591019e-02 4.693463839799960624e-09
4.149935841560363770e-01 4.563756287097930908e-01 6.499999761581420898e-02 -1.112253172323107719e-03 1.387312263250350952e-02 4.605478665098416968e-09
4.148789644241333008e-01 4.577575325965881348e-01 6.499999761581420898e-02 -1.156223006546497345e-03 1.380270626395940781e-02 4.516371276963582204e-09
4.147598147392272949e-01 4.591326415538787842e-01 6.499999761581420898e-02 -1.201927894726395607e-03 1.373553089797496796e-02 4.426313537919668306e-09
4.146358966827392578e-01 4.605011641979217529e-01 6.499999761581420898e-02 -1.250547007657587528e-03 1.367007102817296982e-02 4.335344971906351930e-09
4.145068526268005371e-01 4.618631601333618164e-01 6.499999761581420898e-02 -1.302329357713460922e-03 1.360487844794988632e-02 4.243414508664500318e-09
4.143724143505096436e-01 4.632185697555541992e-01 6.499999761581420898e-02 -1.357017434202134609e-03 1.353862322866916656e-02 4.150411569980860804e-09
4.142321944236755371e-01 4.645671844482421875e-01 6.499999761581420898e-02 -1.415758510120213032e-03 1.347054354846477509e-02 4.056368574367752444e-09
4.140857458114624023e-01 4.659088253974914551e-01 6.499999761581420898e-02 -1.479214522987604141e-03 1.339996978640556335e-02 3.961258876472584234e-09
4.139325618743896484e-01 4.672431349754333496e-01 6.499999761581420898e-02 -1.547847758047282696e-03 1.332603208720684052e-02 3.865007869308101363e-09
4.137720465660095215e-01 4.685697555541992188e-01 6.499999761581420898e-02 -1.622457872144877911e-03 1.324819400906562805e-02 3.767557377187813472e-09
4.136035740375518799e-01 4.698882400989532471e-01 6.499999761581420898e-02 -1.703595975413918495e-03 1.316570024937391281e-02 3.668775283571790169e-09
4.134263992309570312e-01 4.711980819702148438e-01 6.499999761581420898e-02 -1.792338327504694462e-03 1.307797525078058243e-02 3.568530582143125685e-09
4.132396876811981201e-01 4.724986851215362549e-01 6.499999761581420898e-02 -1.889572944492101669e-03 1.298429444432258606e-02 3.466591902423488136e-09
4.130425155162811279e-01 4.737893939018249512e-01 6.499999761581420898e-02 -1.996430102735757828e-03 1.288393326103687286e-02 3.362642608806254430e-09
4.128338098526000977e-01 4.750694930553436279e-01 6.499999761581420898e-02 -2.114295493811368942e-03 1.277607865631580353e-02 3.256244607285907477e-09
4.126123785972595215e-01 4.763381481170654297e-01 6.499999761581420898e-02 -2.244508126750588417e-03 1.265964098274707794e-02 3.146746641036202163e-09
4.123768210411071777e-01 4.775944054126739502e-01 6.499999761581420898e-02 -2.388840774074196815e-03 1.253346726298332214e-02 3.033276518848992964e-09
4.121256172657012939e-01 4.788371920585632324e-01 6.499999761581420898e-02 -2.549064345657825470e-03 1.239604689180850983e-02 2.914598340453267156e-09
4.118569791316986084e-01 4.800652563571929932e-01 6.499999761581420898e-02 -2.727648941799998283e-03 1.224572397768497467e-02 2.789084962984134108e-09
4.115688800811767578e-01 4.812771081924438477e-01 6.499999761581420898e-02 -2.927151974290609360e-03 1.208035554736852646e-02 2.654485298236863855e-09
4.112589657306671143e-01 4.824710786342620850e-01 6.499999761581420898e-02 -3.150724573060870171e-03 1.189748477190732956e-02 2.507789309547092671e-09
4.109246134757995605e-01 4.836451709270477295e-01 6.499999761581420898e-02 -3.401672234758734703e-03 1.169376168400049210e-02 2.344864080683350949e-09
4.105627238750457764e-01 4.847970008850097656e-01 6.499999761581420898e-02 -3.684225026518106461e-03 1.146530546247959137e-02 2.160134515705181002e-09
4.101698100566864014e-01 4.859236776828765869e-01 6.499999761581420898e-02 -4.002808593213558197e-03 1.120684947818517685e-02 1.945813510317861983e-09
4.097418487071990967e-01 4.870216548442840576e-01 6.499999761581420898e-02 -4.362784791737794876e-03 1.091155409812927246e-02 1.690909523510697454e-09
4.092742502689361572e-01 4.880865216255187988e-01 6.499999761581420898e-02 -4.770067986100912094e-03 1.056947652250528336e-02 1.379297565051729180e-09
4.087617993354797363e-01 4.891123771667480469e-01 6.499999761581420898e-02 -5.231210030615329742e-03 1.016505993902683258e-02 9.864337124909638987e-10
4.081898033618927002e-01 4.900910556316375732e-01 6.499999761581420898e-02 -5.866908933967351913e-03 9.672823362052440643e-03 4.769221129130585268e-10
4.075679779052734375e-01 4.910091459751129150e-01 6.499999761581420898e-02 -6.323949433863162994e-03 9.032815694808959961e-03 -2.141028023275315384e-12
4.058322608470916748e-01 4.931004345417022705e-01 6.499999761581420898e-02 -2.067799307405948639e-02 2.448856458067893982e-02 1.085665032266730501e-13
