1.084619760513305664e-01
1.084619760513305664e-01
1.090369671583175659e-01
1.096284762024879456e-01
1.102362573146820068e-01
1.108600050210952759e-01
1.114994660019874573e-01
1.121543943881988525e-01
1.128244847059249878e-01
1.135094910860061646e-01
1.142091453075408936e-01
1.149231642484664917e-01
1.156512871384620667e-01
1.163932755589485168e-01
1.171488240361213684e-01
1.179176867008209229e-01
1.186996176838874817e-01
1.194943636655807495e-01
1.203016489744186401e-01
1.211212277412414551e-01
1.219528838992118835e-01
1.227963194251060486e-01
1.236513257026672363e-01
1.245176717638969421e-01
1.253950893878936768e-01
1.262833774089813232e-01
1.271823197603225708e-01
1.280260384082794189e-01
1.268868893384933472e-01
1.257544010877609253e-01
1.246288493275642395e-01
1.235103681683540344e-01
1.223991364240646362e-01
1.212954074144363403e-01
1.201993525028228760e-01
1.191111728549003601e-01
1.180311217904090881e-01
1.169594079256057739e-01
1.158962324261665344e-01
1.148418858647346497e-01
1.137965917587280273e-01
1.127605959773063660e-01
1.117341369390487671e-01
1.107175275683403015e-01
1.097110137343406677e-01
1.087148562073707581e-01
1.077293902635574341e-01
1.067548841238021851e-01
1.057916209101676941e-01
1.048399582505226135e-01
1.039001867175102234e-01
1.039001867175102234e-01
1.039001867175102234e-01
1.039001867175102234e-01
1.039001867175102234e-01
1.039001867175102234e-01
1.039001867175102234e-01
1.039001867175102234e-01
1.029726117849349976e-01
1.029726117849349976e-01
1.020577922463417053e-01
1.020577922463417053e-01
1.002667620778083801e-01
9.939134120941162109e-02
9.927707165479660034e-02
9.937306493520736694e-02
9.953258931636810303e-02
9.976015239953994751e-02
1.000794768333435059e-01
1.004803031682968140e-01
1.008749231696128845e-01
1.011385545134544373e-01
1.011971011757850647e-01
1.010748222470283508e-01
1.008541211485862732e-01
1.006063520908355713e-01
1.003638952970504761e-01
1.001311838626861572e-01
9.990250319242477417e-02
9.967208653688430786e-02
9.943671524524688721e-02
9.919557720422744751e-02
9.894923865795135498e-02
9.869920462369918823e-02
9.844753891229629517e-02
9.819670021533966064e-02
9.794927388429641724e-02
9.770791232585906982e-02
9.747506678104400635e-02
9.725305438041687012e-02
9.704386442899703979e-02
9.684928506612777710e-02
9.667076170444488525e-02
9.650953859090805054e-02
9.636662155389785767e-02
9.624284505844116211e-02
9.613887220621109009e-02
9.605519473552703857e-02
9.599220752716064453e-02
9.595025330781936646e-02
9.592954814434051514e-02
9.593028575181961060e-02
9.595254808664321899e-02
9.599644690752029419e-02
9.606199711561203003e-02
9.614927321672439575e-02
9.625824540853500366e-02
9.638885408639907837e-02
9.654103219509124756e-02
9.671472758054733276e-02
9.690988063812255859e-02
9.712632745504379272e-02
9.736395627260208130e-02
9.762264788150787354e-02
9.790219366550445557e-02
9.820249676704406738e-02
9.852331876754760742e-02
9.886445850133895874e-02
9.922578930854797363e-02
9.960700571537017822e-02
1.000079438090324402e-01
1.004283279180526733e-01
1.008679196238517761e-01
1.013265401124954224e-01
1.018038317561149597e-01
1.022996008396148682e-01
1.028136014938354492e-01
1.033454760909080505e-01
1.038950458168983459e-01
1.044619604945182800e-01
1.050459817051887512e-01
1.056468337774276733e-01
1.062704175710678101e-01
1.068977937102317810e-01
1.075458526611328125e-01
1.082135215401649475e-01
1.088935956358909607e-01
1.095886379480361938e-01
1.102995797991752625e-01
1.110246777534484863e-01
1.117638349533081055e-01
1.125229969620704651e-01
1.132837459444999695e-01
1.140633374452590942e-01
1.148649305105209351e-01
1.156641766428947449e-01
1.164822056889533997e-01
1.173163801431655884e-01
1.181587204337120056e-01
1.190135926008224487e-01
1.198810935020446777e-01
1.207591816782951355e-01
1.216484159231185913e-01
1.225487291812896729e-01
1.234595403075218201e-01
1.243807449936866760e-01
1.253121346235275269e-01
1.262534409761428833e-01
1.272044479846954346e-01
1.281649768352508545e-01
1.291348040103912354e-01
1.301137059926986694e-01
1.311014741659164429e-01
1.320979595184326172e-01
1.331029087305068970e-01
1.341161727905273438e-01
1.351375430822372437e-01
1.361668556928634644e-01
1.372039169073104858e-01
1.382485777139663696e-01
1.393006443977355957e-01
1.403599679470062256e-01
1.414263695478439331e-01
1.424997001886367798e-01
1.435798108577728271e-01
1.446665376424789429e-01
1.457597762346267700e-01
1.468593031167984009e-01
1.479650437831878662e-01
1.490768641233444214e-01
1.501945704221725464e-01
1.513181030750274658e-01
1.524472832679748535e-01
1.535820066928863525e-01
1.547221690416336060e-01
1.558716297149658203e-01
1.570166945457458496e-01
1.581739485263824463e-01
1.593355238437652588e-01
1.605035662651062012e-01
1.616690456867218018e-01
1.628456711769104004e-01
1.640256643295288086e-01
1.652084887027740479e-01
1.663975119590759277e-01
1.675900071859359741e-01
1.687866151332855225e-01
1.699531078338623047e-01
1.711006313562393188e-01
1.722695082426071167e-01
1.734342873096466064e-01
1.734342873096466064e-01
1.757761687040328979e-01
1.757761687040328979e-01
1.772646605968475342e-01
1.789463162422180176e-01
1.803318709135055542e-01
1.815796494483947754e-01
1.828553825616836548e-01
1.828553825616836548e-01
1.852772533893585205e-01
1.864992231130599976e-01
1.877093315124511719e-01
1.889260709285736084e-01
1.901445388793945312e-01
1.913635283708572388e-01
1.925871670246124268e-01
1.938132494688034058e-01
1.950418502092361450e-01
1.962737590074539185e-01
1.975083202123641968e-01
1.987456083297729492e-01
1.999856829643249512e-01
2.012283802032470703e-01
2.024736553430557251e-01
2.037214934825897217e-01
2.049718052148818970e-01
2.062245458364486694e-01
2.074796557426452637e-01
2.087371051311492920e-01
2.099967747926712036e-01
2.112587094306945801e-01
2.125227749347686768e-01
2.137889564037322998e-01
2.150572091341018677e-01
2.163274735212326050e-01
2.175996899604797363e-01
2.188738435506820679e-01
2.201498448848724365e-01
2.214276641607284546e-01
2.227072566747665405e-01
2.239885777235031128e-01
2.252715826034545898e-01
2.265561968088150024e-01
2.278424203395843506e-01
2.278424203395843506e-01
2.291301786899566650e-01
2.304194420576095581e-01
2.323954999446868896e-01
2.339500635862350464e-01
2.353561222553253174e-01
2.367393970489501953e-01
2.380989491939544678e-01
2.380989491939544678e-01
2.407450377941131592e-01
2.420606315135955811e-01
2.433701157569885254e-01
2.446775585412979126e-01
2.459848523139953613e-01
2.472915798425674438e-01
2.485982626676559448e-01
2.499054074287414551e-01
2.512130141258239746e-01
2.525210380554199219e-01
2.538296282291412354e-01
2.551387548446655273e-01
2.564483582973480225e-01
2.577584087848663330e-01
2.590689063072204590e-01
2.603797018527984619e-01
2.603797018527984619e-01
2.616908550262451172e-01
2.635686397552490234e-01
2.651326954364776611e-01
2.665892243385314941e-01
2.679992914199829102e-01
2.693877220153808594e-01
2.707510888576507568e-01
2.720963358879089355e-01
2.734319865703582764e-01
2.747603654861450195e-01
2.760827243328094482e-01
2.774008512496948242e-01
2.787158787250518799e-01
2.800283133983612061e-01
2.813385426998138428e-01
2.826468348503112793e-01
2.826468348503112793e-01
2.841620743274688721e-01
2.841620743274688721e-01
2.872459888458251953e-01
2.886969149112701416e-01
2.901025712490081787e-01
2.914808988571166992e-01
2.928372919559478760e-01
2.941750884056091309e-01
2.954984307289123535e-01
2.968103587627410889e-01
2.981127202510833740e-01
2.994067370891571045e-01
3.006933033466339111e-01
3.019730150699615479e-01
3.032462000846862793e-01
3.045129776000976562e-01
3.057733476161956787e-01
3.070271909236907959e-01
3.082742691040039062e-01
3.095142543315887451e-01
3.095142543315887451e-01
3.095142543315887451e-01
3.121705651283264160e-01
3.121705651283264160e-01
3.138149082660675049e-01
3.153301179409027100e-01
3.153301179409027100e-01
3.180383145809173584e-01
3.193385004997253418e-01
3.206053972244262695e-01
3.218367397785186768e-01
3.230344653129577637e-01
3.230344653129577637e-01
3.253394365310668945e-01
3.264497518539428711e-01
3.275331556797027588e-01
3.285903036594390869e-01
3.285903036594390869e-01
3.296219110488891602e-01
3.296219110488891602e-01
3.296219110488891602e-01
3.296219110488891602e-01
3.296219110488891602e-01
3.296219110488891602e-01
3.296219110488891602e-01
3.299379646778106689e-01
3.299379646778106689e-01
3.330004811286926270e-01
3.359649777412414551e-01
3.386077284812927246e-01
3.414066135883331299e-01
3.440820872783660889e-01
3.455092608928680420e-01
3.469330072402954102e-01
3.483570516109466553e-01
3.497814536094665527e-01
3.512061536312103271e-01
3.526311814785003662e-01
3.540565073490142822e-01
3.554821610450744629e-01
3.569080829620361328e-01
3.583343327045440674e-01
3.597608804702758789e-01
3.601012229919433594e-01
3.600820899009704590e-01
3.600400984287261963e-01
3.599803149700164795e-01
3.599083125591278076e-01
3.599083125591278076e-01
3.600316643714904785e-01
3.604891598224639893e-01
3.613238632678985596e-01
3.624771833419799805e-01
3.638331294059753418e-01
3.652956187725067139e-01
3.668172359466552734e-01
3.683840930461883545e-01
3.699943721294403076e-01
3.716464340686798096e-01
3.733358681201934814e-01
3.750561475753784180e-01
3.767998516559600830e-01
3.785593509674072266e-01
3.803275525569915771e-01
3.820980191230773926e-01
3.838651478290557861e-01
3.856244385242462158e-01
3.873722851276397705e-01
3.891060650348663330e-01
3.908240199089050293e-01
3.925251662731170654e-01
3.942090272903442383e-01
3.958757519721984863e-01
3.975257277488708496e-01
3.991596996784210205e-01
4.007115662097930908e-01
4.021079242229461670e-01
4.034971892833709717e-01
4.048798382282257080e-01
4.062564074993133545e-01
4.076274633407592773e-01
4.089935719966888428e-01
4.103552699089050293e-01
4.117130339145660400e-01
4.130673408508300781e-01
4.144186377525329590e-01
4.157673418521881104e-01
4.171137511730194092e-01
4.184582233428955078e-01
4.198009967803955078e-01
4.211423695087432861e-01
4.224825501441955566e-01
4.238216876983642578e-01
4.251600205898284912e-01
4.264946281909942627e-01
4.278322458267211914e-01
4.291738569736480713e-01
4.305100142955780029e-01
4.318442344665527344e-01
4.331772327423095703e-01
4.345168769359588623e-01
4.358536005020141602e-01
4.371877610683441162e-01
4.385235905647277832e-01
4.398600459098815918e-01
4.411961734294891357e-01
4.425325691699981689e-01
4.438693821430206299e-01
4.452064633369445801e-01
4.465438425540924072e-01
4.478815793991088867e-01
4.492197036743164062e-01
4.505582153797149658e-01
4.518971145153045654e-01
4.532364606857299805e-01
4.545735418796539307e-01
4.559172987937927246e-01
4.572584033012390137e-01
4.585980176925659180e-01
4.599399268627166748e-01
4.612823426723480225e-01
4.626246690750122070e-01
4.639678001403808594e-01
4.653115570545196533e-01
4.666556715965270996e-01
4.680003523826599121e-01
4.693456292152404785e-01
4.706913828849792480e-01
4.720377326011657715e-01
4.733845889568328857e-01
4.747319817543029785e-01
4.760799407958984375e-01
4.774284660816192627e-01
4.787774980068206787e-01
4.801271259784698486e-01
4.814772903919219971e-01
4.828280210494995117e-01
4.841792881488800049e-01
4.855311214923858643e-01
4.868835210800170898e-01
4.882364571094512939e-01
4.895899593830108643e-01
4.909439980983734131e-01
4.922986030578613281e-01
4.936537444591522217e-01
4.950094223022460938e-01
4.963656961917877197e-01
4.977224767208099365e-01
4.990797936916351318e-01
5.004354119300842285e-01
5.017973184585571289e-01
5.031555891036987305e-01
5.045140981674194336e-01
5.058749318122863770e-01
5.072352290153503418e-01
5.085961222648620605e-01
5.099557638168334961e-01
5.113213062286376953e-01
5.126830339431762695e-01
5.140454173088073730e-01
5.154078006744384766e-01
5.167751312255859375e-01
5.181387066841125488e-01
5.195034146308898926e-01
5.208699107170104980e-01
5.222357511520385742e-01
5.236024856567382812e-01
5.249699354171752930e-01
5.263375639915466309e-01
5.277058482170104980e-01
5.290746092796325684e-01
5.304437875747680664e-01
5.318135023117065430e-01
5.331837534904479980e-01
5.345544219017028809e-01
5.359255671501159668e-01
5.373122692108154297e-01
5.387159585952758789e-01
5.401017665863037109e-01
5.414908528327941895e-01
5.428826212882995605e-01
5.442703962326049805e-01
5.456604361534118652e-01
5.470507740974426270e-01
5.484405159950256348e-01
5.498312115669250488e-01
5.512220263481140137e-01
5.526130199432373047e-01
5.540044903755187988e-01
5.553961396217346191e-01
5.567881464958190918e-01
5.581804513931274414e-01
5.595729947090148926e-01
5.609657764434814453e-01
5.623588562011718750e-01
5.637522339820861816e-01
5.651459097862243652e-01
5.665397644042968750e-01
5.679339170455932617e-01
5.693282485008239746e-01
5.707228779792785645e-01
5.721177458763122559e-01
5.735127925872802734e-01
5.749080777168273926e-01
5.763035416603088379e-01
5.776993036270141602e-01
5.790952444076538086e-01
5.804913640022277832e-01
5.818876624107360840e-01
5.832841396331787109e-01
5.846807956695556641e-01
5.860776901245117188e-01
5.874746441841125488e-01
5.888718366622924805e-01
5.902690887451171875e-01
5.916665792465209961e-01
5.930641293525695801e-01
5.944618582725524902e-01
5.958596467971801758e-01
5.972576141357421875e-01
5.986556410789489746e-01
6.000537276268005371e-01
6.014519929885864258e-01
6.028502583503723145e-01
6.042485833168029785e-01
6.056469678878784180e-01
6.070453524589538574e-01
6.084437966346740723e-01
6.098423004150390625e-01
6.112407445907592773e-01
6.126392483711242676e-01
6.140376925468444824e-01
6.154360771179199219e-01
6.168344616889953613e-01
6.182327270507812500e-01
6.196309328079223633e-01
6.210290789604187012e-01
6.224271059036254883e-01
6.238250732421875000e-01
6.252228021621704102e-01
6.266204714775085449e-01
6.280179023742675781e-01
6.294150948524475098e-01
6.308121085166931152e-01
6.322088837623596191e-01
6.336053609848022461e-01
6.350015401840209961e-01
6.363994479179382324e-01
6.377923488616943359e-01
6.391868591308593750e-01
6.405828595161437988e-01
6.419773101806640625e-01
6.433709263801574707e-01
6.447644233703613281e-01
6.461574435234069824e-01
6.475496888160705566e-01
6.489413380622863770e-01
6.503323912620544434e-01
6.517226696014404297e-01
6.531122326850891113e-01
6.545010209083557129e-01
6.558889150619506836e-01
6.572759151458740234e-01
6.586619019508361816e-01
6.600468754768371582e-01
6.614307761192321777e-01
6.628134846687316895e-01
6.628134846687316895e-01
6.646355390548706055e-01
6.662883162498474121e-01
6.677772402763366699e-01
6.692743301391601562e-01
6.707624793052673340e-01
6.722112298011779785e-01
6.736335754394531250e-01
6.750434041023254395e-01
6.764425039291381836e-01
6.778309345245361328e-01
6.792107224464416504e-01
6.805835962295532227e-01
6.819503903388977051e-01
6.833116412162780762e-01
6.846676468849182129e-01
6.860187053680419922e-01
6.873649358749389648e-01
6.887063980102539062e-01
6.900429129600524902e-01
6.913744807243347168e-01
6.927008628845214844e-01
6.940218806266784668e-01
6.953372359275817871e-01
6.966466903686523438e-01
6.979497671127319336e-01
6.992462277412414551e-01
7.005355358123779297e-01
7.018172144889831543e-01
7.030907869338989258e-01
7.043555378913879395e-01
7.056107521057128906e-01
7.068555355072021484e-01
7.080889344215393066e-01
7.093096971511840820e-01
7.105162739753723145e-01
7.117069363594055176e-01
7.128793001174926758e-01
7.140303850173950195e-01
7.151558399200439453e-01
7.162519097328186035e-01
7.173030972480773926e-01
7.197842001914978027e-01
