0.000000000000000000e+00 0.000000000000000000e+00 0.000000000000000000e+00
8.235539326051366515e-07 2.472005178333347430e-07 6.707350621582008898e-07
6.588100859516998753e-06 1.979399939955328591e-06 5.366113327909260988e-06
2.223372757725883275e-05 6.686516826448496431e-06 1.811141737562138587e-05
5.269953544484451413e-05 1.586379767104517668e-05 4.293261736165732145e-05
1.029236591421067715e-04 3.101177208009175956e-05 8.385637192986905575e-05
1.778432488208636642e-04 5.363621676224283874e-05 1.449100236641243100e-04
2.823945251293480396e-04 8.524810982635244727e-05 2.301215718034654856e-04
4.215127264615148306e-04 1.273635716643184423e-04 3.435196995269507170e-04
6.001321598887443542e-04 1.815038558561354876e-04 4.891337011940777302e-04
8.231861866079270840e-04 2.491952909622341394e-04 6.709937006235122681e-04
1.095607178285717964e-03 3.319692041259258986e-04 8.931301999837160110e-04
1.422326778993010521e-03 4.313619283493608236e-04 1.159574487246572971e-03
1.808275468647480011e-03 5.489147733896970749e-04 1.474358607083559036e-03
2.258382970467209816e-03 6.861739093437790871e-04 1.841515069827437401e-03
2.777578076347708702e-03 8.446903084404766560e-04 2.265077084302902222e-03
3.370788879692554474e-03 1.026019919663667679e-03 2.749078208580613136e-03
4.042942076921463013e-03 1.231723348610103130e-03 3.297553164884448051e-03
4.798963665962219238e-03 1.463365973904728889e-03 3.914536908268928528e-03
5.643779411911964417e-03 1.722517772577702999e-03 4.604064859449863434e-03
6.582313217222690582e-03 2.010753611102700233e-03 5.370173603296279907e-03
7.619488984346389771e-03 2.329652430489659309e-03 6.216899957507848740e-03
8.760228753089904785e-03 2.680798526853322983e-03 7.148280739784240723e-03
1.000945549458265305e-02 3.065780038014054298e-03 8.168354630470275879e-03
1.137208938598632812e-02 3.486189758405089378e-03 9.281159378588199615e-03
1.285305060446262360e-02 3.943624906241893768e-03 1.049073506146669388e-02
1.445725839585065842e-02 4.439687822014093399e-03 1.180112082511186600e-02
1.618963107466697693e-02 4.975983407348394394e-03 1.321635674685239792e-02
1.805508881807327271e-02 5.554123315960168839e-03 1.474048383533954620e-02
2.005854435265064240e-02 6.175721064209938049e-03 1.637754403054714203e-02
2.220491692423820496e-02 6.842395756393671036e-03 1.813157647848129272e-02
2.449912205338478088e-02 7.555770222097635269e-03 2.000662870705127716e-02
2.694607339799404144e-02 8.317472413182258606e-03 2.200673893094062805e-02
2.955068275332450867e-02 9.129132144153118134e-03 2.413595095276832581e-02
3.231786563992500305e-02 9.992386214435100555e-03 2.639831230044364929e-02
3.525253385305404663e-02 1.090887282043695450e-02 2.879786491394042969e-02
3.835960105061531067e-02 1.188023574650287628e-02 3.133865073323249817e-02
4.164397343993186951e-02 1.290812157094478607e-02 3.402472287416458130e-02
4.511056467890739441e-02 1.399418246001005173e-02 3.686011955142021179e-02
4.876428470015525818e-02 1.514007151126861572e-02 3.984889388084411621e-02
5.261003598570823669e-02 1.634744927287101746e-02 4.299508780241012573e-02
5.665273591876029968e-02 1.761797629296779633e-02 4.630275070667266846e-02
6.089728325605392456e-02 1.895331963896751404e-02 4.977592825889587402e-02
6.534858793020248413e-02 2.035515010356903076e-02 5.341867357492446899e-02
7.001155614852905273e-02 2.182514034211635590e-02 5.723502859473228455e-02
7.489109784364700317e-02 2.336496487259864807e-02 6.122905015945434570e-02
7.999210804700851440e-02 2.497630938887596130e-02 6.540478020906448364e-02
8.531948924064636230e-02 2.666085399687290192e-02 6.976627558469772339e-02
9.087815880775451660e-02 2.842028625309467316e-02 7.431758195161819458e-02
9.667188674211502075e-02 3.025621548295021057e-02 7.906191051006317139e-02
1.026999354362487793e-01 3.216991946101188660e-02 8.399905264377593994e-02
1.089604347944259644e-01 3.416257724165916443e-02 8.912794291973114014e-02
1.154515221714973450e-01 3.623534739017486572e-02 9.444752335548400879e-02
1.221713423728942871e-01 3.838936612010002136e-02 9.995672851800918579e-02
1.291180402040481567e-01 4.062576964497566223e-02 1.056544929742813110e-01
1.362897604703903198e-01 4.294565692543983459e-02 1.115397661924362183e-01
1.436846703290939331e-01 4.535011574625968933e-02 1.176114678382873535e-01
1.513009220361709595e-01 4.784022644162178040e-02 1.238685324788093567e-01
1.591366976499557495e-01 5.041703954339027405e-02 1.303099095821380615e-01
1.671901643276214600e-01 5.308159068226814270e-02 1.369345188140869141e-01
1.754595190286636353e-01 5.583490803837776184e-02 1.437412947416305542e-01
1.839429140090942383e-01 5.867798626422882080e-02 1.507291793823242188e-01
1.926385760307312012e-01 6.161181628704071045e-02 1.578970998525619507e-01
2.015446871519088745e-01 6.463736295700073242e-02 1.652439981698989868e-01
2.106594592332839966e-01 6.775558739900588989e-02 1.727687865495681763e-01
2.199810743331909180e-01 7.096742093563079834e-02 1.804704219102859497e-01
2.295077890157699585e-01 7.427378743886947632e-02 1.883478164672851562e-01
2.392377853393554688e-01 7.767557352781295776e-02 1.963998973369598389e-01
2.491693049669265747e-01 8.117368817329406738e-02 2.046256214380264282e-01
2.593005895614624023e-01 8.476898074150085449e-02 2.130239009857177734e-01
2.696298658847808838e-01 8.846231549978256226e-02 2.215936630964279175e-01
2.801553606986999512e-01 9.225451946258544922e-02 2.303338348865509033e-01
2.908753454685211182e-01 9.614642709493637085e-02 2.392433732748031616e-01
3.017880618572235107e-01 1.001388281583786011e-01 2.483211904764175415e-01
3.128917813301086426e-01 1.042325198650360107e-01 2.575662136077880859e-01
3.241847455501556396e-01 1.084282621741294861e-01 2.669773697853088379e-01
3.356652557849884033e-01 1.127268299460411072e-01 2.765536010265350342e-01
3.473315536975860596e-01 1.171289458870887756e-01 2.862938046455383301e-01
3.591819405555725098e-01 1.216353401541709900e-01 2.961969673633575439e-01
3.712147176265716553e-01 1.262467205524444580e-01 3.062619566917419434e-01
3.834281563758850098e-01 1.309637725353240967e-01 3.164877593517303467e-01
3.958205580711364746e-01 1.357871890068054199e-01 3.268732726573944092e-01
4.083902537822723389e-01 1.407176107168197632e-01 3.374173939228057861e-01
4.211354851722717285e-01 1.457556933164596558e-01 3.481191098690032959e-01
4.340546429157257080e-01 1.509020775556564331e-01 3.589773476123809814e-01
4.471460282802581787e-01 1.561573594808578491e-01 3.699909746646881104e-01
4.604079425334930420e-01 1.615221351385116577e-01 3.811589777469635010e-01
4.738387167453765869e-01 1.669970154762268066e-01 3.924802839756011963e-01
4.874367117881774902e-01 1.725825369358062744e-01 4.039537906646728516e-01
5.012002587318420410e-01 1.782792806625366211e-01 4.155784547328948975e-01
5.151277184486389160e-01 1.840877681970596313e-01 4.273531734943389893e-01
5.292174220085144043e-01 1.900085210800170898e-01 4.392769038677215576e-01
5.434677600860595703e-01 1.960420608520507812e-01 4.513485729694366455e-01
5.578770637512207031e-01 2.021888792514801025e-01 4.635671079158782959e-01
5.724437832832336426e-01 2.084494531154632568e-01 4.759314358234405518e-01
5.871661901473999023e-01 2.148242294788360596e-01 4.884404838085174561e-01
6.020426750183105469e-01 2.213136851787567139e-01 5.010932087898254395e-01
6.170716881752014160e-01 2.279182523488998413e-01 5.138884782791137695e-01
6.322516202926635742e-01 2.346383333206176758e-01 5.268252491950988770e-01
6.475808024406433105e-01 2.414743453264236450e-01 5.399025082588195801e-01
6.630576848983764648e-01 2.484266757965087891e-01 5.531191825866699219e-01
6.786807179450988770e-01 2.554956972599029541e-01 5.664740800857543945e-01
6.944482326507568359e-01 2.626818120479583740e-01 5.799662470817565918e-01
7.103587388992309570e-01 2.699853181838989258e-01 5.935946106910705566e-01
7.264105677604675293e-01 2.774065732955932617e-01 6.073580980300903320e-01
7.426021695137023926e-01 2.849459052085876465e-01 6.212555766105651855e-01
7.589320540428161621e-01 2.926035821437835693e-01 6.352860331535339355e-01
7.753986120223999023e-01 3.003799617290496826e-01 6.494484543800354004e-01
7.920003533363342285e-01 3.082752823829650879e-01 6.637416481971740723e-01
8.087356090545654297e-01 3.162898421287536621e-01 6.781646609306335449e-01
8.256029486656188965e-01 3.244238495826721191e-01 6.927163600921630859e-01
8.426007628440856934e-01 3.326775729656219482e-01 7.073956727981567383e-01
8.597275614738464355e-01 3.410512208938598633e-01 7.222016453742980957e-01
8.769818544387817383e-01 3.495450019836425781e-01 7.371330857276916504e-01
8.943620324134826660e-01 3.581591546535491943e-01 7.521889805793762207e-01
9.118666648864746094e-01 3.668938279151916504e-01 7.673682570457458496e-01
9.294942021369934082e-01 3.757491707801818848e-01 7.826699018478393555e-01
9.472432136535644531e-01 3.847254216670989990e-01 7.980927824974060059e-01
9.651120901107788086e-01 3.938226699829101562e-01 8.136358857154846191e-01
9.830994009971618652e-01 4.030410349369049072e-01 8.292981386184692383e-01
1.001203656196594238e+00 4.123806655406951904e-01 8.450784683227539062e-01
1.019423365592956543e+00 4.218416810035705566e-01 8.609758019447326660e-01
1.037757039070129395e+00 4.314241409301757812e-01 8.769891858100891113e-01
1.056203365325927734e+00 4.411281645298004150e-01 8.931174278259277344e-01
1.074760556221008301e+00 4.509537816047668457e-01 9.093595147132873535e-01
1.093427538871765137e+00 4.609010815620422363e-01 9.257144331932067871e-01
1.112202525138854980e+00 4.709700644016265869e-01 9.421811103820800781e-01
1.131084322929382324e+00 4.811608195304870605e-01 9.587584137916564941e-01
1.150071263313293457e+00 4.914733469486236572e-01 9.754453897476196289e-01
1.169162154197692871e+00 5.019076466560363770e-01 9.922409653663635254e-01
1.188355326652526855e+00 5.124636888504028320e-01 1.009144067764282227e+00
1.207649469375610352e+00 5.231414437294006348e-01 1.026153683662414551e+00
1.227043271064758301e+00 5.339409708976745605e-01 1.043268680572509766e+00
1.246535062789916992e+00 5.448622107505798340e-01 1.060487985610961914e+00
1.266123771667480469e+00 5.559049844741821289e-01 1.077810764312744141e+00
1.285807609558105469e+00 5.670693516731262207e-01 1.095235705375671387e+00
1.305585503578186035e+00 5.783552527427673340e-01 1.112761855125427246e+00
1.325455904006958008e+00 5.897625088691711426e-01 1.130388259887695312e+00
1.345417380332946777e+00 6.012910008430480957e-01 1.148113846778869629e+00
1.365468740463256836e+00 6.129407286643981934e-01 1.165937542915344238e+00
1.385608434677124023e+00 6.247115135192871094e-01 1.183858156204223633e+00
1.405835151672363281e+00 6.366032361984252930e-01 1.201874852180480957e+00
1.426147580146789551e+00 6.486157178878784180e-01 1.219986557960510254e+00
1.446544170379638672e+00 6.607487797737121582e-01 1.238192200660705566e+00
1.467023849487304688e+00 6.730023622512817383e-01 1.256490707397460938e+00
1.487585067749023438e+00 6.853761672973632812e-01 1.274881005287170410e+00
1.508226513862609863e+00 6.978700160980224609e-01 1.293362140655517578e+00
1.528946876525878906e+00 7.104837894439697266e-01 1.311933159828186035e+00
1.549744844436645508e+00 7.232172489166259766e-01 1.330592751502990723e+00
1.570619106292724609e+00 7.360700964927673340e-01 1.349340200424194336e+00
1.591568231582641602e+00 7.490421533584594727e-01 1.368174195289611816e+00
1.612591028213500977e+00 7.621331810951232910e-01 1.387093901634216309e+00
1.633686065673828125e+00 7.753429412841796875e-01 1.406098246574401855e+00
1.654852151870727539e+00 7.886710762977600098e-01 1.425186038017272949e+00
1.676087975502014160e+00 8.021174073219299316e-01 1.444356560707092285e+00
1.697392225265502930e+00 8.156815767288208008e-01 1.463608503341674805e+00
1.718763589859008789e+00 8.293633460998535156e-01 1.482940912246704102e+00
1.740200757980346680e+00 8.431624174118041992e-01 1.502352833747863770e+00
1.761702418327331543e+00 8.570783734321594238e-01 1.521843314170837402e+00
1.783267498016357422e+00 8.711109757423400879e-01 1.541411042213439941e+00
1.804894566535949707e+00 8.852598071098327637e-01 1.561055302619934082e+00
1.826582312583923340e+00 8.995246291160583496e-01 1.580774903297424316e+00
1.848329663276672363e+00 9.139049649238586426e-01 1.600568890571594238e+00
1.870135307312011719e+00 9.284005761146545410e-01 1.620436310768127441e+00
1.891997814178466797e+00 9.430109262466430664e-01 1.640375971794128418e+00
1.913916230201721191e+00 9.577357769012451172e-01 1.660386919975280762e+00
1.935889124870300293e+00 9.725746512413024902e-01 1.680468320846557617e+00
1.957915306091308594e+00 9.875271320343017578e-01 1.700618863105773926e+00
1.979993581771850586e+00 1.002592802047729492e+00 1.720837831497192383e+00
2.002122640609741211e+00 1.017771244049072266e+00 1.741124033927917480e+00
2.024301528930664062e+00 1.033062100410461426e+00 1.761476516723632812e+00
2.046528816223144531e+00 1.048464894294738770e+00 1.781894207000732422e+00
2.068803310394287109e+00 1.063979029655456543e+00 1.802376270294189453e+00
2.091123819351196289e+00 1.079604268074035645e+00 1.822921514511108398e+00
2.113489151000976562e+00 1.095339894294738770e+00 1.843529105186462402e+00
2.135898351669311523e+00 1.111185669898986816e+00 1.864197850227355957e+00
2.158349752426147461e+00 1.127140879631042480e+00 1.884926915168762207e+00
2.180842638015747070e+00 1.143205165863037109e+00 1.905715346336364746e+00
2.203375816345214844e+00 1.159377932548522949e+00 1.926561951637268066e+00
2.225947618484497070e+00 1.175658822059631348e+00 1.947465777397155762e+00
2.248557567596435547e+00 1.192047119140625000e+00 1.968425989151000977e+00
2.271203994750976562e+00 1.208542466163635254e+00 1.989441514015197754e+00
2.293885946273803711e+00 1.225144147872924805e+00 2.010511398315429688e+00
2.316602468490600586e+00 1.241851687431335449e+00 2.031634569168090820e+00
2.339352130889892578e+00 1.258664488792419434e+00 2.052809953689575195e+00
2.362133741378784180e+00 1.275582075119018555e+00 2.074036836624145508e+00
2.384946346282958984e+00 1.292603850364685059e+00 2.095314025878906250e+00
2.407788991928100586e+00 1.309729099273681641e+00 2.116640806198120117e+00
2.430660247802734375e+00 1.326957464218139648e+00 2.138015747070312500e+00
2.453559160232543945e+00 1.344288110733032227e+00 2.159438371658325195e+00
2.476484775543212891e+00 1.361720442771911621e+00 2.180907249450683594e+00
2.499435663223266602e+00 1.379254102706909180e+00 2.202421903610229492e+00
2.522410869598388672e+00 1.396888136863708496e+00 2.223980903625488281e+00
2.545409202575683594e+00 1.414622187614440918e+00 2.245583534240722656e+00
2.568429946899414062e+00 1.432455420494079590e+00 2.267228603363037109e+00
2.591471672058105469e+00 1.450387239456176758e+00 2.288915395736694336e+00
2.614533424377441406e+00 1.468417048454284668e+00 2.310642957687377930e+00
2.637614011764526367e+00 1.486544132232666016e+00 2.332410335540771484e+00
2.660712480545043945e+00 1.504767775535583496e+00 2.354216098785400391e+00
2.683827877044677734e+00 1.523087382316589355e+00 2.376060009002685547e+00
2.706959009170532227e+00 1.541502356529235840e+00 2.397940635681152344e+00
2.730104923248291016e+00 1.560011744499206543e+00 2.419857025146484375e+00
2.753264427185058594e+00 1.578615069389343262e+00 2.441808462142944336e+00
2.776436567306518555e+00 1.597311496734619141e+00 2.463793992996215820e+00
2.799620389938354492e+00 1.616100430488586426e+00 2.485812425613403320e+00
2.822814702987670898e+00 1.634981155395507812e+00 2.507863044738769531e+00
2.846018552780151367e+00 1.653952717781066895e+00 2.529944896697998047e+00
2.869230985641479492e+00 1.673014640808105469e+00 2.552056789398193359e+00
2.892451047897338867e+00 1.692166090011596680e+00 2.574198007583618164e+00
2.915677785873413086e+00 1.711406230926513672e+00 2.596367597579956055e+00
2.938909769058227539e+00 1.730734467506408691e+00 2.618564605712890625e+00
2.962146520614624023e+00 1.750149965286254883e+00 2.640788078308105469e+00
2.985386610031127930e+00 1.769651889801025391e+00 2.663037061691284180e+00
3.008629560470581055e+00 1.789239645004272461e+00 2.685310840606689453e+00
3.031873941421508789e+00 1.808912277221679688e+00 2.707608222961425781e+00
3.055118799209594727e+00 1.828669071197509766e+00 2.729928255081176758e+00
3.078363656997680664e+00 1.848509192466735840e+00 2.752270221710205078e+00
3.101606845855712891e+00 1.868431925773620605e+00 2.774633169174194336e+00
3.124848127365112305e+00 1.888436436653137207e+00 2.797016143798828125e+00
3.148085832595825195e+00 1.908521890640258789e+00 2.819418191909790039e+00
3.171319723129272461e+00 1.928687453269958496e+00 2.841838359832763672e+00
3.194548368453979492e+00 1.948932409286499023e+00 2.864275932312011719e+00
3.217771053314208984e+00 1.969255805015563965e+00 2.886729717254638672e+00
3.240986585617065430e+00 1.989656805992126465e+00 2.909199237823486328e+00
3.264194488525390625e+00 2.010134696960449219e+00 2.931683063507080078e+00
3.287393331527709961e+00 2.030688524246215820e+00 2.954180717468261719e+00
3.310582637786865234e+00 2.051317453384399414e+00 2.976691246032714844e+00
3.333761215209960938e+00 2.072020769119262695e+00 2.999213457107543945e+00
3.356928348541259766e+00 2.092797517776489258e+00 3.021746635437011719e+00
3.380083084106445312e+00 2.113646745681762695e+00 3.044290065765380859e+00
3.403224468231201172e+00 2.134567737579345703e+00 3.066842794418334961e+00
3.426351547241210938e+00 2.155559301376342773e+00 3.089403629302978516e+00
3.449463605880737305e+00 2.176620960235595703e+00 3.111972093582153320e+00
3.472559690475463867e+00 2.197751760482788086e+00 3.134546995162963867e+00
3.495638847351074219e+00 2.218950510025024414e+00 3.157127618789672852e+00
3.518700361251831055e+00 2.240216493606567383e+00 3.179713010787963867e+00
3.541743278503417969e+00 2.261548995971679688e+00 3.202302455902099609e+00
3.564766883850097656e+00 2.282947063446044922e+00 3.224895000457763672e+00
3.587770223617553711e+00 2.304409265518188477e+00 3.247489690780639648e+00
3.610752344131469727e+00 2.325935363769531250e+00 3.270085811614990234e+00
3.633712530136108398e+00 2.347524166107177734e+00 3.292682409286499023e+00
3.656649827957153320e+00 2.369174718856811523e+00 3.315278530120849609e+00
3.679563522338867188e+00 2.390886306762695312e+00 3.337873458862304688e+00
3.702452898025512695e+00 2.412657499313354492e+00 3.360466241836547852e+00
3.725316762924194336e+00 2.434488058090209961e+00 3.383056163787841797e+00
3.748154878616333008e+00 2.456376314163208008e+00 3.405642509460449219e+00
3.770965814590454102e+00 2.478322029113769531e+00 3.428224086761474609e+00
3.793749094009399414e+00 2.500323772430419922e+00 3.450800180435180664e+00
3.816504001617431641e+00 2.522380590438842773e+00 3.473369836807250977e+00
3.839229583740234375e+00 2.544491767883300781e+00 3.495932579040527344e+00
3.861924886703491211e+00 2.566656351089477539e+00 3.518487215042114258e+00
3.884589433670043945e+00 2.588873147964477539e+00 3.541033029556274414e+00
3.907222509384155273e+00 2.611141443252563477e+00 3.563569307327270508e+00
3.929822921752929688e+00 2.633460044860839844e+00 3.586095094680786133e+00
3.952390432357788086e+00 2.655828237533569336e+00 3.608609676361083984e+00
3.974923849105834961e+00 2.678244590759277344e+00 3.631112098693847656e+00
3.997422456741333008e+00 2.700708627700805664e+00 3.653601646423339844e+00
4.019885540008544922e+00 2.723219156265258789e+00 3.676077365875244141e+00
4.042312622070312500e+00 2.745775222778320312e+00 3.698538541793823242e+00
4.064702987670898438e+00 2.768375873565673828e+00 3.720984458923339844e+00
4.087055206298828125e+00 2.791019916534423828e+00 3.743414402008056641e+00
4.109369277954101562e+00 2.813706636428833008e+00 3.765827178955078125e+00
4.131644248962402344e+00 2.836434841156005859e+00 3.788222312927246094e+00
4.153879165649414062e+00 2.859203577041625977e+00 3.810598850250244141e+00
4.176074028015136719e+00 2.882011890411376953e+00 3.832956075668334961e+00
4.198226928710937500e+00 2.904858827590942383e+00 3.855293273925781250e+00
4.220338344573974609e+00 2.927743196487426758e+00 3.877609491348266602e+00
4.242406845092773438e+00 2.950664043426513672e+00 3.899904012680053711e+00
4.264431953430175781e+00 2.973620414733886719e+00 3.922175884246826172e+00
4.286413192749023438e+00 2.996611118316650391e+00 3.944424867630004883e+00
4.308349609375000000e+00 3.019635438919067383e+00 3.966649532318115234e+00
4.330240249633789062e+00 3.042692184448242188e+00 3.988849639892578125e+00
4.352085113525390625e+00 3.065780401229858398e+00 4.011023998260498047e+00
4.373883247375488281e+00 3.088899135589599609e+00 4.033172130584716797e+00
4.395633697509765625e+00 3.112046957015991211e+00 4.055293560028076172e+00
4.417336463928222656e+00 3.135223388671875000e+00 4.077386856079101562e+00
4.438990116119384766e+00 3.158427000045776367e+00 4.099451541900634766e+00
4.460594177246093750e+00 3.181656837463378906e+00 4.121486663818359375e+00
4.482148647308349609e+00 3.204912185668945312e+00 4.143492221832275391e+00
4.503652572631835938e+00 3.228191614151000977e+00 4.165466785430908203e+00
4.525104522705078125e+00 3.251494169235229492e+00 4.187409400939941406e+00
4.546504974365234375e+00 3.274818658828735352e+00 4.209320068359375000e+00
4.567852973937988281e+00 3.298164606094360352e+00 4.231197834014892578e+00
4.589147567749023438e+00 3.321530342102050781e+00 4.253041744232177734e+00
4.610388278961181641e+00 3.344915390014648438e+00 4.274850845336914062e+00
4.631575107574462891e+00 3.368318080902099609e+00 4.296625137329101562e+00
4.652706623077392578e+00 3.391737937927246094e+00 4.318363189697265625e+00
4.673782348632812500e+00 3.415173530578613281e+00 4.340065002441406250e+00
4.694802284240722656e+00 3.438623905181884766e+00 4.361729145050048828e+00
4.715764999389648438e+00 3.462088346481323242e+00 4.383355140686035156e+00
4.736670494079589844e+00 3.485565185546875000e+00 4.404942512512207031e+00
4.757518291473388672e+00 3.509053945541381836e+00 4.426490306854248047e+00
4.778307437896728516e+00 3.532553195953369141e+00 4.447998523712158203e+00
4.799037456512451172e+00 3.556061983108520508e+00 4.469465255737304688e+00
4.819707870483398438e+00 3.579579353332519531e+00 4.490890502929687500e+00
4.840318202972412109e+00 3.603104114532470703e+00 4.512273788452148438e+00
4.860867977142333984e+00 3.626635551452636719e+00 4.533613681793212891e+00
4.881356239318847656e+00 3.650172233581542969e+00 4.554910182952880859e+00
4.901782512664794922e+00 3.673712968826293945e+00 4.576162338256835938e+00
4.922146797180175781e+00 3.697257280349731445e+00 4.597369670867919922e+00
4.942448139190673828e+00 3.720803737640380859e+00 4.618531703948974609e+00
4.962686061859130859e+00 3.744351148605346680e+00 4.639647006988525391e+00
4.982859611511230469e+00 3.767898797988891602e+00 4.660715579986572266e+00
5.002969264984130859e+00 3.791445493698120117e+00 4.681736469268798828e+00
5.023013591766357422e+00 3.814990043640136719e+00 4.702708721160888672e+00
5.042992591857910156e+00 3.838531732559204102e+00 4.723632335662841797e+00
5.062905788421630859e+00 3.862069129943847656e+00 4.744506359100341797e+00
5.082752704620361328e+00 3.885601520538330078e+00 4.765330314636230469e+00
5.102532386779785156e+00 3.909127473831176758e+00 4.786103725433349609e+00
5.122244834899902344e+00 3.932646036148071289e+00 4.806825160980224609e+00
5.141889095306396484e+00 3.956156492233276367e+00 4.827494621276855469e+00
5.161465167999267578e+00 3.979657411575317383e+00 4.848111152648925781e+00
5.180972099304199219e+00 4.003148078918457031e+00 4.868674755096435547e+00
5.200410366058349609e+00 4.026627063751220703e+00 4.889183998107910156e+00
5.219778537750244141e+00 4.050093650817871094e+00 4.909638881683349609e+00
5.239076137542724609e+00 4.073546409606933594e+00 4.930038452148437500e+00
5.258303642272949219e+00 4.096984863281250000e+00 4.950382232666015625e+00
5.277459621429443359e+00 4.120407104492187500e+00 4.970669746398925781e+00
5.296544075012207031e+00 4.143813133239746094e+00 4.990900039672851562e+00
5.315557003021240234e+00 4.167201042175292969e+00 5.011072635650634766e+00
5.334496974945068359e+00 4.190570354461669922e+00 5.031187057495117188e+00
5.353364467620849609e+00 4.213919639587402344e+00 5.051242828369140625e+00
5.372158527374267578e+00 4.237247943878173828e+00 5.071239471435546875e+00
5.390879154205322266e+00 4.260554313659667969e+00 5.091176033020019531e+00
5.409525394439697266e+00 4.283837795257568359e+00 5.111051559448242188e+00
5.428097248077392578e+00 4.307097434997558594e+00 5.130866527557373047e+00
5.446594238281250000e+00 4.330331802368164062e+00 5.150619506835937500e+00
5.465016365051269531e+00 4.353539943695068359e+00 5.170310497283935547e+00
5.483362197875976562e+00 4.376720905303955078e+00 5.189938545227050781e+00
5.501632213592529297e+00 4.399874210357666016e+00 5.209503650665283203e+00
5.519825935363769531e+00 4.422997951507568359e+00 5.229004383087158203e+00
5.537942886352539062e+00 4.446091651916503906e+00 5.248440742492675781e+00
5.555982589721679688e+00 4.469153881072998047e+00 5.267812252044677734e+00
5.573945045471191406e+00 4.492183685302734375e+00 5.287118434906005859e+00
5.591829299926757812e+00 4.515180587768554688e+00 5.306358337402343750e+00
5.609635353088378906e+00 4.538143157958984375e+00 5.325531482696533203e+00
5.627363204956054688e+00 4.561070442199707031e+00 5.344637870788574219e+00
5.645011901855468750e+00 4.583961486816406250e+00 5.363676548004150391e+00
5.662580966949462891e+00 4.606814861297607422e+00 5.382647037506103516e+00
5.680070877075195312e+00 4.629630088806152344e+00 5.401548862457275391e+00
5.697481155395507812e+00 4.652405738830566406e+00 5.420381546020507812e+00
5.714810848236083984e+00 4.675141334533691406e+00 5.439144611358642578e+00
5.732059955596923828e+00 4.697835445404052734e+00 5.457837581634521484e+00
5.749228000640869141e+00 4.720487117767333984e+00 5.476459503173828125e+00
5.766314983367919922e+00 4.743095874786376953e+00 5.495010852813720703e+00
5.783320903778076172e+00 4.765659809112548828e+00 5.513490200042724609e+00
5.800244808197021484e+00 4.788178920745849609e+00 5.531897544860839844e+00
5.817086696624755859e+00 4.810651302337646484e+00 5.550232410430908203e+00
5.833846092224121094e+00 4.833076477050781250e+00 5.568493843078613281e+00
5.850522994995117188e+00 4.855453491210937500e+00 5.586682319641113281e+00
5.867116928100585938e+00 4.877781391143798828e+00 5.604796409606933594e+00
5.883627414703369141e+00 4.900058746337890625e+00 5.622836589813232422e+00
5.900054931640625000e+00 4.922285079956054688e+00 5.640801429748535156e+00
5.916398525238037109e+00 4.944459438323974609e+00 5.658690929412841797e+00
5.932658195495605469e+00 4.966580390930175781e+00 5.676504611968994141e+00
5.948833465576171875e+00 4.988647460937500000e+00 5.694242477416992188e+00
5.964924812316894531e+00 5.010659694671630859e+00 5.711903095245361328e+00
5.980930805206298828e+00 5.032615661621093750e+00 5.729486942291259766e+00
5.996852397918701172e+00 5.054514884948730469e+00 5.746993541717529297e+00
6.012688636779785156e+00 5.076356410980224609e+00 5.764421939849853516e+00
6.028439044952392578e+00 5.098138809204101562e+00 5.781772136688232422e+00
6.044104099273681641e+00 5.119861602783203125e+00 5.799043178558349609e+00
6.059683799743652344e+00 5.141523838043212891e+00 5.816235542297363281e+00
6.075176715850830078e+00 5.163124561309814453e+00 5.833348274230957031e+00
6.090583801269531250e+00 5.184662342071533203e+00 5.850380897521972656e+00
6.105904579162597656e+00 5.206137180328369141e+00 5.867332935333251953e+00
6.121138095855712891e+00 5.227547645568847656e+00 5.884204387664794922e+00
6.136285305023193359e+00 5.248892784118652344e+00 5.900995254516601562e+00
6.151345252990722656e+00 5.270172119140625000e+00 5.917704105377197266e+00
6.166317939758300781e+00 5.291383743286132812e+00 5.934330940246582031e+00
6.181203365325927734e+00 5.312528133392333984e+00 5.950875759124755859e+00
6.196001052856445312e+00 5.333603382110595703e+00 5.967338085174560547e+00
6.210711002349853516e+00 5.354609012603759766e+00 5.983717441558837891e+00
6.225333213806152344e+00 5.375544071197509766e+00 6.000013351440429688e+00
6.239867687225341797e+00 5.396407604217529297e+00 6.016225814819335938e+00
6.254313468933105469e+00 5.417198657989501953e+00 6.032354354858398438e+00
6.268671035766601562e+00 5.437916755676269531e+00 6.048398017883300781e+00
6.282939910888671875e+00 5.458560943603515625e+00 6.064357280731201172e+00
6.297120094299316406e+00 5.479129791259765625e+00 6.080231666564941406e+00
6.311212062835693359e+00 5.499623298645019531e+00 6.096020698547363281e+00
6.325214385986328125e+00 5.520040035247802734e+00 6.111724376678466797e+00
6.339128494262695312e+00 5.540379524230957031e+00 6.127341747283935547e+00
6.352952957153320312e+00 5.560640811920166016e+00 6.142872810363769531e+00
6.366688251495361328e+00 5.580822944641113281e+00 6.158317565917968750e+00
6.380333900451660156e+00 5.600924968719482422e+00 6.173675537109375000e+00
6.393890380859375000e+00 5.620946884155273438e+00 6.188946247100830078e+00
6.407357215881347656e+00 5.640886783599853516e+00 6.204129219055175781e+00
6.420734882354736328e+00 5.660744190216064453e+00 6.219224929809570312e+00
6.434022426605224609e+00 5.680519104003906250e+00 6.234232425689697266e+00
6.447219848632812500e+00 5.700209617614746094e+00 6.249151706695556641e+00
6.460327625274658203e+00 5.719815731048583984e+00 6.263982295989990234e+00
6.473345279693603516e+00 5.739336013793945312e+00 6.278724193572998047e+00
6.486273288726806641e+00 5.758770465850830078e+00 6.293377399444580078e+00
6.499110698699951172e+00 5.778117656707763672e+00 6.307940959930419922e+00
6.511857986450195312e+00 5.797377586364746094e+00 6.322414875030517578e+00
6.524515628814697266e+00 5.816548347473144531e+00 6.336799621582031250e+00
6.537082195281982422e+00 5.835630416870117188e+00 6.351093769073486328e+00
6.549559116363525391e+00 5.854621887207031250e+00 6.365297794342041016e+00
6.561945438385009766e+00 5.873523235321044922e+00 6.379411697387695312e+00
6.574241161346435547e+00 5.892333030700683594e+00 6.393434524536132812e+00
6.586446285247802734e+00 5.911050319671630859e+00 6.407366752624511719e+00
6.598561286926269531e+00 5.929675102233886719e+00 6.421207427978515625e+00
6.610586166381835938e+00 5.948205947875976562e+00 6.434957504272460938e+00
6.622519969940185547e+00 5.966642856597900391e+00 6.448615550994873047e+00
6.634363651275634766e+00 5.984984397888183594e+00 6.462182044982910156e+00
6.646116733551025391e+00 6.003230571746826172e+00 6.475656986236572266e+00
6.657779216766357422e+00 6.021380424499511719e+00 6.489039421081542969e+00
6.669351100921630859e+00 6.039433479309082031e+00 6.502329826354980469e+00
6.680832862854003906e+00 6.057388782501220703e+00 6.515527725219726562e+00
6.692224025726318359e+00 6.075245380401611328e+00 6.528633117675781250e+00
6.703524589538574219e+00 6.093003273010253906e+00 6.541646003723144531e+00
6.714734554290771484e+00 6.110661983489990234e+00 6.554565906524658203e+00
6.725854396820068359e+00 6.128220081329345703e+00 6.567392826080322266e+00
6.736884117126464844e+00 6.145677089691162109e+00 6.580126762390136719e+00
6.747823238372802734e+00 6.163033008575439453e+00 6.592767238616943359e+00
6.758671760559082031e+00 6.180286884307861328e+00 6.605314254760742188e+00
6.769430637359619141e+00 6.197437763214111328e+00 6.617767810821533203e+00
6.780098915100097656e+00 6.214485645294189453e+00 6.630127906799316406e+00
6.790677070617675781e+00 6.231430053710937500e+00 6.642394065856933594e+00
6.801165580749511719e+00 6.248269557952880859e+00 6.654566287994384766e+00
6.811563491821289062e+00 6.265004158020019531e+00 6.666644573211669922e+00
6.821871757507324219e+00 6.281633377075195312e+00 6.678628921508789062e+00
6.832090377807617188e+00 6.298156261444091797e+00 6.690518856048583984e+00
6.842218875885009766e+00 6.314572811126708984e+00 6.702314853668212891e+00
6.852258205413818359e+00 6.330882072448730469e+00 6.714016437530517578e+00
6.862207412719726562e+00 6.347083568572998047e+00 6.725623607635498047e+00
6.872067451477050781e+00 6.363176822662353516e+00 6.737136363983154297e+00
6.881838321685791016e+00 6.379161834716796875e+00 6.748554706573486328e+00
6.891519546508789062e+00 6.395037174224853516e+00 6.759878158569335938e+00
6.901111602783203125e+00 6.410803318023681641e+00 6.771107196807861328e+00
6.910614490509033203e+00 6.426458835601806641e+00 6.782241821289062500e+00
6.920028686523437500e+00 6.442003726959228516e+00 6.793281555175781250e+00
6.929354190826416016e+00 6.457437992095947266e+00 6.804226398468017578e+00
6.938591003417968750e+00 6.472760200500488281e+00 6.815076828002929688e+00
6.947739124298095703e+00 6.487970829010009766e+00 6.825832366943359375e+00
6.956799030303955078e+00 6.503068923950195312e+00 6.836493492126464844e+00
6.965770244598388672e+00 6.518054008483886719e+00 6.847059249877929688e+00
6.974653720855712891e+00 6.532926082611083984e+00 6.857530593872070312e+00
6.983449459075927734e+00 6.547684192657470703e+00 6.867907047271728516e+00
6.992156982421875000e+00 6.562328338623046875e+00 6.878188610076904297e+00
7.000777244567871094e+00 6.576858043670654297e+00 6.888375759124755859e+00
7.009309768676757812e+00 6.591272830963134766e+00 6.898468017578125000e+00
7.017755031585693359e+00 6.605572700500488281e+00 6.908465862274169922e+00
7.026113033294677734e+00 6.619757175445556641e+00 6.918368816375732422e+00
7.034384727478027344e+00 6.633825302124023438e+00 6.928177356719970703e+00
7.042569160461425781e+00 6.647777557373046875e+00 6.937891006469726562e+00
7.050667285919189453e+00 6.661612987518310547e+00 6.947510242462158203e+00
7.058679103851318359e+00 6.675331592559814453e+00 6.957035064697265625e+00
7.066604614257812500e+00 6.688933372497558594e+00 6.966465950012207031e+00
7.074444293975830078e+00 6.702417373657226562e+00 6.975801944732666016e+00
7.082198143005371094e+00 6.715783596038818359e+00 6.985044002532958984e+00
7.089866638183593750e+00 6.729032039642333984e+00 6.994192123413085938e+00
7.097449779510498047e+00 6.742162227630615234e+00 7.003245830535888672e+00
7.104948043823242188e+00 6.755173683166503906e+00 7.012206077575683594e+00
7.112361431121826172e+00 6.768066406250000000e+00 7.021072387695312500e+00
7.119689941406250000e+00 6.780839920043945312e+00 7.029844760894775391e+00
7.126934528350830078e+00 6.793494701385498047e+00 7.038523674011230469e+00
7.134094715118408203e+00 6.806029319763183594e+00 7.047109127044677734e+00
7.141170978546142578e+00 6.818444728851318359e+00 7.055601119995117188e+00
7.148164272308349609e+00 6.830740451812744141e+00 7.063999652862548828e+00
7.155073642730712891e+00 6.842916011810302734e+00 7.072305679321289062e+00
7.161900043487548828e+00 6.854971408843994141e+00 7.080518722534179688e+00
7.168643951416015625e+00 6.866906642913818359e+00 7.088638782501220703e+00
7.175304889678955078e+00 6.878721237182617188e+00 7.096666336059570312e+00
7.181883811950683594e+00 6.890415191650390625e+00 7.104601383209228516e+00
7.188380718231201172e+00 6.901988506317138672e+00 7.112444400787353516e+00
7.194796085357666016e+00 6.913440704345703125e+00 7.120195388793945312e+00
7.201129913330078125e+00 6.924772262573242188e+00 7.127854347229003906e+00
7.207383155822753906e+00 6.935982704162597656e+00 7.135421752929687500e+00
7.213554859161376953e+00 6.947072029113769531e+00 7.142897605895996094e+00
7.219646930694580078e+00 6.958040714263916016e+00 7.150282382965087891e+00
7.225658416748046875e+00 6.968887805938720703e+00 7.157576084136962891e+00
7.231589794158935547e+00 6.979613304138183594e+00 7.164778709411621094e+00
7.237442016601562500e+00 6.990218162536621094e+00 7.171891212463378906e+00
7.243215084075927734e+00 7.000701427459716797e+00 7.178913116455078125e+00
7.248908996582031250e+00 7.011063575744628906e+00 7.185844898223876953e+00
7.254524707794189453e+00 7.021304130554199219e+00 7.192686557769775391e+00
7.260061740875244141e+00 7.031423568725585938e+00 7.199439048767089844e+00
7.265521526336669922e+00 7.041421890258789062e+00 7.206101894378662109e+00
7.270903587341308594e+00 7.051299095153808594e+00 7.212676048278808594e+00
7.276208400726318359e+00 7.061055183410644531e+00 7.219161033630371094e+00
7.281436443328857422e+00 7.070690155029296875e+00 7.225557804107666016e+00
7.286588668823242188e+00 7.080204486846923828e+00 7.231866359710693359e+00
7.291664123535156250e+00 7.089597702026367188e+00 7.238086700439453125e+00
7.296664237976074219e+00 7.098870277404785156e+00 7.244219779968261719e+00
7.301589012145996094e+00 7.108022212982177734e+00 7.250265121459960938e+00
7.306438922882080078e+00 7.117053508758544922e+00 7.256223678588867188e+00
7.311214447021484375e+00 7.125964641571044922e+00 7.262095928192138672e+00
7.315915584564208984e+00 7.134755611419677734e+00 7.267881393432617188e+00
7.320543289184570312e+00 7.143426895141601562e+00 7.273581027984619141e+00
7.325097084045410156e+00 7.151978015899658203e+00 7.279195308685302734e+00
7.329578399658203125e+00 7.160409450531005859e+00 7.284723758697509766e+00
7.333987236022949219e+00 7.168722152709960938e+00 7.290167808532714844e+00
7.338324069976806641e+00 7.176915168762207031e+00 7.295526981353759766e+00
7.342589378356933594e+00 7.184989452362060547e+00 7.300801753997802734e+00
7.346783161163330078e+00 7.192945003509521484e+00 7.305993080139160156e+00
7.350905895233154297e+00 7.200782299041748047e+00 7.311100959777832031e+00
7.354958534240722656e+00 7.208501338958740234e+00 7.316125869750976562e+00
7.358941078186035156e+00 7.216102600097656250e+00 7.321067810058593750e+00
7.362854480743408203e+00 7.223586559295654297e+00 7.325927734375000000e+00
7.366698741912841797e+00 7.230953216552734375e+00 7.330706119537353516e+00
7.370474338531494141e+00 7.238203048706054688e+00 7.335402965545654297e+00
7.374181747436523438e+00 7.245336532592773438e+00 7.340018749237060547e+00
7.377821445465087891e+00 7.252353668212890625e+00 7.344553947448730469e+00
7.381393909454345703e+00 7.259255409240722656e+00 7.349009037017822266e+00
7.384899616241455078e+00 7.266041755676269531e+00 7.353384971618652344e+00
7.388339519500732422e+00 7.272713184356689453e+00 7.357681274414062500e+00
7.391713142395019531e+00 7.279269695281982422e+00 7.361898899078369141e+00
7.395021915435791016e+00 7.285712718963623047e+00 7.366038799285888672e+00
7.398265361785888672e+00 7.292042255401611328e+00 7.370100498199462891e+00
7.401444911956787109e+00 7.298258304595947266e+00 7.374085426330566406e+00
7.404560565948486328e+00 7.304361820220947266e+00 7.377993106842041016e+00
7.407612800598144531e+00 7.310353279113769531e+00 7.381824493408203125e+00
7.410602569580078125e+00 7.316233158111572266e+00 7.385580539703369141e+00
7.413529872894287109e+00 7.322001457214355469e+00 7.389261245727539062e+00
7.416395187377929688e+00 7.327659606933593750e+00 7.392867565155029297e+00
7.419199943542480469e+00 7.333208084106445312e+00 7.396399021148681641e+00
7.421943187713623047e+00 7.338646888732910156e+00 7.399857521057128906e+00
7.424626827239990234e+00 7.343976497650146484e+00 7.403242588043212891e+00
7.427250862121582031e+00 7.349198341369628906e+00 7.406555175781250000e+00
7.429815292358398438e+00 7.354312419891357422e+00 7.409795761108398438e+00
7.432321548461914062e+00 7.359319686889648438e+00 7.412965297698974609e+00
7.434769630432128906e+00 7.364220142364501953e+00 7.416063785552978516e+00
7.437160491943359375e+00 7.369015216827392578e+00 7.419092178344726562e+00
7.439494609832763672e+00 7.373705387115478516e+00 7.422050952911376953e+00
7.441771984100341797e+00 7.378291130065917969e+00 7.424940586090087891e+00
7.443994045257568359e+00 7.382773399353027344e+00 7.427761554718017578e+00
7.446160793304443359e+00 7.387153148651123047e+00 7.430514812469482422e+00
7.448272705078125000e+00 7.391430377960205078e+00 7.433201313018798828e+00
7.450331211090087891e+00 7.395606517791748047e+00 7.435821056365966797e+00
7.452335834503173828e+00 7.399682044982910156e+00 7.438374519348144531e+00
7.454287528991699219e+00 7.403657436370849609e+00 7.440863132476806641e+00
7.456187248229980469e+00 7.407534599304199219e+00 7.443286895751953125e+00
7.458035469055175781e+00 7.411313056945800781e+00 7.445647239685058594e+00
7.459832668304443359e+00 7.414994239807128906e+00 7.447943687438964844e+00
7.461579322814941406e+00 7.418579101562500000e+00 7.450177669525146484e+00
7.463275909423828125e+00 7.422068595886230469e+00 7.452349662780761719e+00
7.464923858642578125e+00 7.425463199615478516e+00 7.454460620880126953e+00
7.466522693634033203e+00 7.428764343261718750e+00 7.456511020660400391e+00
7.468073844909667969e+00 7.431972026824951172e+00 7.458501815795898438e+00
7.469577789306640625e+00 7.435088634490966797e+00 7.460433006286621094e+00
7.471035480499267578e+00 7.438113689422607422e+00 7.462306022644042969e+00
7.472446441650390625e+00 7.441049098968505859e+00 7.464121818542480469e+00
7.473812580108642578e+00 7.443895339965820312e+00 7.465879917144775391e+00
7.475133895874023438e+00 7.446653842926025391e+00 7.467582225799560547e+00
7.476411342620849609e+00 7.449325084686279297e+00 7.469229221343994141e+00
7.477644920349121094e+00 7.451910495758056641e+00 7.470821380615234375e+00
7.478836059570312500e+00 7.454411029815673828e+00 7.472360134124755859e+00
7.479985237121582031e+00 7.456828117370605469e+00 7.473845005035400391e+00
7.481092929840087891e+00 7.459162235260009766e+00 7.475278377532958984e+00
7.482160091400146484e+00 7.461415290832519531e+00 7.476659774780273438e+00
7.483187198638916016e+00 7.463587284088134766e+00 7.477990627288818359e+00
7.484175205230712891e+00 7.465680599212646484e+00 7.479271411895751953e+00
7.485124111175537109e+00 7.467695236206054688e+00 7.480503082275390625e+00
7.486035346984863281e+00 7.469633579254150391e+00 7.481686592102050781e+00
7.486909389495849609e+00 7.471495628356933594e+00 7.482822418212890625e+00
7.487746715545654297e+00 7.473283767700195312e+00 7.483911991119384766e+00
7.488548755645751953e+00 7.474997997283935547e+00 7.484955787658691406e+00
7.489315032958984375e+00 7.476640701293945312e+00 7.485954761505126953e+00
7.490047454833984375e+00 7.478212356567382812e+00 7.486909389495849609e+00
7.490746021270751953e+00 7.479714870452880859e+00 7.487821102142333984e+00
7.491411685943603516e+00 7.481148719787597656e+00 7.488690853118896484e+00
7.492045402526855469e+00 7.482516288757324219e+00 7.489518642425537109e+00
7.492647647857666016e+00 7.483818054199218750e+00 7.490306377410888672e+00
7.493218898773193359e+00 7.485055923461914062e+00 7.491054534912109375e+00
7.493760585784912109e+00 7.486230850219726562e+00 7.491764068603515625e+00
7.494272708892822266e+00 7.487344741821289062e+00 7.492435932159423828e+00
7.494756698608398438e+00 7.488398551940917969e+00 7.493071079254150391e+00
7.495213031768798828e+00 7.489394187927246094e+00 7.493669986724853516e+00
7.495642185211181641e+00 7.490332603454589844e+00 7.494234561920166016e+00
7.496045589447021484e+00 7.491215229034423828e+00 7.494764804840087891e+00
7.496423244476318359e+00 7.492044448852539062e+00 7.495262145996093750e+00
7.496776580810546875e+00 7.492820739746093750e+00 7.495727539062500000e+00
7.497106075286865234e+00 7.493546009063720703e+00 7.496162414550781250e+00
7.497412681579589844e+00 7.494222164154052734e+00 7.496566772460937500e+00
7.497696876525878906e+00 7.494850158691406250e+00 7.496942043304443359e+00
7.497959613800048828e+00 7.495431900024414062e+00 7.497289657592773438e+00
7.498202323913574219e+00 7.495968818664550781e+00 7.497610092163085938e+00
7.498424530029296875e+00 7.496463298797607422e+00 7.497904300689697266e+00
7.498628139495849609e+00 7.496915817260742188e+00 7.498174190521240234e+00
7.498813629150390625e+00 7.497329235076904297e+00 7.498419761657714844e+00
7.498981475830078125e+00 7.497704029083251953e+00 7.498642921447753906e+00
7.499132633209228516e+00 7.498043060302734375e+00 7.498843669891357422e+00
7.499268531799316406e+00 7.498346805572509766e+00 7.499024391174316406e+00
7.499389171600341797e+00 7.498618602752685547e+00 7.499185085296630859e+00
7.499496459960937500e+00 7.498858451843261719e+00 7.499327182769775391e+00
7.499589920043945312e+00 7.499069690704345703e+00 7.499452114105224609e+00
7.499671459197998047e+00 7.499253273010253906e+00 7.499560356140136719e+00
7.499741077423095703e+00 7.499411106109619141e+00 7.499653816223144531e+00
7.499800205230712891e+00 7.499545097351074219e+00 7.499732494354248047e+00
7.499849796295166016e+00 7.499657630920410156e+00 7.499798774719238281e+00
7.499890327453613281e+00 7.499749660491943359e+00 7.499853134155273438e+00
7.499922752380371094e+00 7.499823570251464844e+00 7.499896526336669922e+00
7.499948501586914062e+00 7.499881744384765625e+00 7.499930381774902344e+00
7.499967575073242188e+00 7.499925136566162109e+00 7.499956130981445312e+00
7.499980926513671875e+00 7.499956607818603516e+00 7.499974727630615234e+00
7.499990463256835938e+00 7.499977588653564453e+00 7.499987125396728516e+00
7.499995708465576172e+00 7.499990463256835938e+00 7.499994277954101562e+00
7.499998569488525391e+00 7.499997138977050781e+00 7.499998569488525391e+00
7.500000000000000000e+00 7.499999523162841797e+00 7.500000000000000000e+00
