3.780464529991149902e-01 -4.511298239231109619e-01 6.499999761581420898e-02
3.784424960613250732e-01 -4.510164260864257812e-01 6.499999761581420898e-02
3.788385391235351562e-01 -4.509030282497406006e-01 6.499999761581420898e-02
3.792346119880676270e-01 -4.507896304130554199e-01 6.499999761581420898e-02
3.796306550502777100e-01 -4.506762325763702393e-01 6.499999761581420898e-02
3.800266981124877930e-01 -4.505628347396850586e-01 6.499999761581420898e-02
3.804227411746978760e-01 -4.504494369029998779e-01 6.499999761581420898e-02
3.808187842369079590e-01 -4.503360390663146973e-01 6.499999761581420898e-02
3.812148571014404297e-01 -4.502226412296295166e-01 6.499999761581420898e-02
3.816109001636505127e-01 -4.501092433929443359e-01 6.499999761581420898e-02
3.820069432258605957e-01 -4.499958455562591553e-01 6.499999761581420898e-02
3.824029862880706787e-01 -4.498824477195739746e-01 6.499999761581420898e-02
3.827990293502807617e-01 -4.497690498828887939e-01 6.499999761581420898e-02
3.831951022148132324e-01 -4.496556520462036133e-01 6.499999761581420898e-02
3.835911452770233154e-01 -4.495422542095184326e-01 6.499999761581420898e-02
3.839871883392333984e-01 -4.494288563728332520e-01 6.499999761581420898e-02
3.843832314014434814e-01 -4.493154585361480713e-01 6.499999761581420898e-02
3.847792744636535645e-01 -4.492020606994628906e-01 6.499999761581420898e-02
3.851753473281860352e-01 -4.490886628627777100e-01 6.499999761581420898e-02
3.855713903903961182e-01 -4.489752650260925293e-01 6.499999761581420898e-02
3.859674334526062012e-01 -4.488618671894073486e-01 6.499999761581420898e-02
3.863634765148162842e-01 -4.487484693527221680e-01 6.499999761581420898e-02
3.867595493793487549e-01 -4.486350715160369873e-01 6.499999761581420898e-02
3.871555924415588379e-01 -4.485216736793518066e-01 6.499999761581420898e-02
3.877068161964416504e-01 -4.483494460582733154e-01 6.499999761581420898e-02
3.883098065853118896e-01 -4.481575787067413330e-01 6.499999761581420898e-02
3.889128267765045166e-01 -4.479657113552093506e-01 6.499999761581420898e-02
3.895158171653747559e-01 -4.477738738059997559e-01 6.499999761581420898e-02
3.901188075542449951e-01 -4.475820064544677734e-01 6.499999761581420898e-02
3.907217979431152344e-01 -4.473901391029357910e-01 6.499999761581420898e-02
3.913248181343078613e-01 -4.471982717514038086e-01 6.499999761581420898e-02
3.919278085231781006e-01 -4.470064342021942139e-01 6.499999761581420898e-02
3.925307989120483398e-01 -4.468145668506622314e-01 6.499999761581420898e-02
3.931338191032409668e-01 -4.466226994991302490e-01 6.499999761581420898e-02
3.937368094921112061e-01 -4.464308619499206543e-01 6.499999761581420898e-02
3.943397998809814453e-01 -4.462389945983886719e-01 6.499999761581420898e-02
3.949427902698516846e-01 -4.460471272468566895e-01 6.499999761581420898e-02
3.955458104610443115e-01 -4.458552598953247070e-01 6.499999761581420898e-02
3.961488008499145508e-01 -4.456634223461151123e-01 6.499999761581420898e-02
3.967517912387847900e-01 -4.454715549945831299e-01 6.499999761581420898e-02
3.973548114299774170e-01 -4.452796876430511475e-01 6.499999761581420898e-02
3.979578018188476562e-01 -4.450878500938415527e-01 6.499999761581420898e-02
3.985607922077178955e-01 -4.448959827423095703e-01 6.499999761581420898e-02
3.991638123989105225e-01 -4.447041153907775879e-01 6.499999761581420898e-02
3.997668027877807617e-01 -4.445122480392456055e-01 6.499999761581420898e-02
4.003024697303771973e-01 -4.442996382713317871e-01 6.499999761581420898e-02
4.008329510688781738e-01 -4.440853893756866455e-01 6.499999761581420898e-02
4.013634324073791504e-01 -4.438711702823638916e-01 6.499999761581420898e-02
4.018939137458801270e-01 -4.436569213867187500e-01 6.499999761581420898e-02
4.024243950843811035e-01 -4.434427022933959961e-01 6.499999761581420898e-02
4.029548466205596924e-01 -4.432284832000732422e-01 6.499999761581420898e-02
4.034853279590606689e-01 -4.430142343044281006e-01 6.499999761581420898e-02
4.040158092975616455e-01 -4.428000152111053467e-01 6.499999761581420898e-02
4.045462906360626221e-01 -4.425857663154602051e-01 6.499999761581420898e-02
4.050767719745635986e-01 -4.423715472221374512e-01 6.499999761581420898e-02
4.056072235107421875e-01 -4.421572983264923096e-01 6.499999761581420898e-02
4.061377048492431641e-01 -4.419430792331695557e-01 6.499999761581420898e-02
4.066681861877441406e-01 -4.417288303375244141e-01 6.499999761581420898e-02
4.071986675262451172e-01 -4.415146112442016602e-01 6.499999761581420898e-02
4.077291488647460938e-01 -4.413003921508789062e-01 6.499999761581420898e-02
4.082596004009246826e-01 -4.410861432552337646e-01 6.499999761581420898e-02
4.087900817394256592e-01 -4.408719241619110107e-01 6.499999761581420898e-02
4.093320965766906738e-01 -4.406396448612213135e-01 6.499999761581420898e-02
4.098832011222839355e-01 -4.403932094573974609e-01 6.499999761581420898e-02
4.104342758655548096e-01 -4.401467740535736084e-01 6.499999761581420898e-02
4.109853506088256836e-01 -4.399003386497497559e-01 6.499999761581420898e-02
4.115364253520965576e-01 -4.396539032459259033e-01 6.499999761581420898e-02
4.120875000953674316e-01 -4.394074976444244385e-01 6.499999761581420898e-02
4.126386046409606934e-01 -4.391610622406005859e-01 6.499999761581420898e-02
4.131896793842315674e-01 -4.389146268367767334e-01 6.499999761581420898e-02
4.137407541275024414e-01 -4.386681914329528809e-01 6.499999761581420898e-02
4.142918288707733154e-01 -4.384217560291290283e-01 6.499999761581420898e-02
4.148429036140441895e-01 -4.381753504276275635e-01 6.499999761581420898e-02
4.153940081596374512e-01 -4.379289150238037109e-01 6.499999761581420898e-02
4.159450829029083252e-01 -4.376824796199798584e-01 6.499999761581420898e-02
4.164961576461791992e-01 -4.374360442161560059e-01 6.499999761581420898e-02
4.170472323894500732e-01 -4.371896088123321533e-01 6.499999761581420898e-02
4.175983071327209473e-01 -4.369432032108306885e-01 6.499999761581420898e-02
4.181494116783142090e-01 -4.366967678070068359e-01 6.499999761581420898e-02
4.187004864215850830e-01 -4.364503324031829834e-01 6.499999761581420898e-02
4.192515611648559570e-01 -4.362038969993591309e-01 6.499999761581420898e-02
4.197902381420135498e-01 -4.359378218650817871e-01 6.499999761581420898e-02
4.203252792358398438e-01 -4.356659948825836182e-01 6.499999761581420898e-02
4.208603203296661377e-01 -4.353941679000854492e-01 6.499999761581420898e-02
4.213953614234924316e-01 -4.351223409175872803e-01 6.499999761581420898e-02
4.219304025173187256e-01 -4.348505437374114990e-01 6.499999761581420898e-02
4.224654436111450195e-01 -4.345787167549133301e-01 6.499999761581420898e-02
4.230004847049713135e-01 -4.343068897724151611e-01 6.499999761581420898e-02
4.235355257987976074e-01 -4.340350627899169922e-01 6.499999761581420898e-02
4.240705668926239014e-01 -4.337632358074188232e-01 6.499999761581420898e-02
4.246056079864501953e-01 -4.334914088249206543e-01 6.499999761581420898e-02
4.251406490802764893e-01 -4.332195818424224854e-01 6.499999761581420898e-02
4.256756901741027832e-01 -4.329477846622467041e-01 6.499999761581420898e-02
4.262107312679290771e-01 -4.326759576797485352e-01 6.499999761581420898e-02
4.267457723617553711e-01 -4.324041306972503662e-01 6.499999761581420898e-02
4.272808134555816650e-01 -4.321323037147521973e-01 6.499999761581420898e-02
4.278158545494079590e-01 -4.318604767322540283e-01 6.499999761581420898e-02
4.283508956432342529e-01 -4.315886497497558594e-01 6.499999761581420898e-02
4.288859367370605469e-01 -4.313168227672576904e-01 6.499999761581420898e-02
4.294172227382659912e-01 -4.310402572154998779e-01 6.499999761581420898e-02
4.299340248107910156e-01 -4.307453334331512451e-01 6.499999761581420898e-02
4.304508268833160400e-01 -4.304503798484802246e-01 6.499999761581420898e-02
4.309676289558410645e-01 -4.301554560661315918e-01 6.499999761581420898e-02
4.314844012260437012e-01 -4.298605322837829590e-01 6.499999761581420898e-02
4.320012032985687256e-01 -4.295655786991119385e-01 6.499999761581420898e-02
4.325180053710937500e-01 -4.292706549167633057e-01 6.499999761581420898e-02
4.330348074436187744e-01 -4.289757013320922852e-01 6.499999761581420898e-02
4.335516095161437988e-01 -4.286807775497436523e-01 6.499999761581420898e-02
4.340684115886688232e-01 -4.283858239650726318e-01 6.499999761581420898e-02
4.345852136611938477e-01 -4.280909001827239990e-01 6.499999761581420898e-02
4.351019859313964844e-01 -4.277959764003753662e-01 6.499999761581420898e-02
4.356187880039215088e-01 -4.275010228157043457e-01 6.499999761581420898e-02
4.361355900764465332e-01 -4.272060990333557129e-01 6.499999761581420898e-02
4.366523921489715576e-01 -4.269111454486846924e-01 6.499999761581420898e-02
4.371691942214965820e-01 -4.266162216663360596e-01 6.499999761581420898e-02
4.376859962940216064e-01 -4.263212680816650391e-01 6.499999761581420898e-02
4.382027983665466309e-01 -4.260263442993164062e-01 6.499999761581420898e-02
4.387195706367492676e-01 -4.257313907146453857e-01 6.499999761581420898e-02
4.392182230949401855e-01 -4.254181981086730957e-01 6.499999761581420898e-02
4.397148787975311279e-01 -4.251029491424560547e-01 6.499999761581420898e-02
4.402115345001220703e-01 -4.247877299785614014e-01 6.499999761581420898e-02
4.407081902027130127e-01 -4.244725108146667480e-01 6.499999761581420898e-02
4.412048161029815674e-01 -4.241572618484497070e-01 6.499999761581420898e-02
4.417014718055725098e-01 -4.238420426845550537e-01 6.499999761581420898e-02
4.421981275081634521e-01 -4.235268235206604004e-01 6.499999761581420898e-02
4.426947832107543945e-01 -4.232115745544433594e-01 6.499999761581420898e-02
4.431914389133453369e-01 -4.228963255882263184e-01 6.499999761581420898e-02
4.441233277320861816e-01 -4.226694703102111816e-01 6.499999761581420898e-02
4.450551867485046387e-01 -4.224426150321960449e-01 6.499999761581420898e-02
4.459870755672454834e-01 -4.222157597541809082e-01 6.499999761581420898e-02
4.469189643859863281e-01 -4.219888746738433838e-01 6.499999761581420898e-02
4.478508532047271729e-01 -4.217620193958282471e-01 6.499999761581420898e-02
4.487827122211456299e-01 -4.215351641178131104e-01 6.499999761581420898e-02
4.497146010398864746e-01 -4.213083088397979736e-01 6.499999761581420898e-02
4.506464898586273193e-01 -4.210814535617828369e-01 6.499999761581420898e-02
4.520241618156433105e-01 -4.207178354263305664e-01 6.499999761581420898e-02
4.534798562526702881e-01 -4.203302562236785889e-01 6.499999761581420898e-02
4.549355506896972656e-01 -4.199427068233489990e-01 6.499999761581420898e-02
4.563912451267242432e-01 -4.195551276206970215e-01 6.499999761581420898e-02
4.578469395637512207e-01 -4.191675782203674316e-01 6.499999761581420898e-02
4.593026340007781982e-01 -4.187800288200378418e-01 6.499999761581420898e-02
4.607592523097991943e-01 -4.183852374553680420e-01 6.499999761581420898e-02
4.622195065021514893e-01 -4.179617464542388916e-01 6.499999761581420898e-02
4.636797606945037842e-01 -4.175382554531097412e-01 6.499999761581420898e-02
4.651400446891784668e-01 -4.171147942543029785e-01 6.499999761581420898e-02
4.666002988815307617e-01 -4.166913032531738281e-01 6.499999761581420898e-02
4.680605530738830566e-01 -4.162678122520446777e-01 6.499999761581420898e-02
4.695208072662353516e-01 -4.158443212509155273e-01 6.499999761581420898e-02
4.710209965705871582e-01 -4.155294299125671387e-01 6.499999761581420898e-02
4.725805819034576416e-01 -4.153761267662048340e-01 6.499999761581420898e-02
4.741401672363281250e-01 -4.152227938175201416e-01 6.499999761581420898e-02
4.756997227668762207e-01 -4.150694906711578369e-01 6.499999761581420898e-02
4.772593080997467041e-01 -4.149161577224731445e-01 6.499999761581420898e-02
4.788188934326171875e-01 -4.147628545761108398e-01 6.499999761581420898e-02
4.803784489631652832e-01 -4.146095216274261475e-01 6.499999761581420898e-02
4.819387495517730713e-01 -4.144638478755950928e-01 6.499999761581420898e-02
4.835034906864166260e-01 -4.143658876419067383e-01 6.499999761581420898e-02
4.850682020187377930e-01 -4.142678976058959961e-01 6.499999761581420898e-02
4.866329431533813477e-01 -4.141699373722076416e-01 6.499999761581420898e-02
4.881976842880249023e-01 -4.140719473361968994e-01 6.499999761581420898e-02
4.897623956203460693e-01 -4.139739871025085449e-01 6.499999761581420898e-02
4.913271367549896240e-01 -4.138759970664978027e-01 6.499999761581420898e-02
4.928918778896331787e-01 -4.137780368328094482e-01 6.499999761581420898e-02
4.944589138031005859e-01 -4.137214422225952148e-01 6.499999761581420898e-02
4.960262179374694824e-01 -4.136694669723510742e-01 6.499999761581420898e-02
4.975934922695159912e-01 -4.136174917221069336e-01 6.499999761581420898e-02
4.991607964038848877e-01 -4.135655164718627930e-01 6.499999761581420898e-02
5.007280707359313965e-01 -4.135135412216186523e-01 6.499999761581420898e-02
5.022953748703002930e-01 -4.134615361690521240e-01 6.499999761581420898e-02
5.038626790046691895e-01 -4.134095609188079834e-01 6.499999761581420898e-02
5.053879022598266602e-01 -4.133755266666412354e-01 6.499999761581420898e-02
5.068932175636291504e-01 -4.133499264717102051e-01 6.499999761581420898e-02
5.083985328674316406e-01 -4.133243560791015625e-01 6.499999761581420898e-02
5.099038481712341309e-01 -4.132987856864929199e-01 6.499999761581420898e-02
5.114091634750366211e-01 -4.132732152938842773e-01 6.499999761581420898e-02
5.129144787788391113e-01 -4.132476449012756348e-01 6.499999761581420898e-02
5.144197940826416016e-01 -4.132220745086669922e-01 6.499999761581420898e-02
5.159273147583007812e-01 -4.132075905799865723e-01 6.499999761581420898e-02
5.174348950386047363e-01 -4.131931960582733154e-01 6.499999761581420898e-02
5.189424753189086914e-01 -4.131787717342376709e-01 6.499999761581420898e-02
5.204500555992126465e-01 -4.131643772125244141e-01 6.499999761581420898e-02
5.219576358795166016e-01 -4.131499826908111572e-01 6.499999761581420898e-02
5.234652161598205566e-01 -4.131355583667755127e-01 6.499999761581420898e-02
5.249729752540588379e-01 -4.131218194961547852e-01 6.499999761581420898e-02
5.264813303947448730e-01 -4.131094515323638916e-01 6.499999761581420898e-02
5.279896259307861328e-01 -4.130970835685729980e-01 6.499999761581420898e-02
5.294979214668273926e-01 -4.130847156047821045e-01 6.499999761581420898e-02
5.310062170028686523e-01 -4.130723774433135986e-01 6.499999761581420898e-02
5.325145721435546875e-01 -4.130600094795227051e-01 6.499999761581420898e-02
5.340228676795959473e-01 -4.130476415157318115e-01 6.499999761581420898e-02
5.355977416038513184e-01 -4.130336940288543701e-01 6.499999761581420898e-02
5.372099876403808594e-01 -4.130188524723052979e-01 6.499999761581420898e-02
5.388222336769104004e-01 -4.130040407180786133e-01 6.499999761581420898e-02
5.404344797134399414e-01 -4.129891991615295410e-01 6.499999761581420898e-02
5.420467257499694824e-01 -4.129743576049804688e-01 6.499999761581420898e-02
5.436589717864990234e-01 -4.129595458507537842e-01 6.499999761581420898e-02
5.452712178230285645e-01 -4.129447042942047119e-01 6.499999761581420898e-02
5.468834638595581055e-01 -4.129298627376556396e-01 6.499999761581420898e-02
5.484781861305236816e-01 -4.128382503986358643e-01 6.499999761581420898e-02
5.500724315643310547e-01 -4.127442240715026855e-01 6.499999761581420898e-02
5.516666173934936523e-01 -4.126501977443695068e-01 6.499999761581420898e-02
5.532608032226562500e-01 -4.125561416149139404e-01 6.499999761581420898e-02
5.548549890518188477e-01 -4.124621152877807617e-01 6.499999761581420898e-02
5.564492344856262207e-01 -4.123680889606475830e-01 6.499999761581420898e-02
5.580434203147888184e-01 -4.122740626335144043e-01 6.499999761581420898e-02
5.596255660057067871e-01 -4.121511876583099365e-01 6.499999761581420898e-02
5.611909031867980957e-01 -4.119880199432373047e-01 6.499999761581420898e-02
5.627562403678894043e-01 -4.118248820304870605e-01 6.499999761581420898e-02
5.643215775489807129e-01 -4.116617143154144287e-01 6.499999761581420898e-02
5.658869743347167969e-01 -4.114985764026641846e-01 6.499999761581420898e-02
5.674523115158081055e-01 -4.113354086875915527e-01 6.499999761581420898e-02
5.690176486968994141e-01 -4.111722409725189209e-01 6.499999761581420898e-02
5.705798864364624023e-01 -4.110093712806701660e-01 6.499999761581420898e-02
5.720450282096862793e-01 -4.108550250530242920e-01 6.499999761581420898e-02
5.735101699829101562e-01 -4.107006788253784180e-01 6.499999761581420898e-02
5.749753117561340332e-01 -4.105463624000549316e-01 6.499999761581420898e-02
5.764404535293579102e-01 -4.103920161724090576e-01 6.499999761581420898e-02
5.779055953025817871e-01 -4.102376699447631836e-01 6.499999761581420898e-02
5.793707370758056641e-01 -4.100833535194396973e-01 6.499999761581420898e-02
5.808199048042297363e-01 -4.099079668521881104e-01 6.499999761581420898e-02
5.822538733482360840e-01 -4.097125530242919922e-01 6.499999761581420898e-02
5.836878418922424316e-01 -4.095171689987182617e-01 6.499999761581420898e-02
5.851218104362487793e-01 -4.093217849731445312e-01 6.499999761581420898e-02
5.865557789802551270e-01 -4.091264009475708008e-01 6.499999761581420898e-02
5.879897475242614746e-01 -4.089309871196746826e-01 6.499999761581420898e-02
5.894178748130798340e-01 -4.087296426296234131e-01 6.499999761581420898e-02
5.908181667327880859e-01 -4.084998667240142822e-01 6.499999761581420898e-02
5.922185182571411133e-01 -4.082701206207275391e-01 6.499999761581420898e-02
5.936187505722045898e-01 -4.080403447151184082e-01 6.499999761581420898e-02
5.950191020965576172e-01 -4.078105986118316650e-01 6.499999761581420898e-02
5.964193940162658691e-01 -4.075808227062225342e-01 6.499999761581420898e-02
5.978189110755920410e-01 -4.073505103588104248e-01 6.499999761581420898e-02
5.991860032081604004e-01 -4.070958793163299561e-01 6.499999761581420898e-02
6.005530357360839844e-01 -4.068412482738494873e-01 6.499999761581420898e-02
6.019201278686523438e-01 -4.065866172313690186e-01 6.499999761581420898e-02
6.032871603965759277e-01 -4.063319861888885498e-01 6.499999761581420898e-02
6.046542525291442871e-01 -4.060773551464080811e-01 6.499999761581420898e-02
6.059929728507995605e-01 -4.057675302028656006e-01 6.499999761581420898e-02
6.069242358207702637e-01 -4.046636521816253662e-01 6.499999761581420898e-02
6.078554391860961914e-01 -4.035597443580627441e-01 6.499999761581420898e-02
6.087867021560668945e-01 -4.024558663368225098e-01 6.499999761581420898e-02
6.097179651260375977e-01 -4.013519585132598877e-01 6.499999761581420898e-02
6.106491684913635254e-01 -4.002480804920196533e-01 6.499999761581420898e-02
6.115804314613342285e-01 -3.991441726684570312e-01 6.499999761581420898e-02
6.124889254570007324e-01 -3.980156481266021729e-01 6.499999761581420898e-02
6.133695244789123535e-01 -3.968568146228790283e-01 6.499999761581420898e-02
6.142501235008239746e-01 -3.956979811191558838e-01 6.499999761581420898e-02
6.151307225227355957e-01 -3.945391178131103516e-01 6.499999761581420898e-02
6.160113215446472168e-01 -3.933802843093872070e-01 6.499999761581420898e-02
6.168919205665588379e-01 -3.922214508056640625e-01 6.499999761581420898e-02
6.177725195884704590e-01 -3.910625874996185303e-01 6.499999761581420898e-02
6.184560060501098633e-01 -3.897461891174316406e-01 6.499999761581420898e-02
6.190812587738037109e-01 -3.883832097053527832e-01 6.499999761581420898e-02
6.197064518928527832e-01 -3.870202600955963135e-01 6.499999761581420898e-02
6.203317046165466309e-01 -3.856573104858398438e-01 6.499999761581420898e-02
6.209569573402404785e-01 -3.842943310737609863e-01 6.499999761581420898e-02
6.215822100639343262e-01 -3.829313814640045166e-01 6.499999761581420898e-02
6.222074627876281738e-01 -3.815684318542480469e-01 6.499999761581420898e-02
6.225184202194213867e-01 -3.801635205745697021e-01 6.499999761581420898e-02
6.227214932441711426e-01 -3.787442147731781006e-01 6.499999761581420898e-02
6.229245662689208984e-01 -3.773249387741088867e-01 6.499999761581420898e-02
6.231276392936706543e-01 -3.759056329727172852e-01 6.499999761581420898e-02
6.233307123184204102e-01 -3.744863271713256836e-01 6.499999761581420898e-02
6.235337853431701660e-01 -3.730670511722564697e-01 6.499999761581420898e-02
6.237204670906066895e-01 -3.716309070587158203e-01 6.499999761581420898e-02
6.238907575607299805e-01 -3.701779544353485107e-01 6.499999761581420898e-02
6.240610480308532715e-01 -3.687250018119812012e-01 6.499999761581420898e-02
6.242313385009765625e-01 -3.672720789909362793e-01 6.499999761581420898e-02
6.244016289710998535e-01 -3.658191263675689697e-01 6.499999761581420898e-02
6.245719194412231445e-01 -3.643661737442016602e-01 6.499999761581420898e-02
6.247396469116210938e-01 -3.629115819931030273e-01 6.499999761581420898e-02
6.248629093170166016e-01 -3.614280819892883301e-01 6.499999761581420898e-02
6.249862313270568848e-01 -3.599445819854736328e-01 6.499999761581420898e-02
6.251094937324523926e-01 -3.584610819816589355e-01 6.499999761581420898e-02
6.252327561378479004e-01 -3.569775521755218506e-01 6.499999761581420898e-02
6.253560185432434082e-01 -3.554940521717071533e-01 6.499999761581420898e-02
6.254792809486389160e-01 -3.540105521678924561e-01 6.499999761581420898e-02
6.255792975425720215e-01 -3.525161445140838623e-01 6.499999761581420898e-02
6.256483197212219238e-01 -3.510072231292724609e-01 6.499999761581420898e-02
6.257173418998718262e-01 -3.494983315467834473e-01 6.499999761581420898e-02
6.257863640785217285e-01 -3.479894101619720459e-01 6.499999761581420898e-02
6.258553862571716309e-01 -3.464805185794830322e-01 6.499999761581420898e-02
6.259244084358215332e-01 -3.449716269969940186e-01 6.499999761581420898e-02
6.259934306144714355e-01 -3.434627354145050049e-01 6.499999761581420898e-02
6.260732412338256836e-01 -3.419702351093292236e-01 6.499999761581420898e-02
6.261587738990783691e-01 -3.404864668846130371e-01 6.499999761581420898e-02
6.262443065643310547e-01 -3.390027284622192383e-01 6.499999761581420898e-02
6.263298392295837402e-01 -3.375189900398254395e-01 6.499999761581420898e-02
6.264154314994812012e-01 -3.360352218151092529e-01 6.499999761581420898e-02
6.265009641647338867e-01 -3.345514833927154541e-01 6.499999761581420898e-02
6.265789270401000977e-01 -3.330667316913604736e-01 6.499999761581420898e-02
6.266078352928161621e-01 -3.315754234790802002e-01 6.499999761581420898e-02
6.266367435455322266e-01 -3.300840854644775391e-01 6.499999761581420898e-02
6.266656517982482910e-01 -3.285927772521972656e-01 6.499999761581420898e-02
6.266945600509643555e-01 -3.271014392375946045e-01 6.499999761581420898e-02
6.267235279083251953e-01 -3.256101608276367188e-01 6.499999761581420898e-02
6.267524361610412598e-01 -3.241188526153564453e-01 6.499999761581420898e-02
6.267482638359069824e-01 -3.226269185543060303e-01 6.499999761581420898e-02
6.267196536064147949e-01 -3.211345970630645752e-01 6.499999761581420898e-02
6.266910433769226074e-01 -3.196422457695007324e-01 6.499999761581420898e-02
6.266624331474304199e-01 -3.181499540805816650e-01 6.499999761581420898e-02
6.266338229179382324e-01 -3.166576027870178223e-01 6.499999761581420898e-02
6.266052126884460449e-01 -3.151652812957763672e-01 6.499999761581420898e-02
6.265763044357299805e-01 -3.136729598045349121e-01 6.499999761581420898e-02
6.264905333518981934e-01 -3.121867179870605469e-01 6.499999761581420898e-02
6.264047622680664062e-01 -3.107005059719085693e-01 6.499999761581420898e-02
6.263189315795898438e-01 -3.092142641544342041e-01 6.499999761581420898e-02
6.262331604957580566e-01 -3.077280223369598389e-01 6.499999761581420898e-02
6.261473894119262695e-01 -3.062417805194854736e-01 6.499999761581420898e-02
6.260616183280944824e-01 -3.047555387020111084e-01 6.499999761581420898e-02
6.259698867797851562e-01 -3.032623827457427979e-01 6.499999761581420898e-02
6.258712410926818848e-01 -3.017610907554626465e-01 6.499999761581420898e-02
6.257725954055786133e-01 -3.002597987651824951e-01 6.499999761581420898e-02
6.256738901138305664e-01 -2.987584769725799561e-01 6.499999761581420898e-02
6.255752444267272949e-01 -2.972571849822998047e-01 6.499999761581420898e-02
6.254765987396240234e-01 -2.957559227943420410e-01 6.499999761581420898e-02
6.253779530525207520e-01 -2.942546308040618896e-01 6.499999761581420898e-02
6.252382397651672363e-01 -2.927696704864501953e-01 6.499999761581420898e-02
6.250841021537780762e-01 -2.912904620170593262e-01 6.499999761581420898e-02
6.249299645423889160e-01 -2.898112535476684570e-01 6.499999761581420898e-02
6.247757673263549805e-01 -2.883320748805999756e-01 6.499999761581420898e-02
6.246216297149658203e-01 -2.868528664112091064e-01 6.499999761581420898e-02
6.244674921035766602e-01 -2.853736579418182373e-01 6.499999761581420898e-02
6.243066191673278809e-01 -2.838980853557586670e-01 6.499999761581420898e-02
6.241016983985900879e-01 -2.824462056159973145e-01 6.499999761581420898e-02
6.238967776298522949e-01 -2.809943258762359619e-01 6.499999761581420898e-02
6.236918568611145020e-01 -2.795424461364746094e-01 6.499999761581420898e-02
6.234869360923767090e-01 -2.780905663967132568e-01 6.499999761581420898e-02
6.232820153236389160e-01 -2.766386568546295166e-01 6.499999761581420898e-02
6.230770945549011230e-01 -2.751867771148681641e-01 6.499999761581420898e-02
6.228432059288024902e-01 -2.737561762332916260e-01 6.499999761581420898e-02
6.225943565368652344e-01 -2.723365128040313721e-01 6.499999761581420898e-02
6.223455071449279785e-01 -2.709168195724487305e-01 6.499999761581420898e-02
6.220965981483459473e-01 -2.694971561431884766e-01 6.499999761581420898e-02
6.218477487564086914e-01 -2.680774927139282227e-01 6.499999761581420898e-02
6.215988993644714355e-01 -2.666578590869903564e-01 6.499999761581420898e-02
6.212015151977539062e-01 -2.652812898159027100e-01 6.499999761581420898e-02
6.205149292945861816e-01 -2.639886736869812012e-01 6.499999761581420898e-02
6.198284029960632324e-01 -2.626960277557373047e-01 6.499999761581420898e-02
6.191418766975402832e-01 -2.614034116268157959e-01 6.499999761581420898e-02
6.184552907943725586e-01 -2.601107954978942871e-01 6.499999761581420898e-02
6.177687644958496094e-01 -2.588181495666503906e-01 6.499999761581420898e-02
6.170822381973266602e-01 -2.575255334377288818e-01 6.499999761581420898e-02
6.163544654846191406e-01 -2.562653124332427979e-01 6.499999761581420898e-02
6.156108379364013672e-01 -2.550175786018371582e-01 6.499999761581420898e-02
6.152390241622924805e-01 -2.548441886901855469e-01 6.499999761581420898e-02
6.148672699928283691e-01 -2.546707689762115479e-01 6.499999761581420898e-02
6.144954562187194824e-01 -2.544973790645599365e-01 6.499999761581420898e-02
6.141237020492553711e-01 -2.543239593505859375e-01 6.499999761581420898e-02
6.137518882751464844e-01 -2.541505694389343262e-01 6.499999761581420898e-02
6.133801341056823730e-01 -2.539771795272827148e-01 6.499999761581420898e-02
6.130083203315734863e-01 -2.538037598133087158e-01 6.499999761581420898e-02
6.126365661621093750e-01 -2.536303699016571045e-01 6.499999761581420898e-02
6.122647523880004883e-01 -2.534569501876831055e-01 6.499999761581420898e-02
6.118929982185363770e-01 -2.532835602760314941e-01 6.499999761581420898e-02
6.115211844444274902e-01 -2.531101703643798828e-01 6.499999761581420898e-02
6.111494302749633789e-01 -2.529367506504058838e-01 6.499999761581420898e-02
6.107509136199951172e-01 -2.527515888214111328e-01 6.499999761581420898e-02
6.103357672691345215e-01 -2.525590658187866211e-01 6.499999761581420898e-02
6.099205613136291504e-01 -2.523665428161621094e-01 6.499999761581420898e-02
6.095054149627685547e-01 -2.521740198135375977e-01 6.499999761581420898e-02
6.090902090072631836e-01 -2.519814670085906982e-01 6.499999761581420898e-02
6.086750626564025879e-01 -2.517889440059661865e-01 6.499999761581420898e-02
6.082598567008972168e-01 -2.515964210033416748e-01 6.499999761581420898e-02
6.078447103500366211e-01 -2.514038980007171631e-01 6.499999761581420898e-02
6.074295043945312500e-01 -2.512113749980926514e-01 6.499999761581420898e-02
6.070143580436706543e-01 -2.510188519954681396e-01 6.499999761581420898e-02
6.065991520881652832e-01 -2.508263289928436279e-01 6.499999761581420898e-02
6.061818599700927734e-01 -2.506418526172637939e-01 6.499999761581420898e-02
6.057646274566650391e-01 -2.504574060440063477e-01 6.499999761581420898e-02
6.053473353385925293e-01 -2.502729296684265137e-01 6.499999761581420898e-02
6.049300432205200195e-01 -2.500884532928466797e-01 6.499999761581420898e-02
6.045128107070922852e-01 -2.499039769172668457e-01 6.499999761581420898e-02
6.040955185890197754e-01 -2.497195005416870117e-01 6.499999761581420898e-02
6.036782264709472656e-01 -2.495350241661071777e-01 6.499999761581420898e-02
6.032609939575195312e-01 -2.493505477905273438e-01 6.499999761581420898e-02
6.028437018394470215e-01 -2.491660714149475098e-01 6.499999761581420898e-02
6.024264097213745117e-01 -2.489815950393676758e-01 6.499999761581420898e-02
6.020091772079467773e-01 -2.487971335649490356e-01 6.499999761581420898e-02
6.015993952751159668e-01 -2.486049234867095947e-01 6.499999761581420898e-02
6.012997031211853027e-01 -2.482992559671401978e-01 6.499999761581420898e-02
6.009999513626098633e-01 -2.479935884475708008e-01 6.499999761581420898e-02
6.007002592086791992e-01 -2.476879209280014038e-01 6.499999761581420898e-02
6.004005670547485352e-01 -2.473822534084320068e-01 6.499999761581420898e-02
6.001008749008178711e-01 -2.470765858888626099e-01 6.499999761581420898e-02
5.998011231422424316e-01 -2.467709183692932129e-01 6.499999761581420898e-02
5.995014309883117676e-01 -2.464652508497238159e-01 6.499999761581420898e-02
5.992017388343811035e-01 -2.461595833301544189e-01 6.499999761581420898e-02
5.989019870758056641e-01 -2.458539307117462158e-01 6.499999761581420898e-02
5.986022949218750000e-01 -2.455482631921768188e-01 6.499999761581420898e-02
5.983026027679443359e-01 -2.452425956726074219e-01 6.499999761581420898e-02
5.979425311088562012e-01 -2.448479384183883667e-01 6.499999761581420898e-02
5.974158048629760742e-01 -2.442074418067932129e-01 6.499999761581420898e-02
5.968890190124511719e-01 -2.435669600963592529e-01 6.499999761581420898e-02
5.963622927665710449e-01 -2.429264783859252930e-01 6.499999761581420898e-02
5.958355665206909180e-01 -2.422859966754913330e-01 6.499999761581420898e-02
5.953087806701660156e-01 -2.416455000638961792e-01 6.499999761581420898e-02
5.947820544242858887e-01 -2.410050183534622192e-01 6.499999761581420898e-02
5.942553281784057617e-01 -2.403645366430282593e-01 6.499999761581420898e-02
5.937285423278808594e-01 -2.397240549325942993e-01 6.499999761581420898e-02
5.932018160820007324e-01 -2.390835583209991455e-01 6.499999761581420898e-02
5.926750898361206055e-01 -2.384430766105651855e-01 6.499999761581420898e-02
5.920543670654296875e-01 -2.378999888896942139e-01 6.499999761581420898e-02
5.914140939712524414e-01 -2.373771816492080688e-01 6.499999761581420898e-02
5.907738804817199707e-01 -2.368543744087219238e-01 6.499999761581420898e-02
5.901336073875427246e-01 -2.363315671682357788e-01 6.499999761581420898e-02
5.894933342933654785e-01 -2.358087599277496338e-01 6.499999761581420898e-02
5.888531208038330078e-01 -2.352859526872634888e-01 6.499999761581420898e-02
5.882128477096557617e-01 -2.347631454467773438e-01 6.499999761581420898e-02
5.875725746154785156e-01 -2.342403382062911987e-01 6.499999761581420898e-02
5.869323611259460449e-01 -2.337175309658050537e-01 6.499999761581420898e-02
5.862920880317687988e-01 -2.331947237253189087e-01 6.499999761581420898e-02
5.855402946472167969e-01 -2.326756864786148071e-01 6.499999761581420898e-02
5.845439434051513672e-01 -2.321649342775344849e-01 6.499999761581420898e-02
5.835475921630859375e-01 -2.316541820764541626e-01 6.499999761581420898e-02
5.825512409210205078e-01 -2.311434298753738403e-01 6.499999761581420898e-02
5.815548896789550781e-01 -2.306326776742935181e-01 6.499999761581420898e-02
5.805585384368896484e-01 -2.301219254732131958e-01 6.499999761581420898e-02
5.795621871948242188e-01 -2.296111732721328735e-01 6.499999761581420898e-02
5.785658359527587891e-01 -2.291004210710525513e-01 6.499999761581420898e-02
5.775694847106933594e-01 -2.285896688699722290e-01 6.499999761581420898e-02
5.765731334686279297e-01 -2.280789166688919067e-01 6.499999761581420898e-02
5.755767822265625000e-01 -2.275681644678115845e-01 6.499999761581420898e-02
5.745927095413208008e-01 -2.270794808864593506e-01 6.499999761581420898e-02
5.736641883850097656e-01 -2.266905158758163452e-01 6.499999761581420898e-02
5.727356076240539551e-01 -2.263015508651733398e-01 6.499999761581420898e-02
5.718070864677429199e-01 -2.259125858545303345e-01 6.499999761581420898e-02
5.708785057067871094e-01 -2.255236357450485229e-01 6.499999761581420898e-02
5.699499845504760742e-01 -2.251346707344055176e-01 6.499999761581420898e-02
5.690214037895202637e-01 -2.247457057237625122e-01 6.499999761581420898e-02
5.680928826332092285e-01 -2.243567407131195068e-01 6.499999761581420898e-02
5.671643018722534180e-01 -2.239677906036376953e-01 6.499999761581420898e-02
5.662357807159423828e-01 -2.235788255929946899e-01 6.499999761581420898e-02
5.653071999549865723e-01 -2.231898605823516846e-01 6.499999761581420898e-02
5.643786787986755371e-01 -2.228008955717086792e-01 6.499999761581420898e-02
5.635311007499694824e-01 -2.223736494779586792e-01 6.499999761581420898e-02
5.628916621208190918e-01 -2.218480557203292847e-01 6.499999761581420898e-02
5.622522234916687012e-01 -2.213224470615386963e-01 6.499999761581420898e-02
5.616127848625183105e-01 -2.207968384027481079e-01 6.499999761581420898e-02
5.609734058380126953e-01 -2.202712446451187134e-01 6.499999761581420898e-02
5.603339672088623047e-01 -2.197456359863281250e-01 6.499999761581420898e-02
5.596945285797119141e-01 -2.192200422286987305e-01 6.499999761581420898e-02
5.590550899505615234e-01 -2.186944335699081421e-01 6.499999761581420898e-02
5.584156513214111328e-01 -2.181688249111175537e-01 6.499999761581420898e-02
5.577762126922607422e-01 -2.176432311534881592e-01 6.499999761581420898e-02
5.571367740631103516e-01 -2.171176224946975708e-01 6.499999761581420898e-02
5.564973354339599609e-01 -2.165920287370681763e-01 6.499999761581420898e-02
5.558571815490722656e-01 -2.160629034042358398e-01 6.499999761581420898e-02
5.552041530609130859e-01 -2.154715061187744141e-01 6.499999761581420898e-02
5.545510649681091309e-01 -2.148801237344741821e-01 6.499999761581420898e-02
5.538980364799499512e-01 -2.142887264490127563e-01 6.499999761581420898e-02
5.532449483871459961e-01 -2.136973291635513306e-01 6.499999761581420898e-02
5.525919198989868164e-01 -2.131059318780899048e-01 6.499999761581420898e-02
5.519388318061828613e-01 -2.125145494937896729e-01 6.499999761581420898e-02
5.512858033180236816e-01 -2.119231522083282471e-01 6.499999761581420898e-02
5.506327152252197266e-01 -2.113317549228668213e-01 6.499999761581420898e-02
5.499796867370605469e-01 -2.107403576374053955e-01 6.499999761581420898e-02
5.493265986442565918e-01 -2.101489752531051636e-01 6.499999761581420898e-02
5.486735701560974121e-01 -2.095575779676437378e-01 6.499999761581420898e-02
5.480204820632934570e-01 -2.089661806821823120e-01 6.499999761581420898e-02
5.473170876502990723e-01 -2.085254639387130737e-01 6.499999761581420898e-02
5.465163588523864746e-01 -2.083760648965835571e-01 6.499999761581420898e-02
5.457155704498291016e-01 -2.082266509532928467e-01 6.499999761581420898e-02
5.449147820472717285e-01 -2.080772519111633301e-01 6.499999761581420898e-02
5.441140532493591309e-01 -2.079278528690338135e-01 6.499999761581420898e-02
5.433132648468017578e-01 -2.077784538269042969e-01 6.499999761581420898e-02
5.425125360488891602e-01 -2.076290398836135864e-01 6.499999761581420898e-02
5.417117476463317871e-01 -2.074796408414840698e-01 6.499999761581420898e-02
5.409110188484191895e-01 -2.073302417993545532e-01 6.499999761581420898e-02
5.401102304458618164e-01 -2.071808427572250366e-01 6.499999761581420898e-02
5.393078923225402832e-01 -2.069609463214874268e-01 6.499999761581420898e-02
5.385053753852844238e-01 -2.067357003688812256e-01 6.499999761581420898e-02
5.377028584480285645e-01 -2.065104395151138306e-01 6.499999761581420898e-02
5.369004011154174805e-01 -2.062851935625076294e-01 6.499999761581420898e-02
5.360978841781616211e-01 -2.060599476099014282e-01 6.499999761581420898e-02
5.352954268455505371e-01 -2.058347016572952271e-01 6.499999761581420898e-02
5.344929099082946777e-01 -2.056094557046890259e-01 6.499999761581420898e-02
5.336903929710388184e-01 -2.053842097520828247e-01 6.499999761581420898e-02
5.328879356384277344e-01 -2.051589637994766235e-01 6.499999761581420898e-02
5.320854187011718750e-01 -2.049337178468704224e-01 6.499999761581420898e-02
5.312651395797729492e-01 -2.046862095594406128e-01 6.499999761581420898e-02
5.304408073425292969e-01 -2.044335603713989258e-01 6.499999761581420898e-02
5.296164155006408691e-01 -2.041809111833572388e-01 6.499999761581420898e-02
5.287920236587524414e-01 -2.039282768964767456e-01 6.499999761581420898e-02
5.279676318168640137e-01 -2.036756277084350586e-01 6.499999761581420898e-02
5.271432399749755859e-01 -2.034229785203933716e-01 6.499999761581420898e-02
5.263188481330871582e-01 -2.031703293323516846e-01 6.499999761581420898e-02
5.254945158958435059e-01 -2.029176801443099976e-01 6.499999761581420898e-02
5.246701240539550781e-01 -2.026650458574295044e-01 6.499999761581420898e-02
5.238457322120666504e-01 -2.024123966693878174e-01 6.499999761581420898e-02
5.230163335800170898e-01 -2.021583467721939087e-01 6.499999761581420898e-02
5.221609473228454590e-01 -2.018970102071762085e-01 6.499999761581420898e-02
5.213055014610290527e-01 -2.016356736421585083e-01 6.499999761581420898e-02
5.204500555992126465e-01 -2.013743221759796143e-01 6.499999761581420898e-02
5.195946097373962402e-01 -2.011129856109619141e-01 6.499999761581420898e-02
5.187391638755798340e-01 -2.008516341447830200e-01 6.499999761581420898e-02
5.178837180137634277e-01 -2.005902975797653198e-01 6.499999761581420898e-02
5.170282721519470215e-01 -2.003289461135864258e-01 6.499999761581420898e-02
5.161728262901306152e-01 -2.000676095485687256e-01 6.499999761581420898e-02
5.153173804283142090e-01 -1.998062580823898315e-01 6.499999761581420898e-02
5.144619345664978027e-01 -1.995449215173721313e-01 6.499999761581420898e-02
5.136064887046813965e-01 -1.992835700511932373e-01 6.499999761581420898e-02
5.127148628234863281e-01 -1.990243941545486450e-01 6.499999761581420898e-02
5.118220448493957520e-01 -1.987652927637100220e-01 6.499999761581420898e-02
5.109292268753051758e-01 -1.985061764717102051e-01 6.499999761581420898e-02
5.100363492965698242e-01 -1.982470750808715820e-01 6.499999761581420898e-02
5.091435313224792480e-01 -1.979879587888717651e-01 6.499999761581420898e-02
5.082506537437438965e-01 -1.977288573980331421e-01 6.499999761581420898e-02
5.073578357696533203e-01 -1.974697560071945190e-01 6.499999761581420898e-02
5.064650177955627441e-01 -1.972106397151947021e-01 6.499999761581420898e-02
5.055721998214721680e-01 -1.969515383243560791e-01 6.499999761581420898e-02
5.046793222427368164e-01 -1.966924220323562622e-01 6.499999761581420898e-02
5.037865042686462402e-01 -1.964333206415176392e-01 6.499999761581420898e-02
5.028976798057556152e-01 -1.962392926216125488e-01 6.499999761581420898e-02
5.020326972007751465e-01 -1.964303851127624512e-01 6.499999761581420898e-02
5.011677145957946777e-01 -1.966214627027511597e-01 6.499999761581420898e-02
5.003027319908142090e-01 -1.968125551939010620e-01 6.499999761581420898e-02
4.994377195835113525e-01 -1.970036476850509644e-01 6.499999761581420898e-02
4.985727369785308838e-01 -1.971947401762008667e-01 6.499999761581420898e-02
4.977077543735504150e-01 -1.973858326673507690e-01 6.499999761581420898e-02
4.968427419662475586e-01 -1.975769251585006714e-01 6.499999761581420898e-02
4.959777593612670898e-01 -1.977680176496505737e-01 6.499999761581420898e-02
4.951127469539642334e-01 -1.979591101408004761e-01 6.499999761581420898e-02
4.942450821399688721e-01 -1.981437951326370239e-01 6.499999761581420898e-02
4.933719933032989502e-01 -1.983157843351364136e-01 6.499999761581420898e-02
4.924989342689514160e-01 -1.984877884387969971e-01 6.499999761581420898e-02
4.916258752346038818e-01 -1.986597925424575806e-01 6.499999761581420898e-02
4.907527863979339600e-01 -1.988317817449569702e-01 6.499999761581420898e-02
4.898797571659088135e-01 -1.990037858486175537e-01 6.499999761581420898e-02
4.890066683292388916e-01 -1.991757750511169434e-01 6.499999761581420898e-02
4.881336092948913574e-01 -1.993477791547775269e-01 6.499999761581420898e-02
4.872605502605438232e-01 -1.995197832584381104e-01 6.499999761581420898e-02
4.863874912261962891e-01 -1.996917724609375000e-01 6.499999761581420898e-02
4.855171740055084229e-01 -1.998655498027801514e-01 6.499999761581420898e-02
4.846541881561279297e-01 -2.000440061092376709e-01 6.499999761581420898e-02
4.837911725044250488e-01 -2.002224475145339966e-01 6.499999761581420898e-02
4.829281866550445557e-01 -2.004009038209915161e-01 6.499999761581420898e-02
4.820651710033416748e-01 -2.005793601274490356e-01 6.499999761581420898e-02
4.812021851539611816e-01 -2.007578164339065552e-01 6.499999761581420898e-02
4.803391695022583008e-01 -2.009362727403640747e-01 6.499999761581420898e-02
4.794761836528778076e-01 -2.011147290468215942e-01 6.499999761581420898e-02
4.786131680011749268e-01 -2.012931704521179199e-01 6.499999761581420898e-02
4.777501821517944336e-01 -2.014716267585754395e-01 6.499999761581420898e-02
4.768953323364257812e-01 -2.016667127609252930e-01 6.499999761581420898e-02
4.760561287403106689e-01 -2.018938213586807251e-01 6.499999761581420898e-02
4.752169251441955566e-01 -2.021209299564361572e-01 6.499999761581420898e-02
4.743777215480804443e-01 -2.023480385541915894e-01 6.499999761581420898e-02
4.735385179519653320e-01 -2.025751471519470215e-01 6.499999761581420898e-02
4.726993441581726074e-01 -2.028022408485412598e-01 6.499999761581420898e-02
4.718601405620574951e-01 -2.030293494462966919e-01 6.499999761581420898e-02
4.710209369659423828e-01 -2.032564580440521240e-01 6.499999761581420898e-02
4.701817333698272705e-01 -2.034835666418075562e-01 6.499999761581420898e-02
4.693425595760345459e-01 -2.037106752395629883e-01 6.499999761581420898e-02
4.685417115688323975e-01 -2.034503221511840820e-01 6.499999761581420898e-02
4.677453637123107910e-01 -2.031326591968536377e-01 6.499999761581420898e-02
4.669490158557891846e-01 -2.028150111436843872e-01 6.499999761581420898e-02
4.661526679992675781e-01 -2.024973630905151367e-01 6.499999761581420898e-02
4.653563201427459717e-01 -2.021797001361846924e-01 6.499999761581420898e-02
4.645599722862243652e-01 -2.018620520830154419e-01 6.499999761581420898e-02
4.637636244297027588e-01 -2.015444040298461914e-01 6.499999761581420898e-02
4.629672765731811523e-01 -2.012267410755157471e-01 6.499999761581420898e-02
4.621709287166595459e-01 -2.009090930223464966e-01 6.499999761581420898e-02
4.613745808601379395e-01 -2.005914300680160522e-01 6.499999761581420898e-02
4.605955481529235840e-01 -2.002661228179931641e-01 6.499999761581420898e-02
4.598197042942047119e-01 -1.999393999576568604e-01 6.499999761581420898e-02
4.590438306331634521e-01 -1.996126770973205566e-01 6.499999761581420898e-02
4.582679569721221924e-01 -1.992859542369842529e-01 6.499999761581420898e-02
4.574921131134033203e-01 -1.989592313766479492e-01 6.499999761581420898e-02
4.567162394523620605e-01 -1.986325234174728394e-01 6.499999761581420898e-02
4.559403955936431885e-01 -1.983058005571365356e-01 6.499999761581420898e-02
4.551645219326019287e-01 -1.979790776968002319e-01 6.499999761581420898e-02
4.543886482715606689e-01 -1.976523548364639282e-01 6.499999761581420898e-02
4.536128044128417969e-01 -1.973256468772888184e-01 6.499999761581420898e-02
4.528549015522003174e-01 -1.969983279705047607e-01 6.499999761581420898e-02
4.520970284938812256e-01 -1.966710090637207031e-01 6.499999761581420898e-02
4.513391554355621338e-01 -1.963437050580978394e-01 6.499999761581420898e-02
4.505812823772430420e-01 -1.960163861513137817e-01 6.499999761581420898e-02
4.498234093189239502e-01 -1.956890672445297241e-01 6.499999761581420898e-02
4.490655660629272461e-01 -1.953617632389068604e-01 6.499999761581420898e-02
4.483076930046081543e-01 -1.950344443321228027e-01 6.499999761581420898e-02
4.475498199462890625e-01 -1.947071254253387451e-01 6.499999761581420898e-02
4.467919468879699707e-01 -1.943798065185546875e-01 6.499999761581420898e-02
4.460390806198120117e-01 -1.940566450357437134e-01 6.499999761581420898e-02
4.452939927577972412e-01 -1.937399804592132568e-01 6.499999761581420898e-02
4.445489048957824707e-01 -1.934233009815216064e-01 6.499999761581420898e-02
4.438038170337677002e-01 -1.931066066026687622e-01 6.499999761581420898e-02
4.430587291717529297e-01 -1.927899271249771118e-01 6.499999761581420898e-02
4.423136413097381592e-01 -1.924732476472854614e-01 6.499999761581420898e-02
4.415685534477233887e-01 -1.921565681695938110e-01 6.499999761581420898e-02
4.408234655857086182e-01 -1.918398886919021606e-01 6.499999761581420898e-02
4.400783777236938477e-01 -1.915232092142105103e-01 6.499999761581420898e-02
4.393571317195892334e-01 -1.911780536174774170e-01 6.499999761581420898e-02
4.390628635883331299e-01 -1.903235465288162231e-01 6.499999761581420898e-02
4.387685954570770264e-01 -1.894690394401550293e-01 6.499999761581420898e-02
4.384742975234985352e-01 -1.886145174503326416e-01 6.499999761581420898e-02
4.381800293922424316e-01 -1.877600103616714478e-01 6.499999761581420898e-02
4.378857314586639404e-01 -1.869054883718490601e-01 6.499999761581420898e-02
4.375914633274078369e-01 -1.860509663820266724e-01 6.499999761581420898e-02
4.372971951961517334e-01 -1.851964741945266724e-01 6.499999761581420898e-02
4.370028972625732422e-01 -1.843419522047042847e-01 6.499999761581420898e-02
4.367086291313171387e-01 -1.834874451160430908e-01 6.499999761581420898e-02
4.364143311977386475e-01 -1.826329231262207031e-01 6.499999761581420898e-02
4.361200630664825439e-01 -1.817784011363983154e-01 6.499999761581420898e-02
4.358257949352264404e-01 -1.809239089488983154e-01 6.499999761581420898e-02
4.355750679969787598e-01 -1.800568252801895142e-01 6.499999761581420898e-02
4.353549480438232422e-01 -1.791809350252151489e-01 6.499999761581420898e-02
4.351348280906677246e-01 -1.783050596714019775e-01 6.499999761581420898e-02
4.349147081375122070e-01 -1.774291694164276123e-01 6.499999761581420898e-02
4.346945881843566895e-01 -1.765532940626144409e-01 6.499999761581420898e-02
4.344744682312011719e-01 -1.756774038076400757e-01 6.499999761581420898e-02
4.342543482780456543e-01 -1.748015135526657104e-01 6.499999761581420898e-02
4.340342283248901367e-01 -1.739256232976913452e-01 6.499999761581420898e-02
4.338141083717346191e-01 -1.730497330427169800e-01 6.499999761581420898e-02
4.335939884185791016e-01 -1.721738576889038086e-01 6.499999761581420898e-02
4.333738684654235840e-01 -1.712979823350906372e-01 6.499999761581420898e-02
4.331537485122680664e-01 -1.704220920801162720e-01 6.499999761581420898e-02
4.329358041286468506e-01 -1.695460379123687744e-01 6.499999761581420898e-02
4.327926635742187500e-01 -1.686644107103347778e-01 6.499999761581420898e-02
4.326495230197906494e-01 -1.677827835083007812e-01 6.499999761581420898e-02
4.325063824653625488e-01 -1.669011563062667847e-01 6.499999761581420898e-02
4.323632419109344482e-01 -1.660195291042327881e-01 6.499999761581420898e-02
4.322201311588287354e-01 -1.651379019021987915e-01 6.499999761581420898e-02
4.320769906044006348e-01 -1.642562597990036011e-01 6.499999761581420898e-02
4.319338500499725342e-01 -1.633746474981307983e-01 6.499999761581420898e-02
4.317907094955444336e-01 -1.624930202960968018e-01 6.499999761581420898e-02
4.316475689411163330e-01 -1.616113930940628052e-01 6.499999761581420898e-02
4.315044283866882324e-01 -1.607297509908676147e-01 6.499999761581420898e-02
4.313612878322601318e-01 -1.598481237888336182e-01 6.499999761581420898e-02
4.312181770801544189e-01 -1.589665114879608154e-01 6.499999761581420898e-02
4.311132133007049561e-01 -1.580898612737655640e-01 6.499999761581420898e-02
4.310437738895416260e-01 -1.572178304195404053e-01 6.499999761581420898e-02
4.309743344783782959e-01 -1.563457995653152466e-01 6.499999761581420898e-02
4.309048950672149658e-01 -1.554737687110900879e-01 6.499999761581420898e-02
4.308354556560516357e-01 -1.546017676591873169e-01 6.499999761581420898e-02
4.307660162448883057e-01 -1.537297368049621582e-01 6.499999761581420898e-02
4.306965470314025879e-01 -1.528577059507369995e-01 6.499999761581420898e-02
4.306271076202392578e-01 -1.519856899976730347e-01 6.499999761581420898e-02
4.305576682090759277e-01 -1.511136591434478760e-01 6.499999761581420898e-02
4.304882287979125977e-01 -1.502416431903839111e-01 6.499999761581420898e-02
4.304187893867492676e-01 -1.493696272373199463e-01 6.499999761581420898e-02
4.303493499755859375e-01 -1.484975963830947876e-01 6.499999761581420898e-02
4.302908182144165039e-01 -1.476293951272964478e-01 6.499999761581420898e-02
4.302852749824523926e-01 -1.467798352241516113e-01 6.499999761581420898e-02
4.302797019481658936e-01 -1.459302753210067749e-01 6.499999761581420898e-02
4.302741289138793945e-01 -1.450807154178619385e-01 6.499999761581420898e-02
4.302685856819152832e-01 -1.442311406135559082e-01 6.499999761581420898e-02
4.302630126476287842e-01 -1.433815807104110718e-01 6.499999761581420898e-02
4.302574694156646729e-01 -1.425320059061050415e-01 6.499999761581420898e-02
4.302518963813781738e-01 -1.416824460029602051e-01 6.499999761581420898e-02
4.302463531494140625e-01 -1.408328860998153687e-01 6.499999761581420898e-02
4.302407801151275635e-01 -1.399833112955093384e-01 6.499999761581420898e-02
4.302352368831634521e-01 -1.391337513923645020e-01 6.499999761581420898e-02
4.302296638488769531e-01 -1.382841765880584717e-01 6.499999761581420898e-02
4.302324652671813965e-01 -1.374344974756240845e-01 6.499999761581420898e-02
4.303415119647979736e-01 -1.365831792354583740e-01 6.499999761581420898e-02
4.304505884647369385e-01 -1.357318758964538574e-01 6.499999761581420898e-02
4.305596351623535156e-01 -1.348805576562881470e-01 6.499999761581420898e-02
4.306687116622924805e-01 -1.340292543172836304e-01 6.499999761581420898e-02
4.307777881622314453e-01 -1.331779509782791138e-01 6.499999761581420898e-02
4.308868348598480225e-01 -1.323266327381134033e-01 6.499999761581420898e-02
4.309959113597869873e-01 -1.314753293991088867e-01 6.499999761581420898e-02
4.311049580574035645e-01 -1.306240111589431763e-01 6.499999761581420898e-02
4.312140345573425293e-01 -1.297727078199386597e-01 6.499999761581420898e-02
4.313230812549591064e-01 -1.289214044809341431e-01 6.499999761581420898e-02
4.314321577548980713e-01 -1.280700862407684326e-01 6.499999761581420898e-02
4.315412044525146484e-01 -1.272187680006027222e-01 6.499999761581420898e-02
4.316690564155578613e-01 -1.263852417469024658e-01 6.499999761581420898e-02
4.318149983882904053e-01 -1.255687922239303589e-01 6.499999761581420898e-02
4.319609105587005615e-01 -1.247523128986358643e-01 6.499999761581420898e-02
4.321068227291107178e-01 -1.239358708262443542e-01 6.499999761581420898e-02
4.322527647018432617e-01 -1.231193915009498596e-01 6.499999761581420898e-02
4.323986768722534180e-01 -1.223029494285583496e-01 6.499999761581420898e-02
4.325446188449859619e-01 -1.214864999055862427e-01 6.499999761581420898e-02
4.326905310153961182e-01 -1.206700205802917480e-01 6.499999761581420898e-02
4.328364431858062744e-01 -1.198535785079002380e-01 6.499999761581420898e-02
4.329823851585388184e-01 -1.190370991826057434e-01 6.499999761581420898e-02
4.331282973289489746e-01 -1.182206571102142334e-01 6.499999761581420898e-02
4.332742094993591309e-01 -1.174042075872421265e-01 6.499999761581420898e-02
4.334143996238708496e-01 -1.165909543633460999e-01 6.499999761581420898e-02
4.335407912731170654e-01 -1.157854795455932617e-01 6.499999761581420898e-02
4.336671829223632812e-01 -1.149799674749374390e-01 6.499999761581420898e-02
4.337935745716094971e-01 -1.141744852066040039e-01 6.499999761581420898e-02
4.339199662208557129e-01 -1.133690029382705688e-01 6.499999761581420898e-02
4.340463280677795410e-01 -1.125634983181953430e-01 6.499999761581420898e-02
4.341727197170257568e-01 -1.117580160498619080e-01 6.499999761581420898e-02
4.342991113662719727e-01 -1.109525039792060852e-01 6.499999761581420898e-02
4.344255030155181885e-01 -1.101470291614532471e-01 6.499999761581420898e-02
4.345518946647644043e-01 -1.093415468931198120e-01 6.499999761581420898e-02
4.346782863140106201e-01 -1.085360348224639893e-01 6.499999761581420898e-02
4.348046481609344482e-01 -1.077305525541305542e-01 6.499999761581420898e-02
4.347828626632690430e-01 -1.068995893001556396e-01 6.499999761581420898e-02
4.346196651458740234e-01 -1.060443818569183350e-01 6.499999761581420898e-02
4.344564676284790039e-01 -1.051891669631004333e-01 6.499999761581420898e-02
4.342932701110839844e-01 -1.043339222669601440e-01 6.499999761581420898e-02
4.341300725936889648e-01 -1.034787073731422424e-01 6.499999761581420898e-02
4.339668750762939453e-01 -1.026234626770019531e-01 6.499999761581420898e-02
4.338036775588989258e-01 -1.017682477831840515e-01 6.499999761581420898e-02
4.336404800415039062e-01 -1.009130328893661499e-01 6.499999761581420898e-02
4.334772825241088867e-01 -1.000577881932258606e-01 6.499999761581420898e-02
4.333141148090362549e-01 -9.920257329940795898e-02 6.499999761581420898e-02
4.331509172916412354e-01 -9.834732860326766968e-02 6.499999761581420898e-02
4.332287013530731201e-01 -9.767161309719085693e-02 6.499999761581420898e-02
4.334326684474945068e-01 -9.708986431360244751e-02 6.499999761581420898e-02
4.336366355419158936e-01 -9.650808572769165039e-02 6.499999761581420898e-02
4.338405728340148926e-01 -9.592633694410324097e-02 6.499999761581420898e-02
4.340445399284362793e-01 -9.534455835819244385e-02 6.499999761581420898e-02
4.342485070228576660e-01 -9.476280957460403442e-02 6.499999761581420898e-02
4.344524741172790527e-01 -9.418105334043502808e-02 6.499999761581420898e-02
4.346564412117004395e-01 -9.359927475452423096e-02 6.499999761581420898e-02
4.348603785037994385e-01 -9.301752597093582153e-02 6.499999761581420898e-02
4.350643455982208252e-01 -9.243574738502502441e-02 6.499999761581420898e-02
4.352683126926422119e-01 -9.185399860143661499e-02 6.499999761581420898e-02
4.354722797870635986e-01 -9.127224236726760864e-02 6.499999761581420898e-02
4.356762468814849854e-01 -9.069047123193740845e-02 6.499999761581420898e-02
4.358801841735839844e-01 -9.010871499776840210e-02 6.499999761581420898e-02
4.360841512680053711e-01 -8.952693641185760498e-02 6.499999761581420898e-02
4.362881183624267578e-01 -8.894518762826919556e-02 6.499999761581420898e-02
4.364920556545257568e-01 -8.836343139410018921e-02 6.499999761581420898e-02
4.366960227489471436e-01 -8.778166025876998901e-02 6.499999761581420898e-02
4.368999898433685303e-01 -8.719990402460098267e-02 6.499999761581420898e-02
4.371039569377899170e-01 -8.661813288927078247e-02 6.499999761581420898e-02
4.373079240322113037e-01 -8.603637665510177612e-02 6.499999761581420898e-02
4.375118613243103027e-01 -8.545462787151336670e-02 6.499999761581420898e-02
4.379197955131530762e-01 -8.429109305143356323e-02 6.499999761581420898e-02
4.379209876060485840e-01 -8.370697498321533203e-02 6.499999761581420898e-02
4.379221796989440918e-01 -8.312284946441650391e-02 6.499999761581420898e-02
4.379233717918395996e-01 -8.253873139619827271e-02 6.499999761581420898e-02
4.379256367683410645e-01 -8.195514976978302002e-02 6.499999761581420898e-02
4.379392266273498535e-01 -8.137778192758560181e-02 6.499999761581420898e-02
4.379528164863586426e-01 -8.080041408538818359e-02 6.499999761581420898e-02
4.379664063453674316e-01 -8.022304624319076538e-02 6.499999761581420898e-02
4.379799962043762207e-01 -7.964567840099334717e-02 6.499999761581420898e-02
4.379935860633850098e-01 -7.906826585531234741e-02 6.499999761581420898e-02
4.380071759223937988e-01 -7.849089801311492920e-02 6.499999761581420898e-02
4.380207657814025879e-01 -7.791352272033691406e-02 6.499999761581420898e-02
4.380343556404113770e-01 -7.733615487813949585e-02 6.499999761581420898e-02
4.380479454994201660e-01 -7.675878703594207764e-02 6.499999761581420898e-02
4.380615353584289551e-01 -7.618137449026107788e-02 6.499999761581420898e-02
4.380751252174377441e-01 -7.560400664806365967e-02 6.499999761581420898e-02
4.380887150764465332e-01 -7.502663880586624146e-02 6.499999761581420898e-02
4.381023049354553223e-01 -7.444927096366882324e-02 6.499999761581420898e-02
4.381158947944641113e-01 -7.387190312147140503e-02 6.499999761581420898e-02
4.381294846534729004e-01 -7.329449057579040527e-02 6.499999761581420898e-02
4.381430745124816895e-01 -7.271712273359298706e-02 6.499999761581420898e-02
4.381566941738128662e-01 -7.213986665010452271e-02 6.499999761581420898e-02
4.381731152534484863e-01 -7.157018035650253296e-02 6.499999761581420898e-02
4.381895065307617188e-01 -7.100048661231994629e-02 6.499999761581420898e-02
4.382059276103973389e-01 -7.043075561523437500e-02 6.499999761581420898e-02
4.382223486900329590e-01 -6.986106932163238525e-02 6.499999761581420898e-02
4.382387399673461914e-01 -6.929137557744979858e-02 6.499999761581420898e-02
4.382551610469818115e-01 -6.872168928384780884e-02 6.499999761581420898e-02
4.382715523242950439e-01 -6.815199553966522217e-02 6.499999761581420898e-02
4.382879734039306641e-01 -6.758226454257965088e-02 6.499999761581420898e-02
4.383043944835662842e-01 -6.701257824897766113e-02 6.499999761581420898e-02
4.383207857608795166e-01 -6.644288450479507446e-02 6.499999761581420898e-02
4.383372068405151367e-01 -6.587319821119308472e-02 6.499999761581420898e-02
4.383535981178283691e-01 -6.530351191759109497e-02 6.499999761581420898e-02
4.383700191974639893e-01 -6.473377346992492676e-02 6.499999761581420898e-02
4.383864402770996094e-01 -6.416408717632293701e-02 6.499999761581420898e-02
4.384028315544128418e-01 -6.359440088272094727e-02 6.499999761581420898e-02
4.384192526340484619e-01 -6.302470713853836060e-02 6.499999761581420898e-02
4.384770393371582031e-01 -6.245746836066246033e-02 6.499999761581420898e-02
4.386469423770904541e-01 -6.189681217074394226e-02 6.499999761581420898e-02
4.388168454170227051e-01 -6.133620068430900574e-02 6.499999761581420898e-02
4.389867186546325684e-01 -6.077558919787406921e-02 6.499999761581420898e-02
4.391566216945648193e-01 -6.021497771143913269e-02 6.499999761581420898e-02
4.393264949321746826e-01 -5.965436622500419617e-02 6.499999761581420898e-02
4.394963979721069336e-01 -5.909371003508567810e-02 6.499999761581420898e-02
4.396662712097167969e-01 -5.853309854865074158e-02 6.499999761581420898e-02
4.398361742496490479e-01 -5.797248706221580505e-02 6.499999761581420898e-02
4.400060474872589111e-01 -5.741187557578086853e-02 6.499999761581420898e-02
4.401759505271911621e-01 -5.685126408934593201e-02 6.499999761581420898e-02
4.403458535671234131e-01 -5.629061162471771240e-02 6.499999761581420898e-02
4.405157268047332764e-01 -5.573000013828277588e-02 6.499999761581420898e-02
4.406856298446655273e-01 -5.516938865184783936e-02 6.499999761581420898e-02
4.408555030822753906e-01 -5.460877716541290283e-02 6.499999761581420898e-02
4.410254061222076416e-01 -5.404816567897796631e-02 6.499999761581420898e-02
4.411952793598175049e-01 -5.348750948905944824e-02 6.499999761581420898e-02
4.413651823997497559e-01 -5.292689800262451172e-02 6.499999761581420898e-02
4.415501952171325684e-01 -5.237403512001037598e-02 6.499999761581420898e-02
4.417757689952850342e-01 -5.184194818139076233e-02 6.499999761581420898e-02
4.420013427734375000e-01 -5.130986124277114868e-02 6.499999761581420898e-02
4.422269463539123535e-01 -5.077773705124855042e-02 6.499999761581420898e-02
4.424525201320648193e-01 -5.024565011262893677e-02 6.499999761581420898e-02
4.426781237125396729e-01 -4.971356689929962158e-02 6.499999761581420898e-02
4.429036974906921387e-01 -4.918147996068000793e-02 6.499999761581420898e-02
4.431292712688446045e-01 -4.864939674735069275e-02 6.499999761581420898e-02
4.433548748493194580e-01 -4.811726883053779602e-02 6.499999761581420898e-02
4.435804486274719238e-01 -4.758518561720848083e-02 6.499999761581420898e-02
4.438060224056243896e-01 -4.705309867858886719e-02 6.499999761581420898e-02
4.440316259860992432e-01 -4.652101546525955200e-02 6.499999761581420898e-02
4.442571997642517090e-01 -4.598892852663993835e-02 6.499999761581420898e-02
4.444828033447265625e-01 -4.545680433511734009e-02 6.499999761581420898e-02
4.447083771228790283e-01 -4.492471739649772644e-02 6.499999761581420898e-02
4.449339509010314941e-01 -4.439263045787811279e-02 6.499999761581420898e-02
4.451595246791839600e-01 -4.386054724454879761e-02 6.499999761581420898e-02
4.453851282596588135e-01 -4.332846030592918396e-02 6.499999761581420898e-02
4.456185996532440186e-01 -4.280347004532814026e-02 6.499999761581420898e-02
4.458565115928649902e-01 -4.228252917528152466e-02 6.499999761581420898e-02
4.460944533348083496e-01 -4.176158830523490906e-02 6.499999761581420898e-02
4.463323652744293213e-01 -4.124065116047859192e-02 6.499999761581420898e-02
4.465702772140502930e-01 -4.071971029043197632e-02 6.499999761581420898e-02
4.468081891536712646e-01 -4.019872844219207764e-02 6.499999761581420898e-02
4.470461010932922363e-01 -3.967778757214546204e-02 6.499999761581420898e-02
4.472840428352355957e-01 -3.915684670209884644e-02 6.499999761581420898e-02
4.475219547748565674e-01 -3.863590955734252930e-02 6.499999761581420898e-02
4.477598667144775391e-01 -3.811496868729591370e-02 6.499999761581420898e-02
4.479977786540985107e-01 -3.759398683905601501e-02 6.499999761581420898e-02
4.482356905937194824e-01 -3.707304596900939941e-02 6.499999761581420898e-02
4.484736323356628418e-01 -3.655210509896278381e-02 6.499999761581420898e-02
4.487115442752838135e-01 -3.603116422891616821e-02 6.499999761581420898e-02
4.489494562149047852e-01 -3.551022708415985107e-02 6.499999761581420898e-02
4.491873681545257568e-01 -3.498924523591995239e-02 6.499999761581420898e-02
4.494253098964691162e-01 -3.446830436587333679e-02 6.499999761581420898e-02
4.497039318084716797e-01 -3.398820385336875916e-02 6.499999761581420898e-02
4.501914680004119873e-01 -3.371755778789520264e-02 6.499999761581420898e-02
4.506790041923522949e-01 -3.344691172242164612e-02 6.499999761581420898e-02
4.511665701866149902e-01 -3.317624330520629883e-02 6.499999761581420898e-02
4.516541063785552979e-01 -3.290559351444244385e-02 6.499999761581420898e-02
4.521416425704956055e-01 -3.263494744896888733e-02 6.499999761581420898e-02
4.526291489601135254e-01 -3.236430138349533081e-02 6.499999761581420898e-02
4.531166851520538330e-01 -3.209365159273147583e-02 6.499999761581420898e-02
4.536042511463165283e-01 -3.182298317551612854e-02 6.499999761581420898e-02
4.540917873382568359e-01 -3.155233711004257202e-02 6.499999761581420898e-02
4.545793235301971436e-01 -3.128168731927871704e-02 6.499999761581420898e-02
4.550668597221374512e-01 -3.101104125380516052e-02 6.499999761581420898e-02
4.555543661117553711e-01 -3.074039332568645477e-02 6.499999761581420898e-02
4.560419321060180664e-01 -3.046972677111625671e-02 6.499999761581420898e-02
4.565294682979583740e-01 -3.019907884299755096e-02 6.499999761581420898e-02
4.570170044898986816e-01 -2.992843091487884521e-02 6.499999761581420898e-02
4.575045406818389893e-01 -2.965778298676013947e-02 6.499999761581420898e-02
4.580097198486328125e-01 -2.939928323030471802e-02 6.499999761581420898e-02
4.585193097591400146e-01 -2.914374507963657379e-02 6.499999761581420898e-02
4.590288400650024414e-01 -2.888822555541992188e-02 6.499999761581420898e-02
4.595383405685424805e-01 -2.863270789384841919e-02 6.499999761581420898e-02
4.600478708744049072e-01 -2.837718836963176727e-02 6.499999761581420898e-02
4.605574011802673340e-01 -2.812166884541511536e-02 6.499999761581420898e-02
4.610669910907745361e-01 -2.786613069474697113e-02 6.499999761581420898e-02
4.615764915943145752e-01 -2.761061117053031921e-02 6.499999761581420898e-02
4.620860219001770020e-01 -2.735509164631366730e-02 6.499999761581420898e-02
4.625955522060394287e-01 -2.709957398474216461e-02 6.499999761581420898e-02
4.631050825119018555e-01 -2.684405446052551270e-02 6.499999761581420898e-02
4.636146426200866699e-01 -2.658851630985736847e-02 6.499999761581420898e-02
4.641241729259490967e-01 -2.633299678564071655e-02 6.499999761581420898e-02
4.646337032318115234e-01 -2.607747726142406464e-02 6.499999761581420898e-02
4.651432335376739502e-01 -2.582195959985256195e-02 6.499999761581420898e-02
4.656527638435363770e-01 -2.556644007563591003e-02 6.499999761581420898e-02
4.661623239517211914e-01 -2.531090192496776581e-02 6.499999761581420898e-02
4.666881561279296875e-01 -2.506537549197673798e-02 6.499999761581420898e-02
4.672166407108306885e-01 -2.482148073613643646e-02 6.499999761581420898e-02
4.677451252937316895e-01 -2.457758784294128418e-02 6.499999761581420898e-02
4.682736098766326904e-01 -2.433369494974613190e-02 6.499999761581420898e-02
4.688021242618560791e-01 -2.408978156745433807e-02 6.499999761581420898e-02
4.693306088447570801e-01 -2.384588867425918579e-02 6.499999761581420898e-02
4.698590934276580811e-01 -2.360199391841888428e-02 6.499999761581420898e-02
4.703875780105590820e-01 -2.335810102522373199e-02 6.499999761581420898e-02
4.709160625934600830e-01 -2.311420813202857971e-02 6.499999761581420898e-02
4.714445769786834717e-01 -2.287029474973678589e-02 6.499999761581420898e-02
4.719730615615844727e-01 -2.262640185654163361e-02 6.499999761581420898e-02
4.725015461444854736e-01 -2.238250896334648132e-02 6.499999761581420898e-02
4.730300307273864746e-01 -2.213861420750617981e-02 6.499999761581420898e-02
4.735585153102874756e-01 -2.189472131431102753e-02 6.499999761581420898e-02
4.740870594978332520e-01 -2.165080979466438293e-02 6.499999761581420898e-02
4.746155142784118652e-01 -2.140691503882408142e-02 6.499999761581420898e-02
4.751439988613128662e-01 -2.116302214562892914e-02 6.499999761581420898e-02
4.756789207458496094e-01 -2.092475257813930511e-02 6.499999761581420898e-02
4.762259423732757568e-01 -2.069712616503238678e-02 6.499999761581420898e-02
4.767730534076690674e-01 -2.046948485076427460e-02 6.499999761581420898e-02
4.773200750350952148e-01 -2.024186030030250549e-02 6.499999761581420898e-02
4.778671264648437500e-01 -2.001423388719558716e-02 6.499999761581420898e-02
4.784141778945922852e-01 -1.978660933673381805e-02 6.499999761581420898e-02
4.789612293243408203e-01 -1.955898478627204895e-02 6.499999761581420898e-02
4.795083105564117432e-01 -1.933134160935878754e-02 6.499999761581420898e-02
4.800553321838378906e-01 -1.910371705889701843e-02 6.499999761581420898e-02
4.806023836135864258e-01 -1.887609250843524933e-02 6.499999761581420898e-02
4.811494350433349609e-01 -1.864846609532833099e-02 6.499999761581420898e-02
4.816964864730834961e-01 -1.842084154486656189e-02 6.499999761581420898e-02
4.822435677051544189e-01 -1.819319836795330048e-02 6.499999761581420898e-02
4.827905893325805664e-01 -1.796557381749153137e-02 6.499999761581420898e-02
4.833376407623291016e-01 -1.773794926702976227e-02 6.499999761581420898e-02
4.838846921920776367e-01 -1.751032471656799316e-02 6.499999761581420898e-02
4.844317436218261719e-01 -1.728269830346107483e-02 6.499999761581420898e-02
4.849788248538970947e-01 -1.705505698919296265e-02 6.499999761581420898e-02
4.855314493179321289e-01 -1.683410629630088806e-02 6.499999761581420898e-02
4.860953390598297119e-01 -1.662658713757991791e-02 6.499999761581420898e-02
4.866591989994049072e-01 -1.641906984150409698e-02 6.499999761581420898e-02
4.872230887413024902e-01 -1.621155068278312683e-02 6.499999761581420898e-02
4.877870082855224609e-01 -1.600401662290096283e-02 6.499999761581420898e-02
4.883508980274200439e-01 -1.579649746417999268e-02 6.499999761581420898e-02
4.889147579669952393e-01 -1.558897923678159714e-02 6.499999761581420898e-02
4.894786477088928223e-01 -1.538146100938320160e-02 6.499999761581420898e-02
4.900425076484680176e-01 -1.517394278198480606e-02 6.499999761581420898e-02
4.906064271926879883e-01 -1.496640779078006744e-02 6.499999761581420898e-02
4.911703169345855713e-01 -1.475888956338167191e-02 6.499999761581420898e-02
4.917342066764831543e-01 -1.455137133598327637e-02 6.499999761581420898e-02
4.922980666160583496e-01 -1.434385217726230621e-02 6.499999761581420898e-02
4.928619563579559326e-01 -1.413633394986391068e-02 6.499999761581420898e-02
4.934258759021759033e-01 -1.392879988998174667e-02 6.499999761581420898e-02
4.939897358417510986e-01 -1.372128166258335114e-02 6.499999761581420898e-02
4.945536255836486816e-01 -1.351376250386238098e-02 6.499999761581420898e-02
4.951175153255462646e-01 -1.330624427646398544e-02 6.499999761581420898e-02
4.956813752651214600e-01 -1.309872604906558990e-02 6.499999761581420898e-02
4.962580800056457520e-01 -1.291206479072570801e-02 6.499999761581420898e-02
4.968359470367431641e-01 -1.272737514227628708e-02 6.499999761581420898e-02
4.974138140678405762e-01 -1.254268456250429153e-02 6.499999761581420898e-02
4.979916810989379883e-01 -1.235799491405487061e-02 6.499999761581420898e-02
4.985695481300354004e-01 -1.217330433428287506e-02 6.499999761581420898e-02
4.991474747657775879e-01 -1.198860071599483490e-02 6.499999761581420898e-02
4.997253417968750000e-01 -1.180391013622283936e-02 6.499999761581420898e-02
5.003032088279724121e-01 -1.161922048777341843e-02 6.499999761581420898e-02
5.008810758590698242e-01 -1.143453083932399750e-02 6.499999761581420898e-02
5.014589428901672363e-01 -1.124984025955200195e-02 6.499999761581420898e-02
5.020368695259094238e-01 -1.106513664126396179e-02 6.499999761581420898e-02
5.026147365570068359e-01 -1.088044606149196625e-02 6.499999761581420898e-02
5.031926035881042480e-01 -1.069575641304254532e-02 6.499999761581420898e-02
5.037704706192016602e-01 -1.051106583327054977e-02 6.499999761581420898e-02
5.043483376502990723e-01 -1.032637618482112885e-02 6.499999761581420898e-02
5.049262046813964844e-01 -1.014167256653308868e-02 6.499999761581420898e-02
5.055040717124938965e-01 -9.956981986761093140e-03 6.499999761581420898e-02
5.060819387435913086e-01 -9.772291406989097595e-03 6.499999761581420898e-02
5.066620111465454102e-01 -9.592853486537933350e-03 6.499999761581420898e-02
5.072503089904785156e-01 -9.432983584702014923e-03 6.499999761581420898e-02
5.078386068344116211e-01 -9.273101575672626495e-03 6.499999761581420898e-02
5.084269046783447266e-01 -9.113231673836708069e-03 6.499999761581420898e-02
5.090152025222778320e-01 -8.953361772000789642e-03 6.499999761581420898e-02
5.096035003662109375e-01 -8.793491870164871216e-03 6.499999761581420898e-02
5.101917386054992676e-01 -8.633622899651527405e-03 6.499999761581420898e-02
5.107800960540771484e-01 -8.473740890622138977e-03 6.499999761581420898e-02
5.113683938980102539e-01 -8.313870988786220551e-03 6.499999761581420898e-02
5.119566321372985840e-01 -8.154001086950302124e-03 6.499999761581420898e-02
5.125449299812316895e-01 -7.994131185114383698e-03 6.499999761581420898e-02
5.131332278251647949e-01 -7.834261283278465271e-03 6.499999761581420898e-02
5.137215256690979004e-01 -7.674379739910364151e-03 6.499999761581420898e-02
5.143098235130310059e-01 -7.514509372413158417e-03 6.499999761581420898e-02
5.148981213569641113e-01 -7.354639936238527298e-03 6.499999761581420898e-02
5.154864192008972168e-01 -7.194770034402608871e-03 6.499999761581420898e-02
5.160746574401855469e-01 -7.034900598227977753e-03 6.499999761581420898e-02
5.166630148887634277e-01 -6.875018589198589325e-03 6.499999761581420898e-02
5.172513127326965332e-01 -6.715148687362670898e-03 6.499999761581420898e-02
5.178413391113281250e-01 -6.561608985066413879e-03 6.499999761581420898e-02
5.184344649314880371e-01 -6.419310346245765686e-03 6.499999761581420898e-02
5.190275907516479492e-01 -6.277012173086404800e-03 6.499999761581420898e-02
5.196207761764526367e-01 -6.134703289717435837e-03 6.499999761581420898e-02
5.202139019966125488e-01 -5.992404650896787643e-03 6.499999761581420898e-02
5.208070278167724609e-01 -5.850106477737426758e-03 6.499999761581420898e-02
5.214001536369323730e-01 -5.707808304578065872e-03 6.499999761581420898e-02
5.219932794570922852e-01 -5.565510131418704987e-03 6.499999761581420898e-02
5.225864648818969727e-01 -5.423200782388448715e-03 6.499999761581420898e-02
5.231795907020568848e-01 -5.280902609229087830e-03 6.499999761581420898e-02
5.237727165222167969e-01 -5.138603970408439636e-03 6.499999761581420898e-02
5.243658423423767090e-01 -4.996305797249078751e-03 6.499999761581420898e-02
5.249589681625366211e-01 -4.854007624089717865e-03 6.499999761581420898e-02
5.255521535873413086e-01 -4.711698275059461594e-03 6.499999761581420898e-02
5.261452794075012207e-01 -4.569400101900100708e-03 6.499999761581420898e-02
5.267384052276611328e-01 -4.427101463079452515e-03 6.499999761581420898e-02
5.273315906524658203e-01 -4.284803755581378937e-03 6.499999761581420898e-02
5.279247164726257324e-01 -4.142505116760730743e-03 6.499999761581420898e-02
5.285178422927856445e-01 -4.000196233391761780e-03 6.499999761581420898e-02
5.291126966476440430e-01 -3.867038059979677200e-03 6.499999761581420898e-02
5.297092199325561523e-01 -3.743468783795833588e-03 6.499999761581420898e-02
5.303058028221130371e-01 -3.619899507611989975e-03 6.499999761581420898e-02
5.309023857116699219e-01 -3.496330231428146362e-03 6.499999761581420898e-02
5.314990282058715820e-01 -3.372751642018556595e-03 6.499999761581420898e-02
5.320955514907836914e-01 -3.249182365834712982e-03 6.499999761581420898e-02
5.326921343803405762e-01 -3.125613089650869370e-03 6.499999761581420898e-02
5.332887172698974609e-01 -3.002043813467025757e-03 6.499999761581420898e-02
5.338853001594543457e-01 -2.878474537283182144e-03 6.499999761581420898e-02
5.344818830490112305e-01 -2.754895947873592377e-03 6.499999761581420898e-02
5.350784659385681152e-01 -2.631326671689748764e-03 6.499999761581420898e-02
5.356750488281250000e-01 -2.507757395505905151e-03 6.499999761581420898e-02
5.362716317176818848e-01 -2.384188119322061539e-03 6.499999761581420898e-02
5.368682146072387695e-01 -2.260618843138217926e-03 6.499999761581420898e-02
5.374647974967956543e-01 -2.137040020897984505e-03 6.499999761581420898e-02
5.380613803863525391e-01 -2.013470511883497238e-03 6.499999761581420898e-02
5.386579632759094238e-01 -1.889901468530297279e-03 6.499999761581420898e-02
5.392545461654663086e-01 -1.766332192346453667e-03 6.499999761581420898e-02
5.398510694503784180e-01 -1.642762916162610054e-03 6.499999761581420898e-02
5.403358936309814453e-01 -1.554669579491019249e-03 6.499999761581420898e-02
5.407560467720031738e-01 -1.487076049670577049e-03 6.499999761581420898e-02
5.411762595176696777e-01 -1.419482519850134850e-03 6.499999761581420898e-02
5.415964126586914062e-01 -1.351889106445014477e-03 6.499999761581420898e-02
5.420165657997131348e-01 -1.284295576624572277e-03 6.499999761581420898e-02
5.424367785453796387e-01 -1.216696924529969692e-03 6.499999761581420898e-02
5.428569912910461426e-01 -1.149103394709527493e-03 6.499999761581420898e-02
5.432771444320678711e-01 -1.081509981304407120e-03 6.499999761581420898e-02
5.436972975730895996e-01 -1.013916451483964920e-03 6.499999761581420898e-02
5.441175103187561035e-01 -9.463229216635227203e-04 6.499999761581420898e-02
5.445376634597778320e-01 -8.787242113612592220e-04 6.499999761581420898e-02
5.449578762054443359e-01 -8.111307397484779358e-04 6.499999761581420898e-02
5.453780293464660645e-01 -7.435371517203748226e-04 6.499999761581420898e-02
5.457982420921325684e-01 -6.759437383152544498e-04 6.499999761581420898e-02
5.462183952331542969e-01 -6.083501502871513367e-04 6.499999761581420898e-02
5.466386079788208008e-01 -5.407514981925487518e-04 6.499999761581420898e-02
5.470587611198425293e-01 -4.731580847874283791e-04 6.499999761581420898e-02
5.474789738655090332e-01 -4.055645549669861794e-04 6.499999761581420898e-02
5.478991270065307617e-01 -3.379710251465439796e-04 6.499999761581420898e-02
5.483192801475524902e-01 -2.703774953261017799e-04 6.499999761581420898e-02
5.487394928932189941e-01 -2.027788432314991951e-04 6.499999761581420898e-02
5.491596460342407227e-01 -1.351854298263788223e-04 6.499999761581420898e-02
5.500000119209289551e-01 0.000000000000000000e+00 6.499999761581420898e-02
