3.293799818493425846e-05
3.280266537331044674e-05
3.617673064582049847e-05
1.410526310792192817e-04
3.493859912850894034e-05
5.763465014752000570e-05
1.317978894803673029e-04
6.698414654238149524e-05
1.811749825719743967e-04
6.408607441699132323e-05
5.821456434205174446e-04
8.955153170973062515e-04
1.252343761734664440e-03
5.413578473962843418e-04
2.008097944781184196e-03
1.842718687839806080e-03
2.875773003324866295e-03
2.378992736339569092e-03
2.091700676828622818e-03
2.071881899610161781e-03
3.394284984096884727e-03
1.838169264374300838e-04
8.867201395332813263e-04
3.235388139728456736e-04
2.062069397652521729e-04
4.878397521679289639e-05
4.807667282875627279e-04
3.241617378080263734e-05
4.945047665387392044e-03
3.553283866494894028e-03
6.802121642976999283e-03
4.147744737565517426e-03
7.095202803611755371e-03
3.250236390158534050e-03
5.883745383471250534e-03
3.787500085309147835e-03
2.740944968536496162e-03
2.947578672319650650e-03
3.894900903105735779e-03
4.153227899223566055e-03
4.905741661787033081e-03
1.013003755360841751e-02
9.650722146034240723e-03
1.604789681732654572e-02
1.475474145263433456e-02
1.324377954006195068e-02
2.177203074097633362e-02
1.914946921169757843e-02
2.673877216875553131e-02
2.704430557787418365e-02
3.193885833024978638e-02
3.319931030273437500e-02
3.901621699333190918e-02
4.433650150895118713e-02
4.609682038426399231e-02
5.111778154969215393e-02
5.339384078979492188e-02
6.135930866003036499e-02
6.088461726903915405e-02
6.917598098516464233e-02
6.857287883758544922e-02
7.571347057819366455e-02
7.595273852348327637e-02
8.153719455003738403e-02
8.766525983810424805e-02
8.706887811422348022e-02
9.196768701076507568e-02
9.529484063386917114e-02
1.014141291379928589e-01
1.072975322604179382e-01
1.099445968866348267e-01
1.172431781888008118e-01
1.170447394251823425e-01
1.264656335115432739e-01
1.272104978561401367e-01
1.298692673444747925e-01
1.358647793531417847e-01
1.348936408758163452e-01
1.387299001216888428e-01
1.427247673273086548e-01
1.463476121425628662e-01
1.500078886747360229e-01
1.537033319473266602e-01
1.564283221960067749e-01
1.583911031484603882e-01
1.612350940704345703e-01
1.621446758508682251e-01
1.639443486928939819e-01
1.646955609321594238e-01
1.658331304788589478e-01
1.659038811922073364e-01
1.667664647102355957e-01
1.674942374229431152e-01
1.677160710096359253e-01
1.678810864686965942e-01
1.675978004932403564e-01
1.674493551254272461e-01
1.667243093252182007e-01
1.660450845956802368e-01
1.644682735204696655e-01
1.633266210556030273e-01
1.621266901493072510e-01
1.607515066862106323e-01
1.596051603555679321e-01
1.585907936096191406e-01
1.580025702714920044e-01
1.577615737915039062e-01
1.563673317432403564e-01
1.568225175142288208e-01
1.555330455303192139e-01
1.555761992931365967e-01
1.556410640478134155e-01
1.556519269943237305e-01
1.562436968088150024e-01
1.557519584894180298e-01
1.568866074085235596e-01
1.574603617191314697e-01
1.583476513624191284e-01
1.586366742849349976e-01
1.590086072683334351e-01
1.598981022834777832e-01
1.599939912557601929e-01
1.603713929653167725e-01
1.583407670259475708e-01
1.566294729709625244e-01
1.552100032567977905e-01
1.536328643560409546e-01
1.493882089853286743e-01
1.471412777900695801e-01
1.438440680503845215e-01
1.414558440446853638e-01
1.372718364000320435e-01
1.343340575695037842e-01
1.316170543432235718e-01
1.290474534034729004e-01
1.257300078868865967e-01
1.210564747452735901e-01
1.189030259847640991e-01
1.152504235506057739e-01
1.132479831576347351e-01
1.083617731928825378e-01
1.051693335175514221e-01
1.000269800424575806e-01
9.869159758090972900e-02
9.456211328506469727e-02
9.242787212133407593e-02
9.113770723342895508e-02
8.720907568931579590e-02
8.557549864053726196e-02
8.158884197473526001e-02
8.032072335481643677e-02
7.600712031126022339e-02
7.593159377574920654e-02
7.441666722297668457e-02
6.804995983839035034e-02
7.073180377483367920e-02
6.685364246368408203e-02
8.344592899084091187e-02
8.113741874694824219e-02
6.702604889869689941e-02
7.212162762880325317e-02
6.280665844678878784e-02
6.527671217918395996e-02
5.736232548952102661e-02
6.129822507500648499e-02
5.976401641964912415e-02
5.198904499411582947e-02
5.377848818898200989e-02
4.759136214852333069e-02
4.501641914248466492e-02
4.340175539255142212e-02
3.919916972517967224e-02
3.858631104230880737e-02
3.329387307167053223e-02
3.387894481420516968e-02
2.902821078896522522e-02
3.018537722527980804e-02
2.598962374031543732e-02
2.696516178548336029e-02
2.614974789321422577e-02
2.409523911774158478e-02
2.084511891007423401e-02
1.083934213966131210e-02
4.959792830049991608e-03
1.957425149157643318e-03
4.244844603817909956e-04
1.589186023920774460e-03
1.294577959924936295e-03
1.677194144576787949e-03
1.038362737745046616e-03
8.157391857821494341e-05
2.524398732930421829e-04
1.128096948377788067e-03
1.395255385432392359e-04
1.526113483123481274e-03
8.989894413389265537e-04
1.624723314307630062e-03
7.418668974423781037e-05
5.028488812968134880e-04
1.961566595127806067e-04
1.543664955534040928e-03
7.398593879770487547e-05
1.139138548751361668e-04
9.733563056215643883e-04
1.298084505833685398e-03
2.665776701178401709e-04
1.290602958761155605e-03
1.468185568228363991e-03
1.305319950915873051e-03
1.234435127116739750e-03
5.910968684474937618e-05
1.167523587355390191e-04
1.378920045681297779e-03
3.121231275144964457e-04
1.168765476904809475e-03
1.297945389524102211e-03
5.888409214094281197e-04
1.332963001914322376e-03
1.390381949022412300e-03
1.093203434720635414e-03
6.300085806287825108e-04
1.143792760558426380e-03
6.424433377105742693e-05
9.717027569422498345e-05
6.953641423024237156e-04
1.642526040086522698e-04
1.336517860181629658e-03
2.225040516350418329e-04
4.066861220053397119e-05
1.413802383467555046e-03
7.617301162099465728e-05
4.973357135895639658e-05
3.483853361103683710e-04
7.577568758279085159e-04
6.815408705733716488e-04
3.932784602511674166e-05
1.550881774164736271e-03
6.557710003107786179e-05
1.290693413466215134e-03
3.991434641648083925e-05
4.749468644149601460e-04
1.130123200709931552e-04
3.467345959506928921e-04
6.973753916099667549e-04
6.071361713111400604e-04
4.054334567626938224e-05
7.228315225802361965e-04
1.328365411609411240e-03
1.196353929117321968e-03
1.044403994455933571e-03
1.354156702291220427e-04
2.382587554166093469e-04
2.876476210076361895e-04
4.657149547711014748e-04
1.091850223019719124e-03
6.164312071632593870e-05
1.327850040979683399e-03
6.438636773964390159e-05
1.478765159845352173e-03
1.304594334214925766e-03
1.061973860487341881e-03
9.686440462246537209e-04
1.267192128580063581e-04
1.223922008648514748e-03
3.029654035344719887e-03
2.503018593415617943e-03
3.193218435626477003e-04
1.953319006133824587e-04
2.949011104647070169e-05
1.418406493030488491e-03
9.899228462018072605e-05
1.474933000281453133e-03
1.430063042789697647e-03
6.560399197041988373e-05
2.393926552031189203e-04
1.766305103956256062e-05
5.616488488158211112e-05
2.852295874617993832e-04
1.071432954631745815e-03
7.740930595900863409e-05
7.344580371864140034e-04
5.658292793668806553e-04
1.181368948891758919e-03
5.318377952789887786e-05
1.149191288277506828e-03
2.312949072802439332e-04
1.148683018982410431e-03
6.549065583385527134e-04
1.121831708587706089e-03
9.372357744723558426e-04
4.002113710157573223e-04
2.450945321470499039e-03
2.330608433112502098e-03
1.447886228561401367e-03
2.128165913745760918e-03
1.515866722911596298e-03
9.315693750977516174e-05
6.798019603593274951e-05
1.099790897569619119e-04
1.416116836480796337e-03
1.241796882823109627e-03
1.437967643141746521e-03
1.420028274878859520e-03
3.025739453732967377e-03
3.393130144104361534e-03
3.258511191233992577e-03
2.761119510978460312e-03
2.993666566908359528e-04
1.083237468264997005e-03
8.144851890392601490e-04
3.842775186058133841e-04
1.603197888471186161e-03
1.178336751763708889e-04
2.054556505754590034e-03
2.144926838809624314e-04
1.085844705812633038e-03
1.618078968022018671e-04
1.039169219438917935e-04
5.320153650245629251e-05
1.091212732717394829e-03
3.547974629327654839e-04
3.394357554498128593e-05
2.210645325249060988e-04
1.715322490781545639e-03
2.537220134399831295e-04
6.949605303816497326e-04
1.260467106476426125e-04
3.737157967407256365e-04
1.891452120617032051e-03
1.484440581407397985e-04
9.290901361964643002e-04
2.353871968807652593e-04
4.727939449367113411e-05
