1.259895563125610352e-01
1.259895414113998413e-01
1.259894967079162598e-01
1.259894222021102905e-01
1.254354119300842285e-01
1.249923929572105408e-01
1.245782151818275452e-01
1.233113408088684082e-01
1.233629882335662842e-01
1.226127296686172485e-01
1.224630549550056458e-01
1.217035576701164246e-01
1.215971708297729492e-01
1.210163831710815430e-01
1.207237467169761658e-01
1.204641610383987427e-01
1.198631674051284790e-01
1.193398237228393555e-01
1.192208230495452881e-01
1.192602887749671936e-01
1.181303262710571289e-01
1.179291456937789917e-01
1.176243871450424194e-01
1.176372095942497253e-01
1.172174662351608276e-01
1.168316826224327087e-01
1.161810085177421570e-01
1.152015626430511475e-01
1.146528869867324829e-01
1.142374798655509949e-01
1.125539913773536682e-01
1.125489175319671631e-01
1.118556410074234009e-01
1.107704639434814453e-01
1.106822118163108826e-01
1.102037355303764343e-01
1.094984263181686401e-01
1.085570156574249268e-01
1.081109195947647095e-01
1.076639965176582336e-01
1.066819801926612854e-01
1.059562563896179199e-01
1.053398549556732178e-01
1.045103073120117188e-01
1.043670400977134705e-01
1.044575721025466919e-01
1.029711738228797913e-01
1.023461148142814636e-01
1.019916832447052002e-01
1.017903462052345276e-01
1.013219207525253296e-01
1.009045243263244629e-01
9.946814924478530884e-02
9.893824905157089233e-02
9.859500825405120850e-02
9.817426651716232300e-02
9.823657572269439697e-02
9.809847921133041382e-02
9.664834290742874146e-02
9.518714994192123413e-02
9.468395262956619263e-02
9.338834881782531738e-02
9.207212924957275391e-02
9.153459966182708740e-02
8.842376619577407837e-02
8.824655413627624512e-02
8.486500382423400879e-02
8.328066766262054443e-02
8.280371129512786865e-02
7.835554331541061401e-02
7.750745117664337158e-02
7.607807219028472900e-02
7.308200746774673462e-02
7.230778783559799194e-02
7.142682373523712158e-02
7.025323808193206787e-02
6.905037909746170044e-02
6.766407936811447144e-02
6.676670908927917480e-02
6.618636101484298706e-02
6.524633616209030151e-02
6.488884240388870239e-02
6.380537897348403931e-02
6.290707737207412720e-02
6.155699864029884338e-02
6.099917739629745483e-02
6.080086529254913330e-02
6.022960320115089417e-02
5.949785560369491577e-02
5.863581597805023193e-02
5.765023827552795410e-02
5.731438100337982178e-02
5.612144619226455688e-02
5.596560239791870117e-02
5.544750019907951355e-02
5.470850691199302673e-02
5.429119244217872620e-02
5.438735336065292358e-02
5.297167599201202393e-02
5.204628780484199524e-02
5.112871155142784119e-02
5.103278905153274536e-02
5.041748657822608948e-02
4.893430322408676147e-02
4.840625450015068054e-02
4.837952554225921631e-02
4.756745696067810059e-02
4.764636978507041931e-02
4.761863499879837036e-02
4.759999364614486694e-02
4.757515341043472290e-02
4.520108178257942200e-02
4.516783356666564941e-02
4.449726268649101257e-02
4.475023597478866577e-02
4.399965330958366394e-02
4.384252429008483887e-02
4.381464049220085144e-02
4.382796585559844971e-02
4.382920637726783752e-02
4.382206872105598450e-02
4.382226988673210144e-02
4.382211342453956604e-02
4.382207244634628296e-02
4.382203891873359680e-02
4.382210597395896912e-02
4.382226616144180298e-02
4.382209852337837219e-02
4.382206499576568604e-02
4.382207244634628296e-02
4.382210224866867065e-02
4.382207244634628296e-02
4.382211342453956604e-02
4.382214322686195374e-02
4.382213950157165527e-02
4.382210969924926758e-02
4.382211342453956604e-02
4.382210969924926758e-02
4.382218047976493835e-02
4.382207989692687988e-02
4.382217302918434143e-02
4.382207989692687988e-02
4.382214322686195374e-02
4.382211342453956604e-02
4.382207617163658142e-02
4.370380938053131104e-02
4.251641780138015747e-02
4.091177880764007568e-02
3.866382688283920288e-02
3.891950473189353943e-02
3.878603503108024597e-02
3.861008211970329285e-02
3.863825649023056030e-02
3.865292668342590332e-02
3.864521533250808716e-02
3.864307329058647156e-02
3.864347189664840698e-02
3.864333033561706543e-02
3.864340484142303467e-02
3.864315152168273926e-02
3.864320740103721619e-02
3.864321112632751465e-02
3.864318877458572388e-02
3.864318504929542542e-02
3.864315897226333618e-02
3.864329308271408081e-02
3.864315152168273926e-02
3.864316269755363464e-02
3.864312544465065002e-02
3.864313289523124695e-02
3.864312916994094849e-02
3.864309936761856079e-02
3.864313662052154541e-02
3.864313662052154541e-02
3.864308074116706848e-02
3.864307701587677002e-02
3.854807838797569275e-02
3.747396916151046753e-02
3.744016587734222412e-02
3.680963069200515747e-02
3.631005436182022095e-02
3.615698963403701782e-02
3.615282103419303894e-02
3.615751862525939941e-02
3.615446016192436218e-02
3.615284711122512817e-02
3.615225106477737427e-02
3.615190461277961731e-02
3.615162894129753113e-02
3.615116700530052185e-02
3.615089133381843567e-02
3.615070506930351257e-02
3.615055978298187256e-02
3.615028038620948792e-02
3.615006059408187866e-02
3.614991903305053711e-02
3.614969551563262939e-02
3.614947572350502014e-02
3.614933416247367859e-02
3.614921867847442627e-02
3.614914789795875549e-02
3.614894673228263855e-02
3.614889085292816162e-02
3.614870458841323853e-02
3.614864870905876160e-02
3.614856675267219543e-02
3.614857047796249390e-02
3.614843264222145081e-02
3.614844754338264465e-02
3.606395423412322998e-02
3.313405066728591919e-02
3.323583677411079407e-02
3.312222659587860107e-02
3.014365956187248230e-02
2.965895645320415497e-02
2.801331132650375366e-02
2.812656946480274200e-02
2.809399738907814026e-02
2.809306792914867401e-02
2.809590846300125122e-02
2.809765189886093140e-02
2.809767238795757294e-02
2.809753455221652985e-02
2.809792011976242065e-02
2.809781953692436218e-02
2.809758484363555908e-02
2.809732407331466675e-02
2.809784002602100372e-02
2.809789590537548065e-02
2.809779532253742218e-02
2.809776738286018372e-02
2.809782885015010834e-02
2.809776552021503448e-02
2.809779159724712372e-02
2.809779718518257141e-02
2.809782512485980988e-02
2.809785678982734680e-02
2.809776365756988525e-02
2.809779345989227295e-02
2.809779532253742218e-02
2.809792011976242065e-02
2.867683954536914825e-02
2.781377360224723816e-02
2.645369805395603180e-02
2.404759824275970459e-02
2.391269430518150330e-02
2.353953011333942413e-02
2.355586551129817963e-02
2.355044707655906677e-02
2.355124056339263916e-02
2.355057373642921448e-02
2.354962565004825592e-02
2.355087362229824066e-02
2.355056814849376678e-02
2.355084754526615143e-02
2.355042099952697754e-02
2.355103194713592529e-02
2.355092391371726990e-02
2.355076000094413757e-02
2.355071902275085449e-02
2.355090342462062836e-02
2.355096675455570221e-02
2.355077490210533142e-02
2.355090156197547913e-02
2.355090156197547913e-02
2.355096302926540375e-02
2.355086058378219604e-02
2.355089411139488220e-02
2.355092018842697144e-02
2.355095185339450836e-02
2.355091832578182220e-02
2.355094999074935913e-02
2.355103939771652222e-02
2.355097606778144836e-02
2.355094626545906067e-02
2.355094626545906067e-02
2.355097420513629913e-02
2.375694178044795990e-02
2.381834760308265686e-02
2.920568548142910004e-02
3.102906793355941772e-02
3.066576458513736725e-02
3.203023597598075867e-02
3.233223035931587219e-02
3.361656144261360168e-02
3.356786817312240601e-02
3.623835369944572449e-02
3.536496683955192566e-02
3.381958603858947754e-02
3.328898176550865173e-02
3.243336081504821777e-02
3.037930652499198914e-02
2.963268756866455078e-02
2.711671777069568634e-02
2.683201804757118225e-02
2.588876150548458099e-02
2.446176111698150635e-02
2.390050143003463745e-02
2.115043625235557556e-02
2.019326388835906982e-02
1.784642599523067474e-02
1.727866567671298981e-02
1.534650474786758423e-02
1.417142618447542191e-02
1.311908755451440811e-02
1.201407611370086670e-02
1.079176366329193115e-02
8.790823630988597870e-03
7.190025877207517624e-03
4.672266542911529541e-03
3.534815972670912743e-03
3.497414058074355125e-03
1.083372626453638077e-03
7.307389751076698303e-04
1.705700065940618515e-03
3.770554903894662857e-03
4.455407150089740753e-03
6.199773866683244705e-03
8.627221919596195221e-03
8.377841673791408539e-03
8.639396168291568756e-03
1.240871194750070572e-02
1.340911444276571274e-02
1.622641831636428833e-02
1.670255511999130249e-02
1.743060536682605743e-02
2.039347216486930847e-02
2.106039039790630341e-02
2.423056215047836304e-02
2.453313395380973816e-02
2.529899217188358307e-02
2.843806147575378418e-02
2.882202714681625366e-02
3.173648566007614136e-02
3.206575661897659302e-02
3.393008187413215637e-02
3.520733118057250977e-02
3.627895936369895935e-02
3.873217105865478516e-02
3.979112580418586731e-02
3.965096175670623779e-02
4.365140944719314575e-02
4.312238842248916626e-02
4.491120949387550354e-02
4.707457870244979858e-02
4.674737900495529175e-02
5.038591846823692322e-02
5.109861865639686584e-02
5.063467845320701599e-02
5.466657131910324097e-02
5.461258813738822937e-02
5.800417438149452209e-02
5.792071670293807983e-02
5.771725252270698547e-02
5.852031707763671875e-02
6.191537901759147644e-02
6.097067892551422119e-02
6.404109299182891846e-02
6.514014303684234619e-02
6.611949205398559570e-02
6.803470104932785034e-02
6.837665289640426636e-02
7.088612020015716553e-02
7.099451869726181030e-02
7.113461941480636597e-02
7.418208569288253784e-02
7.535145431756973267e-02
7.734477519989013672e-02
7.845991849899291992e-02
7.929714024066925049e-02
8.178985863924026489e-02
8.179783821105957031e-02
8.303133398294448853e-02
8.509371429681777954e-02
8.443798124790191650e-02
8.292892575263977051e-02
8.277385681867599487e-02
8.123368769884109497e-02
8.067156374454498291e-02
8.020187169313430786e-02
7.919900119304656982e-02
7.808133959770202637e-02
7.715239375829696655e-02
7.590711116790771484e-02
7.569745928049087524e-02
7.475232332944869995e-02
7.378172129392623901e-02
7.294044643640518188e-02
7.211074978113174438e-02
7.124107331037521362e-02
6.970050185918807983e-02
6.852325797080993652e-02
6.793171912431716919e-02
6.647932529449462891e-02
6.598926335573196411e-02
6.565560400485992432e-02
6.331713497638702393e-02
6.283802539110183716e-02
6.043286249041557312e-02
5.958552286028862000e-02
5.914914235472679138e-02
5.677409097552299500e-02
5.682879686355590820e-02
6.061204895377159119e-02
5.962450802326202393e-02
5.902985855937004089e-02
5.659870803356170654e-02
5.592333152890205383e-02
5.325523391366004944e-02
5.289428308606147766e-02
5.041516944766044617e-02
4.944775626063346863e-02
4.805096611380577087e-02
4.620398581027984619e-02
4.353944584727287292e-02
3.899705037474632263e-02
3.707236051559448242e-02
3.415067493915557861e-02
3.212374821305274963e-02
3.144231811165809631e-02
2.647654525935649872e-02
2.577687054872512817e-02
2.537199482321739197e-02
2.175761014223098755e-02
1.978288032114505768e-02
1.601252518594264984e-02
1.276109553873538971e-02
6.606726907193660736e-03
3.724768292158842087e-03
4.966639913618564606e-03
3.809396876022219658e-03
5.305232014507055283e-03
5.092272534966468811e-03
7.093407679349184036e-03
6.388135720044374466e-03
4.114554263651371002e-03
5.522000137716531754e-03
5.785453133285045624e-03
6.574988365173339844e-03
6.748500745743513107e-03
7.647584192454814911e-03
9.113062173128128052e-03
1.123474258929491043e-02
1.215208228677511215e-02
1.184598915278911591e-02
1.365568768233060837e-02
1.514909788966178894e-02
1.552323531359434128e-02
1.822933182120323181e-02
1.864376105368137360e-02
1.850079931318759918e-02
2.079572342336177826e-02
2.146133221685886383e-02
2.129574306309223175e-02
2.339364401996135712e-02
2.439420484006404877e-02
2.423924021422863007e-02
2.424125187098979950e-02
2.465380914509296417e-02
2.664273045957088470e-02
2.777976915240287781e-02
3.009867109358310699e-02
3.050796315073966980e-02
3.279799222946166992e-02
3.383973613381385803e-02
3.413827717304229736e-02
3.618266433477401733e-02
3.756193071603775024e-02
3.868845850229263306e-02
4.030101373791694641e-02
4.181041941046714783e-02
4.342399165034294128e-02
4.496923461556434631e-02
4.573235660791397095e-02
4.635218903422355652e-02
4.911538213491439819e-02
4.969176277518272400e-02
5.035879462957382202e-02
5.191992968320846558e-02
5.291282758116722107e-02
5.361330509185791016e-02
5.529185757040977478e-02
5.454491823911666870e-02
5.412542819976806641e-02
5.405816063284873962e-02
5.475474894046783447e-02
5.866295471787452698e-02
6.087277457118034363e-02
6.183306872844696045e-02
6.214984133839607239e-02
6.355819851160049438e-02
6.570834666490554810e-02
6.243406608700752258e-02
6.188457831740379333e-02
5.880622565746307373e-02
5.542182922363281250e-02
5.510077998042106628e-02
5.504846572875976562e-02
5.152792483568191528e-02
4.763347655534744263e-02
4.723644629120826721e-02
4.245002195239067078e-02
4.075350239872932434e-02
3.843602165579795837e-02
3.413113206624984741e-02
3.424284979701042175e-02
3.061820939183235168e-02
2.835437096655368805e-02
2.618081867694854736e-02
2.331440150737762451e-02
2.221383713185787201e-02
1.878203637897968292e-02
1.816412433981895447e-02
1.607744023203849792e-02
1.308727543801069260e-02
1.480239350348711014e-02
1.391312945634126663e-02
1.295498944818973541e-02
1.123884227126836777e-02
1.042787637561559677e-02
1.056076120585203171e-02
1.139628235250711441e-02
1.164727006107568741e-02
1.212754845619201660e-02
1.196987647563219070e-02
1.196521427482366562e-02
1.199680846184492111e-02
1.196523569524288177e-02
1.196248643100261688e-02
1.196524035185575485e-02
1.196551509201526642e-02
1.196595747023820877e-02
1.196494884788990021e-02
1.196556631475687027e-02
1.196528505533933640e-02
1.196552440524101257e-02
1.196508295834064484e-02
1.196536328643560410e-02
1.196512673050165176e-02
1.196516212075948715e-02
1.196509134024381638e-02
1.196506991982460022e-02
1.196518633514642715e-02
1.196509134024381638e-02
1.196515094488859177e-02
1.196502055972814560e-02
1.187480613589286804e-02
1.183103024959564209e-02
1.189463119953870773e-02
1.211541425436735153e-02
1.308707147836685181e-02
1.318418420851230621e-02
1.317067164927721024e-02
1.336573250591754913e-02
1.338671799749135971e-02
1.338590867817401886e-02
1.338653825223445892e-02
1.338692195713520050e-02
1.338682882487773895e-02
1.338698808103799820e-02
1.338722929358482361e-02
1.338749472051858902e-02
1.338741742074489594e-02
1.338750775903463364e-02
1.338750775903463364e-02
1.338763814419507980e-02
1.338771730661392212e-02
1.338763814419507980e-02
1.338770240545272827e-02
1.338779088109731674e-02
1.338781695812940598e-02
1.338784303516149521e-02
1.338789518922567368e-02
1.338791195303201675e-02
1.338787097483873367e-02
1.338795572519302368e-02
1.338796224445104599e-02
1.338803395628929138e-02
1.715160533785820007e-02
2.335650287568569183e-02
2.333521842956542969e-02
2.582074515521526337e-02
2.602096833288669586e-02
2.649124152958393097e-02
2.849529124796390533e-02
2.803662233054637909e-02
2.871043048799037933e-02
3.079829923808574677e-02
3.032742999494075775e-02
3.303898498415946960e-02
3.372593596577644348e-02
3.569834679365158081e-02
3.683745861053466797e-02
3.709474205970764160e-02
3.709843754768371582e-02
3.728029876947402954e-02
3.767648711800575256e-02
3.788526728749275208e-02
3.784598037600517273e-02
3.797009587287902832e-02
3.834052011370658875e-02
3.848467394709587097e-02
3.889039531350135803e-02
3.884275257587432861e-02
3.883876278996467590e-02
3.927790746092796326e-02
3.960197046399116516e-02
3.970313072204589844e-02
3.991735354065895081e-02
4.003974050283432007e-02
4.022241011261940002e-02
4.050193727016448975e-02
4.094940051436424255e-02
4.106188565492630005e-02
4.107038676738739014e-02
3.809917718172073364e-02
3.578740358352661133e-02
3.314696252346038818e-02
2.856464497745037079e-02
2.643091231584548950e-02
2.003787644207477570e-02
1.740836352109909058e-02
1.856180652976036072e-02
1.843923889100551605e-02
1.844403333961963654e-02
1.845404878258705139e-02
1.845314726233482361e-02
1.845187321305274963e-02
1.845137402415275574e-02
1.845385134220123291e-02
1.845291815698146820e-02
1.845127157866954803e-02
1.845123991370201111e-02
1.845116913318634033e-02
1.845158822834491730e-02
1.845083944499492645e-02
1.845092512667179108e-02
1.845095679163932800e-02
1.845121011137962341e-02
1.845090463757514954e-02
1.845110952854156494e-02
1.845095120370388031e-02
1.845097169280052185e-02
1.845102012157440186e-02
1.845088042318820953e-02
1.845094561576843262e-02
1.845092140138149261e-02
1.845093816518783569e-02
1.845086365938186646e-02
1.867104507982730865e-02
2.200065925717353821e-02
2.859544567763805389e-02
3.412745893001556396e-02
3.259012848138809204e-02
3.243930637836456299e-02
3.252464160323143005e-02
3.325211629271507263e-02
3.332887217402458191e-02
2.855710126459598541e-02
2.138701267540454865e-02
1.960864663124084473e-02
2.142922766506671906e-02
2.474637143313884735e-02
2.450052276253700256e-02
2.455953136086463928e-02
2.454954758286476135e-02
2.452706173062324524e-02
2.452568709850311279e-02
2.452592551708221436e-02
2.452832274138927460e-02
2.452789060771465302e-02
2.452673576772212982e-02
2.452691458165645599e-02
2.452695369720458984e-02
2.452725358307361603e-02
2.452592365443706512e-02
2.452667243778705597e-02
2.452640607953071594e-02
2.452643960714340210e-02
2.452581375837326050e-02
2.452620305120944977e-02
2.452617883682250977e-02
2.452624775469303131e-02
2.452598512172698975e-02
2.452584914863109589e-02
2.452580817043781281e-02
2.452570013701915741e-02
2.454161271452903748e-02
2.551906555891036987e-02
2.501386031508445740e-02
2.529307641088962555e-02
2.556887641549110413e-02
2.627264335751533508e-02
2.631842531263828278e-02
2.633493952453136444e-02
2.633729763329029083e-02
2.633601985871791840e-02
2.633603662252426147e-02
2.633523009717464447e-02
2.633680030703544617e-02
2.633721195161342621e-02
2.633687853813171387e-02
2.633721195161342621e-02
2.633737958967685699e-02
2.633798308670520782e-02
2.633740007877349854e-02
2.633781358599662781e-02
2.633787319064140320e-02
2.633795328438282013e-02
2.633771114051342010e-02
2.633775956928730011e-02
2.633795887231826782e-02
2.633806318044662476e-02
2.633816003799438477e-02
2.633813954889774323e-02
2.633830346167087555e-02
2.633835747838020325e-02
2.633829787373542786e-02
2.633819170296192169e-02
2.633829973638057709e-02
2.633835002779960632e-02
2.675974555313587189e-02
2.678140625357627869e-02
2.700524590909481049e-02
2.754843980073928833e-02
2.807663939893245697e-02
2.829019911587238312e-02
2.843574807047843933e-02
2.838995493948459625e-02
2.841169387102127075e-02
2.841562591493129730e-02
2.841553092002868652e-02
2.841796353459358215e-02
2.841784618794918060e-02
2.841824851930141449e-02
2.841817401349544525e-02
2.841898612678050995e-02
2.841879241168498993e-02
2.841874025762081146e-02
2.841937355697154999e-02
2.841922082006931305e-02
2.841964736580848694e-02
2.841939032077789307e-02
2.841982990503311157e-02
2.841958403587341309e-02
2.841997705399990082e-02
2.841980382800102234e-02
2.842012047767639160e-02
2.842014096677303314e-02
2.842016890645027161e-02
2.842023968696594238e-02
2.842021174728870392e-02
2.842052094638347626e-02
2.842038124799728394e-02
2.842069230973720551e-02
2.831333130598068237e-02
2.850984595715999603e-02
2.889963053166866302e-02
2.889105118811130524e-02
2.908660843968391418e-02
2.945275604724884033e-02
2.958480454981327057e-02
2.957549318671226501e-02
2.955690585076808929e-02
2.955403365194797516e-02
2.955151721835136414e-02
2.955177798867225647e-02
2.955157309770584106e-02
2.955072373151779175e-02
2.955125458538532257e-02
2.955115959048271179e-02
2.955142036080360413e-02
2.955063618719577789e-02
2.955103293061256409e-02
2.955091185867786407e-02
2.955102175474166870e-02
2.955056354403495789e-02
2.955084107816219330e-02
2.955081872642040253e-02
2.955058589577674866e-02
2.955056354403495789e-02
2.955049276351928711e-02
2.955079078674316406e-02
2.955055236816406250e-02
2.955063059926033020e-02
2.955044806003570557e-02
2.955049090087413788e-02
3.053897619247436523e-02
3.556845709681510925e-02
3.901516273617744446e-02
4.054657369852066040e-02
4.187192395329475403e-02
4.244654253125190735e-02
4.471582919359207153e-02
4.499231651425361633e-02
4.510790854692459106e-02
4.737058654427528381e-02
4.758494347333908081e-02
5.047225207090377808e-02
5.039053410291671753e-02
5.319701135158538818e-02
5.314503982663154602e-02
5.372685194015502930e-02
5.392879620194435120e-02
5.411258339881896973e-02
5.407596752047538757e-02
5.480598658323287964e-02
5.475968495011329651e-02
5.489683151245117188e-02
5.526337772607803345e-02
5.529999732971191406e-02
5.578488856554031372e-02
5.599567294120788574e-02
5.597867071628570557e-02
5.649426579475402832e-02
5.674459040164947510e-02
5.696946755051612854e-02
5.716580525040626526e-02
5.719628185033798218e-02
5.764197558164596558e-02
5.785525590181350708e-02
5.800845846533775330e-02
5.834048241376876831e-02
5.861997976899147034e-02
5.862026289105415344e-02
5.933423340320587158e-02
5.987634509801864624e-02
6.128719449043273926e-02
6.112208217382431030e-02
6.196990981698036194e-02
6.245336309075355530e-02
6.193934381008148193e-02
5.989599972963333130e-02
5.760330706834793091e-02
5.310397222638130188e-02
5.247959494590759277e-02
5.258869007229804993e-02
5.244373157620429993e-02
5.107307806611061096e-02
5.107825994491577148e-02
4.939554259181022644e-02
4.926376789808273315e-02
4.838296025991439819e-02
4.838066920638084412e-02
4.819770157337188721e-02
4.781713709235191345e-02
4.700633883476257324e-02
4.677652567625045776e-02
4.657816514372825623e-02
4.650913178920745850e-02
4.645626246929168701e-02
4.647948592901229858e-02
4.646789655089378357e-02
4.647370800375938416e-02
4.647131636738777161e-02
4.647076874971389771e-02
4.646980389952659607e-02
4.647201299667358398e-02
4.647147655487060547e-02
4.647028446197509766e-02
4.647052288055419922e-02
4.646986350417137146e-02
4.647022858262062073e-02
4.646997898817062378e-02
4.647049307823181152e-02
4.647026583552360535e-02
4.647094756364822388e-02
4.647035524249076843e-02
4.647066444158554077e-02
4.647041112184524536e-02
4.647062346339225769e-02
4.647047817707061768e-02
4.647039622068405151e-02
4.647041857242584229e-02
4.647058248519897461e-02
4.647061601281166077e-02
4.647038877010345459e-02
4.647058993577957153e-02
4.647042974829673767e-02
4.710325598716735840e-02
4.707297682762145996e-02
4.645079001784324646e-02
4.637063667178153992e-02
4.641374945640563965e-02
4.970622807741165161e-02
5.006682500243186951e-02
4.835682362318038940e-02
4.600401967763900757e-02
4.475170373916625977e-02
4.795303568243980408e-02
4.882695525884628296e-02
4.758605733513832092e-02
4.622557014226913452e-02
4.391919448971748352e-02
4.531050100922584534e-02
4.606513679027557373e-02
4.621398821473121643e-02
4.581804946064949036e-02
4.442649707198143005e-02
4.494484141469001770e-02
4.585785791277885437e-02
4.819270223379135132e-02
5.180877447128295898e-02
5.178172886371612549e-02
5.235441401600837708e-02
5.372979119420051575e-02
5.384566262364387512e-02
5.409559234976768494e-02
5.538421124219894409e-02
5.561829730868339539e-02
5.687540024518966675e-02
5.715365707874298096e-02
5.787430331110954285e-02
5.993669480085372925e-02
5.989106744527816772e-02
5.975820124149322510e-02
5.983372777700424194e-02
5.973545461893081665e-02
5.956300348043441772e-02
5.944760143756866455e-02
5.933604016900062561e-02
5.916774272918701172e-02
5.914229154586791992e-02
5.913309007883071899e-02
5.894055217504501343e-02
5.892860889434814453e-02
5.873765051364898682e-02
5.867524817585945129e-02
5.865956097841262817e-02
5.824843049049377441e-02
5.819693207740783691e-02
5.789219960570335388e-02
5.763950943946838379e-02
5.727729573845863342e-02
5.718870833516120911e-02
5.721827596426010132e-02
5.680201575160026550e-02
5.624238774180412292e-02
5.592063814401626587e-02
5.529679730534553528e-02
5.502041429281234741e-02
5.475124716758728027e-02
5.454286560416221619e-02
5.390284210443496704e-02
5.359918624162673950e-02
5.303377658128738403e-02
5.303113907575607300e-02
5.220935493707656860e-02
5.168648064136505127e-02
5.136691406369209290e-02
5.068216845393180847e-02
5.019765347242355347e-02
4.934986308217048645e-02
4.899119213223457336e-02
4.903203621506690979e-02
4.902976006269454956e-02
4.897969216108322144e-02
4.793235659599304199e-02
4.772631451487541199e-02
4.723320528864860535e-02
4.655095189809799194e-02
4.616078734397888184e-02
4.498136043548583984e-02
4.453540593385696411e-02
4.459658637642860413e-02
4.318078234791755676e-02
4.267918691039085388e-02
4.093654453754425049e-02
4.030336067080497742e-02
4.004461318254470825e-02
3.854651749134063721e-02
3.825922310352325439e-02
3.750151023268699646e-02
3.595647215843200684e-02
3.542903810739517212e-02
3.388319164514541626e-02
3.369321301579475403e-02
3.293182328343391418e-02
3.131448477506637573e-02
3.045027703046798706e-02
2.987909317016601562e-02
2.817534282803535461e-02
2.821733616292476654e-02
2.775064297020435333e-02
2.618606016039848328e-02
2.511365897953510284e-02
2.265606448054313660e-02
2.223113924264907837e-02
2.168213017284870148e-02
2.049773745238780975e-02
2.017579786479473114e-02
1.844592764973640442e-02
1.767123490571975708e-02
1.705315522849559784e-02
1.519521605223417282e-02
1.534871011972427368e-02
1.523370575159788132e-02
1.253796461969614029e-02
1.245758496224880219e-02
1.076810341328382492e-02
9.959667921066284180e-03
9.787715971469879150e-03
9.127848781645298004e-03
8.270579390227794647e-03
8.348081260919570923e-03
8.433115668594837189e-03
9.156329557299613953e-03
1.000437792390584946e-02
1.073795836418867111e-02
9.807178750634193420e-03
7.053123787045478821e-03
5.969907622784376144e-03
4.399025347083806992e-03
2.500918461009860039e-03
1.497280783951282501e-03
9.575650328770279884e-04
9.514081757515668869e-04
2.200659597292542458e-03
3.113062353804707527e-03
4.016568418592214584e-03
5.747736897319555283e-03
5.569893866777420044e-03
7.508122362196445465e-03
8.241390809416770935e-03
8.143415674567222595e-03
1.026677154004573822e-02
1.075513754040002823e-02
1.152657251805067062e-02
1.370129268616437912e-02
1.331236306577920914e-02
1.449672132730484009e-02
1.598928682506084442e-02
1.700831018388271332e-02
1.889267750084400177e-02
1.956951059401035309e-02
2.011327818036079407e-02
2.290889434516429901e-02
2.288477495312690735e-02
2.609133161604404449e-02
2.576410956680774689e-02
2.585393935441970825e-02
2.894753031432628632e-02
2.898297458887100220e-02
3.161367774009704590e-02
3.260915726423263550e-02
3.256102651357650757e-02
3.589006885886192322e-02
3.653498739004135132e-02
3.659937530755996704e-02
3.969477117061614990e-02
4.015519842505455017e-02
4.050145670771598816e-02
4.277957603335380554e-02
4.265971481800079346e-02
4.261831939220428467e-02
4.263036698102951050e-02
4.452349618077278137e-02
4.511509835720062256e-02
4.587785527110099792e-02
4.745093733072280884e-02
4.819246381521224976e-02
4.909572750329971313e-02
5.123310163617134094e-02
5.113840848207473755e-02
5.199705809354782104e-02
5.301279202103614807e-02
5.438113585114479065e-02
5.464018136262893677e-02
5.537749081850051880e-02
5.608049407601356506e-02
5.758797377347946167e-02
5.799357220530509949e-02
5.995509400963783264e-02
6.079816818237304688e-02
6.070786342024803162e-02
6.164339557290077209e-02
6.204785779118537903e-02
6.370725482702255249e-02
6.545892357826232910e-02
6.544280052185058594e-02
6.568692624568939209e-02
6.762459874153137207e-02
6.760009378194808960e-02
7.049988955259323120e-02
7.070266455411911011e-02
7.160691916942596436e-02
7.283461093902587891e-02
7.395627349615097046e-02
7.572519779205322266e-02
7.615829259157180786e-02
7.774677127599716187e-02
7.865647971630096436e-02
7.926084846258163452e-02
8.056782931089401245e-02
8.170262724161148071e-02
8.248555660247802734e-02
8.360203355550765991e-02
8.386542648077011108e-02
8.507791161537170410e-02
8.769012987613677979e-02
8.866692334413528442e-02
8.966879546642303467e-02
9.133818745613098145e-02
9.203785657882690430e-02
9.386762976646423340e-02
9.446567296981811523e-02
9.632220119237899780e-02
9.697979688644409180e-02
9.853181988000869751e-02
9.966071695089340210e-02
1.002143472433090210e-01
1.011276692152023315e-01
1.030646041035652161e-01
1.036112979054450989e-01
1.046527698636054993e-01
1.059939339756965637e-01
1.069650277495384216e-01
1.086977422237396240e-01
1.093691885471343994e-01
1.094122305512428284e-01
1.126404255628585815e-01
1.132227480411529541e-01
1.147707104682922363e-01
1.149519160389900208e-01
1.159089803695678711e-01
1.174844428896903992e-01
1.183314993977546692e-01
1.182505935430526733e-01
1.185290440917015076e-01
1.208567172288894653e-01
1.229152753949165344e-01
1.229470446705818176e-01
1.247556209564208984e-01
1.268789768218994141e-01
1.268296986818313599e-01
1.291411966085433960e-01
1.292619258165359497e-01
1.305018216371536255e-01
1.325611472129821777e-01
1.324805319309234619e-01
1.325646042823791504e-01
1.347195059061050415e-01
1.359727084636688232e-01
1.368879228830337524e-01
1.378042101860046387e-01
1.378545612096786499e-01
1.409392058849334717e-01
1.410839259624481201e-01
1.417218148708343506e-01
1.432178467512130737e-01
1.436614692211151123e-01
1.452318131923675537e-01
1.453854143619537354e-01
1.462216824293136597e-01
1.472415030002593994e-01
1.474868357181549072e-01
1.492260098457336426e-01
1.498578637838363647e-01
1.499657928943634033e-01
1.515461802482604980e-01
1.519263535737991333e-01
1.536407023668289185e-01
1.543865650892257690e-01
1.546162217855453491e-01
1.570292115211486816e-01
1.571283787488937378e-01
1.587968468666076660e-01
1.591092497110366821e-01
1.598409712314605713e-01
1.604914963245391846e-01
1.616857945919036865e-01
1.629870533943176270e-01
1.644868850708007812e-01
1.647706478834152222e-01
1.657557934522628784e-01
1.663471460342407227e-01
1.671519577503204346e-01
1.685165166854858398e-01
1.694471687078475952e-01
1.702958494424819946e-01
1.716846376657485962e-01
1.726210862398147583e-01
1.740427762269973755e-01
1.745527237653732300e-01
1.755823045969009399e-01
1.771190911531448364e-01
1.773063391447067261e-01
1.773942708969116211e-01
1.803377717733383179e-01
1.808844655752182007e-01
1.811973005533218384e-01
1.822555512189865112e-01
1.833522915840148926e-01
1.844135224819183350e-01
1.851179152727127075e-01
1.862427145242691040e-01
1.871144920587539673e-01
1.888122856616973877e-01
1.891150474548339844e-01
1.907756328582763672e-01
1.912156343460083008e-01
1.921620368957519531e-01
1.931096762418746948e-01
1.937779039144515991e-01
1.939636617898941040e-01
1.945991963148117065e-01
1.958208680152893066e-01
1.958582550287246704e-01
1.964675635099411011e-01
1.970703750848770142e-01
1.977556198835372925e-01
1.986137181520462036e-01
1.991121917963027954e-01
1.996166110038757324e-01
2.008677423000335693e-01
2.011608779430389404e-01
2.016353756189346313e-01
2.021815031766891479e-01
2.029922455549240112e-01
2.040509581565856934e-01
2.041540890932083130e-01
2.041602730751037598e-01
2.058593928813934326e-01
2.061572223901748657e-01
2.067522406578063965e-01
2.072255164384841919e-01
2.072058767080307007e-01
2.087687700986862183e-01
2.091747373342514038e-01
2.101229876279830933e-01
2.102099806070327759e-01
2.102071642875671387e-01
2.119595408439636230e-01
2.122708559036254883e-01
2.126004993915557861e-01
2.132356315851211548e-01
2.132589519023895264e-01
2.149198055267333984e-01
2.151291072368621826e-01
2.149927318096160889e-01
2.149422913789749146e-01
2.150441408157348633e-01
2.149668037891387939e-01
2.147484868764877319e-01
2.149142473936080933e-01
2.146564275026321411e-01
2.147184759378433228e-01
2.145664840936660767e-01
2.145472913980484009e-01
2.145524770021438599e-01
2.143801301717758179e-01
2.145233303308486938e-01
2.142068445682525635e-01
2.143518030643463135e-01
2.143724709749221802e-01
2.143647819757461548e-01
2.143688648939132690e-01
2.141466438770294189e-01
2.142770290374755859e-01
2.141395956277847290e-01
2.141293585300445557e-01
2.140627801418304443e-01
2.139733880758285522e-01
2.139539271593093872e-01
2.140690386295318604e-01
2.138841897249221802e-01
2.138156890869140625e-01
2.137615084648132324e-01
2.135856747627258301e-01
2.133950591087341309e-01
2.134553790092468262e-01
2.134564816951751709e-01
2.131516635417938232e-01
2.129208296537399292e-01
2.129376083612442017e-01
2.126900404691696167e-01
2.127200663089752197e-01
2.127174884080886841e-01
2.125094383955001831e-01
2.124460041522979736e-01
2.122222930192947388e-01
2.122221142053604126e-01
2.121331691741943359e-01
2.118911445140838623e-01
2.119645178318023682e-01
2.117824107408523560e-01
2.115932703018188477e-01
2.116482108831405640e-01
2.114339321851730347e-01
2.113635241985321045e-01
2.113264054059982300e-01
2.111983001232147217e-01
2.110544443130493164e-01
2.109306305646896362e-01
2.109072208404541016e-01
2.107319384813308716e-01
2.107931524515151978e-01
2.105228602886199951e-01
2.105351984500885010e-01
2.103680670261383057e-01
2.103292495012283325e-01
2.103590369224548340e-01
2.102496474981307983e-01
2.100290209054946899e-01
2.100709825754165649e-01
2.099009156227111816e-01
2.096593677997589111e-01
2.096406221389770508e-01
2.095594108104705811e-01
2.095579504966735840e-01
2.094217091798782349e-01
2.092266529798507690e-01
2.092681676149368286e-01
2.090941369533538818e-01
2.090607583522796631e-01
2.088537365198135376e-01
2.089111357927322388e-01
2.088146060705184937e-01
2.088631391525268555e-01
2.086991369724273682e-01
2.084992974996566772e-01
2.085767239332199097e-01
2.083634883165359497e-01
2.082366794347763062e-01
2.082842588424682617e-01
2.082811146974563599e-01
2.080974280834197998e-01
2.081632316112518311e-01
2.081127911806106567e-01
2.078731805086135864e-01
2.078001797199249268e-01
2.077722102403640747e-01
2.076611071825027466e-01
2.076003998517990112e-01
2.076424509286880493e-01
2.074947357177734375e-01
2.073836624622344971e-01
2.072986811399459839e-01
2.073229253292083740e-01
2.072426974773406982e-01
2.073186337947845459e-01
2.071522325277328491e-01
