3.780464529991149902e-01 -4.511298239231109619e-01 6.499999761581420898e-02
3.784424960613250732e-01 -4.510164260864257812e-01 6.499999761581420898e-02
3.788385391235351562e-01 -4.509030282497406006e-01 6.499999761581420898e-02
3.792346119880676270e-01 -4.507896304130554199e-01 6.499999761581420898e-02
3.796306550502777100e-01 -4.506762325763702393e-01 6.499999761581420898e-02
3.800266981124877930e-01 -4.505628347396850586e-01 6.499999761581420898e-02
3.804227411746978760e-01 -4.504494369029998779e-01 6.499999761581420898e-02
3.808187842369079590e-01 -4.503360390663146973e-01 6.499999761581420898e-02
3.812148571014404297e-01 -4.502226412296295166e-01 6.499999761581420898e-02
3.816109001636505127e-01 -4.501092433929443359e-01 6.499999761581420898e-02
3.820069432258605957e-01 -4.499958455562591553e-01 6.499999761581420898e-02
3.824029862880706787e-01 -4.498824477195739746e-01 6.499999761581420898e-02
3.827990293502807617e-01 -4.497690498828887939e-01 6.499999761581420898e-02
3.831951022148132324e-01 -4.496556520462036133e-01 6.499999761581420898e-02
3.835911452770233154e-01 -4.495422542095184326e-01 6.499999761581420898e-02
3.839871883392333984e-01 -4.494288563728332520e-01 6.499999761581420898e-02
3.843832314014434814e-01 -4.493154585361480713e-01 6.499999761581420898e-02
3.847792744636535645e-01 -4.492020606994628906e-01 6.499999761581420898e-02
3.851753473281860352e-01 -4.490886628627777100e-01 6.499999761581420898e-02
3.855713903903961182e-01 -4.489752650260925293e-01 6.499999761581420898e-02
3.859674334526062012e-01 -4.488618671894073486e-01 6.499999761581420898e-02
3.863634765148162842e-01 -4.487484693527221680e-01 6.499999761581420898e-02
3.867595493793487549e-01 -4.486350715160369873e-01 6.499999761581420898e-02
3.871555924415588379e-01 -4.485216736793518066e-01 6.499999761581420898e-02
3.877068161964416504e-01 -4.483494460582733154e-01 6.499999761581420898e-02
3.883098065853118896e-01 -4.481575787067413330e-01 6.499999761581420898e-02
3.889128267765045166e-01 -4.479657113552093506e-01 6.499999761581420898e-02
3.895158171653747559e-01 -4.477738738059997559e-01 6.499999761581420898e-02
3.901188075542449951e-01 -4.475820064544677734e-01 6.499999761581420898e-02
3.907217979431152344e-01 -4.473901391029357910e-01 6.499999761581420898e-02
3.913248181343078613e-01 -4.471982717514038086e-01 6.499999761581420898e-02
3.919278085231781006e-01 -4.470064342021942139e-01 6.499999761581420898e-02
3.925307989120483398e-01 -4.468145668506622314e-01 6.499999761581420898e-02
3.931338191032409668e-01 -4.466226994991302490e-01 6.499999761581420898e-02
3.937368094921112061e-01 -4.464308619499206543e-01 6.499999761581420898e-02
3.943397998809814453e-01 -4.462389945983886719e-01 6.499999761581420898e-02
3.949427902698516846e-01 -4.460471272468566895e-01 6.499999761581420898e-02
3.955458104610443115e-01 -4.458552598953247070e-01 6.499999761581420898e-02
3.961488008499145508e-01 -4.456634223461151123e-01 6.499999761581420898e-02
3.967517912387847900e-01 -4.454715549945831299e-01 6.499999761581420898e-02
3.973548114299774170e-01 -4.452796876430511475e-01 6.499999761581420898e-02
3.979578018188476562e-01 -4.450878500938415527e-01 6.499999761581420898e-02
3.985607922077178955e-01 -4.448959827423095703e-01 6.499999761581420898e-02
3.991638123989105225e-01 -4.447041153907775879e-01 6.499999761581420898e-02
3.997668027877807617e-01 -4.445122480392456055e-01 6.499999761581420898e-02
4.003024697303771973e-01 -4.442996382713317871e-01 6.499999761581420898e-02
4.008329510688781738e-01 -4.440853893756866455e-01 6.499999761581420898e-02
4.013634324073791504e-01 -4.438711702823638916e-01 6.499999761581420898e-02
4.018939137458801270e-01 -4.436569213867187500e-01 6.499999761581420898e-02
4.024243950843811035e-01 -4.434427022933959961e-01 6.499999761581420898e-02
4.029548466205596924e-01 -4.432284832000732422e-01 6.499999761581420898e-02
4.034853279590606689e-01 -4.430142343044281006e-01 6.499999761581420898e-02
4.040158092975616455e-01 -4.428000152111053467e-01 6.499999761581420898e-02
4.045462906360626221e-01 -4.425857663154602051e-01 6.499999761581420898e-02
4.050767719745635986e-01 -4.423715472221374512e-01 6.499999761581420898e-02
4.056072235107421875e-01 -4.421572983264923096e-01 6.499999761581420898e-02
4.061377048492431641e-01 -4.419430792331695557e-01 6.499999761581420898e-02
4.066681861877441406e-01 -4.417288303375244141e-01 6.499999761581420898e-02
4.071986675262451172e-01 -4.415146112442016602e-01 6.499999761581420898e-02
4.077291488647460938e-01 -4.413003921508789062e-01 6.499999761581420898e-02
4.082596004009246826e-01 -4.410861432552337646e-01 6.499999761581420898e-02
4.087900817394256592e-01 -4.408719241619110107e-01 6.499999761581420898e-02
4.093320965766906738e-01 -4.406396448612213135e-01 6.499999761581420898e-02
4.098832011222839355e-01 -4.403932094573974609e-01 6.499999761581420898e-02
4.104342758655548096e-01 -4.401467740535736084e-01 6.499999761581420898e-02
4.109853506088256836e-01 -4.399003386497497559e-01 6.499999761581420898e-02
4.115364253520965576e-01 -4.396539032459259033e-01 6.499999761581420898e-02
4.120875000953674316e-01 -4.394074976444244385e-01 6.499999761581420898e-02
4.126386046409606934e-01 -4.391610622406005859e-01 6.499999761581420898e-02
4.131896793842315674e-01 -4.389146268367767334e-01 6.499999761581420898e-02
4.137407541275024414e-01 -4.386681914329528809e-01 6.499999761581420898e-02
4.142918288707733154e-01 -4.384217560291290283e-01 6.499999761581420898e-02
4.148429036140441895e-01 -4.381753504276275635e-01 6.499999761581420898e-02
4.153940081596374512e-01 -4.379289150238037109e-01 6.499999761581420898e-02
4.159450829029083252e-01 -4.376824796199798584e-01 6.499999761581420898e-02
4.164961576461791992e-01 -4.374360442161560059e-01 6.499999761581420898e-02
4.170472323894500732e-01 -4.371896088123321533e-01 6.499999761581420898e-02
4.175983071327209473e-01 -4.369432032108306885e-01 6.499999761581420898e-02
4.181494116783142090e-01 -4.366967678070068359e-01 6.499999761581420898e-02
4.191120266914367676e-01 -4.361771345138549805e-01 6.499999761581420898e-02
4.200746417045593262e-01 -4.356575012207031250e-01 6.499999761581420898e-02
4.210372567176818848e-01 -4.351378679275512695e-01 6.499999761581420898e-02
4.219998419284820557e-01 -4.346182346343994141e-01 6.499999761581420898e-02
4.229624569416046143e-01 -4.340986013412475586e-01 6.499999761581420898e-02
4.239250719547271729e-01 -4.335789680480957031e-01 6.499999761581420898e-02
4.248876869678497314e-01 -4.330593347549438477e-01 6.499999761581420898e-02
4.260556697845458984e-01 -4.324836432933807373e-01 6.499999761581420898e-02
4.277087748050689697e-01 -4.317755699157714844e-01 6.499999761581420898e-02
4.293618798255920410e-01 -4.310674965381622314e-01 6.499999761581420898e-02
4.310149848461151123e-01 -4.303593933582305908e-01 6.499999761581420898e-02
4.326680898666381836e-01 -4.296513199806213379e-01 6.499999761581420898e-02
4.343212246894836426e-01 -4.289432168006896973e-01 6.499999761581420898e-02
4.359743297100067139e-01 -4.282351434230804443e-01 6.499999761581420898e-02
4.376274347305297852e-01 -4.275270402431488037e-01 6.499999761581420898e-02
4.393797516822814941e-01 -4.273478686809539795e-01 6.499999761581420898e-02
4.411321878433227539e-01 -4.271694421768188477e-01 6.499999761581420898e-02
4.428846538066864014e-01 -4.269910454750061035e-01 6.499999761581420898e-02
4.446370899677276611e-01 -4.268126189708709717e-01 6.499999761581420898e-02
4.463895559310913086e-01 -4.266342222690582275e-01 6.499999761581420898e-02
4.481420218944549561e-01 -4.264557957649230957e-01 6.499999761581420898e-02
4.498943388462066650e-01 -4.262786209583282471e-01 6.499999761581420898e-02
4.516444206237792969e-01 -4.261246025562286377e-01 6.499999761581420898e-02
4.533945322036743164e-01 -4.259705841541290283e-01 6.499999761581420898e-02
4.551446139812469482e-01 -4.258165359497070312e-01 6.499999761581420898e-02
4.568946957588195801e-01 -4.256625175476074219e-01 6.499999761581420898e-02
4.586447775363922119e-01 -4.255084991455078125e-01 6.499999761581420898e-02
4.603948593139648438e-01 -4.253544509410858154e-01 6.499999761581420898e-02
4.621451199054718018e-01 -4.252004325389862061e-01 6.499999761581420898e-02
4.638962745666503906e-01 -4.250463843345642090e-01 6.499999761581420898e-02
4.656474292278289795e-01 -4.248923361301422119e-01 6.499999761581420898e-02
4.673985838890075684e-01 -4.247382879257202148e-01 6.499999761581420898e-02
4.691497385501861572e-01 -4.245842397212982178e-01 6.499999761581420898e-02
4.709009230136871338e-01 -4.244301617145538330e-01 6.499999761581420898e-02
4.726520776748657227e-01 -4.242761135101318359e-01 6.499999761581420898e-02
4.743832051753997803e-01 -4.240652620792388916e-01 6.499999761581420898e-02
4.760459363460540771e-01 -4.236606359481811523e-01 6.499999761581420898e-02
4.777086973190307617e-01 -4.232560098171234131e-01 6.499999761581420898e-02
4.793714284896850586e-01 -4.228513836860656738e-01 6.499999761581420898e-02
4.810341894626617432e-01 -4.224467575550079346e-01 6.499999761581420898e-02
4.826969206333160400e-01 -4.220421314239501953e-01 6.499999761581420898e-02
4.843596816062927246e-01 -4.216375052928924561e-01 6.499999761581420898e-02
4.860108792781829834e-01 -4.212031364440917969e-01 6.499999761581420898e-02
4.876562356948852539e-01 -4.207537174224853516e-01 6.499999761581420898e-02
4.893015921115875244e-01 -4.203043282032012939e-01 6.499999761581420898e-02
4.909469485282897949e-01 -4.198549389839172363e-01 6.499999761581420898e-02
4.925923049449920654e-01 -4.194055199623107910e-01 6.499999761581420898e-02
4.942376613616943359e-01 -4.189561307430267334e-01 6.499999761581420898e-02
4.958829581737518311e-01 -4.185080230236053467e-01 6.499999761581420898e-02
4.975280463695526123e-01 -4.180673956871032715e-01 6.499999761581420898e-02
4.991731345653533936e-01 -4.176267683506011963e-01 6.499999761581420898e-02
5.008182525634765625e-01 -4.171861410140991211e-01 6.499999761581420898e-02
5.024633407592773438e-01 -4.167455136775970459e-01 6.499999761581420898e-02
5.041084289550781250e-01 -4.163048863410949707e-01 6.499999761581420898e-02
5.057535171508789062e-01 -4.158642590045928955e-01 6.499999761581420898e-02
5.074141025543212891e-01 -4.155280292034149170e-01 6.499999761581420898e-02
5.090829730033874512e-01 -4.152473211288452148e-01 6.499999761581420898e-02
5.107519030570983887e-01 -4.149666130542755127e-01 6.499999761581420898e-02
5.124207735061645508e-01 -4.146859049797058105e-01 6.499999761581420898e-02
5.140896439552307129e-01 -4.144051969051361084e-01 6.499999761581420898e-02
5.157585144042968750e-01 -4.141244888305664062e-01 6.499999761581420898e-02
5.174285769462585449e-01 -4.138521552085876465e-01 6.499999761581420898e-02
5.191021561622619629e-01 -4.136061668395996094e-01 6.499999761581420898e-02
5.207757353782653809e-01 -4.133601486682891846e-01 6.499999761581420898e-02
5.224493145942687988e-01 -4.131141602993011475e-01 6.499999761581420898e-02
5.241228938102722168e-01 -4.128681421279907227e-01 6.499999761581420898e-02
5.257964730262756348e-01 -4.126221537590026855e-01 6.499999761581420898e-02
5.274700522422790527e-01 -4.123761653900146484e-01 6.499999761581420898e-02
5.291419625282287598e-01 -4.121221601963043213e-01 6.499999761581420898e-02
5.308135747909545898e-01 -4.118666052818298340e-01 6.499999761581420898e-02
5.324851274490356445e-01 -4.116110503673553467e-01 6.499999761581420898e-02
5.341566801071166992e-01 -4.113554656505584717e-01 6.499999761581420898e-02
5.358282923698425293e-01 -4.110999107360839844e-01 6.499999761581420898e-02
5.374998450279235840e-01 -4.108443558216094971e-01 6.499999761581420898e-02
5.391888022422790527e-01 -4.105683267116546631e-01 6.499999761581420898e-02
5.409002304077148438e-01 -4.102658033370971680e-01 6.499999761581420898e-02
5.426116585731506348e-01 -4.099632799625396729e-01 6.499999761581420898e-02
5.443230867385864258e-01 -4.096607565879821777e-01 6.499999761581420898e-02
5.460345149040222168e-01 -4.093582034111022949e-01 6.499999761581420898e-02
5.477459430694580078e-01 -4.090556800365447998e-01 6.499999761581420898e-02
5.494573712348937988e-01 -4.087531566619873047e-01 6.499999761581420898e-02
5.511624217033386230e-01 -4.084210991859436035e-01 6.499999761581420898e-02
5.528643727302551270e-01 -4.080748260021209717e-01 6.499999761581420898e-02
5.545663237571716309e-01 -4.077285230159759521e-01 6.499999761581420898e-02
5.562682747840881348e-01 -4.073822498321533203e-01 6.499999761581420898e-02
5.579702258110046387e-01 -4.070359468460083008e-01 6.499999761581420898e-02
5.596721768379211426e-01 -4.066896736621856689e-01 6.499999761581420898e-02
5.613741278648376465e-01 -4.063434004783630371e-01 6.499999761581420898e-02
5.630525350570678711e-01 -4.059288203716278076e-01 6.499999761581420898e-02
5.647288560867309570e-01 -4.055084288120269775e-01 6.499999761581420898e-02
5.664052367210388184e-01 -4.050880074501037598e-01 6.499999761581420898e-02
5.680816173553466797e-01 -4.046676158905029297e-01 6.499999761581420898e-02
5.697579979896545410e-01 -4.042471945285797119e-01 6.499999761581420898e-02
5.714343786239624023e-01 -4.038267731666564941e-01 6.499999761581420898e-02
5.731009244918823242e-01 -4.034624099731445312e-01 6.499999761581420898e-02
5.747321248054504395e-01 -4.032989144325256348e-01 6.499999761581420898e-02
5.763633847236633301e-01 -4.031353890895843506e-01 6.499999761581420898e-02
5.779946446418762207e-01 -4.029718637466430664e-01 6.499999761581420898e-02
5.796258449554443359e-01 -4.028083682060241699e-01 6.499999761581420898e-02
5.812571048736572266e-01 -4.026448428630828857e-01 6.499999761581420898e-02
5.828814506530761719e-01 -4.024749398231506348e-01 6.499999761581420898e-02
5.844740867614746094e-01 -4.022753536701202393e-01 6.499999761581420898e-02
5.860667228698730469e-01 -4.020757675170898438e-01 6.499999761581420898e-02
5.876592993736267090e-01 -4.018761813640594482e-01 6.499999761581420898e-02
5.892519354820251465e-01 -4.016766250133514404e-01 6.499999761581420898e-02
5.908445119857788086e-01 -4.014770388603210449e-01 6.499999761581420898e-02
5.924240350723266602e-01 -4.012686014175415039e-01 6.499999761581420898e-02
5.939777493476867676e-01 -4.010427296161651611e-01 6.499999761581420898e-02
5.955314636230468750e-01 -4.008168280124664307e-01 6.499999761581420898e-02
5.970851182937622070e-01 -4.005909562110900879e-01 6.499999761581420898e-02
5.986388325691223145e-01 -4.003650546073913574e-01 6.499999761581420898e-02
6.001924872398376465e-01 -4.001391828060150146e-01 6.499999761581420898e-02
6.017202734947204590e-01 -3.999032676219940186e-01 6.499999761581420898e-02
6.032367944717407227e-01 -3.996629416942596436e-01 6.499999761581420898e-02
6.047532558441162109e-01 -3.994226455688476562e-01 6.499999761581420898e-02
6.062697172164916992e-01 -3.991823196411132812e-01 6.499999761581420898e-02
6.077861785888671875e-01 -3.989419937133789062e-01 6.499999761581420898e-02
6.092247366905212402e-01 -3.985100686550140381e-01 6.499999761581420898e-02
6.104367971420288086e-01 -3.975211083889007568e-01 6.499999761581420898e-02
6.116487979888916016e-01 -3.965321481227874756e-01 6.499999761581420898e-02
6.128608584403991699e-01 -3.955431878566741943e-01 6.499999761581420898e-02
6.140728592872619629e-01 -3.945542275905609131e-01 6.499999761581420898e-02
6.152848601341247559e-01 -3.935652673244476318e-01 6.499999761581420898e-02
6.163614988327026367e-01 -3.924341499805450439e-01 6.499999761581420898e-02
6.172344088554382324e-01 -3.910892009735107422e-01 6.499999761581420898e-02
6.181073784828186035e-01 -3.897442221641540527e-01 6.499999761581420898e-02
6.189802885055541992e-01 -3.883992731571197510e-01 6.499999761581420898e-02
6.198531985282897949e-01 -3.870543241500854492e-01 6.499999761581420898e-02
6.207261681556701660e-01 -3.857093453407287598e-01 6.499999761581420898e-02
6.215141415596008301e-01 -3.843371272087097168e-01 6.499999761581420898e-02
6.220227479934692383e-01 -3.828751742839813232e-01 6.499999761581420898e-02
6.225312948226928711e-01 -3.814132213592529297e-01 6.499999761581420898e-02
6.230399012565612793e-01 -3.799512684345245361e-01 6.499999761581420898e-02
6.235484480857849121e-01 -3.784893155097961426e-01 6.499999761581420898e-02
6.240570545196533203e-01 -3.770273625850677490e-01 6.499999761581420898e-02
6.243317127227783203e-01 -3.755041658878326416e-01 6.499999761581420898e-02
6.244592666625976562e-01 -3.739424943923950195e-01 6.499999761581420898e-02
6.245868802070617676e-01 -3.723807632923126221e-01 6.499999761581420898e-02
6.247144341468811035e-01 -3.708190619945526123e-01 6.499999761581420898e-02
6.248420476913452148e-01 -3.692573904991149902e-01 6.499999761581420898e-02
6.249696016311645508e-01 -3.676956892013549805e-01 6.499999761581420898e-02
6.250627636909484863e-01 -3.661001622676849365e-01 6.499999761581420898e-02
6.251549124717712402e-01 -3.645036518573760986e-01 6.499999761581420898e-02
6.252471208572387695e-01 -3.629071414470672607e-01 6.499999761581420898e-02
6.253392696380615234e-01 -3.613106608390808105e-01 6.499999761581420898e-02
6.254314780235290527e-01 -3.597141504287719727e-01 6.499999761581420898e-02
6.255171298980712891e-01 -3.581129312515258789e-01 6.499999761581420898e-02
6.255642771720886230e-01 -3.564835786819458008e-01 6.499999761581420898e-02
6.256114244461059570e-01 -3.548542559146881104e-01 6.499999761581420898e-02
6.256585717201232910e-01 -3.532249331474304199e-01 6.499999761581420898e-02
6.257057189941406250e-01 -3.515955805778503418e-01 6.499999761581420898e-02
6.257528662681579590e-01 -3.499662876129150391e-01 6.499999761581420898e-02
6.257926821708679199e-01 -3.483329117298126221e-01 6.499999761581420898e-02
6.257871985435485840e-01 -3.466745615005493164e-01 6.499999761581420898e-02
6.257816553115844727e-01 -3.450162410736083984e-01 6.499999761581420898e-02
6.257761716842651367e-01 -3.433578908443450928e-01 6.499999761581420898e-02
6.257706880569458008e-01 -3.416995406150817871e-01 6.499999761581420898e-02
6.257651448249816895e-01 -3.400412201881408691e-01 6.499999761581420898e-02
6.257596611976623535e-01 -3.383828699588775635e-01 6.499999761581420898e-02
6.258708238601684570e-01 -3.367383182048797607e-01 6.499999761581420898e-02
6.259859800338745117e-01 -3.350942432880401611e-01 6.499999761581420898e-02
6.261011958122253418e-01 -3.334501683712005615e-01 6.499999761581420898e-02
6.262163519859313965e-01 -3.318061232566833496e-01 6.499999761581420898e-02
6.263315081596374512e-01 -3.301620781421661377e-01 6.499999761581420898e-02
6.264467239379882812e-01 -3.285180032253265381e-01 6.499999761581420898e-02
6.265118122100830078e-01 -3.268679678440093994e-01 6.499999761581420898e-02
6.265710592269897461e-01 -3.252172470092773438e-01 6.499999761581420898e-02
6.266303658485412598e-01 -3.235665559768676758e-01 6.499999761581420898e-02
6.266896128654479980e-01 -3.219158649444580078e-01 6.499999761581420898e-02
6.267488598823547363e-01 -3.202651441097259521e-01 6.499999761581420898e-02
6.268081068992614746e-01 -3.186144232749938965e-01 6.499999761581420898e-02
6.268486976623535156e-01 -3.169629573822021484e-01 6.499999761581420898e-02
6.268846988677978516e-01 -3.153112828731536865e-01 6.499999761581420898e-02
6.269206404685974121e-01 -3.136596381664276123e-01 6.499999761581420898e-02
6.269566416740417480e-01 -3.120079636573791504e-01 6.499999761581420898e-02
6.269925832748413086e-01 -3.103562891483306885e-01 6.499999761581420898e-02
6.270285844802856445e-01 -3.087046146392822266e-01 6.499999761581420898e-02
6.270565390586853027e-01 -3.070529699325561523e-01 6.499999761581420898e-02
6.270812153816223145e-01 -3.054013848304748535e-01 6.499999761581420898e-02
6.271058917045593262e-01 -3.037497401237487793e-01 6.499999761581420898e-02
6.271305680274963379e-01 -3.020980954170227051e-01 6.499999761581420898e-02
6.271551847457885742e-01 -3.004464805126190186e-01 6.499999761581420898e-02
6.271798610687255859e-01 -2.987948358058929443e-01 6.499999761581420898e-02
6.272392272949218750e-01 -2.971378862857818604e-01 6.499999761581420898e-02
6.273204088211059570e-01 -2.954775393009185791e-01 6.499999761581420898e-02
6.274015903472900391e-01 -2.938171923160552979e-01 6.499999761581420898e-02
6.274827718734741211e-01 -2.921568453311920166e-01 6.499999761581420898e-02
6.275639533996582031e-01 -2.904964983463287354e-01 6.499999761581420898e-02
6.276451349258422852e-01 -2.888361811637878418e-01 6.499999761581420898e-02
6.276994943618774414e-01 -2.871817052364349365e-01 6.499999761581420898e-02
6.277176737785339355e-01 -2.855351567268371582e-01 6.499999761581420898e-02
6.277357935905456543e-01 -2.838886082172393799e-01 6.499999761581420898e-02
6.277539134025573730e-01 -2.822420597076416016e-01 6.499999761581420898e-02
6.277720332145690918e-01 -2.805955111980438232e-01 6.499999761581420898e-02
6.277902126312255859e-01 -2.789489626884460449e-01 6.499999761581420898e-02
6.278029084205627441e-01 -2.773111760616302490e-01 6.499999761581420898e-02
6.278045177459716797e-01 -2.756913602352142334e-01 6.499999761581420898e-02
6.278061270713806152e-01 -2.740715444087982178e-01 6.499999761581420898e-02
6.278077363967895508e-01 -2.724517583847045898e-01 6.499999761581420898e-02
6.278093457221984863e-01 -2.708319425582885742e-01 6.499999761581420898e-02
6.278109550476074219e-01 -2.692121267318725586e-01 6.499999761581420898e-02
6.277921199798583984e-01 -2.676028907299041748e-01 6.499999761581420898e-02
6.277427673339843750e-01 -2.660094499588012695e-01 6.499999761581420898e-02
6.276934742927551270e-01 -2.644160389900207520e-01 6.499999761581420898e-02
6.276441812515258789e-01 -2.628225982189178467e-01 6.499999761581420898e-02
6.275948882102966309e-01 -2.612291574478149414e-01 6.499999761581420898e-02
6.275455355644226074e-01 -2.596357166767120361e-01 6.499999761581420898e-02
6.272017359733581543e-01 -2.580175399780273438e-01 6.499999761581420898e-02
6.266784667968750000e-01 -2.563843131065368652e-01 6.499999761581420898e-02
6.261551380157470703e-01 -2.547510564327239990e-01 6.499999761581420898e-02
6.256318688392639160e-01 -2.531177997589111328e-01 6.499999761581420898e-02
6.251085996627807617e-01 -2.514845728874206543e-01 6.499999761581420898e-02
6.245852708816528320e-01 -2.498513162136077881e-01 6.499999761581420898e-02
6.240620017051696777e-01 -2.482180893421173096e-01 6.499999761581420898e-02
6.234747171401977539e-01 -2.466288208961486816e-01 6.499999761581420898e-02
6.228716373443603516e-01 -2.450503855943679810e-01 6.499999761581420898e-02
6.222685575485229492e-01 -2.434719502925872803e-01 6.499999761581420898e-02
6.216654777526855469e-01 -2.418935149908065796e-01 6.499999761581420898e-02
6.210624575614929199e-01 -2.403151094913482666e-01 6.499999761581420898e-02
6.204593777656555176e-01 -2.387366741895675659e-01 6.499999761581420898e-02
6.198487877845764160e-01 -2.371654361486434937e-01 6.499999761581420898e-02
6.191787719726562500e-01 -2.356512099504470825e-01 6.499999761581420898e-02
6.185086965560913086e-01 -2.341369837522506714e-01 6.499999761581420898e-02
6.178386807441711426e-01 -2.326227873563766479e-01 6.499999761581420898e-02
6.171686649322509766e-01 -2.311085462570190430e-01 6.499999761581420898e-02
6.164985895156860352e-01 -2.295943200588226318e-01 6.499999761581420898e-02
6.158285737037658691e-01 -2.280800938606262207e-01 6.499999761581420898e-02
6.148676872253417969e-01 -2.268154323101043701e-01 6.499999761581420898e-02
6.137042641639709473e-01 -2.257246077060699463e-01 6.499999761581420898e-02
6.125407814979553223e-01 -2.246337532997131348e-01 6.499999761581420898e-02
6.113773584365844727e-01 -2.235428988933563232e-01 6.499999761581420898e-02
6.102139353752136230e-01 -2.224520444869995117e-01 6.499999761581420898e-02
6.090504527091979980e-01 -2.213611900806427002e-01 6.499999761581420898e-02
6.078565716743469238e-01 -2.203019410371780396e-01 6.499999761581420898e-02
6.066325306892395020e-01 -2.192739695310592651e-01 6.499999761581420898e-02
6.054084300994873047e-01 -2.182459980249404907e-01 6.499999761581420898e-02
6.041843295097351074e-01 -2.172180265188217163e-01 6.499999761581420898e-02
6.029602885246276855e-01 -2.161900550127029419e-01 6.499999761581420898e-02
6.017361879348754883e-01 -2.151620984077453613e-01 6.499999761581420898e-02
6.004918217658996582e-01 -2.141621559858322144e-01 6.499999761581420898e-02
5.992164015769958496e-01 -2.132049649953842163e-01 6.499999761581420898e-02
5.979409813880920410e-01 -2.122477889060974121e-01 6.499999761581420898e-02
5.966655611991882324e-01 -2.112906128168106079e-01 6.499999761581420898e-02
5.953902006149291992e-01 -2.103334665298461914e-01 6.499999761581420898e-02
5.941147804260253906e-01 -2.093762904405593872e-01 6.499999761581420898e-02
5.928269624710083008e-01 -2.084424048662185669e-01 6.499999761581420898e-02
5.915111303329467773e-01 -2.075612843036651611e-01 6.499999761581420898e-02
5.901952981948852539e-01 -2.066801637411117554e-01 6.499999761581420898e-02
5.888794660568237305e-01 -2.057990729808807373e-01 6.499999761581420898e-02
5.875636339187622070e-01 -2.049179524183273315e-01 6.499999761581420898e-02
5.862478017807006836e-01 -2.040368318557739258e-01 6.499999761581420898e-02
5.848574638366699219e-01 -2.032343298196792603e-01 6.499999761581420898e-02
5.832649469375610352e-01 -2.026451975107192993e-01 6.499999761581420898e-02
5.816724896430969238e-01 -2.020560801029205322e-01 6.499999761581420898e-02
5.800799727439880371e-01 -2.014669477939605713e-01 6.499999761581420898e-02
5.784875154495239258e-01 -2.008778154850006104e-01 6.499999761581420898e-02
5.768949985504150391e-01 -2.002886980772018433e-01 6.499999761581420898e-02
5.753025412559509277e-01 -1.996995657682418823e-01 6.499999761581420898e-02
5.737015008926391602e-01 -1.991444975137710571e-01 6.499999761581420898e-02
5.720788836479187012e-01 -1.986753344535827637e-01 6.499999761581420898e-02
5.704562664031982422e-01 -1.982061862945556641e-01 6.499999761581420898e-02
5.688336491584777832e-01 -1.977370232343673706e-01 6.499999761581420898e-02
5.672110319137573242e-01 -1.972678750753402710e-01 6.499999761581420898e-02
5.655884742736816406e-01 -1.967987269163131714e-01 6.499999761581420898e-02
5.639658570289611816e-01 -1.963295787572860718e-01 6.499999761581420898e-02
5.623409748077392578e-01 -1.959011852741241455e-01 6.499999761581420898e-02
5.607116222381591797e-01 -1.955529451370239258e-01 6.499999761581420898e-02
5.590822696685791016e-01 -1.952047049999237061e-01 6.499999761581420898e-02
5.574529767036437988e-01 -1.948564797639846802e-01 6.499999761581420898e-02
5.558236241340637207e-01 -1.945082396268844604e-01 6.499999761581420898e-02
5.541942715644836426e-01 -1.941599994897842407e-01 6.499999761581420898e-02
5.525649189949035645e-01 -1.938117742538452148e-01 6.499999761581420898e-02
5.509027242660522461e-01 -1.935181170701980591e-01 6.499999761581420898e-02
5.492066144943237305e-01 -1.932808458805084229e-01 6.499999761581420898e-02
5.475105047225952148e-01 -1.930435746908187866e-01 6.499999761581420898e-02
5.458144545555114746e-01 -1.928063035011291504e-01 6.499999761581420898e-02
5.441183447837829590e-01 -1.925690323114395142e-01 6.499999761581420898e-02
5.424222350120544434e-01 -1.923317462205886841e-01 6.499999761581420898e-02
5.407261252403259277e-01 -1.920944750308990479e-01 6.499999761581420898e-02
5.390362739562988281e-01 -1.918712556362152100e-01 6.499999761581420898e-02
5.373952984809875488e-01 -1.917583048343658447e-01 6.499999761581420898e-02
5.357542634010314941e-01 -1.916453540325164795e-01 6.499999761581420898e-02
5.341132879257202148e-01 -1.915324032306671143e-01 6.499999761581420898e-02
5.324723124504089355e-01 -1.914194524288177490e-01 6.499999761581420898e-02
5.308313369750976562e-01 -1.913064867258071899e-01 6.499999761581420898e-02
5.291903018951416016e-01 -1.911935359239578247e-01 6.499999761581420898e-02
5.275497436523437500e-01 -1.910810917615890503e-01 6.499999761581420898e-02
5.259813666343688965e-01 -1.910589784383773804e-01 6.499999761581420898e-02
5.244130492210388184e-01 -1.910368800163269043e-01 6.499999761581420898e-02
5.228446722030639648e-01 -1.910147815942764282e-01 6.499999761581420898e-02
5.212763547897338867e-01 -1.909926682710647583e-01 6.499999761581420898e-02
5.197079777717590332e-01 -1.909705698490142822e-01 6.499999761581420898e-02
5.181396007537841797e-01 -1.909484565258026123e-01 6.499999761581420898e-02
5.165894627571105957e-01 -1.909866183996200562e-01 6.499999761581420898e-02
5.151170492172241211e-01 -1.912826895713806152e-01 6.499999761581420898e-02
5.136446952819824219e-01 -1.915787607431411743e-01 6.499999761581420898e-02
5.121722817420959473e-01 -1.918748319149017334e-01 6.499999761581420898e-02
5.106998682022094727e-01 -1.921709030866622925e-01 6.499999761581420898e-02
5.092275142669677734e-01 -1.924669742584228516e-01 6.499999761581420898e-02
5.077551007270812988e-01 -1.927630603313446045e-01 6.499999761581420898e-02
5.063263773918151855e-01 -1.930866241455078125e-01 6.499999761581420898e-02
5.049342513084411621e-01 -1.934333294630050659e-01 6.499999761581420898e-02
5.035421848297119141e-01 -1.937800198793411255e-01 6.499999761581420898e-02
5.021501183509826660e-01 -1.941267251968383789e-01 6.499999761581420898e-02
5.007580518722534180e-01 -1.944734156131744385e-01 6.499999761581420898e-02
4.993659257888793945e-01 -1.948201209306716919e-01 6.499999761581420898e-02
4.979819655418395996e-01 -1.951655596494674683e-01 6.499999761581420898e-02
4.966571629047393799e-01 -1.955018639564514160e-01 6.499999761581420898e-02
4.953323602676391602e-01 -1.958381682634353638e-01 6.499999761581420898e-02
4.940075278282165527e-01 -1.961744725704193115e-01 6.499999761581420898e-02
4.926826953887939453e-01 -1.965107768774032593e-01 6.499999761581420898e-02
4.913578927516937256e-01 -1.968470811843872070e-01 6.499999761581420898e-02
4.900330603122711182e-01 -1.971833854913711548e-01 6.499999761581420898e-02
4.887312650680541992e-01 -1.973890364170074463e-01 6.499999761581420898e-02
4.874303936958312988e-01 -1.975894272327423096e-01 6.499999761581420898e-02
4.861294925212860107e-01 -1.977898031473159790e-01 6.499999761581420898e-02
4.848286211490631104e-01 -1.979901939630508423e-01 6.499999761581420898e-02
4.835277199745178223e-01 -1.981905698776245117e-01 6.499999761581420898e-02
4.823514819145202637e-01 -1.985589414834976196e-01 6.499999761581420898e-02
4.816684722900390625e-01 -1.995922476053237915e-01 6.499999761581420898e-02
4.809854328632354736e-01 -2.006255686283111572e-01 6.499999761581420898e-02
4.803024530410766602e-01 -2.016588598489761353e-01 6.499999761581420898e-02
4.796194434165954590e-01 -2.026921510696411133e-01 6.499999761581420898e-02
4.789364039897918701e-01 -2.037254720926284790e-01 6.499999761581420898e-02
4.783077836036682129e-01 -2.047766149044036865e-01 6.499999761581420898e-02
4.777404069900512695e-01 -2.058478891849517822e-01 6.499999761581420898e-02
4.771730601787567139e-01 -2.069191336631774902e-01 6.499999761581420898e-02
4.766056835651397705e-01 -2.079903781414031982e-01 6.499999761581420898e-02
4.760383069515228271e-01 -2.090616524219512939e-01 6.499999761581420898e-02
4.754709303379058838e-01 -2.101328969001770020e-01 6.499999761581420898e-02
4.749853610992431641e-01 -2.112176567316055298e-01 6.499999761581420898e-02
4.745325744152069092e-01 -2.123077809810638428e-01 6.499999761581420898e-02
4.740797877311706543e-01 -2.133978903293609619e-01 6.499999761581420898e-02
4.736270010471343994e-01 -2.144880592823028564e-01 6.499999761581420898e-02
4.731742143630981445e-01 -2.155781835317611694e-01 6.499999761581420898e-02
4.727214276790618896e-01 -2.166683375835418701e-01 6.499999761581420898e-02
4.723652899265289307e-01 -2.177569270133972168e-01 6.499999761581420898e-02
4.720179736614227295e-01 -2.188453674316406250e-01 6.499999761581420898e-02
4.716706871986389160e-01 -2.199338674545288086e-01 6.499999761581420898e-02
4.713233709335327148e-01 -2.210223078727722168e-01 6.499999761581420898e-02
4.709760546684265137e-01 -2.221108078956604004e-01 6.499999761581420898e-02
4.706549048423767090e-01 -2.231998890638351440e-01 6.499999761581420898e-02
4.707567989826202393e-01 -2.242992818355560303e-01 6.499999761581420898e-02
4.708587229251861572e-01 -2.253987044095993042e-01 6.499999761581420898e-02
4.709606170654296875e-01 -2.264980971813201904e-01 6.499999761581420898e-02
4.710625112056732178e-01 -2.275975346565246582e-01 6.499999761581420898e-02
4.711644053459167480e-01 -2.286969274282455444e-01 6.499999761581420898e-02
4.712663292884826660e-01 -2.297963052988052368e-01 6.499999761581420898e-02
4.712066054344177246e-01 -2.305639535188674927e-01 6.499999761581420898e-02
4.710309803485870361e-01 -2.310935705900192261e-01 6.499999761581420898e-02
4.708553254604339600e-01 -2.316232025623321533e-01 6.499999761581420898e-02
4.706797003746032715e-01 -2.321528196334838867e-01 6.499999761581420898e-02
4.705040752887725830e-01 -2.326824218034744263e-01 6.499999761581420898e-02
4.703284204006195068e-01 -2.332120537757873535e-01 6.499999761581420898e-02
4.701307415962219238e-01 -2.337134331464767456e-01 6.499999761581420898e-02
4.697950482368469238e-01 -2.340380847454071045e-01 6.499999761581420898e-02
4.694593548774719238e-01 -2.343627363443374634e-01 6.499999761581420898e-02
4.691236615180969238e-01 -2.346873879432678223e-01 6.499999761581420898e-02
4.687879681587219238e-01 -2.350120544433593750e-01 6.499999761581420898e-02
4.684522747993469238e-01 -2.353366911411285400e-01 6.499999761581420898e-02
4.681165814399719238e-01 -2.356613576412200928e-01 6.499999761581420898e-02
4.677210748195648193e-01 -2.359123528003692627e-01 6.499999761581420898e-02
4.672656357288360596e-01 -2.360895127058029175e-01 6.499999761581420898e-02
4.668101966381072998e-01 -2.362666875123977661e-01 6.499999761581420898e-02
4.663547575473785400e-01 -2.364438474178314209e-01 6.499999761581420898e-02
4.658993184566497803e-01 -2.366210222244262695e-01 6.499999761581420898e-02
4.654438793659210205e-01 -2.367981970310211182e-01 6.499999761581420898e-02
4.649884402751922607e-01 -2.369753569364547729e-01 6.499999761581420898e-02
4.645336568355560303e-01 -2.371902167797088623e-01 6.499999761581420898e-02
4.640792608261108398e-01 -2.374257147312164307e-01 6.499999761581420898e-02
4.636248648166656494e-01 -2.376612275838851929e-01 6.499999761581420898e-02
4.631704688072204590e-01 -2.378967255353927612e-01 6.499999761581420898e-02
4.627160727977752686e-01 -2.381322234869003296e-01 6.499999761581420898e-02
4.622606039047241211e-01 -2.383591234683990479e-01 6.499999761581420898e-02
4.618034958839416504e-01 -2.385724335908889771e-01 6.499999761581420898e-02
4.613463580608367920e-01 -2.387857437133789062e-01 6.499999761581420898e-02
4.608892500400543213e-01 -2.389990389347076416e-01 6.499999761581420898e-02
4.604321420192718506e-01 -2.392123490571975708e-01 6.499999761581420898e-02
4.595178961753845215e-01 -2.396389544010162354e-01 6.499999761581420898e-02
4.592049121856689453e-01 -2.391127496957778931e-01 6.499999761581420898e-02
4.588918983936309814e-01 -2.385865449905395508e-01 6.499999761581420898e-02
4.585789144039154053e-01 -2.380603551864624023e-01 6.499999761581420898e-02
4.582659304141998291e-01 -2.375341355800628662e-01 6.499999761581420898e-02
4.579529464244842529e-01 -2.370079457759857178e-01 6.499999761581420898e-02
4.576399624347686768e-01 -2.364817559719085693e-01 6.499999761581420898e-02
4.573269486427307129e-01 -2.359555512666702271e-01 6.499999761581420898e-02
4.570139646530151367e-01 -2.354293614625930786e-01 6.499999761581420898e-02
4.567009806632995605e-01 -2.349031418561935425e-01 6.499999761581420898e-02
4.563879966735839844e-01 -2.343769520521163940e-01 6.499999761581420898e-02
4.560750126838684082e-01 -2.338507622480392456e-01 6.499999761581420898e-02
4.557635486125946045e-01 -2.333242595195770264e-01 6.499999761581420898e-02
4.554530382156372070e-01 -2.327975779771804810e-01 6.499999761581420898e-02
4.551425278186798096e-01 -2.322708815336227417e-01 6.499999761581420898e-02
4.548320472240447998e-01 -2.317442148923873901e-01 6.499999761581420898e-02
4.545215368270874023e-01 -2.312175333499908447e-01 6.499999761581420898e-02
4.542110264301300049e-01 -2.306908369064331055e-01 6.499999761581420898e-02
4.539005458354949951e-01 -2.301641702651977539e-01 6.499999761581420898e-02
4.535900354385375977e-01 -2.296374738216400146e-01 6.499999761581420898e-02
4.532795250415802002e-01 -2.291107922792434692e-01 6.499999761581420898e-02
4.529690146446228027e-01 -2.285841107368469238e-01 6.499999761581420898e-02
4.526585042476654053e-01 -2.280574291944503784e-01 6.499999761581420898e-02
4.523480236530303955e-01 -2.275307476520538330e-01 6.499999761581420898e-02
4.520375132560729980e-01 -2.270040512084960938e-01 6.499999761581420898e-02
4.517270028591156006e-01 -2.264773845672607422e-01 6.499999761581420898e-02
4.514164924621582031e-01 -2.259507030248641968e-01 6.499999761581420898e-02
4.511059820652008057e-01 -2.254240065813064575e-01 6.499999761581420898e-02
4.507955014705657959e-01 -2.248973250389099121e-01 6.499999761581420898e-02
4.504849910736083984e-01 -2.243706434965133667e-01 6.499999761581420898e-02
4.501744806766510010e-01 -2.238439619541168213e-01 6.499999761581420898e-02
4.498765170574188232e-01 -2.233122736215591431e-01 6.499999761581420898e-02
4.495855569839477539e-01 -2.227777689695358276e-01 6.499999761581420898e-02
4.492946267127990723e-01 -2.222432643175125122e-01 6.499999761581420898e-02
4.490036666393280029e-01 -2.217087447643280029e-01 6.499999761581420898e-02
4.487127363681793213e-01 -2.211742550134658813e-01 6.499999761581420898e-02
4.484218060970306396e-01 -2.206397503614425659e-01 6.499999761581420898e-02
4.481308460235595703e-01 -2.201052308082580566e-01 6.499999761581420898e-02
4.478399157524108887e-01 -2.195707410573959351e-01 6.499999761581420898e-02
4.475489556789398193e-01 -2.190362215042114258e-01 6.499999761581420898e-02
4.472580254077911377e-01 -2.185017168521881104e-01 6.499999761581420898e-02
4.469670951366424561e-01 -2.179672271013259888e-01 6.499999761581420898e-02
4.466761350631713867e-01 -2.174327075481414795e-01 6.499999761581420898e-02
4.463852047920227051e-01 -2.168982028961181641e-01 6.499999761581420898e-02
4.460942447185516357e-01 -2.163636833429336548e-01 6.499999761581420898e-02
4.458033144474029541e-01 -2.158291935920715332e-01 6.499999761581420898e-02
4.455123543739318848e-01 -2.152946889400482178e-01 6.499999761581420898e-02
4.452214241027832031e-01 -2.147601693868637085e-01 6.499999761581420898e-02
4.449304640293121338e-01 -2.142256796360015869e-01 6.499999761581420898e-02
4.446395337581634521e-01 -2.136911600828170776e-01 6.499999761581420898e-02
4.443690776824951172e-01 -2.131513059139251709e-01 6.499999761581420898e-02
4.441042542457580566e-01 -2.126099914312362671e-01 6.499999761581420898e-02
4.438394010066986084e-01 -2.120686471462249756e-01 6.499999761581420898e-02
4.435745477676391602e-01 -2.115273326635360718e-01 6.499999761581420898e-02
4.433097243309020996e-01 -2.109859883785247803e-01 6.499999761581420898e-02
4.430448710918426514e-01 -2.104446738958358765e-01 6.499999761581420898e-02
4.427800476551055908e-01 -2.099033594131469727e-01 6.499999761581420898e-02
4.425151944160461426e-01 -2.093620151281356812e-01 6.499999761581420898e-02
4.422503411769866943e-01 -2.088207006454467773e-01 6.499999761581420898e-02
4.419855177402496338e-01 -2.082793563604354858e-01 6.499999761581420898e-02
4.417206645011901855e-01 -2.077380418777465820e-01 6.499999761581420898e-02
4.414558410644531250e-01 -2.071967273950576782e-01 6.499999761581420898e-02
4.411909878253936768e-01 -2.066553831100463867e-01 6.499999761581420898e-02
4.409261345863342285e-01 -2.061140686273574829e-01 6.499999761581420898e-02
4.406613111495971680e-01 -2.055727243423461914e-01 6.499999761581420898e-02
4.403964579105377197e-01 -2.050314098596572876e-01 6.499999761581420898e-02
4.401316344738006592e-01 -2.044900953769683838e-01 6.499999761581420898e-02
4.398667812347412109e-01 -2.039487510919570923e-01 6.499999761581420898e-02
4.396421611309051514e-01 -2.033970654010772705e-01 6.499999761581420898e-02
4.395768046379089355e-01 -2.028042674064636230e-01 6.499999761581420898e-02
4.395114779472351074e-01 -2.022114992141723633e-01 6.499999761581420898e-02
4.394461214542388916e-01 -2.016187161207199097e-01 6.499999761581420898e-02
4.393807947635650635e-01 -2.010259330272674561e-01 6.499999761581420898e-02
4.393154382705688477e-01 -2.004331648349761963e-01 6.499999761581420898e-02
4.392501115798950195e-01 -1.998403668403625488e-01 6.499999761581420898e-02
4.391847550868988037e-01 -1.992475986480712891e-01 6.499999761581420898e-02
4.391194283962249756e-01 -1.986548155546188354e-01 6.499999761581420898e-02
4.390540719032287598e-01 -1.980620324611663818e-01 6.499999761581420898e-02
4.389887452125549316e-01 -1.974692493677139282e-01 6.499999761581420898e-02
4.389233887195587158e-01 -1.968764662742614746e-01 6.499999761581420898e-02
4.388580620288848877e-01 -1.962836831808090210e-01 6.499999761581420898e-02
4.387927353382110596e-01 -1.956909149885177612e-01 6.499999761581420898e-02
4.387273788452148438e-01 -1.950981318950653076e-01 6.499999761581420898e-02
4.386620521545410156e-01 -1.945053488016128540e-01 6.499999761581420898e-02
4.385966956615447998e-01 -1.939125657081604004e-01 6.499999761581420898e-02
4.385313689708709717e-01 -1.933197826147079468e-01 6.499999761581420898e-02
4.384663701057434082e-01 -1.927268952131271362e-01 6.499999761581420898e-02
4.384258389472961426e-01 -1.921258270740509033e-01 6.499999761581420898e-02
4.383853375911712646e-01 -1.915247738361358643e-01 6.499999761581420898e-02
4.383448064327239990e-01 -1.909237056970596313e-01 6.499999761581420898e-02
4.383043050765991211e-01 -1.903226524591445923e-01 6.499999761581420898e-02
4.382638037204742432e-01 -1.897216141223907471e-01 6.499999761581420898e-02
4.382232725620269775e-01 -1.891205310821533203e-01 6.499999761581420898e-02
4.381827712059020996e-01 -1.885194778442382812e-01 6.499999761581420898e-02
4.381422400474548340e-01 -1.879184097051620483e-01 6.499999761581420898e-02
4.381017386913299561e-01 -1.873173564672470093e-01 6.499999761581420898e-02
4.380612075328826904e-01 -1.867163181304931641e-01 6.499999761581420898e-02
4.380207061767578125e-01 -1.861152350902557373e-01 6.499999761581420898e-02
4.379801750183105469e-01 -1.855141967535018921e-01 6.499999761581420898e-02
4.379396736621856689e-01 -1.849131137132644653e-01 6.499999761581420898e-02
4.378991425037384033e-01 -1.843120753765106201e-01 6.499999761581420898e-02
4.378586411476135254e-01 -1.837110221385955811e-01 6.499999761581420898e-02
4.378181099891662598e-01 -1.831099539995193481e-01 6.499999761581420898e-02
4.377776086330413818e-01 -1.825089007616043091e-01 6.499999761581420898e-02
4.377370774745941162e-01 -1.819078326225280762e-01 6.499999761581420898e-02
4.377106130123138428e-01 -1.813044100999832153e-01 6.499999761581420898e-02
4.376960098743438721e-01 -1.806989759206771851e-01 6.499999761581420898e-02
4.376814365386962891e-01 -1.800935268402099609e-01 6.499999761581420898e-02
4.376668334007263184e-01 -1.794880926609039307e-01 6.499999761581420898e-02
4.376522600650787354e-01 -1.788826435804367065e-01 6.499999761581420898e-02
4.376376569271087646e-01 -1.782772094011306763e-01 6.499999761581420898e-02
4.376230835914611816e-01 -1.776717752218246460e-01 6.499999761581420898e-02
4.376084804534912109e-01 -1.770663261413574219e-01 6.499999761581420898e-02
4.375938773155212402e-01 -1.764608919620513916e-01 6.499999761581420898e-02
4.375793039798736572e-01 -1.758554428815841675e-01 6.499999761581420898e-02
4.375647008419036865e-01 -1.752500087022781372e-01 6.499999761581420898e-02
4.375501275062561035e-01 -1.746445745229721069e-01 6.499999761581420898e-02
4.375355243682861328e-01 -1.740391254425048828e-01 6.499999761581420898e-02
4.375209510326385498e-01 -1.734336912631988525e-01 6.499999761581420898e-02
4.375063478946685791e-01 -1.728282421827316284e-01 6.499999761581420898e-02
4.374917447566986084e-01 -1.722228080034255981e-01 6.499999761581420898e-02
4.374771714210510254e-01 -1.716173887252807617e-01 6.499999761581420898e-02
4.374625682830810547e-01 -1.710119247436523438e-01 6.499999761581420898e-02
4.374479949474334717e-01 -1.704064905643463135e-01 6.499999761581420898e-02
4.374513626098632812e-01 -1.698005795478820801e-01 6.499999761581420898e-02
4.374562501907348633e-01 -1.691946387290954590e-01 6.499999761581420898e-02
4.374611675739288330e-01 -1.685886979103088379e-01 6.499999761581420898e-02
4.374660551548004150e-01 -1.679827272891998291e-01 6.499999761581420898e-02
4.374709725379943848e-01 -1.673767864704132080e-01 6.499999761581420898e-02
4.374758899211883545e-01 -1.667708307504653931e-01 6.499999761581420898e-02
4.374807775020599365e-01 -1.661648899316787720e-01 6.499999761581420898e-02
4.374856948852539062e-01 -1.655589491128921509e-01 6.499999761581420898e-02
4.374905824661254883e-01 -1.649529784917831421e-01 6.499999761581420898e-02
4.374954998493194580e-01 -1.643470376729965210e-01 6.499999761581420898e-02
4.375004172325134277e-01 -1.637410819530487061e-01 6.499999761581420898e-02
4.375053048133850098e-01 -1.631351411342620850e-01 6.499999761581420898e-02
4.375102221965789795e-01 -1.625292003154754639e-01 6.499999761581420898e-02
4.375151097774505615e-01 -1.619232296943664551e-01 6.499999761581420898e-02
4.375200271606445312e-01 -1.613172888755798340e-01 6.499999761581420898e-02
4.375249445438385010e-01 -1.607113331556320190e-01 6.499999761581420898e-02
4.375298321247100830e-01 -1.601053923368453979e-01 6.499999761581420898e-02
4.375347495079040527e-01 -1.594994515180587769e-01 6.499999761581420898e-02
4.375408291816711426e-01 -1.588935256004333496e-01 6.499999761581420898e-02
4.375497996807098389e-01 -1.582877039909362793e-01 6.499999761581420898e-02
4.375587701797485352e-01 -1.576818823814392090e-01 6.499999761581420898e-02
4.375677108764648438e-01 -1.570760607719421387e-01 6.499999761581420898e-02
4.375766813755035400e-01 -1.564702540636062622e-01 6.499999761581420898e-02
4.375856518745422363e-01 -1.558644175529479980e-01 6.499999761581420898e-02
4.375945925712585449e-01 -1.552586108446121216e-01 6.499999761581420898e-02
4.376035630702972412e-01 -1.546527743339538574e-01 6.499999761581420898e-02
4.376125335693359375e-01 -1.540469676256179810e-01 6.499999761581420898e-02
4.376214742660522461e-01 -1.534411460161209106e-01 6.499999761581420898e-02
4.376304447650909424e-01 -1.528353244066238403e-01 6.499999761581420898e-02
4.376394152641296387e-01 -1.522295027971267700e-01 6.499999761581420898e-02
4.376483559608459473e-01 -1.516236662864685059e-01 6.499999761581420898e-02
4.376573264598846436e-01 -1.510178595781326294e-01 6.499999761581420898e-02
4.376662671566009521e-01 -1.504120528697967529e-01 6.499999761581420898e-02
4.376752376556396484e-01 -1.498062163591384888e-01 6.499999761581420898e-02
4.376842081546783447e-01 -1.492004096508026123e-01 6.499999761581420898e-02
4.376931488513946533e-01 -1.485945731401443481e-01 6.499999761581420898e-02
4.377021193504333496e-01 -1.479887664318084717e-01 6.499999761581420898e-02
4.377080202102661133e-01 -1.473827958106994629e-01 6.499999761581420898e-02
4.377124607563018799e-01 -1.467767506837844849e-01 6.499999761581420898e-02
4.377169013023376465e-01 -1.461707204580307007e-01 6.499999761581420898e-02
4.377213418483734131e-01 -1.455646604299545288e-01 6.499999761581420898e-02
4.377257525920867920e-01 -1.449586302042007446e-01 6.499999761581420898e-02
4.377301931381225586e-01 -1.443525999784469604e-01 6.499999761581420898e-02
4.377346336841583252e-01 -1.437465548515319824e-01 6.499999761581420898e-02
4.377390742301940918e-01 -1.431405246257781982e-01 6.499999761581420898e-02
4.377435147762298584e-01 -1.425344645977020264e-01 6.499999761581420898e-02
4.377479255199432373e-01 -1.419284343719482422e-01 6.499999761581420898e-02
4.377523660659790039e-01 -1.413224041461944580e-01 6.499999761581420898e-02
4.377568066120147705e-01 -1.407163590192794800e-01 6.499999761581420898e-02
4.377612471580505371e-01 -1.401103287935256958e-01 6.499999761581420898e-02
4.377656877040863037e-01 -1.395042687654495239e-01 6.499999761581420898e-02
4.377700984477996826e-01 -1.388982385396957397e-01 6.499999761581420898e-02
4.377745389938354492e-01 -1.382922083139419556e-01 6.499999761581420898e-02
4.377789795398712158e-01 -1.376861631870269775e-01 6.499999761581420898e-02
4.377834200859069824e-01 -1.370801329612731934e-01 6.499999761581420898e-02
4.377879500389099121e-01 -1.364740580320358276e-01 6.499999761581420898e-02
4.377947747707366943e-01 -1.358675062656402588e-01 6.499999761581420898e-02
4.378015995025634766e-01 -1.352609694004058838e-01 6.499999761581420898e-02
4.378084242343902588e-01 -1.346544027328491211e-01 6.499999761581420898e-02
4.378152489662170410e-01 -1.340478658676147461e-01 6.499999761581420898e-02
4.378220736980438232e-01 -1.334413290023803711e-01 6.499999761581420898e-02
4.378288984298706055e-01 -1.328347474336624146e-01 6.499999761581420898e-02
4.378357231616973877e-01 -1.322281956672668457e-01 6.499999761581420898e-02
4.378425478935241699e-01 -1.316216588020324707e-01 6.499999761581420898e-02
4.378493726253509521e-01 -1.310151219367980957e-01 6.499999761581420898e-02
4.378561973571777344e-01 -1.304085850715637207e-01 6.499999761581420898e-02
4.378630220890045166e-01 -1.298019886016845703e-01 6.499999761581420898e-02
4.378698468208312988e-01 -1.291954517364501953e-01 6.499999761581420898e-02
4.378766715526580811e-01 -1.285889148712158203e-01 6.499999761581420898e-02
4.378834962844848633e-01 -1.279823780059814453e-01 6.499999761581420898e-02
4.378903210163116455e-01 -1.273758411407470703e-01 6.499999761581420898e-02
4.378971457481384277e-01 -1.267692446708679199e-01 6.499999761581420898e-02
4.379039704799652100e-01 -1.261627078056335449e-01 6.499999761581420898e-02
4.379107952117919922e-01 -1.255561709403991699e-01 6.499999761581420898e-02
4.379179477691650391e-01 -1.249492168426513672e-01 6.499999761581420898e-02
4.379256069660186768e-01 -1.243415996432304382e-01 6.499999761581420898e-02
4.379332661628723145e-01 -1.237339377403259277e-01 6.499999761581420898e-02
4.379408955574035645e-01 -1.231263279914855957e-01 6.499999761581420898e-02
4.379485547542572021e-01 -1.225187107920646667e-01 6.499999761581420898e-02
4.379562139511108398e-01 -1.219110935926437378e-01 6.499999761581420898e-02
4.379638731479644775e-01 -1.213034838438034058e-01 6.499999761581420898e-02
4.379715323448181152e-01 -1.206958219408988953e-01 6.499999761581420898e-02
4.379791617393493652e-01 -1.200882047414779663e-01 6.499999761581420898e-02
4.379868209362030029e-01 -1.194805949926376343e-01 6.499999761581420898e-02
4.379944801330566406e-01 -1.188729777932167053e-01 6.499999761581420898e-02
4.380021393299102783e-01 -1.182653605937957764e-01 6.499999761581420898e-02
4.380097985267639160e-01 -1.176576986908912659e-01 6.499999761581420898e-02
4.380174279212951660e-01 -1.170500889420509338e-01 6.499999761581420898e-02
4.380250871181488037e-01 -1.164424717426300049e-01 6.499999761581420898e-02
4.380327463150024414e-01 -1.158348619937896729e-01 6.499999761581420898e-02
4.380404055118560791e-01 -1.152272447943687439e-01 6.499999761581420898e-02
4.380480647087097168e-01 -1.146195828914642334e-01 6.499999761581420898e-02
4.380556941032409668e-01 -1.140119656920433044e-01 6.499999761581420898e-02
4.380650222301483154e-01 -1.134030446410179138e-01 6.499999761581420898e-02
4.380751550197601318e-01 -1.127934530377388000e-01 6.499999761581420898e-02
4.380853176116943359e-01 -1.121838614344596863e-01 6.499999761581420898e-02
4.380954504013061523e-01 -1.115742176771163940e-01 6.499999761581420898e-02
4.381055831909179688e-01 -1.109646260738372803e-01 6.499999761581420898e-02
4.381157457828521729e-01 -1.103550344705581665e-01 6.499999761581420898e-02
4.381258785724639893e-01 -1.097454428672790527e-01 6.499999761581420898e-02
4.381360411643981934e-01 -1.091358512639999390e-01 6.499999761581420898e-02
4.381461739540100098e-01 -1.085262149572372437e-01 6.499999761581420898e-02
4.381563365459442139e-01 -1.079166233539581299e-01 6.499999761581420898e-02
4.381664693355560303e-01 -1.073070317506790161e-01 6.499999761581420898e-02
4.381766021251678467e-01 -1.066974401473999023e-01 6.499999761581420898e-02
4.381867647171020508e-01 -1.060878485441207886e-01 6.499999761581420898e-02
4.381968975067138672e-01 -1.054782047867774963e-01 6.499999761581420898e-02
4.382070600986480713e-01 -1.048686131834983826e-01 6.499999761581420898e-02
4.382171928882598877e-01 -1.042590215802192688e-01 6.499999761581420898e-02
4.382273554801940918e-01 -1.036494299769401550e-01 6.499999761581420898e-02
4.382374882698059082e-01 -1.030398383736610413e-01 6.499999761581420898e-02
4.382476508617401123e-01 -1.024302020668983459e-01 6.499999761581420898e-02
4.382330179214477539e-01 -1.018403694033622742e-01 6.499999761581420898e-02
4.382131397724151611e-01 -1.012547090649604797e-01 6.499999761581420898e-02
4.381932616233825684e-01 -1.006690561771392822e-01 6.499999761581420898e-02
4.381733834743499756e-01 -1.000834032893180847e-01 6.499999761581420898e-02
4.381535351276397705e-01 -9.949770569801330566e-02 6.499999761581420898e-02
4.381336569786071777e-01 -9.891205281019210815e-02 6.499999761581420898e-02
4.381137788295745850e-01 -9.832639247179031372e-02 6.499999761581420898e-02
4.380939006805419922e-01 -9.774073958396911621e-02 6.499999761581420898e-02
4.380740523338317871e-01 -9.715508669614791870e-02 6.499999761581420898e-02
4.380541741847991943e-01 -9.656938910484313965e-02 6.499999761581420898e-02
4.380342960357666016e-01 -9.598373621702194214e-02 6.499999761581420898e-02
4.380144178867340088e-01 -9.539807587862014771e-02 6.499999761581420898e-02
4.379945397377014160e-01 -9.481242299079895020e-02 6.499999761581420898e-02
4.379746913909912109e-01 -9.422677010297775269e-02 6.499999761581420898e-02
4.379548132419586182e-01 -9.364107251167297363e-02 6.499999761581420898e-02
4.379349350929260254e-01 -9.305541962385177612e-02 6.499999761581420898e-02
4.379150569438934326e-01 -9.246976673603057861e-02 6.499999761581420898e-02
4.379042983055114746e-01 -9.188476949930191040e-02 6.499999761581420898e-02
4.379054903984069824e-01 -9.130065143108367920e-02 6.499999761581420898e-02
4.379066824913024902e-01 -9.071648865938186646e-02 6.499999761581420898e-02
4.379078745841979980e-01 -9.013237059116363525e-02 6.499999761581420898e-02
4.379090666770935059e-01 -8.954825252294540405e-02 6.499999761581420898e-02
4.379102587699890137e-01 -8.896413445472717285e-02 6.499999761581420898e-02
4.379114508628845215e-01 -8.838001638650894165e-02 6.499999761581420898e-02
4.379126429557800293e-01 -8.779585361480712891e-02 6.499999761581420898e-02
4.379138350486755371e-01 -8.721172809600830078e-02 6.499999761581420898e-02
4.379150271415710449e-01 -8.662761002779006958e-02 6.499999761581420898e-02
4.379162192344665527e-01 -8.604349195957183838e-02 6.499999761581420898e-02
4.379174113273620605e-01 -8.545937389135360718e-02 6.499999761581420898e-02
4.379186034202575684e-01 -8.487521111965179443e-02 6.499999761581420898e-02
4.379197955131530762e-01 -8.429109305143356323e-02 6.499999761581420898e-02
4.379209876060485840e-01 -8.370697498321533203e-02 6.499999761581420898e-02
4.379221796989440918e-01 -8.312284946441650391e-02 6.499999761581420898e-02
4.379233717918395996e-01 -8.253873139619827271e-02 6.499999761581420898e-02
4.379256367683410645e-01 -8.195514976978302002e-02 6.499999761581420898e-02
4.379392266273498535e-01 -8.137778192758560181e-02 6.499999761581420898e-02
4.379528164863586426e-01 -8.080041408538818359e-02 6.499999761581420898e-02
4.379664063453674316e-01 -8.022304624319076538e-02 6.499999761581420898e-02
4.379799962043762207e-01 -7.964567840099334717e-02 6.499999761581420898e-02
4.379935860633850098e-01 -7.906826585531234741e-02 6.499999761581420898e-02
4.380071759223937988e-01 -7.849089801311492920e-02 6.499999761581420898e-02
4.380207657814025879e-01 -7.791352272033691406e-02 6.499999761581420898e-02
4.380343556404113770e-01 -7.733615487813949585e-02 6.499999761581420898e-02
4.380479454994201660e-01 -7.675878703594207764e-02 6.499999761581420898e-02
4.380615353584289551e-01 -7.618137449026107788e-02 6.499999761581420898e-02
4.380751252174377441e-01 -7.560400664806365967e-02 6.499999761581420898e-02
4.380887150764465332e-01 -7.502663880586624146e-02 6.499999761581420898e-02
4.381023049354553223e-01 -7.444927096366882324e-02 6.499999761581420898e-02
4.381158947944641113e-01 -7.387190312147140503e-02 6.499999761581420898e-02
4.381294846534729004e-01 -7.329449057579040527e-02 6.499999761581420898e-02
4.381430745124816895e-01 -7.271712273359298706e-02 6.499999761581420898e-02
4.381566941738128662e-01 -7.213986665010452271e-02 6.499999761581420898e-02
4.381731152534484863e-01 -7.157018035650253296e-02 6.499999761581420898e-02
4.381895065307617188e-01 -7.100048661231994629e-02 6.499999761581420898e-02
4.382059276103973389e-01 -7.043075561523437500e-02 6.499999761581420898e-02
4.382223486900329590e-01 -6.986106932163238525e-02 6.499999761581420898e-02
4.382387399673461914e-01 -6.929137557744979858e-02 6.499999761581420898e-02
4.382551610469818115e-01 -6.872168928384780884e-02 6.499999761581420898e-02
4.382715523242950439e-01 -6.815199553966522217e-02 6.499999761581420898e-02
4.382879734039306641e-01 -6.758226454257965088e-02 6.499999761581420898e-02
4.383043944835662842e-01 -6.701257824897766113e-02 6.499999761581420898e-02
4.383207857608795166e-01 -6.644288450479507446e-02 6.499999761581420898e-02
4.383372068405151367e-01 -6.587319821119308472e-02 6.499999761581420898e-02
4.383535981178283691e-01 -6.530351191759109497e-02 6.499999761581420898e-02
4.383700191974639893e-01 -6.473377346992492676e-02 6.499999761581420898e-02
4.383864402770996094e-01 -6.416408717632293701e-02 6.499999761581420898e-02
4.384028315544128418e-01 -6.359440088272094727e-02 6.499999761581420898e-02
4.384192526340484619e-01 -6.302470713853836060e-02 6.499999761581420898e-02
4.384770393371582031e-01 -6.245746836066246033e-02 6.499999761581420898e-02
4.386469423770904541e-01 -6.189681217074394226e-02 6.499999761581420898e-02
4.388168454170227051e-01 -6.133620068430900574e-02 6.499999761581420898e-02
4.389867186546325684e-01 -6.077558919787406921e-02 6.499999761581420898e-02
4.391566216945648193e-01 -6.021497771143913269e-02 6.499999761581420898e-02
4.393264949321746826e-01 -5.965436622500419617e-02 6.499999761581420898e-02
4.394963979721069336e-01 -5.909371003508567810e-02 6.499999761581420898e-02
4.396662712097167969e-01 -5.853309854865074158e-02 6.499999761581420898e-02
4.398361742496490479e-01 -5.797248706221580505e-02 6.499999761581420898e-02
4.400060474872589111e-01 -5.741187557578086853e-02 6.499999761581420898e-02
4.401759505271911621e-01 -5.685126408934593201e-02 6.499999761581420898e-02
4.403458535671234131e-01 -5.629061162471771240e-02 6.499999761581420898e-02
4.405157268047332764e-01 -5.573000013828277588e-02 6.499999761581420898e-02
4.406856298446655273e-01 -5.516938865184783936e-02 6.499999761581420898e-02
4.408555030822753906e-01 -5.460877716541290283e-02 6.499999761581420898e-02
4.410254061222076416e-01 -5.404816567897796631e-02 6.499999761581420898e-02
4.411952793598175049e-01 -5.348750948905944824e-02 6.499999761581420898e-02
4.413651823997497559e-01 -5.292689800262451172e-02 6.499999761581420898e-02
4.415501952171325684e-01 -5.237403512001037598e-02 6.499999761581420898e-02
4.417757689952850342e-01 -5.184194818139076233e-02 6.499999761581420898e-02
4.420013427734375000e-01 -5.130986124277114868e-02 6.499999761581420898e-02
4.422269463539123535e-01 -5.077773705124855042e-02 6.499999761581420898e-02
4.424525201320648193e-01 -5.024565011262893677e-02 6.499999761581420898e-02
4.426781237125396729e-01 -4.971356689929962158e-02 6.499999761581420898e-02
4.429036974906921387e-01 -4.918147996068000793e-02 6.499999761581420898e-02
4.431292712688446045e-01 -4.864939674735069275e-02 6.499999761581420898e-02
4.433548748493194580e-01 -4.811726883053779602e-02 6.499999761581420898e-02
4.435804486274719238e-01 -4.758518561720848083e-02 6.499999761581420898e-02
4.438060224056243896e-01 -4.705309867858886719e-02 6.499999761581420898e-02
4.440316259860992432e-01 -4.652101546525955200e-02 6.499999761581420898e-02
4.442571997642517090e-01 -4.598892852663993835e-02 6.499999761581420898e-02
4.444828033447265625e-01 -4.545680433511734009e-02 6.499999761581420898e-02
4.447083771228790283e-01 -4.492471739649772644e-02 6.499999761581420898e-02
4.449339509010314941e-01 -4.439263045787811279e-02 6.499999761581420898e-02
4.451595246791839600e-01 -4.386054724454879761e-02 6.499999761581420898e-02
4.453851282596588135e-01 -4.332846030592918396e-02 6.499999761581420898e-02
4.456185996532440186e-01 -4.280347004532814026e-02 6.499999761581420898e-02
4.458565115928649902e-01 -4.228252917528152466e-02 6.499999761581420898e-02
4.460944533348083496e-01 -4.176158830523490906e-02 6.499999761581420898e-02
4.463323652744293213e-01 -4.124065116047859192e-02 6.499999761581420898e-02
4.465702772140502930e-01 -4.071971029043197632e-02 6.499999761581420898e-02
4.468081891536712646e-01 -4.019872844219207764e-02 6.499999761581420898e-02
4.470461010932922363e-01 -3.967778757214546204e-02 6.499999761581420898e-02
4.472840428352355957e-01 -3.915684670209884644e-02 6.499999761581420898e-02
4.475219547748565674e-01 -3.863590955734252930e-02 6.499999761581420898e-02
4.477598667144775391e-01 -3.811496868729591370e-02 6.499999761581420898e-02
4.479977786540985107e-01 -3.759398683905601501e-02 6.499999761581420898e-02
4.482356905937194824e-01 -3.707304596900939941e-02 6.499999761581420898e-02
4.484736323356628418e-01 -3.655210509896278381e-02 6.499999761581420898e-02
4.487115442752838135e-01 -3.603116422891616821e-02 6.499999761581420898e-02
4.489494562149047852e-01 -3.551022708415985107e-02 6.499999761581420898e-02
4.491873681545257568e-01 -3.498924523591995239e-02 6.499999761581420898e-02
4.494253098964691162e-01 -3.446830436587333679e-02 6.499999761581420898e-02
4.497039318084716797e-01 -3.398820385336875916e-02 6.499999761581420898e-02
4.501914680004119873e-01 -3.371755778789520264e-02 6.499999761581420898e-02
4.506790041923522949e-01 -3.344691172242164612e-02 6.499999761581420898e-02
4.511665701866149902e-01 -3.317624330520629883e-02 6.499999761581420898e-02
4.516541063785552979e-01 -3.290559351444244385e-02 6.499999761581420898e-02
4.521416425704956055e-01 -3.263494744896888733e-02 6.499999761581420898e-02
4.526291489601135254e-01 -3.236430138349533081e-02 6.499999761581420898e-02
4.531166851520538330e-01 -3.209365159273147583e-02 6.499999761581420898e-02
4.536042511463165283e-01 -3.182298317551612854e-02 6.499999761581420898e-02
4.540917873382568359e-01 -3.155233711004257202e-02 6.499999761581420898e-02
4.545793235301971436e-01 -3.128168731927871704e-02 6.499999761581420898e-02
4.550668597221374512e-01 -3.101104125380516052e-02 6.499999761581420898e-02
4.555543661117553711e-01 -3.074039332568645477e-02 6.499999761581420898e-02
4.560419321060180664e-01 -3.046972677111625671e-02 6.499999761581420898e-02
4.565294682979583740e-01 -3.019907884299755096e-02 6.499999761581420898e-02
4.570170044898986816e-01 -2.992843091487884521e-02 6.499999761581420898e-02
4.575045406818389893e-01 -2.965778298676013947e-02 6.499999761581420898e-02
4.580097198486328125e-01 -2.939928323030471802e-02 6.499999761581420898e-02
4.585193097591400146e-01 -2.914374507963657379e-02 6.499999761581420898e-02
4.590288400650024414e-01 -2.888822555541992188e-02 6.499999761581420898e-02
4.595383405685424805e-01 -2.863270789384841919e-02 6.499999761581420898e-02
4.600478708744049072e-01 -2.837718836963176727e-02 6.499999761581420898e-02
4.605574011802673340e-01 -2.812166884541511536e-02 6.499999761581420898e-02
4.610669910907745361e-01 -2.786613069474697113e-02 6.499999761581420898e-02
4.615764915943145752e-01 -2.761061117053031921e-02 6.499999761581420898e-02
4.620860219001770020e-01 -2.735509164631366730e-02 6.499999761581420898e-02
4.625955522060394287e-01 -2.709957398474216461e-02 6.499999761581420898e-02
4.631050825119018555e-01 -2.684405446052551270e-02 6.499999761581420898e-02
4.636146426200866699e-01 -2.658851630985736847e-02 6.499999761581420898e-02
4.641241729259490967e-01 -2.633299678564071655e-02 6.499999761581420898e-02
4.646337032318115234e-01 -2.607747726142406464e-02 6.499999761581420898e-02
4.651432335376739502e-01 -2.582195959985256195e-02 6.499999761581420898e-02
4.656527638435363770e-01 -2.556644007563591003e-02 6.499999761581420898e-02
4.661623239517211914e-01 -2.531090192496776581e-02 6.499999761581420898e-02
4.666881561279296875e-01 -2.506537549197673798e-02 6.499999761581420898e-02
4.672166407108306885e-01 -2.482148073613643646e-02 6.499999761581420898e-02
4.677451252937316895e-01 -2.457758784294128418e-02 6.499999761581420898e-02
4.682736098766326904e-01 -2.433369494974613190e-02 6.499999761581420898e-02
4.688021242618560791e-01 -2.408978156745433807e-02 6.499999761581420898e-02
4.693306088447570801e-01 -2.384588867425918579e-02 6.499999761581420898e-02
4.698590934276580811e-01 -2.360199391841888428e-02 6.499999761581420898e-02
4.703875780105590820e-01 -2.335810102522373199e-02 6.499999761581420898e-02
4.709160625934600830e-01 -2.311420813202857971e-02 6.499999761581420898e-02
4.714445769786834717e-01 -2.287029474973678589e-02 6.499999761581420898e-02
4.719730615615844727e-01 -2.262640185654163361e-02 6.499999761581420898e-02
4.725015461444854736e-01 -2.238250896334648132e-02 6.499999761581420898e-02
4.730300307273864746e-01 -2.213861420750617981e-02 6.499999761581420898e-02
4.735585153102874756e-01 -2.189472131431102753e-02 6.499999761581420898e-02
4.740870594978332520e-01 -2.165080979466438293e-02 6.499999761581420898e-02
4.746155142784118652e-01 -2.140691503882408142e-02 6.499999761581420898e-02
4.751439988613128662e-01 -2.116302214562892914e-02 6.499999761581420898e-02
4.756789207458496094e-01 -2.092475257813930511e-02 6.499999761581420898e-02
4.762259423732757568e-01 -2.069712616503238678e-02 6.499999761581420898e-02
4.767730534076690674e-01 -2.046948485076427460e-02 6.499999761581420898e-02
4.773200750350952148e-01 -2.024186030030250549e-02 6.499999761581420898e-02
4.778671264648437500e-01 -2.001423388719558716e-02 6.499999761581420898e-02
4.784141778945922852e-01 -1.978660933673381805e-02 6.499999761581420898e-02
4.789612293243408203e-01 -1.955898478627204895e-02 6.499999761581420898e-02
4.795083105564117432e-01 -1.933134160935878754e-02 6.499999761581420898e-02
4.800553321838378906e-01 -1.910371705889701843e-02 6.499999761581420898e-02
4.806023836135864258e-01 -1.887609250843524933e-02 6.499999761581420898e-02
4.811494350433349609e-01 -1.864846609532833099e-02 6.499999761581420898e-02
4.816964864730834961e-01 -1.842084154486656189e-02 6.499999761581420898e-02
4.822435677051544189e-01 -1.819319836795330048e-02 6.499999761581420898e-02
4.827905893325805664e-01 -1.796557381749153137e-02 6.499999761581420898e-02
4.833376407623291016e-01 -1.773794926702976227e-02 6.499999761581420898e-02
4.838846921920776367e-01 -1.751032471656799316e-02 6.499999761581420898e-02
4.844317436218261719e-01 -1.728269830346107483e-02 6.499999761581420898e-02
4.849788248538970947e-01 -1.705505698919296265e-02 6.499999761581420898e-02
4.855314493179321289e-01 -1.683410629630088806e-02 6.499999761581420898e-02
4.860953390598297119e-01 -1.662658713757991791e-02 6.499999761581420898e-02
4.866591989994049072e-01 -1.641906984150409698e-02 6.499999761581420898e-02
4.872230887413024902e-01 -1.621155068278312683e-02 6.499999761581420898e-02
4.877870082855224609e-01 -1.600401662290096283e-02 6.499999761581420898e-02
4.883508980274200439e-01 -1.579649746417999268e-02 6.499999761581420898e-02
4.889147579669952393e-01 -1.558897923678159714e-02 6.499999761581420898e-02
4.894786477088928223e-01 -1.538146100938320160e-02 6.499999761581420898e-02
4.900425076484680176e-01 -1.517394278198480606e-02 6.499999761581420898e-02
4.906064271926879883e-01 -1.496640779078006744e-02 6.499999761581420898e-02
4.911703169345855713e-01 -1.475888956338167191e-02 6.499999761581420898e-02
4.917342066764831543e-01 -1.455137133598327637e-02 6.499999761581420898e-02
4.922980666160583496e-01 -1.434385217726230621e-02 6.499999761581420898e-02
4.928619563579559326e-01 -1.413633394986391068e-02 6.499999761581420898e-02
4.934258759021759033e-01 -1.392879988998174667e-02 6.499999761581420898e-02
4.939897358417510986e-01 -1.372128166258335114e-02 6.499999761581420898e-02
4.945536255836486816e-01 -1.351376250386238098e-02 6.499999761581420898e-02
4.951175153255462646e-01 -1.330624427646398544e-02 6.499999761581420898e-02
4.956813752651214600e-01 -1.309872604906558990e-02 6.499999761581420898e-02
4.962580800056457520e-01 -1.291206479072570801e-02 6.499999761581420898e-02
4.968359470367431641e-01 -1.272737514227628708e-02 6.499999761581420898e-02
4.974138140678405762e-01 -1.254268456250429153e-02 6.499999761581420898e-02
4.979916810989379883e-01 -1.235799491405487061e-02 6.499999761581420898e-02
4.985695481300354004e-01 -1.217330433428287506e-02 6.499999761581420898e-02
4.991474747657775879e-01 -1.198860071599483490e-02 6.499999761581420898e-02
4.997253417968750000e-01 -1.180391013622283936e-02 6.499999761581420898e-02
5.003032088279724121e-01 -1.161922048777341843e-02 6.499999761581420898e-02
5.008810758590698242e-01 -1.143453083932399750e-02 6.499999761581420898e-02
5.014589428901672363e-01 -1.124984025955200195e-02 6.499999761581420898e-02
5.020368695259094238e-01 -1.106513664126396179e-02 6.499999761581420898e-02
5.026147365570068359e-01 -1.088044606149196625e-02 6.499999761581420898e-02
5.031926035881042480e-01 -1.069575641304254532e-02 6.499999761581420898e-02
5.037704706192016602e-01 -1.051106583327054977e-02 6.499999761581420898e-02
5.043483376502990723e-01 -1.032637618482112885e-02 6.499999761581420898e-02
5.049262046813964844e-01 -1.014167256653308868e-02 6.499999761581420898e-02
5.055040717124938965e-01 -9.956981986761093140e-03 6.499999761581420898e-02
5.060819387435913086e-01 -9.772291406989097595e-03 6.499999761581420898e-02
5.066620111465454102e-01 -9.592853486537933350e-03 6.499999761581420898e-02
5.072503089904785156e-01 -9.432983584702014923e-03 6.499999761581420898e-02
5.078386068344116211e-01 -9.273101575672626495e-03 6.499999761581420898e-02
5.084269046783447266e-01 -9.113231673836708069e-03 6.499999761581420898e-02
5.090152025222778320e-01 -8.953361772000789642e-03 6.499999761581420898e-02
5.096035003662109375e-01 -8.793491870164871216e-03 6.499999761581420898e-02
5.101917386054992676e-01 -8.633622899651527405e-03 6.499999761581420898e-02
5.107800960540771484e-01 -8.473740890622138977e-03 6.499999761581420898e-02
5.113683938980102539e-01 -8.313870988786220551e-03 6.499999761581420898e-02
5.119566321372985840e-01 -8.154001086950302124e-03 6.499999761581420898e-02
5.125449299812316895e-01 -7.994131185114383698e-03 6.499999761581420898e-02
5.131332278251647949e-01 -7.834261283278465271e-03 6.499999761581420898e-02
5.137215256690979004e-01 -7.674379739910364151e-03 6.499999761581420898e-02
5.143098235130310059e-01 -7.514509372413158417e-03 6.499999761581420898e-02
5.148981213569641113e-01 -7.354639936238527298e-03 6.499999761581420898e-02
5.154864192008972168e-01 -7.194770034402608871e-03 6.499999761581420898e-02
5.160746574401855469e-01 -7.034900598227977753e-03 6.499999761581420898e-02
5.166630148887634277e-01 -6.875018589198589325e-03 6.499999761581420898e-02
5.172513127326965332e-01 -6.715148687362670898e-03 6.499999761581420898e-02
5.178413391113281250e-01 -6.561608985066413879e-03 6.499999761581420898e-02
5.184344649314880371e-01 -6.419310346245765686e-03 6.499999761581420898e-02
5.190275907516479492e-01 -6.277012173086404800e-03 6.499999761581420898e-02
5.196207761764526367e-01 -6.134703289717435837e-03 6.499999761581420898e-02
5.202139019966125488e-01 -5.992404650896787643e-03 6.499999761581420898e-02
5.208070278167724609e-01 -5.850106477737426758e-03 6.499999761581420898e-02
5.214001536369323730e-01 -5.707808304578065872e-03 6.499999761581420898e-02
5.219932794570922852e-01 -5.565510131418704987e-03 6.499999761581420898e-02
5.225864648818969727e-01 -5.423200782388448715e-03 6.499999761581420898e-02
5.231795907020568848e-01 -5.280902609229087830e-03 6.499999761581420898e-02
5.237727165222167969e-01 -5.138603970408439636e-03 6.499999761581420898e-02
5.243658423423767090e-01 -4.996305797249078751e-03 6.499999761581420898e-02
5.249589681625366211e-01 -4.854007624089717865e-03 6.499999761581420898e-02
5.255521535873413086e-01 -4.711698275059461594e-03 6.499999761581420898e-02
5.261452794075012207e-01 -4.569400101900100708e-03 6.499999761581420898e-02
5.267384052276611328e-01 -4.427101463079452515e-03 6.499999761581420898e-02
5.273315906524658203e-01 -4.284803755581378937e-03 6.499999761581420898e-02
5.279247164726257324e-01 -4.142505116760730743e-03 6.499999761581420898e-02
5.285178422927856445e-01 -4.000196233391761780e-03 6.499999761581420898e-02
5.291126966476440430e-01 -3.867038059979677200e-03 6.499999761581420898e-02
5.297092199325561523e-01 -3.743468783795833588e-03 6.499999761581420898e-02
5.303058028221130371e-01 -3.619899507611989975e-03 6.499999761581420898e-02
5.309023857116699219e-01 -3.496330231428146362e-03 6.499999761581420898e-02
5.314990282058715820e-01 -3.372751642018556595e-03 6.499999761581420898e-02
5.320955514907836914e-01 -3.249182365834712982e-03 6.499999761581420898e-02
5.326921343803405762e-01 -3.125613089650869370e-03 6.499999761581420898e-02
5.332887172698974609e-01 -3.002043813467025757e-03 6.499999761581420898e-02
5.338853001594543457e-01 -2.878474537283182144e-03 6.499999761581420898e-02
5.344818830490112305e-01 -2.754895947873592377e-03 6.499999761581420898e-02
5.350784659385681152e-01 -2.631326671689748764e-03 6.499999761581420898e-02
5.356750488281250000e-01 -2.507757395505905151e-03 6.499999761581420898e-02
5.362716317176818848e-01 -2.384188119322061539e-03 6.499999761581420898e-02
5.368682146072387695e-01 -2.260618843138217926e-03 6.499999761581420898e-02
5.374647974967956543e-01 -2.137040020897984505e-03 6.499999761581420898e-02
5.380613803863525391e-01 -2.013470511883497238e-03 6.499999761581420898e-02
5.386579632759094238e-01 -1.889901468530297279e-03 6.499999761581420898e-02
5.392545461654663086e-01 -1.766332192346453667e-03 6.499999761581420898e-02
5.398510694503784180e-01 -1.642762916162610054e-03 6.499999761581420898e-02
5.403358936309814453e-01 -1.554669579491019249e-03 6.499999761581420898e-02
5.407560467720031738e-01 -1.487076049670577049e-03 6.499999761581420898e-02
5.411762595176696777e-01 -1.419482519850134850e-03 6.499999761581420898e-02
5.415964126586914062e-01 -1.351889106445014477e-03 6.499999761581420898e-02
5.420165657997131348e-01 -1.284295576624572277e-03 6.499999761581420898e-02
5.424367785453796387e-01 -1.216696924529969692e-03 6.499999761581420898e-02
5.428569912910461426e-01 -1.149103394709527493e-03 6.499999761581420898e-02
5.432771444320678711e-01 -1.081509981304407120e-03 6.499999761581420898e-02
5.436972975730895996e-01 -1.013916451483964920e-03 6.499999761581420898e-02
5.441175103187561035e-01 -9.463229216635227203e-04 6.499999761581420898e-02
5.445376634597778320e-01 -8.787242113612592220e-04 6.499999761581420898e-02
5.449578762054443359e-01 -8.111307397484779358e-04 6.499999761581420898e-02
5.453780293464660645e-01 -7.435371517203748226e-04 6.499999761581420898e-02
5.457982420921325684e-01 -6.759437383152544498e-04 6.499999761581420898e-02
5.462183952331542969e-01 -6.083501502871513367e-04 6.499999761581420898e-02
5.466386079788208008e-01 -5.407514981925487518e-04 6.499999761581420898e-02
5.470587611198425293e-01 -4.731580847874283791e-04 6.499999761581420898e-02
5.474789738655090332e-01 -4.055645549669861794e-04 6.499999761581420898e-02
5.478991270065307617e-01 -3.379710251465439796e-04 6.499999761581420898e-02
5.483192801475524902e-01 -2.703774953261017799e-04 6.499999761581420898e-02
5.487394928932189941e-01 -2.027788432314991951e-04 6.499999761581420898e-02
5.491596460342407227e-01 -1.351854298263788223e-04 6.499999761581420898e-02
5.500000119209289551e-01 0.000000000000000000e+00 6.499999761581420898e-02
