3.780464529991149902e-01 -4.511298239231109619e-01 6.499999761581420898e-02
3.784424960613250732e-01 -4.510164260864257812e-01 6.499999761581420898e-02
3.788385391235351562e-01 -4.509030282497406006e-01 6.499999761581420898e-02
3.792346119880676270e-01 -4.507896304130554199e-01 6.499999761581420898e-02
3.796306550502777100e-01 -4.506762325763702393e-01 6.499999761581420898e-02
3.800266981124877930e-01 -4.505628347396850586e-01 6.499999761581420898e-02
3.804227411746978760e-01 -4.504494369029998779e-01 6.499999761581420898e-02
3.808187842369079590e-01 -4.503360390663146973e-01 6.499999761581420898e-02
3.812148571014404297e-01 -4.502226412296295166e-01 6.499999761581420898e-02
3.816109001636505127e-01 -4.501092433929443359e-01 6.499999761581420898e-02
3.820069432258605957e-01 -4.499958455562591553e-01 6.499999761581420898e-02
3.824029862880706787e-01 -4.498824477195739746e-01 6.499999761581420898e-02
3.827990293502807617e-01 -4.497690498828887939e-01 6.499999761581420898e-02
3.831951022148132324e-01 -4.496556520462036133e-01 6.499999761581420898e-02
3.835911452770233154e-01 -4.495422542095184326e-01 6.499999761581420898e-02
3.839871883392333984e-01 -4.494288563728332520e-01 6.499999761581420898e-02
3.843832314014434814e-01 -4.493154585361480713e-01 6.499999761581420898e-02
3.847792744636535645e-01 -4.492020606994628906e-01 6.499999761581420898e-02
3.851753473281860352e-01 -4.490886628627777100e-01 6.499999761581420898e-02
3.855713903903961182e-01 -4.489752650260925293e-01 6.499999761581420898e-02
3.859674334526062012e-01 -4.488618671894073486e-01 6.499999761581420898e-02
3.863634765148162842e-01 -4.487484693527221680e-01 6.499999761581420898e-02
3.867595493793487549e-01 -4.486350715160369873e-01 6.499999761581420898e-02
3.871555924415588379e-01 -4.485216736793518066e-01 6.499999761581420898e-02
3.877068161964416504e-01 -4.483494460582733154e-01 6.499999761581420898e-02
3.883098065853118896e-01 -4.481575787067413330e-01 6.499999761581420898e-02
3.889128267765045166e-01 -4.479657113552093506e-01 6.499999761581420898e-02
3.895158171653747559e-01 -4.477738738059997559e-01 6.499999761581420898e-02
3.901188075542449951e-01 -4.475820064544677734e-01 6.499999761581420898e-02
3.907217979431152344e-01 -4.473901391029357910e-01 6.499999761581420898e-02
3.913248181343078613e-01 -4.471982717514038086e-01 6.499999761581420898e-02
3.919278085231781006e-01 -4.470064342021942139e-01 6.499999761581420898e-02
3.925307989120483398e-01 -4.468145668506622314e-01 6.499999761581420898e-02
3.931338191032409668e-01 -4.466226994991302490e-01 6.499999761581420898e-02
3.937368094921112061e-01 -4.464308619499206543e-01 6.499999761581420898e-02
3.943397998809814453e-01 -4.462389945983886719e-01 6.499999761581420898e-02
3.949427902698516846e-01 -4.460471272468566895e-01 6.499999761581420898e-02
3.955458104610443115e-01 -4.458552598953247070e-01 6.499999761581420898e-02
3.961488008499145508e-01 -4.456634223461151123e-01 6.499999761581420898e-02
3.967517912387847900e-01 -4.454715549945831299e-01 6.499999761581420898e-02
3.973548114299774170e-01 -4.452796876430511475e-01 6.499999761581420898e-02
3.979578018188476562e-01 -4.450878500938415527e-01 6.499999761581420898e-02
3.985607922077178955e-01 -4.448959827423095703e-01 6.499999761581420898e-02
3.991638123989105225e-01 -4.447041153907775879e-01 6.499999761581420898e-02
3.997668027877807617e-01 -4.445122480392456055e-01 6.499999761581420898e-02
4.003024697303771973e-01 -4.442996382713317871e-01 6.499999761581420898e-02
4.008329510688781738e-01 -4.440853893756866455e-01 6.499999761581420898e-02
4.013634324073791504e-01 -4.438711702823638916e-01 6.499999761581420898e-02
4.018939137458801270e-01 -4.436569213867187500e-01 6.499999761581420898e-02
4.024243950843811035e-01 -4.434427022933959961e-01 6.499999761581420898e-02
4.029548466205596924e-01 -4.432284832000732422e-01 6.499999761581420898e-02
4.034853279590606689e-01 -4.430142343044281006e-01 6.499999761581420898e-02
4.040158092975616455e-01 -4.428000152111053467e-01 6.499999761581420898e-02
4.045462906360626221e-01 -4.425857663154602051e-01 6.499999761581420898e-02
4.050767719745635986e-01 -4.423715472221374512e-01 6.499999761581420898e-02
4.056072235107421875e-01 -4.421572983264923096e-01 6.499999761581420898e-02
4.061377048492431641e-01 -4.419430792331695557e-01 6.499999761581420898e-02
4.066681861877441406e-01 -4.417288303375244141e-01 6.499999761581420898e-02
4.071986675262451172e-01 -4.415146112442016602e-01 6.499999761581420898e-02
4.077291488647460938e-01 -4.413003921508789062e-01 6.499999761581420898e-02
4.082596004009246826e-01 -4.410861432552337646e-01 6.499999761581420898e-02
4.087900817394256592e-01 -4.408719241619110107e-01 6.499999761581420898e-02
4.093320965766906738e-01 -4.406396448612213135e-01 6.499999761581420898e-02
4.098832011222839355e-01 -4.403932094573974609e-01 6.499999761581420898e-02
4.104342758655548096e-01 -4.401467740535736084e-01 6.499999761581420898e-02
4.109853506088256836e-01 -4.399003386497497559e-01 6.499999761581420898e-02
4.115364253520965576e-01 -4.396539032459259033e-01 6.499999761581420898e-02
4.120875000953674316e-01 -4.394074976444244385e-01 6.499999761581420898e-02
4.126386046409606934e-01 -4.391610622406005859e-01 6.499999761581420898e-02
4.131896793842315674e-01 -4.389146268367767334e-01 6.499999761581420898e-02
4.137407541275024414e-01 -4.386681914329528809e-01 6.499999761581420898e-02
4.142918288707733154e-01 -4.384217560291290283e-01 6.499999761581420898e-02
4.148429036140441895e-01 -4.381753504276275635e-01 6.499999761581420898e-02
4.153940081596374512e-01 -4.379289150238037109e-01 6.499999761581420898e-02
4.159450829029083252e-01 -4.376824796199798584e-01 6.499999761581420898e-02
4.164961576461791992e-01 -4.374360442161560059e-01 6.499999761581420898e-02
4.170472323894500732e-01 -4.371896088123321533e-01 6.499999761581420898e-02
4.175983071327209473e-01 -4.369432032108306885e-01 6.499999761581420898e-02
4.181494116783142090e-01 -4.366967678070068359e-01 6.499999761581420898e-02
4.187004864215850830e-01 -4.364503324031829834e-01 6.499999761581420898e-02
4.192515611648559570e-01 -4.362038969993591309e-01 6.499999761581420898e-02
4.197902381420135498e-01 -4.359378218650817871e-01 6.499999761581420898e-02
4.203252792358398438e-01 -4.356659948825836182e-01 6.499999761581420898e-02
4.208603203296661377e-01 -4.353941679000854492e-01 6.499999761581420898e-02
4.213953614234924316e-01 -4.351223409175872803e-01 6.499999761581420898e-02
4.219304025173187256e-01 -4.348505437374114990e-01 6.499999761581420898e-02
4.224654436111450195e-01 -4.345787167549133301e-01 6.499999761581420898e-02
4.230004847049713135e-01 -4.343068897724151611e-01 6.499999761581420898e-02
4.235355257987976074e-01 -4.340350627899169922e-01 6.499999761581420898e-02
4.240705668926239014e-01 -4.337632358074188232e-01 6.499999761581420898e-02
4.246056079864501953e-01 -4.334914088249206543e-01 6.499999761581420898e-02
4.251406490802764893e-01 -4.332195818424224854e-01 6.499999761581420898e-02
4.256756901741027832e-01 -4.329477846622467041e-01 6.499999761581420898e-02
4.262107312679290771e-01 -4.326759576797485352e-01 6.499999761581420898e-02
4.267457723617553711e-01 -4.324041306972503662e-01 6.499999761581420898e-02
4.272808134555816650e-01 -4.321323037147521973e-01 6.499999761581420898e-02
4.278158545494079590e-01 -4.318604767322540283e-01 6.499999761581420898e-02
4.283508956432342529e-01 -4.315886497497558594e-01 6.499999761581420898e-02
4.288859367370605469e-01 -4.313168227672576904e-01 6.499999761581420898e-02
4.294172227382659912e-01 -4.310402572154998779e-01 6.499999761581420898e-02
4.299340248107910156e-01 -4.307453334331512451e-01 6.499999761581420898e-02
4.304508268833160400e-01 -4.304503798484802246e-01 6.499999761581420898e-02
4.309676289558410645e-01 -4.301554560661315918e-01 6.499999761581420898e-02
4.314844012260437012e-01 -4.298605322837829590e-01 6.499999761581420898e-02
4.320012032985687256e-01 -4.295655786991119385e-01 6.499999761581420898e-02
4.325180053710937500e-01 -4.292706549167633057e-01 6.499999761581420898e-02
4.330348074436187744e-01 -4.289757013320922852e-01 6.499999761581420898e-02
4.335516095161437988e-01 -4.286807775497436523e-01 6.499999761581420898e-02
4.340684115886688232e-01 -4.283858239650726318e-01 6.499999761581420898e-02
4.345852136611938477e-01 -4.280909001827239990e-01 6.499999761581420898e-02
4.351019859313964844e-01 -4.277959764003753662e-01 6.499999761581420898e-02
4.356187880039215088e-01 -4.275010228157043457e-01 6.499999761581420898e-02
4.361355900764465332e-01 -4.272060990333557129e-01 6.499999761581420898e-02
4.366523921489715576e-01 -4.269111454486846924e-01 6.499999761581420898e-02
4.371691942214965820e-01 -4.266162216663360596e-01 6.499999761581420898e-02
4.376859962940216064e-01 -4.263212680816650391e-01 6.499999761581420898e-02
4.382027983665466309e-01 -4.260263442993164062e-01 6.499999761581420898e-02
4.387195706367492676e-01 -4.257313907146453857e-01 6.499999761581420898e-02
4.392182230949401855e-01 -4.254181981086730957e-01 6.499999761581420898e-02
4.397148787975311279e-01 -4.251029491424560547e-01 6.499999761581420898e-02
4.402115345001220703e-01 -4.247877299785614014e-01 6.499999761581420898e-02
4.407081902027130127e-01 -4.244725108146667480e-01 6.499999761581420898e-02
4.412048161029815674e-01 -4.241572618484497070e-01 6.499999761581420898e-02
4.417014718055725098e-01 -4.238420426845550537e-01 6.499999761581420898e-02
4.421981275081634521e-01 -4.235268235206604004e-01 6.499999761581420898e-02
4.426947832107543945e-01 -4.232115745544433594e-01 6.499999761581420898e-02
4.431914389133453369e-01 -4.228963553905487061e-01 6.499999761581420898e-02
4.436880648136138916e-01 -4.225811362266540527e-01 6.499999761581420898e-02
4.441847205162048340e-01 -4.222658872604370117e-01 6.499999761581420898e-02
4.446813762187957764e-01 -4.219506680965423584e-01 6.499999761581420898e-02
4.451780319213867188e-01 -4.216354489326477051e-01 6.499999761581420898e-02
4.456746876239776611e-01 -4.213201999664306641e-01 6.499999761581420898e-02
4.461713135242462158e-01 -4.210049808025360107e-01 6.499999761581420898e-02
4.466679692268371582e-01 -4.206897616386413574e-01 6.499999761581420898e-02
4.471646249294281006e-01 -4.203745126724243164e-01 6.499999761581420898e-02
4.476612806320190430e-01 -4.200592935085296631e-01 6.499999761581420898e-02
4.481380879878997803e-01 -4.197282791137695312e-01 6.499999761581420898e-02
4.486131668090820312e-01 -4.193958640098571777e-01 6.499999761581420898e-02
4.490882456302642822e-01 -4.190634787082672119e-01 6.499999761581420898e-02
4.495633542537689209e-01 -4.187310636043548584e-01 6.499999761581420898e-02
4.500384330749511719e-01 -4.183986783027648926e-01 6.499999761581420898e-02
4.505135118961334229e-01 -4.180662930011749268e-01 6.499999761581420898e-02
4.509885907173156738e-01 -4.177338778972625732e-01 6.499999761581420898e-02
4.514636695384979248e-01 -4.174014925956726074e-01 6.499999761581420898e-02
4.519387781620025635e-01 -4.170690774917602539e-01 6.499999761581420898e-02
4.524138569831848145e-01 -4.167366921901702881e-01 6.499999761581420898e-02
4.528889358043670654e-01 -4.164042770862579346e-01 6.499999761581420898e-02
4.533640146255493164e-01 -4.160718917846679688e-01 6.499999761581420898e-02
4.538390934467315674e-01 -4.157394766807556152e-01 6.499999761581420898e-02
4.543142020702362061e-01 -4.154070913791656494e-01 6.499999761581420898e-02
4.547892808914184570e-01 -4.150746762752532959e-01 6.499999761581420898e-02
4.552643597126007080e-01 -4.147422909736633301e-01 6.499999761581420898e-02
4.557394385337829590e-01 -4.144099056720733643e-01 6.499999761581420898e-02
4.562074840068817139e-01 -4.140731990337371826e-01 6.499999761581420898e-02
4.566605091094970703e-01 -4.137273430824279785e-01 6.499999761581420898e-02
4.571135044097900391e-01 -4.133814871311187744e-01 6.499999761581420898e-02
4.575665295124053955e-01 -4.130356311798095703e-01 6.499999761581420898e-02
4.580195248126983643e-01 -4.126898050308227539e-01 6.499999761581420898e-02
4.584725499153137207e-01 -4.123439490795135498e-01 6.499999761581420898e-02
4.589255750179290771e-01 -4.119980931282043457e-01 6.499999761581420898e-02
4.593785703182220459e-01 -4.116522371768951416e-01 6.499999761581420898e-02
4.598315954208374023e-01 -4.113063812255859375e-01 6.499999761581420898e-02
4.602846205234527588e-01 -4.109605252742767334e-01 6.499999761581420898e-02
4.607376158237457275e-01 -4.106146693229675293e-01 6.499999761581420898e-02
4.611906409263610840e-01 -4.102688431739807129e-01 6.499999761581420898e-02
4.616436362266540527e-01 -4.099229872226715088e-01 6.499999761581420898e-02
4.620966613292694092e-01 -4.095771312713623047e-01 6.499999761581420898e-02
4.625496864318847656e-01 -4.092312753200531006e-01 6.499999761581420898e-02
4.630026817321777344e-01 -4.088854193687438965e-01 6.499999761581420898e-02
4.634557068347930908e-01 -4.085395634174346924e-01 6.499999761581420898e-02
4.638691842555999756e-01 -4.081629812717437744e-01 6.499999761581420898e-02
4.640528857707977295e-01 -4.076078236103057861e-01 6.499999761581420898e-02
4.642365872859954834e-01 -4.070526659488677979e-01 6.499999761581420898e-02
4.644202888011932373e-01 -4.064975380897521973e-01 6.499999761581420898e-02
4.646040201187133789e-01 -4.059423804283142090e-01 6.499999761581420898e-02
4.647877216339111328e-01 -4.053872227668762207e-01 6.499999761581420898e-02
4.649714231491088867e-01 -4.048320651054382324e-01 6.499999761581420898e-02
4.651551246643066406e-01 -4.042769074440002441e-01 6.499999761581420898e-02
4.653388261795043945e-01 -4.037217497825622559e-01 6.499999761581420898e-02
4.655225276947021484e-01 -4.031665921211242676e-01 6.499999761581420898e-02
4.657062590122222900e-01 -4.026114344596862793e-01 6.499999761581420898e-02
4.658899605274200439e-01 -4.020562767982482910e-01 6.499999761581420898e-02
4.660736620426177979e-01 -4.015011191368103027e-01 6.499999761581420898e-02
4.662573635578155518e-01 -4.009459614753723145e-01 6.499999761581420898e-02
4.664410650730133057e-01 -4.003908038139343262e-01 6.499999761581420898e-02
4.673035442829132080e-01 -4.004985094070434570e-01 6.499999761581420898e-02
4.681660234928131104e-01 -4.006062448024749756e-01 6.499999761581420898e-02
4.690284729003906250e-01 -4.007139503955841064e-01 6.499999761581420898e-02
4.698909521102905273e-01 -4.008216559886932373e-01 6.499999761581420898e-02
4.707534313201904297e-01 -4.009293615818023682e-01 6.499999761581420898e-02
4.716158807277679443e-01 -4.010371267795562744e-01 6.499999761581420898e-02
4.716292023658752441e-01 -4.003467559814453125e-01 6.499999761581420898e-02
4.716424942016601562e-01 -3.996563553810119629e-01 6.499999761581420898e-02
4.716558158397674561e-01 -3.989659845829010010e-01 6.499999761581420898e-02
4.716691374778747559e-01 -3.982756137847900391e-01 6.499999761581420898e-02
4.716824591159820557e-01 -3.975852429866790771e-01 6.499999761581420898e-02
4.716957509517669678e-01 -3.968948423862457275e-01 6.499999761581420898e-02
4.717090725898742676e-01 -3.962044715881347656e-01 6.499999761581420898e-02
4.717223942279815674e-01 -3.955141007900238037e-01 6.499999761581420898e-02
4.717357158660888672e-01 -3.948237299919128418e-01 6.499999761581420898e-02
4.717490077018737793e-01 -3.941333293914794922e-01 6.499999761581420898e-02
4.717623293399810791e-01 -3.934429585933685303e-01 6.499999761581420898e-02
4.717756509780883789e-01 -3.927525877952575684e-01 6.499999761581420898e-02
4.717889726161956787e-01 -3.920622169971466064e-01 6.499999761581420898e-02
4.717953801155090332e-01 -3.913775086402893066e-01 6.499999761581420898e-02
4.717985093593597412e-01 -3.906955122947692871e-01 6.499999761581420898e-02
4.718016386032104492e-01 -3.900135159492492676e-01 6.499999761581420898e-02
4.718047976493835449e-01 -3.893315494060516357e-01 6.499999761581420898e-02
4.718079268932342529e-01 -3.886495530605316162e-01 6.499999761581420898e-02
4.718110561370849609e-01 -3.879675567150115967e-01 6.499999761581420898e-02
4.718141853809356689e-01 -3.872855603694915771e-01 6.499999761581420898e-02
4.718173146247863770e-01 -3.866035938262939453e-01 6.499999761581420898e-02
4.718204438686370850e-01 -3.859215974807739258e-01 6.499999761581420898e-02
4.718235731124877930e-01 -3.852396011352539062e-01 6.499999761581420898e-02
4.718267023563385010e-01 -3.845576047897338867e-01 6.499999761581420898e-02
4.718298614025115967e-01 -3.838756382465362549e-01 6.499999761581420898e-02
4.718520343303680420e-01 -3.832297325134277344e-01 6.499999761581420898e-02
4.719250500202178955e-01 -3.826801180839538574e-01 6.499999761581420898e-02
4.719980359077453613e-01 -3.821304738521575928e-01 6.499999761581420898e-02
4.720710217952728271e-01 -3.815808296203613281e-01 6.499999761581420898e-02
4.721440374851226807e-01 -3.810312151908874512e-01 6.499999761581420898e-02
4.722170233726501465e-01 -3.804815709590911865e-01 6.499999761581420898e-02
4.722900390625000000e-01 -3.799319267272949219e-01 6.499999761581420898e-02
4.723630249500274658e-01 -3.793823122978210449e-01 6.499999761581420898e-02
4.724360406398773193e-01 -3.788326680660247803e-01 6.499999761581420898e-02
4.725090265274047852e-01 -3.782830238342285156e-01 6.499999761581420898e-02
4.725820124149322510e-01 -3.777334094047546387e-01 6.499999761581420898e-02
4.726550281047821045e-01 -3.771837651729583740e-01 6.499999761581420898e-02
4.727280139923095703e-01 -3.766341209411621094e-01 6.499999761581420898e-02
4.727924168109893799e-01 -3.760843276977539062e-01 6.499999761581420898e-02
4.727926254272460938e-01 -3.755333423614501953e-01 6.499999761581420898e-02
4.727928042411804199e-01 -3.749823570251464844e-01 6.499999761581420898e-02
4.727930128574371338e-01 -3.744313716888427734e-01 6.499999761581420898e-02
4.727931916713714600e-01 -3.738803863525390625e-01 6.499999761581420898e-02
4.728074073791503906e-01 -3.732997179031372070e-01 6.499999761581420898e-02
4.728215932846069336e-01 -3.727190494537353516e-01 6.499999761581420898e-02
4.728358089923858643e-01 -3.721383512020111084e-01 6.499999761581420898e-02
4.728499948978424072e-01 -3.715576827526092529e-01 6.499999761581420898e-02
4.728642106056213379e-01 -3.709770143032073975e-01 6.499999761581420898e-02
4.728784263134002686e-01 -3.703963458538055420e-01 6.499999761581420898e-02
4.728926122188568115e-01 -3.698156774044036865e-01 6.499999761581420898e-02
4.729068279266357422e-01 -3.692350089550018311e-01 6.499999761581420898e-02
4.729210138320922852e-01 -3.686543107032775879e-01 6.499999761581420898e-02
4.729352295398712158e-01 -3.680736422538757324e-01 6.499999761581420898e-02
4.729494452476501465e-01 -3.674929738044738770e-01 6.499999761581420898e-02
4.729636311531066895e-01 -3.669123053550720215e-01 6.499999761581420898e-02
4.729778468608856201e-01 -3.663316369056701660e-01 6.499999761581420898e-02
4.729920327663421631e-01 -3.657509386539459229e-01 6.499999761581420898e-02
4.730032086372375488e-01 -3.651337325572967529e-01 6.499999761581420898e-02
4.730119109153747559e-01 -3.644866049289703369e-01 6.499999761581420898e-02
4.730206131935119629e-01 -3.638394773006439209e-01 6.499999761581420898e-02
4.730293154716491699e-01 -3.631923496723175049e-01 6.499999761581420898e-02
4.730380177497863770e-01 -3.625452220439910889e-01 6.499999761581420898e-02
4.730467200279235840e-01 -3.618980944156646729e-01 6.499999761581420898e-02
4.730554223060607910e-01 -3.612509667873382568e-01 6.499999761581420898e-02
4.730640947818756104e-01 -3.606038689613342285e-01 6.499999761581420898e-02
4.730727970600128174e-01 -3.599567413330078125e-01 6.499999761581420898e-02
4.730814993381500244e-01 -3.593096137046813965e-01 6.499999761581420898e-02
4.730902016162872314e-01 -3.586624860763549805e-01 6.499999761581420898e-02
4.730989038944244385e-01 -3.580153584480285645e-01 6.499999761581420898e-02
4.731076061725616455e-01 -3.573682308197021484e-01 6.499999761581420898e-02
4.731417000293731689e-01 -3.567603528499603271e-01 6.499999761581420898e-02
4.732240736484527588e-01 -3.562271296977996826e-01 6.499999761581420898e-02
4.733064770698547363e-01 -3.556938767433166504e-01 6.499999761581420898e-02
4.733888804912567139e-01 -3.551606535911560059e-01 6.499999761581420898e-02
4.734712541103363037e-01 -3.546274304389953613e-01 6.499999761581420898e-02
4.735536575317382812e-01 -3.540942072868347168e-01 6.499999761581420898e-02
4.736360609531402588e-01 -3.535609543323516846e-01 6.499999761581420898e-02
4.737184345722198486e-01 -3.530277311801910400e-01 6.499999761581420898e-02
4.738008379936218262e-01 -3.524945080280303955e-01 6.499999761581420898e-02
4.738832414150238037e-01 -3.519612848758697510e-01 6.499999761581420898e-02
4.739656448364257812e-01 -3.514280319213867188e-01 6.499999761581420898e-02
4.740480184555053711e-01 -3.508948087692260742e-01 6.499999761581420898e-02
4.741304218769073486e-01 -3.503615856170654297e-01 6.499999761581420898e-02
4.742128252983093262e-01 -3.498283624649047852e-01 6.499999761581420898e-02
4.742951989173889160e-01 -3.492951095104217529e-01 6.499999761581420898e-02
4.743829965591430664e-01 -3.487519025802612305e-01 6.499999761581420898e-02
4.744709432125091553e-01 -3.482084274291992188e-01 6.499999761581420898e-02
4.745588600635528564e-01 -3.476649224758148193e-01 6.499999761581420898e-02
4.746468067169189453e-01 -3.471214473247528076e-01 6.499999761581420898e-02
4.747347235679626465e-01 -3.465779721736907959e-01 6.499999761581420898e-02
4.748226702213287354e-01 -3.460344672203063965e-01 6.499999761581420898e-02
4.749106168746948242e-01 -3.454909920692443848e-01 6.499999761581420898e-02
4.749985337257385254e-01 -3.449475169181823730e-01 6.499999761581420898e-02
4.750864803791046143e-01 -3.444040119647979736e-01 6.499999761581420898e-02
4.751743972301483154e-01 -3.438605368137359619e-01 6.499999761581420898e-02
4.752623438835144043e-01 -3.433170616626739502e-01 6.499999761581420898e-02
4.753502905368804932e-01 -3.427735567092895508e-01 6.499999761581420898e-02
4.754193723201751709e-01 -3.422020375728607178e-01 6.499999761581420898e-02
4.754659235477447510e-01 -3.415969014167785645e-01 6.499999761581420898e-02
4.755124747753143311e-01 -3.409917950630187988e-01 6.499999761581420898e-02
4.755590260028839111e-01 -3.403866589069366455e-01 6.499999761581420898e-02
4.756055772304534912e-01 -3.397815227508544922e-01 6.499999761581420898e-02
4.756520986557006836e-01 -3.391764163970947266e-01 6.499999761581420898e-02
4.756986498832702637e-01 -3.385712802410125732e-01 6.499999761581420898e-02
4.757452011108398438e-01 -3.379661440849304199e-01 6.499999761581420898e-02
4.757917523384094238e-01 -3.373610377311706543e-01 6.499999761581420898e-02
4.758382737636566162e-01 -3.367559015750885010e-01 6.499999761581420898e-02
4.758848249912261963e-01 -3.361507952213287354e-01 6.499999761581420898e-02
4.759313762187957764e-01 -3.355456590652465820e-01 6.499999761581420898e-02
4.759779274463653564e-01 -3.349405229091644287e-01 6.499999761581420898e-02
4.760244488716125488e-01 -3.343354165554046631e-01 6.499999761581420898e-02
4.760710000991821289e-01 -3.337302803993225098e-01 6.499999761581420898e-02
4.761200547218322754e-01 -3.331180512905120850e-01 6.499999761581420898e-02
4.761740267276763916e-01 -3.324917852878570557e-01 6.499999761581420898e-02
4.762280285358428955e-01 -3.318655192852020264e-01 6.499999761581420898e-02
4.762820303440093994e-01 -3.312392234802246094e-01 6.499999761581420898e-02
4.763360023498535156e-01 -3.306129574775695801e-01 6.499999761581420898e-02
4.763900041580200195e-01 -3.299866914749145508e-01 6.499999761581420898e-02
4.764439761638641357e-01 -3.293604254722595215e-01 6.499999761581420898e-02
4.764979779720306396e-01 -3.287341296672821045e-01 6.499999761581420898e-02
4.765519797801971436e-01 -3.281078636646270752e-01 6.499999761581420898e-02
4.766059517860412598e-01 -3.274815976619720459e-01 6.499999761581420898e-02
4.766599535942077637e-01 -3.268553316593170166e-01 6.499999761581420898e-02
4.767139256000518799e-01 -3.262290358543395996e-01 6.499999761581420898e-02
4.767679274082183838e-01 -3.256027698516845703e-01 6.499999761581420898e-02
4.768219292163848877e-01 -3.249765038490295410e-01 6.499999761581420898e-02
4.768759012222290039e-01 -3.243502080440521240e-01 6.499999761581420898e-02
4.769232273101806641e-01 -3.237139880657196045e-01 6.499999761581420898e-02
4.769641458988189697e-01 -3.230682015419006348e-01 6.499999761581420898e-02
4.770050942897796631e-01 -3.224224150180816650e-01 6.499999761581420898e-02
4.770460128784179688e-01 -3.217766284942626953e-01 6.499999761581420898e-02
4.770869612693786621e-01 -3.211308419704437256e-01 6.499999761581420898e-02
4.771278798580169678e-01 -3.204850554466247559e-01 6.499999761581420898e-02
4.771687984466552734e-01 -3.198392689228057861e-01 6.499999761581420898e-02
4.772097468376159668e-01 -3.191934823989868164e-01 6.499999761581420898e-02
4.772506654262542725e-01 -3.185476958751678467e-01 6.499999761581420898e-02
4.772916138172149658e-01 -3.179019093513488770e-01 6.499999761581420898e-02
4.773325324058532715e-01 -3.172561228275299072e-01 6.499999761581420898e-02
4.773734807968139648e-01 -3.166103363037109375e-01 6.499999761581420898e-02
4.774143993854522705e-01 -3.159645795822143555e-01 6.499999761581420898e-02
4.774553179740905762e-01 -3.153187632560729980e-01 6.499999761581420898e-02
4.774962663650512695e-01 -3.146729767322540283e-01 6.499999761581420898e-02
4.775185286998748779e-01 -3.140162527561187744e-01 6.499999761581420898e-02
4.775359630584716797e-01 -3.133566677570343018e-01 6.499999761581420898e-02
4.775534272193908691e-01 -3.126971125602722168e-01 6.499999761581420898e-02
4.775708615779876709e-01 -3.120375275611877441e-01 6.499999761581420898e-02
4.775883257389068604e-01 -3.113779425621032715e-01 6.499999761581420898e-02
4.776057600975036621e-01 -3.107183873653411865e-01 6.499999761581420898e-02
4.776232242584228516e-01 -3.100588023662567139e-01 6.499999761581420898e-02
4.776406586170196533e-01 -3.093992471694946289e-01 6.499999761581420898e-02
4.776581227779388428e-01 -3.087396621704101562e-01 6.499999761581420898e-02
4.776755571365356445e-01 -3.080800771713256836e-01 6.499999761581420898e-02
4.776930212974548340e-01 -3.074205219745635986e-01 6.499999761581420898e-02
4.777104854583740234e-01 -3.067609369754791260e-01 6.499999761581420898e-02
4.777279198169708252e-01 -3.061013817787170410e-01 6.499999761581420898e-02
4.777453839778900146e-01 -3.054417967796325684e-01 6.499999761581420898e-02
4.777580499649047852e-01 -3.047676384449005127e-01 6.499999761581420898e-02
4.777609109878540039e-01 -3.040636777877807617e-01 6.499999761581420898e-02
4.777638018131256104e-01 -3.033597171306610107e-01 6.499999761581420898e-02
4.777666628360748291e-01 -3.026557564735412598e-01 6.499999761581420898e-02
4.777695238590240479e-01 -3.019517660140991211e-01 6.499999761581420898e-02
4.777724146842956543e-01 -3.012478053569793701e-01 6.499999761581420898e-02
4.777752757072448730e-01 -3.005438446998596191e-01 6.499999761581420898e-02
4.777781665325164795e-01 -2.998398542404174805e-01 6.499999761581420898e-02
4.777810275554656982e-01 -2.991358935832977295e-01 6.499999761581420898e-02
4.777839183807373047e-01 -2.984319329261779785e-01 6.499999761581420898e-02
4.777867794036865234e-01 -2.977279424667358398e-01 6.499999761581420898e-02
4.777896702289581299e-01 -2.970239818096160889e-01 6.499999761581420898e-02
4.777925312519073486e-01 -2.963200211524963379e-01 6.499999761581420898e-02
4.777953922748565674e-01 -2.956160604953765869e-01 6.499999761581420898e-02
4.777982831001281738e-01 -2.949120700359344482e-01 6.499999761581420898e-02
4.778011441230773926e-01 -2.942081093788146973e-01 6.499999761581420898e-02
4.778035283088684082e-01 -2.934997379779815674e-01 6.499999761581420898e-02
4.778040051460266113e-01 -2.927743196487426758e-01 6.499999761581420898e-02
4.778044819831848145e-01 -2.920489311218261719e-01 6.499999761581420898e-02
4.778049588203430176e-01 -2.913235425949096680e-01 6.499999761581420898e-02
4.778054356575012207e-01 -2.905981242656707764e-01 6.499999761581420898e-02
4.778059124946594238e-01 -2.898727357387542725e-01 6.499999761581420898e-02
4.778063893318176270e-01 -2.891473174095153809e-01 6.499999761581420898e-02
4.778068661689758301e-01 -2.884219288825988770e-01 6.499999761581420898e-02
4.778073430061340332e-01 -2.876965105533599854e-01 6.499999761581420898e-02
4.778078198432922363e-01 -2.869711220264434814e-01 6.499999761581420898e-02
4.778082966804504395e-01 -2.862457036972045898e-01 6.499999761581420898e-02
4.778087735176086426e-01 -2.855203151702880859e-01 6.499999761581420898e-02
4.778092503547668457e-01 -2.847948968410491943e-01 6.499999761581420898e-02
4.778097271919250488e-01 -2.840695083141326904e-01 6.499999761581420898e-02
4.778102040290832520e-01 -2.833440899848937988e-01 6.499999761581420898e-02
4.778106808662414551e-01 -2.826187014579772949e-01 6.499999761581420898e-02
4.778111577033996582e-01 -2.818932831287384033e-01 6.499999761581420898e-02
4.778458178043365479e-01 -2.811585068702697754e-01 6.499999761581420898e-02
4.779038727283477783e-01 -2.804173231124877930e-01 6.499999761581420898e-02
4.779619276523590088e-01 -2.796761095523834229e-01 6.499999761581420898e-02
4.780199825763702393e-01 -2.789349257946014404e-01 6.499999761581420898e-02
4.780780375003814697e-01 -2.781937122344970703e-01 6.499999761581420898e-02
4.781360924243927002e-01 -2.774525284767150879e-01 6.499999761581420898e-02
4.781941473484039307e-01 -2.767113149166107178e-01 6.499999761581420898e-02
4.782522022724151611e-01 -2.759701311588287354e-01 6.499999761581420898e-02
4.783102571964263916e-01 -2.752289175987243652e-01 6.499999761581420898e-02
4.783683121204376221e-01 -2.744877338409423828e-01 6.499999761581420898e-02
4.784263670444488525e-01 -2.737465202808380127e-01 6.499999761581420898e-02
4.784844219684600830e-01 -2.730053067207336426e-01 6.499999761581420898e-02
4.785424768924713135e-01 -2.722641229629516602e-01 6.499999761581420898e-02
4.786005318164825439e-01 -2.715229094028472900e-01 6.499999761581420898e-02
4.786585867404937744e-01 -2.707817256450653076e-01 6.499999761581420898e-02
4.787166416645050049e-01 -2.700405120849609375e-01 6.499999761581420898e-02
4.787746965885162354e-01 -2.692993283271789551e-01 6.499999761581420898e-02
4.789340496063232422e-01 -2.686049640178680420e-01 6.499999761581420898e-02
4.791953563690185547e-01 -2.679577469825744629e-01 6.499999761581420898e-02
4.794566929340362549e-01 -2.673105001449584961e-01 6.499999761581420898e-02
4.797180294990539551e-01 -2.666632831096649170e-01 6.499999761581420898e-02
4.799793660640716553e-01 -2.660160660743713379e-01 6.499999761581420898e-02
4.802406728267669678e-01 -2.653688490390777588e-01 6.499999761581420898e-02
4.805020093917846680e-01 -2.647216320037841797e-01 6.499999761581420898e-02
4.807633459568023682e-01 -2.640744149684906006e-01 6.499999761581420898e-02
4.810246825218200684e-01 -2.634271979331970215e-01 6.499999761581420898e-02
4.812859892845153809e-01 -2.627799510955810547e-01 6.499999761581420898e-02
4.815473258495330811e-01 -2.621327638626098633e-01 6.499999761581420898e-02
4.818086624145507812e-01 -2.614855170249938965e-01 6.499999761581420898e-02
4.820699989795684814e-01 -2.608382999897003174e-01 6.499999761581420898e-02
4.823313057422637939e-01 -2.601910829544067383e-01 6.499999761581420898e-02
4.825926423072814941e-01 -2.595438659191131592e-01 6.499999761581420898e-02
4.828530251979827881e-01 -2.588976323604583740e-01 6.499999761581420898e-02
4.831109344959259033e-01 -2.582539618015289307e-01 6.499999761581420898e-02
4.833688735961914062e-01 -2.576102912425994873e-01 6.499999761581420898e-02
4.836267828941345215e-01 -2.569666206836700439e-01 6.499999761581420898e-02
4.838846921920776367e-01 -2.563229501247406006e-01 6.499999761581420898e-02
4.841426014900207520e-01 -2.556792795658111572e-01 6.499999761581420898e-02
4.844005107879638672e-01 -2.550356090068817139e-01 6.499999761581420898e-02
4.846584498882293701e-01 -2.543919384479522705e-01 6.499999761581420898e-02
4.849163591861724854e-01 -2.537482678890228271e-01 6.499999761581420898e-02
4.851742684841156006e-01 -2.531045973300933838e-01 6.499999761581420898e-02
4.854321777820587158e-01 -2.524609267711639404e-01 6.499999761581420898e-02
4.856900870800018311e-01 -2.518172562122344971e-01 6.499999761581420898e-02
4.859480261802673340e-01 -2.511735856533050537e-01 6.499999761581420898e-02
4.862059354782104492e-01 -2.505299150943756104e-01 6.499999761581420898e-02
4.864638447761535645e-01 -2.498862445354461670e-01 6.499999761581420898e-02
4.867165982723236084e-01 -2.492441385984420776e-01 6.499999761581420898e-02
4.869524836540222168e-01 -2.486071437597274780e-01 6.499999761581420898e-02
4.871883392333984375e-01 -2.479701340198516846e-01 6.499999761581420898e-02
4.874242246150970459e-01 -2.473331242799758911e-01 6.499999761581420898e-02
4.876601099967956543e-01 -2.466961294412612915e-01 6.499999761581420898e-02
4.878959655761718750e-01 -2.460591346025466919e-01 6.499999761581420898e-02
4.881318509578704834e-01 -2.454221248626708984e-01 6.499999761581420898e-02
4.883677065372467041e-01 -2.447851151227951050e-01 6.499999761581420898e-02
4.886035919189453125e-01 -2.441481202840805054e-01 6.499999761581420898e-02
4.888394474983215332e-01 -2.435111105442047119e-01 6.499999761581420898e-02
4.890753328800201416e-01 -2.428741157054901123e-01 6.499999761581420898e-02
4.893112182617187500e-01 -2.422371208667755127e-01 6.499999761581420898e-02
4.895470738410949707e-01 -2.416001111268997192e-01 6.499999761581420898e-02
4.897829592227935791e-01 -2.409631013870239258e-01 6.499999761581420898e-02
4.900188148021697998e-01 -2.403261065483093262e-01 6.499999761581420898e-02
4.900499284267425537e-01 -2.396616786718368530e-01 6.499999761581420898e-02
4.899901151657104492e-01 -2.389850765466690063e-01 6.499999761581420898e-02
4.899303019046783447e-01 -2.383084744215011597e-01 6.499999761581420898e-02
4.898705184459686279e-01 -2.376318573951721191e-01 6.499999761581420898e-02
4.898107051849365234e-01 -2.369552552700042725e-01 6.499999761581420898e-02
4.897508919239044189e-01 -2.362786531448364258e-01 6.499999761581420898e-02
4.896910786628723145e-01 -2.356020510196685791e-01 6.499999761581420898e-02
4.896312654018402100e-01 -2.349254339933395386e-01 6.499999761581420898e-02
4.895714521408081055e-01 -2.342488318681716919e-01 6.499999761581420898e-02
4.895116388797760010e-01 -2.335722148418426514e-01 6.499999761581420898e-02
4.894518554210662842e-01 -2.328956276178359985e-01 6.499999761581420898e-02
4.893920421600341797e-01 -2.322190105915069580e-01 6.499999761581420898e-02
4.893322288990020752e-01 -2.315424084663391113e-01 6.499999761581420898e-02
4.892661869525909424e-01 -2.308413535356521606e-01 6.499999761581420898e-02
4.891915917396545410e-01 -2.301066517829895020e-01 6.499999761581420898e-02
4.891169965267181396e-01 -2.293719500303268433e-01 6.499999761581420898e-02
4.890424013137817383e-01 -2.286372333765029907e-01 6.499999761581420898e-02
4.889678359031677246e-01 -2.279025316238403320e-01 6.499999761581420898e-02
4.888932406902313232e-01 -2.271678149700164795e-01 6.499999761581420898e-02
4.888186454772949219e-01 -2.264330983161926270e-01 6.499999761581420898e-02
4.887440502643585205e-01 -2.256984114646911621e-01 6.499999761581420898e-02
4.886694550514221191e-01 -2.249636948108673096e-01 6.499999761581420898e-02
4.885948598384857178e-01 -2.242289781570434570e-01 6.499999761581420898e-02
4.885202646255493164e-01 -2.234942764043807983e-01 6.499999761581420898e-02
4.884456694126129150e-01 -2.227595597505569458e-01 6.499999761581420898e-02
4.883710741996765137e-01 -2.220248579978942871e-01 6.499999761581420898e-02
4.882964789867401123e-01 -2.212901413440704346e-01 6.499999761581420898e-02
4.882218837738037109e-01 -2.205554395914077759e-01 6.499999761581420898e-02
4.881472885608673096e-01 -2.198207229375839233e-01 6.499999761581420898e-02
4.880726933479309082e-01 -2.190860211849212646e-01 6.499999761581420898e-02
4.879969954490661621e-01 -2.183375060558319092e-01 6.499999761581420898e-02
4.879212081432342529e-01 -2.175876349210739136e-01 6.499999761581420898e-02
4.878453910350799561e-01 -2.168377637863159180e-01 6.499999761581420898e-02
4.877695739269256592e-01 -2.160878926515579224e-01 6.499999761581420898e-02
4.876937866210937500e-01 -2.153380364179611206e-01 6.499999761581420898e-02
4.876179695129394531e-01 -2.145881801843643188e-01 6.499999761581420898e-02
4.875421524047851562e-01 -2.138383090496063232e-01 6.499999761581420898e-02
4.874663650989532471e-01 -2.130884379148483276e-01 6.499999761581420898e-02
4.873905479907989502e-01 -2.123385667800903320e-01 6.499999761581420898e-02
4.873147308826446533e-01 -2.115886956453323364e-01 6.499999761581420898e-02
4.872389435768127441e-01 -2.108388394117355347e-01 6.499999761581420898e-02
4.871631264686584473e-01 -2.100889682769775391e-01 6.499999761581420898e-02
4.870873093605041504e-01 -2.093390971422195435e-01 6.499999761581420898e-02
4.870115220546722412e-01 -2.085892260074615479e-01 6.499999761581420898e-02
4.869357049465179443e-01 -2.078393548727035522e-01 6.499999761581420898e-02
4.868598878383636475e-01 -2.070894986391067505e-01 6.499999761581420898e-02
4.867841005325317383e-01 -2.063396275043487549e-01 6.499999761581420898e-02
4.863063097000122070e-01 -2.058354616165161133e-01 6.499999761581420898e-02
4.857261180877685547e-01 -2.053938806056976318e-01 6.499999761581420898e-02
4.851459264755249023e-01 -2.049523144960403442e-01 6.499999761581420898e-02
4.845657646656036377e-01 -2.045107483863830566e-01 6.499999761581420898e-02
4.839855730533599854e-01 -2.040691822767257690e-01 6.499999761581420898e-02
4.834053814411163330e-01 -2.036276012659072876e-01 6.499999761581420898e-02
4.828251898288726807e-01 -2.031860351562500000e-01 6.499999761581420898e-02
4.822449982166290283e-01 -2.027444541454315186e-01 6.499999761581420898e-02
4.816648364067077637e-01 -2.023029029369354248e-01 6.499999761581420898e-02
4.810846447944641113e-01 -2.018613219261169434e-01 6.499999761581420898e-02
4.805044531822204590e-01 -2.014197558164596558e-01 6.499999761581420898e-02
4.799242615699768066e-01 -2.009781748056411743e-01 6.499999761581420898e-02
4.793440699577331543e-01 -2.005366086959838867e-01 6.499999761581420898e-02
4.787639081478118896e-01 -2.000950425863265991e-01 6.499999761581420898e-02
4.781427085399627686e-01 -1.996826827526092529e-01 6.499999761581420898e-02
4.775074124336242676e-01 -1.992803663015365601e-01 6.499999761581420898e-02
4.768721461296081543e-01 -1.988780647516250610e-01 6.499999761581420898e-02
4.762368500232696533e-01 -1.984757483005523682e-01 6.499999761581420898e-02
4.756015539169311523e-01 -1.980734467506408691e-01 6.499999761581420898e-02
4.749662578105926514e-01 -1.976711302995681763e-01 6.499999761581420898e-02
4.743309617042541504e-01 -1.972688287496566772e-01 6.499999761581420898e-02
4.736956655979156494e-01 -1.968665122985839844e-01 6.499999761581420898e-02
4.730603694915771484e-01 -1.964641958475112915e-01 6.499999761581420898e-02
4.724251031875610352e-01 -1.960618942975997925e-01 6.499999761581420898e-02
4.717898070812225342e-01 -1.956595927476882935e-01 6.499999761581420898e-02
4.711545109748840332e-01 -1.952572762966156006e-01 6.499999761581420898e-02
4.705192148685455322e-01 -1.948549747467041016e-01 6.499999761581420898e-02
4.698839187622070312e-01 -1.944526582956314087e-01 6.499999761581420898e-02
4.692486226558685303e-01 -1.940503567457199097e-01 6.499999761581420898e-02
4.686133265495300293e-01 -1.936480402946472168e-01 6.499999761581420898e-02
4.678723812103271484e-01 -1.933401823043823242e-01 6.499999761581420898e-02
4.671113789081573486e-01 -1.930502206087112427e-01 6.499999761581420898e-02
4.663504064083099365e-01 -1.927602589130401611e-01 6.499999761581420898e-02
4.655894339084625244e-01 -1.924702972173690796e-01 6.499999761581420898e-02
4.648284614086151123e-01 -1.921803355216979980e-01 6.499999761581420898e-02
4.640674889087677002e-01 -1.918903738260269165e-01 6.499999761581420898e-02
4.633064866065979004e-01 -1.916004121303558350e-01 6.499999761581420898e-02
4.625455141067504883e-01 -1.913104355335235596e-01 6.499999761581420898e-02
4.617845416069030762e-01 -1.910204738378524780e-01 6.499999761581420898e-02
4.610235691070556641e-01 -1.907305121421813965e-01 6.499999761581420898e-02
4.602625966072082520e-01 -1.904405504465103149e-01 6.499999761581420898e-02
4.595015943050384521e-01 -1.901505887508392334e-01 6.499999761581420898e-02
4.587406218051910400e-01 -1.898606270551681519e-01 6.499999761581420898e-02
4.579796493053436279e-01 -1.895706653594970703e-01 6.499999761581420898e-02
4.572186768054962158e-01 -1.892807036638259888e-01 6.499999761581420898e-02
4.564576745033264160e-01 -1.889907270669937134e-01 6.499999761581420898e-02
4.556967020034790039e-01 -1.887007653713226318e-01 6.499999761581420898e-02
4.549357295036315918e-01 -1.884108036756515503e-01 6.499999761581420898e-02
4.541747570037841797e-01 -1.881208419799804688e-01 6.499999761581420898e-02
4.534137845039367676e-01 -1.878308802843093872e-01 6.499999761581420898e-02
4.526527822017669678e-01 -1.875409185886383057e-01 6.499999761581420898e-02
4.518918097019195557e-01 -1.872509419918060303e-01 6.499999761581420898e-02
4.511308372020721436e-01 -1.869609802961349487e-01 6.499999761581420898e-02
4.503698647022247314e-01 -1.866710186004638672e-01 6.499999761581420898e-02
4.496088922023773193e-01 -1.863810569047927856e-01 6.499999761581420898e-02
4.488478899002075195e-01 -1.860910952091217041e-01 6.499999761581420898e-02
4.480869174003601074e-01 -1.858011335134506226e-01 6.499999761581420898e-02
4.473259449005126953e-01 -1.855111718177795410e-01 6.499999761581420898e-02
4.467346370220184326e-01 -1.851430833339691162e-01 6.499999761581420898e-02
4.464740157127380371e-01 -1.846227347850799561e-01 6.499999761581420898e-02
4.462133944034576416e-01 -1.841023713350296021e-01 6.499999761581420898e-02
4.459528028964996338e-01 -1.835820227861404419e-01 6.499999761581420898e-02
4.456921815872192383e-01 -1.830616742372512817e-01 6.499999761581420898e-02
4.454315900802612305e-01 -1.825413256883621216e-01 6.499999761581420898e-02
4.451709687709808350e-01 -1.820209622383117676e-01 6.499999761581420898e-02
4.449103474617004395e-01 -1.815005987882614136e-01 6.499999761581420898e-02
4.446497261524200439e-01 -1.809802651405334473e-01 6.499999761581420898e-02
4.443891346454620361e-01 -1.804599165916442871e-01 6.499999761581420898e-02
4.441285133361816406e-01 -1.799395531415939331e-01 6.499999761581420898e-02
4.438679218292236328e-01 -1.794192045927047729e-01 6.499999761581420898e-02
4.436070322990417480e-01 -1.788984984159469604e-01 6.499999761581420898e-02
4.433053135871887207e-01 -1.783219873905181885e-01 6.499999761581420898e-02
4.430035650730133057e-01 -1.777454614639282227e-01 6.499999761581420898e-02
4.427018165588378906e-01 -1.771689206361770630e-01 6.499999761581420898e-02
4.424000680446624756e-01 -1.765924096107482910e-01 6.499999761581420898e-02
4.420983195304870605e-01 -1.760158687829971313e-01 6.499999761581420898e-02
4.417965710163116455e-01 -1.754393428564071655e-01 6.499999761581420898e-02
4.414948225021362305e-01 -1.748628318309783936e-01 6.499999761581420898e-02
4.411930739879608154e-01 -1.742862910032272339e-01 6.499999761581420898e-02
4.408913552761077881e-01 -1.737097650766372681e-01 6.499999761581420898e-02
4.405895769596099854e-01 -1.731332242488861084e-01 6.499999761581420898e-02
4.402878582477569580e-01 -1.725567132234573364e-01 6.499999761581420898e-02
4.399861097335815430e-01 -1.719801872968673706e-01 6.499999761581420898e-02
4.397175908088684082e-01 -1.714120954275131226e-01 6.499999761581420898e-02
4.396277666091918945e-01 -1.708893775939941406e-01 6.499999761581420898e-02
4.395379126071929932e-01 -1.703666448593139648e-01 6.499999761581420898e-02
4.394480586051940918e-01 -1.698439419269561768e-01 6.499999761581420898e-02
4.393582344055175781e-01 -1.693212240934371948e-01 6.499999761581420898e-02
4.392683804035186768e-01 -1.687985062599182129e-01 6.499999761581420898e-02
4.391785562038421631e-01 -1.682757884263992310e-01 6.499999761581420898e-02
4.390887022018432617e-01 -1.677530705928802490e-01 6.499999761581420898e-02
4.389988481998443604e-01 -1.672303527593612671e-01 6.499999761581420898e-02
4.389090240001678467e-01 -1.667076498270034790e-01 6.499999761581420898e-02
4.388191699981689453e-01 -1.661849170923233032e-01 6.499999761581420898e-02
4.387293159961700439e-01 -1.656621992588043213e-01 6.499999761581420898e-02
4.386394917964935303e-01 -1.651394814252853394e-01 6.499999761581420898e-02
4.385496377944946289e-01 -1.646167635917663574e-01 6.499999761581420898e-02
4.384598135948181152e-01 -1.640940606594085693e-01 6.499999761581420898e-02
4.383906126022338867e-01 -1.635579019784927368e-01 6.499999761581420898e-02
4.383501112461090088e-01 -1.630031019449234009e-01 6.499999761581420898e-02
4.383096098899841309e-01 -1.624482870101928711e-01 6.499999761581420898e-02
4.382691085338592529e-01 -1.618935018777847290e-01 6.499999761581420898e-02
4.382286071777343750e-01 -1.613387167453765869e-01 6.499999761581420898e-02
4.381881058216094971e-01 -1.607839018106460571e-01 6.499999761581420898e-02
4.381476342678070068e-01 -1.602291017770767212e-01 6.499999761581420898e-02
4.381071329116821289e-01 -1.596742868423461914e-01 6.499999761581420898e-02
4.380666315555572510e-01 -1.591195017099380493e-01 6.499999761581420898e-02
4.380261301994323730e-01 -1.585647016763687134e-01 6.499999761581420898e-02
4.379856288433074951e-01 -1.580098867416381836e-01 6.499999761581420898e-02
4.379451274871826172e-01 -1.574551016092300415e-01 6.499999761581420898e-02
4.379193782806396484e-01 -1.569872349500656128e-01 6.499999761581420898e-02
4.379006624221801758e-01 -1.565608531236648560e-01 6.499999761581420898e-02
4.378819167613983154e-01 -1.561344712972640991e-01 6.499999761581420898e-02
4.378632009029388428e-01 -1.557080894708633423e-01 6.499999761581420898e-02
4.378444850444793701e-01 -1.552817076444625854e-01 6.499999761581420898e-02
4.378257691860198975e-01 -1.548553109169006348e-01 6.499999761581420898e-02
4.378070533275604248e-01 -1.544289290904998779e-01 6.499999761581420898e-02
4.377883374691009521e-01 -1.540025621652603149e-01 6.499999761581420898e-02
4.377696216106414795e-01 -1.535761654376983643e-01 6.499999761581420898e-02
4.377509057521820068e-01 -1.531497836112976074e-01 6.499999761581420898e-02
4.377321600914001465e-01 -1.527233868837356567e-01 6.499999761581420898e-02
4.377134442329406738e-01 -1.522970050573348999e-01 6.499999761581420898e-02
4.376947283744812012e-01 -1.518706381320953369e-01 6.499999761581420898e-02
4.376572966575622559e-01 -1.510178595781326294e-01 6.499999761581420898e-02
4.376662671566009521e-01 -1.504120528697967529e-01 6.499999761581420898e-02
4.376752376556396484e-01 -1.498062163591384888e-01 6.499999761581420898e-02
4.376842081546783447e-01 -1.492004096508026123e-01 6.499999761581420898e-02
4.376931488513946533e-01 -1.485945731401443481e-01 6.499999761581420898e-02
4.377021193504333496e-01 -1.479887664318084717e-01 6.499999761581420898e-02
4.377080202102661133e-01 -1.473827958106994629e-01 6.499999761581420898e-02
4.377124607563018799e-01 -1.467767506837844849e-01 6.499999761581420898e-02
4.377169013023376465e-01 -1.461707204580307007e-01 6.499999761581420898e-02
4.377213418483734131e-01 -1.455646604299545288e-01 6.499999761581420898e-02
4.377257525920867920e-01 -1.449586302042007446e-01 6.499999761581420898e-02
4.377301931381225586e-01 -1.443525999784469604e-01 6.499999761581420898e-02
4.377346336841583252e-01 -1.437465548515319824e-01 6.499999761581420898e-02
4.377390742301940918e-01 -1.431405246257781982e-01 6.499999761581420898e-02
4.377435147762298584e-01 -1.425344645977020264e-01 6.499999761581420898e-02
4.377479255199432373e-01 -1.419284343719482422e-01 6.499999761581420898e-02
4.377523660659790039e-01 -1.413224041461944580e-01 6.499999761581420898e-02
4.377568066120147705e-01 -1.407163590192794800e-01 6.499999761581420898e-02
4.377612471580505371e-01 -1.401103287935256958e-01 6.499999761581420898e-02
4.377656877040863037e-01 -1.395042687654495239e-01 6.499999761581420898e-02
4.377700984477996826e-01 -1.388982385396957397e-01 6.499999761581420898e-02
4.377745389938354492e-01 -1.382922083139419556e-01 6.499999761581420898e-02
4.377789795398712158e-01 -1.376861631870269775e-01 6.499999761581420898e-02
4.377834200859069824e-01 -1.370801329612731934e-01 6.499999761581420898e-02
4.377879500389099121e-01 -1.364740580320358276e-01 6.499999761581420898e-02
4.377947747707366943e-01 -1.358675062656402588e-01 6.499999761581420898e-02
4.378015995025634766e-01 -1.352609694004058838e-01 6.499999761581420898e-02
4.378084242343902588e-01 -1.346544027328491211e-01 6.499999761581420898e-02
4.378152489662170410e-01 -1.340478658676147461e-01 6.499999761581420898e-02
4.378220736980438232e-01 -1.334413290023803711e-01 6.499999761581420898e-02
4.378288984298706055e-01 -1.328347474336624146e-01 6.499999761581420898e-02
4.378357231616973877e-01 -1.322281956672668457e-01 6.499999761581420898e-02
4.378425478935241699e-01 -1.316216588020324707e-01 6.499999761581420898e-02
4.378493726253509521e-01 -1.310151219367980957e-01 6.499999761581420898e-02
4.378561973571777344e-01 -1.304085850715637207e-01 6.499999761581420898e-02
4.378630220890045166e-01 -1.298019886016845703e-01 6.499999761581420898e-02
4.378698468208312988e-01 -1.291954517364501953e-01 6.499999761581420898e-02
4.378766715526580811e-01 -1.285889148712158203e-01 6.499999761581420898e-02
4.378834962844848633e-01 -1.279823780059814453e-01 6.499999761581420898e-02
4.378903210163116455e-01 -1.273758411407470703e-01 6.499999761581420898e-02
4.378971457481384277e-01 -1.267692446708679199e-01 6.499999761581420898e-02
4.379039704799652100e-01 -1.261627078056335449e-01 6.499999761581420898e-02
4.379107952117919922e-01 -1.255561709403991699e-01 6.499999761581420898e-02
4.379179477691650391e-01 -1.249492168426513672e-01 6.499999761581420898e-02
4.379256069660186768e-01 -1.243415996432304382e-01 6.499999761581420898e-02
4.379332661628723145e-01 -1.237339377403259277e-01 6.499999761581420898e-02
4.379408955574035645e-01 -1.231263279914855957e-01 6.499999761581420898e-02
4.379485547542572021e-01 -1.225187107920646667e-01 6.499999761581420898e-02
4.379562139511108398e-01 -1.219110935926437378e-01 6.499999761581420898e-02
4.379638731479644775e-01 -1.213034838438034058e-01 6.499999761581420898e-02
4.379715323448181152e-01 -1.206958219408988953e-01 6.499999761581420898e-02
4.379791617393493652e-01 -1.200882047414779663e-01 6.499999761581420898e-02
4.379868209362030029e-01 -1.194805949926376343e-01 6.499999761581420898e-02
4.379944801330566406e-01 -1.188729777932167053e-01 6.499999761581420898e-02
4.380021393299102783e-01 -1.182653605937957764e-01 6.499999761581420898e-02
4.380097985267639160e-01 -1.176576986908912659e-01 6.499999761581420898e-02
4.380174279212951660e-01 -1.170500889420509338e-01 6.499999761581420898e-02
4.380250871181488037e-01 -1.164424717426300049e-01 6.499999761581420898e-02
4.380327463150024414e-01 -1.158348619937896729e-01 6.499999761581420898e-02
4.380404055118560791e-01 -1.152272447943687439e-01 6.499999761581420898e-02
4.380480647087097168e-01 -1.146195828914642334e-01 6.499999761581420898e-02
4.380556941032409668e-01 -1.140119656920433044e-01 6.499999761581420898e-02
4.380650222301483154e-01 -1.134030446410179138e-01 6.499999761581420898e-02
4.380751550197601318e-01 -1.127934530377388000e-01 6.499999761581420898e-02
4.380853176116943359e-01 -1.121838614344596863e-01 6.499999761581420898e-02
4.380954504013061523e-01 -1.115742176771163940e-01 6.499999761581420898e-02
4.381055831909179688e-01 -1.109646260738372803e-01 6.499999761581420898e-02
4.381157457828521729e-01 -1.103550344705581665e-01 6.499999761581420898e-02
4.381258785724639893e-01 -1.097454428672790527e-01 6.499999761581420898e-02
4.381360411643981934e-01 -1.091358512639999390e-01 6.499999761581420898e-02
4.381461739540100098e-01 -1.085262149572372437e-01 6.499999761581420898e-02
4.381563365459442139e-01 -1.079166233539581299e-01 6.499999761581420898e-02
4.381664693355560303e-01 -1.073070317506790161e-01 6.499999761581420898e-02
4.381766021251678467e-01 -1.066974401473999023e-01 6.499999761581420898e-02
4.381867647171020508e-01 -1.060878485441207886e-01 6.499999761581420898e-02
4.381968975067138672e-01 -1.054782047867774963e-01 6.499999761581420898e-02
4.382070600986480713e-01 -1.048686131834983826e-01 6.499999761581420898e-02
4.382171928882598877e-01 -1.042590215802192688e-01 6.499999761581420898e-02
4.382273554801940918e-01 -1.036494299769401550e-01 6.499999761581420898e-02
4.382374882698059082e-01 -1.030398383736610413e-01 6.499999761581420898e-02
4.382476508617401123e-01 -1.024302020668983459e-01 6.499999761581420898e-02
4.382330179214477539e-01 -1.018403694033622742e-01 6.499999761581420898e-02
4.382131397724151611e-01 -1.012547090649604797e-01 6.499999761581420898e-02
4.381932616233825684e-01 -1.006690561771392822e-01 6.499999761581420898e-02
4.381733834743499756e-01 -1.000834032893180847e-01 6.499999761581420898e-02
4.381535351276397705e-01 -9.949770569801330566e-02 6.499999761581420898e-02
4.381336569786071777e-01 -9.891205281019210815e-02 6.499999761581420898e-02
4.381137788295745850e-01 -9.832639247179031372e-02 6.499999761581420898e-02
4.380939006805419922e-01 -9.774073958396911621e-02 6.499999761581420898e-02
4.380740523338317871e-01 -9.715508669614791870e-02 6.499999761581420898e-02
4.380541741847991943e-01 -9.656938910484313965e-02 6.499999761581420898e-02
4.380342960357666016e-01 -9.598373621702194214e-02 6.499999761581420898e-02
4.380144178867340088e-01 -9.539807587862014771e-02 6.499999761581420898e-02
4.379945397377014160e-01 -9.481242299079895020e-02 6.499999761581420898e-02
4.379746913909912109e-01 -9.422677010297775269e-02 6.499999761581420898e-02
4.379548132419586182e-01 -9.364107251167297363e-02 6.499999761581420898e-02
4.379349350929260254e-01 -9.305541962385177612e-02 6.499999761581420898e-02
4.379150569438934326e-01 -9.246976673603057861e-02 6.499999761581420898e-02
4.379042983055114746e-01 -9.188476949930191040e-02 6.499999761581420898e-02
4.379054903984069824e-01 -9.130065143108367920e-02 6.499999761581420898e-02
4.379066824913024902e-01 -9.071648865938186646e-02 6.499999761581420898e-02
4.379078745841979980e-01 -9.013237059116363525e-02 6.499999761581420898e-02
4.379090666770935059e-01 -8.954825252294540405e-02 6.499999761581420898e-02
4.379102587699890137e-01 -8.896413445472717285e-02 6.499999761581420898e-02
4.379114508628845215e-01 -8.838001638650894165e-02 6.499999761581420898e-02
4.379126429557800293e-01 -8.779585361480712891e-02 6.499999761581420898e-02
4.379138350486755371e-01 -8.721172809600830078e-02 6.499999761581420898e-02
4.379150271415710449e-01 -8.662761002779006958e-02 6.499999761581420898e-02
4.379162192344665527e-01 -8.604349195957183838e-02 6.499999761581420898e-02
4.379174113273620605e-01 -8.545937389135360718e-02 6.499999761581420898e-02
4.379186034202575684e-01 -8.487521111965179443e-02 6.499999761581420898e-02
4.379197955131530762e-01 -8.429109305143356323e-02 6.499999761581420898e-02
4.379209876060485840e-01 -8.370697498321533203e-02 6.499999761581420898e-02
4.379221796989440918e-01 -8.312284946441650391e-02 6.499999761581420898e-02
4.379233717918395996e-01 -8.253873139619827271e-02 6.499999761581420898e-02
4.379256367683410645e-01 -8.195514976978302002e-02 6.499999761581420898e-02
4.379392266273498535e-01 -8.137778192758560181e-02 6.499999761581420898e-02
4.379528164863586426e-01 -8.080041408538818359e-02 6.499999761581420898e-02
4.379664063453674316e-01 -8.022304624319076538e-02 6.499999761581420898e-02
4.379799962043762207e-01 -7.964567840099334717e-02 6.499999761581420898e-02
4.379935860633850098e-01 -7.906826585531234741e-02 6.499999761581420898e-02
4.380071759223937988e-01 -7.849089801311492920e-02 6.499999761581420898e-02
4.380207657814025879e-01 -7.791352272033691406e-02 6.499999761581420898e-02
4.380343556404113770e-01 -7.733615487813949585e-02 6.499999761581420898e-02
4.380479454994201660e-01 -7.675878703594207764e-02 6.499999761581420898e-02
4.380615353584289551e-01 -7.618137449026107788e-02 6.499999761581420898e-02
4.380751252174377441e-01 -7.560400664806365967e-02 6.499999761581420898e-02
4.380887150764465332e-01 -7.502663880586624146e-02 6.499999761581420898e-02
4.381023049354553223e-01 -7.444927096366882324e-02 6.499999761581420898e-02
4.381158947944641113e-01 -7.387190312147140503e-02 6.499999761581420898e-02
4.381294846534729004e-01 -7.329449057579040527e-02 6.499999761581420898e-02
4.381430745124816895e-01 -7.271712273359298706e-02 6.499999761581420898e-02
4.381566941738128662e-01 -7.213986665010452271e-02 6.499999761581420898e-02
4.381731152534484863e-01 -7.157018035650253296e-02 6.499999761581420898e-02
4.381895065307617188e-01 -7.100048661231994629e-02 6.499999761581420898e-02
4.382059276103973389e-01 -7.043075561523437500e-02 6.499999761581420898e-02
4.382223486900329590e-01 -6.986106932163238525e-02 6.499999761581420898e-02
4.382387399673461914e-01 -6.929137557744979858e-02 6.499999761581420898e-02
4.382551610469818115e-01 -6.872168928384780884e-02 6.499999761581420898e-02
4.382715523242950439e-01 -6.815199553966522217e-02 6.499999761581420898e-02
4.382879734039306641e-01 -6.758226454257965088e-02 6.499999761581420898e-02
4.383043944835662842e-01 -6.701257824897766113e-02 6.499999761581420898e-02
4.383207857608795166e-01 -6.644288450479507446e-02 6.499999761581420898e-02
4.383372068405151367e-01 -6.587319821119308472e-02 6.499999761581420898e-02
4.383535981178283691e-01 -6.530351191759109497e-02 6.499999761581420898e-02
4.383700191974639893e-01 -6.473377346992492676e-02 6.499999761581420898e-02
4.383864402770996094e-01 -6.416408717632293701e-02 6.499999761581420898e-02
4.384028315544128418e-01 -6.359440088272094727e-02 6.499999761581420898e-02
4.384192526340484619e-01 -6.302470713853836060e-02 6.499999761581420898e-02
4.384770393371582031e-01 -6.245746836066246033e-02 6.499999761581420898e-02
4.386469423770904541e-01 -6.189681217074394226e-02 6.499999761581420898e-02
4.388168454170227051e-01 -6.133620068430900574e-02 6.499999761581420898e-02
4.389867186546325684e-01 -6.077558919787406921e-02 6.499999761581420898e-02
4.391566216945648193e-01 -6.021497771143913269e-02 6.499999761581420898e-02
4.393264949321746826e-01 -5.965436622500419617e-02 6.499999761581420898e-02
4.394963979721069336e-01 -5.909371003508567810e-02 6.499999761581420898e-02
4.396662712097167969e-01 -5.853309854865074158e-02 6.499999761581420898e-02
4.398361742496490479e-01 -5.797248706221580505e-02 6.499999761581420898e-02
4.400060474872589111e-01 -5.741187557578086853e-02 6.499999761581420898e-02
4.401759505271911621e-01 -5.685126408934593201e-02 6.499999761581420898e-02
4.403458535671234131e-01 -5.629061162471771240e-02 6.499999761581420898e-02
4.405157268047332764e-01 -5.573000013828277588e-02 6.499999761581420898e-02
4.406856298446655273e-01 -5.516938865184783936e-02 6.499999761581420898e-02
4.408555030822753906e-01 -5.460877716541290283e-02 6.499999761581420898e-02
4.410254061222076416e-01 -5.404816567897796631e-02 6.499999761581420898e-02
4.411952793598175049e-01 -5.348750948905944824e-02 6.499999761581420898e-02
4.413651823997497559e-01 -5.292689800262451172e-02 6.499999761581420898e-02
4.415501952171325684e-01 -5.237403512001037598e-02 6.499999761581420898e-02
4.417757689952850342e-01 -5.184194818139076233e-02 6.499999761581420898e-02
4.420013427734375000e-01 -5.130986124277114868e-02 6.499999761581420898e-02
4.422269463539123535e-01 -5.077773705124855042e-02 6.499999761581420898e-02
4.424525201320648193e-01 -5.024565011262893677e-02 6.499999761581420898e-02
4.426781237125396729e-01 -4.971356689929962158e-02 6.499999761581420898e-02
4.429036974906921387e-01 -4.918147996068000793e-02 6.499999761581420898e-02
4.431292712688446045e-01 -4.864939674735069275e-02 6.499999761581420898e-02
4.433548748493194580e-01 -4.811726883053779602e-02 6.499999761581420898e-02
4.435804486274719238e-01 -4.758518561720848083e-02 6.499999761581420898e-02
4.438060224056243896e-01 -4.705309867858886719e-02 6.499999761581420898e-02
4.440316259860992432e-01 -4.652101546525955200e-02 6.499999761581420898e-02
4.442571997642517090e-01 -4.598892852663993835e-02 6.499999761581420898e-02
4.444828033447265625e-01 -4.545680433511734009e-02 6.499999761581420898e-02
4.447083771228790283e-01 -4.492471739649772644e-02 6.499999761581420898e-02
4.449339509010314941e-01 -4.439263045787811279e-02 6.499999761581420898e-02
4.451595246791839600e-01 -4.386054724454879761e-02 6.499999761581420898e-02
4.453851282596588135e-01 -4.332846030592918396e-02 6.499999761581420898e-02
4.456185996532440186e-01 -4.280347004532814026e-02 6.499999761581420898e-02
4.458565115928649902e-01 -4.228252917528152466e-02 6.499999761581420898e-02
4.460944533348083496e-01 -4.176158830523490906e-02 6.499999761581420898e-02
4.463323652744293213e-01 -4.124065116047859192e-02 6.499999761581420898e-02
4.465702772140502930e-01 -4.071971029043197632e-02 6.499999761581420898e-02
4.468081891536712646e-01 -4.019872844219207764e-02 6.499999761581420898e-02
4.470461010932922363e-01 -3.967778757214546204e-02 6.499999761581420898e-02
4.472840428352355957e-01 -3.915684670209884644e-02 6.499999761581420898e-02
4.475219547748565674e-01 -3.863590955734252930e-02 6.499999761581420898e-02
4.477598667144775391e-01 -3.811496868729591370e-02 6.499999761581420898e-02
4.479977786540985107e-01 -3.759398683905601501e-02 6.499999761581420898e-02
4.482356905937194824e-01 -3.707304596900939941e-02 6.499999761581420898e-02
4.484736323356628418e-01 -3.655210509896278381e-02 6.499999761581420898e-02
4.487115442752838135e-01 -3.603116422891616821e-02 6.499999761581420898e-02
4.489494562149047852e-01 -3.551022708415985107e-02 6.499999761581420898e-02
4.491873681545257568e-01 -3.498924523591995239e-02 6.499999761581420898e-02
4.494253098964691162e-01 -3.446830436587333679e-02 6.499999761581420898e-02
4.497039318084716797e-01 -3.398820385336875916e-02 6.499999761581420898e-02
4.501914680004119873e-01 -3.371755778789520264e-02 6.499999761581420898e-02
4.506790041923522949e-01 -3.344691172242164612e-02 6.499999761581420898e-02
4.511665701866149902e-01 -3.317624330520629883e-02 6.499999761581420898e-02
4.516541063785552979e-01 -3.290559351444244385e-02 6.499999761581420898e-02
4.521416425704956055e-01 -3.263494744896888733e-02 6.499999761581420898e-02
4.526291489601135254e-01 -3.236430138349533081e-02 6.499999761581420898e-02
4.531166851520538330e-01 -3.209365159273147583e-02 6.499999761581420898e-02
4.536042511463165283e-01 -3.182298317551612854e-02 6.499999761581420898e-02
4.540917873382568359e-01 -3.155233711004257202e-02 6.499999761581420898e-02
4.545793235301971436e-01 -3.128168731927871704e-02 6.499999761581420898e-02
4.550668597221374512e-01 -3.101104125380516052e-02 6.499999761581420898e-02
4.555543661117553711e-01 -3.074039332568645477e-02 6.499999761581420898e-02
4.560419321060180664e-01 -3.046972677111625671e-02 6.499999761581420898e-02
4.565294682979583740e-01 -3.019907884299755096e-02 6.499999761581420898e-02
4.570170044898986816e-01 -2.992843091487884521e-02 6.499999761581420898e-02
4.575045406818389893e-01 -2.965778298676013947e-02 6.499999761581420898e-02
4.580097198486328125e-01 -2.939928323030471802e-02 6.499999761581420898e-02
4.585193097591400146e-01 -2.914374507963657379e-02 6.499999761581420898e-02
4.590288400650024414e-01 -2.888822555541992188e-02 6.499999761581420898e-02
4.595383405685424805e-01 -2.863270789384841919e-02 6.499999761581420898e-02
4.600478708744049072e-01 -2.837718836963176727e-02 6.499999761581420898e-02
4.605574011802673340e-01 -2.812166884541511536e-02 6.499999761581420898e-02
4.610669910907745361e-01 -2.786613069474697113e-02 6.499999761581420898e-02
4.615764915943145752e-01 -2.761061117053031921e-02 6.499999761581420898e-02
4.620860219001770020e-01 -2.735509164631366730e-02 6.499999761581420898e-02
4.625955522060394287e-01 -2.709957398474216461e-02 6.499999761581420898e-02
4.631050825119018555e-01 -2.684405446052551270e-02 6.499999761581420898e-02
4.636146426200866699e-01 -2.658851630985736847e-02 6.499999761581420898e-02
4.641241729259490967e-01 -2.633299678564071655e-02 6.499999761581420898e-02
4.646337032318115234e-01 -2.607747726142406464e-02 6.499999761581420898e-02
4.651432335376739502e-01 -2.582195959985256195e-02 6.499999761581420898e-02
4.656527638435363770e-01 -2.556644007563591003e-02 6.499999761581420898e-02
4.661623239517211914e-01 -2.531090192496776581e-02 6.499999761581420898e-02
4.666881561279296875e-01 -2.506537549197673798e-02 6.499999761581420898e-02
4.672166407108306885e-01 -2.482148073613643646e-02 6.499999761581420898e-02
4.677451252937316895e-01 -2.457758784294128418e-02 6.499999761581420898e-02
4.682736098766326904e-01 -2.433369494974613190e-02 6.499999761581420898e-02
4.688021242618560791e-01 -2.408978156745433807e-02 6.499999761581420898e-02
4.693306088447570801e-01 -2.384588867425918579e-02 6.499999761581420898e-02
4.698590934276580811e-01 -2.360199391841888428e-02 6.499999761581420898e-02
4.703875780105590820e-01 -2.335810102522373199e-02 6.499999761581420898e-02
4.709160625934600830e-01 -2.311420813202857971e-02 6.499999761581420898e-02
4.714445769786834717e-01 -2.287029474973678589e-02 6.499999761581420898e-02
4.719730615615844727e-01 -2.262640185654163361e-02 6.499999761581420898e-02
4.725015461444854736e-01 -2.238250896334648132e-02 6.499999761581420898e-02
4.730300307273864746e-01 -2.213861420750617981e-02 6.499999761581420898e-02
4.735585153102874756e-01 -2.189472131431102753e-02 6.499999761581420898e-02
4.740870594978332520e-01 -2.165080979466438293e-02 6.499999761581420898e-02
4.746155142784118652e-01 -2.140691503882408142e-02 6.499999761581420898e-02
4.751439988613128662e-01 -2.116302214562892914e-02 6.499999761581420898e-02
4.756789207458496094e-01 -2.092475257813930511e-02 6.499999761581420898e-02
4.762259423732757568e-01 -2.069712616503238678e-02 6.499999761581420898e-02
4.767730534076690674e-01 -2.046948485076427460e-02 6.499999761581420898e-02
4.773200750350952148e-01 -2.024186030030250549e-02 6.499999761581420898e-02
4.778671264648437500e-01 -2.001423388719558716e-02 6.499999761581420898e-02
4.784141778945922852e-01 -1.978660933673381805e-02 6.499999761581420898e-02
4.789612293243408203e-01 -1.955898478627204895e-02 6.499999761581420898e-02
4.795083105564117432e-01 -1.933134160935878754e-02 6.499999761581420898e-02
4.800553321838378906e-01 -1.910371705889701843e-02 6.499999761581420898e-02
4.806023836135864258e-01 -1.887609250843524933e-02 6.499999761581420898e-02
4.811494350433349609e-01 -1.864846609532833099e-02 6.499999761581420898e-02
4.816964864730834961e-01 -1.842084154486656189e-02 6.499999761581420898e-02
4.822435677051544189e-01 -1.819319836795330048e-02 6.499999761581420898e-02
4.827905893325805664e-01 -1.796557381749153137e-02 6.499999761581420898e-02
4.833376407623291016e-01 -1.773794926702976227e-02 6.499999761581420898e-02
4.838846921920776367e-01 -1.751032471656799316e-02 6.499999761581420898e-02
4.844317436218261719e-01 -1.728269830346107483e-02 6.499999761581420898e-02
4.849788248538970947e-01 -1.705505698919296265e-02 6.499999761581420898e-02
4.855314493179321289e-01 -1.683410629630088806e-02 6.499999761581420898e-02
4.860953390598297119e-01 -1.662658713757991791e-02 6.499999761581420898e-02
4.866591989994049072e-01 -1.641906984150409698e-02 6.499999761581420898e-02
4.872230887413024902e-01 -1.621155068278312683e-02 6.499999761581420898e-02
4.877870082855224609e-01 -1.600401662290096283e-02 6.499999761581420898e-02
4.883508980274200439e-01 -1.579649746417999268e-02 6.499999761581420898e-02
4.889147579669952393e-01 -1.558897923678159714e-02 6.499999761581420898e-02
4.894786477088928223e-01 -1.538146100938320160e-02 6.499999761581420898e-02
4.900425076484680176e-01 -1.517394278198480606e-02 6.499999761581420898e-02
4.906064271926879883e-01 -1.496640779078006744e-02 6.499999761581420898e-02
4.911703169345855713e-01 -1.475888956338167191e-02 6.499999761581420898e-02
4.917342066764831543e-01 -1.455137133598327637e-02 6.499999761581420898e-02
4.922980666160583496e-01 -1.434385217726230621e-02 6.499999761581420898e-02
4.928619563579559326e-01 -1.413633394986391068e-02 6.499999761581420898e-02
4.934258759021759033e-01 -1.392879988998174667e-02 6.499999761581420898e-02
4.939897358417510986e-01 -1.372128166258335114e-02 6.499999761581420898e-02
4.945536255836486816e-01 -1.351376250386238098e-02 6.499999761581420898e-02
4.951175153255462646e-01 -1.330624427646398544e-02 6.499999761581420898e-02
4.956813752651214600e-01 -1.309872604906558990e-02 6.499999761581420898e-02
4.962580800056457520e-01 -1.291206479072570801e-02 6.499999761581420898e-02
4.968359470367431641e-01 -1.272737514227628708e-02 6.499999761581420898e-02
4.974138140678405762e-01 -1.254268456250429153e-02 6.499999761581420898e-02
4.979916810989379883e-01 -1.235799491405487061e-02 6.499999761581420898e-02
4.985695481300354004e-01 -1.217330433428287506e-02 6.499999761581420898e-02
4.991474747657775879e-01 -1.198860071599483490e-02 6.499999761581420898e-02
4.997253417968750000e-01 -1.180391013622283936e-02 6.499999761581420898e-02
5.003032088279724121e-01 -1.161922048777341843e-02 6.499999761581420898e-02
5.008810758590698242e-01 -1.143453083932399750e-02 6.499999761581420898e-02
5.014589428901672363e-01 -1.124984025955200195e-02 6.499999761581420898e-02
5.020368695259094238e-01 -1.106513664126396179e-02 6.499999761581420898e-02
5.026147365570068359e-01 -1.088044606149196625e-02 6.499999761581420898e-02
5.031926035881042480e-01 -1.069575641304254532e-02 6.499999761581420898e-02
5.037704706192016602e-01 -1.051106583327054977e-02 6.499999761581420898e-02
5.043483376502990723e-01 -1.032637618482112885e-02 6.499999761581420898e-02
5.049262046813964844e-01 -1.014167256653308868e-02 6.499999761581420898e-02
5.055040717124938965e-01 -9.956981986761093140e-03 6.499999761581420898e-02
5.060819387435913086e-01 -9.772291406989097595e-03 6.499999761581420898e-02
5.066620111465454102e-01 -9.592853486537933350e-03 6.499999761581420898e-02
5.072503089904785156e-01 -9.432983584702014923e-03 6.499999761581420898e-02
5.078386068344116211e-01 -9.273101575672626495e-03 6.499999761581420898e-02
5.084269046783447266e-01 -9.113231673836708069e-03 6.499999761581420898e-02
5.090152025222778320e-01 -8.953361772000789642e-03 6.499999761581420898e-02
5.096035003662109375e-01 -8.793491870164871216e-03 6.499999761581420898e-02
5.101917386054992676e-01 -8.633622899651527405e-03 6.499999761581420898e-02
5.107800960540771484e-01 -8.473740890622138977e-03 6.499999761581420898e-02
5.113683938980102539e-01 -8.313870988786220551e-03 6.499999761581420898e-02
5.119566321372985840e-01 -8.154001086950302124e-03 6.499999761581420898e-02
5.125449299812316895e-01 -7.994131185114383698e-03 6.499999761581420898e-02
5.131332278251647949e-01 -7.834261283278465271e-03 6.499999761581420898e-02
5.137215256690979004e-01 -7.674379739910364151e-03 6.499999761581420898e-02
5.143098235130310059e-01 -7.514509372413158417e-03 6.499999761581420898e-02
5.148981213569641113e-01 -7.354639936238527298e-03 6.499999761581420898e-02
5.154864192008972168e-01 -7.194770034402608871e-03 6.499999761581420898e-02
5.160746574401855469e-01 -7.034900598227977753e-03 6.499999761581420898e-02
5.166630148887634277e-01 -6.875018589198589325e-03 6.499999761581420898e-02
5.172513127326965332e-01 -6.715148687362670898e-03 6.499999761581420898e-02
5.178413391113281250e-01 -6.561608985066413879e-03 6.499999761581420898e-02
5.184344649314880371e-01 -6.419310346245765686e-03 6.499999761581420898e-02
5.190275907516479492e-01 -6.277012173086404800e-03 6.499999761581420898e-02
5.196207761764526367e-01 -6.134703289717435837e-03 6.499999761581420898e-02
5.202139019966125488e-01 -5.992404650896787643e-03 6.499999761581420898e-02
5.208070278167724609e-01 -5.850106477737426758e-03 6.499999761581420898e-02
5.214001536369323730e-01 -5.707808304578065872e-03 6.499999761581420898e-02
5.219932794570922852e-01 -5.565510131418704987e-03 6.499999761581420898e-02
5.225864648818969727e-01 -5.423200782388448715e-03 6.499999761581420898e-02
5.231795907020568848e-01 -5.280902609229087830e-03 6.499999761581420898e-02
5.237727165222167969e-01 -5.138603970408439636e-03 6.499999761581420898e-02
5.243658423423767090e-01 -4.996305797249078751e-03 6.499999761581420898e-02
5.249589681625366211e-01 -4.854007624089717865e-03 6.499999761581420898e-02
5.255521535873413086e-01 -4.711698275059461594e-03 6.499999761581420898e-02
5.261452794075012207e-01 -4.569400101900100708e-03 6.499999761581420898e-02
5.267384052276611328e-01 -4.427101463079452515e-03 6.499999761581420898e-02
5.273315906524658203e-01 -4.284803755581378937e-03 6.499999761581420898e-02
5.279247164726257324e-01 -4.142505116760730743e-03 6.499999761581420898e-02
5.285178422927856445e-01 -4.000196233391761780e-03 6.499999761581420898e-02
5.291126966476440430e-01 -3.867038059979677200e-03 6.499999761581420898e-02
5.297092199325561523e-01 -3.743468783795833588e-03 6.499999761581420898e-02
5.303058028221130371e-01 -3.619899507611989975e-03 6.499999761581420898e-02
5.309023857116699219e-01 -3.496330231428146362e-03 6.499999761581420898e-02
5.314990282058715820e-01 -3.372751642018556595e-03 6.499999761581420898e-02
5.320955514907836914e-01 -3.249182365834712982e-03 6.499999761581420898e-02
5.326921343803405762e-01 -3.125613089650869370e-03 6.499999761581420898e-02
5.332887172698974609e-01 -3.002043813467025757e-03 6.499999761581420898e-02
5.338853001594543457e-01 -2.878474537283182144e-03 6.499999761581420898e-02
5.344818830490112305e-01 -2.754895947873592377e-03 6.499999761581420898e-02
5.350784659385681152e-01 -2.631326671689748764e-03 6.499999761581420898e-02
5.356750488281250000e-01 -2.507757395505905151e-03 6.499999761581420898e-02
5.362716317176818848e-01 -2.384188119322061539e-03 6.499999761581420898e-02
5.368682146072387695e-01 -2.260618843138217926e-03 6.499999761581420898e-02
5.374647974967956543e-01 -2.137040020897984505e-03 6.499999761581420898e-02
5.380613803863525391e-01 -2.013470511883497238e-03 6.499999761581420898e-02
5.386579632759094238e-01 -1.889901468530297279e-03 6.499999761581420898e-02
5.392545461654663086e-01 -1.766332192346453667e-03 6.499999761581420898e-02
5.398510694503784180e-01 -1.642762916162610054e-03 6.499999761581420898e-02
5.403358936309814453e-01 -1.554669579491019249e-03 6.499999761581420898e-02
5.407560467720031738e-01 -1.487076049670577049e-03 6.499999761581420898e-02
5.411762595176696777e-01 -1.419482519850134850e-03 6.499999761581420898e-02
5.415964126586914062e-01 -1.351889106445014477e-03 6.499999761581420898e-02
5.420165657997131348e-01 -1.284295576624572277e-03 6.499999761581420898e-02
5.424367785453796387e-01 -1.216696924529969692e-03 6.499999761581420898e-02
5.428569912910461426e-01 -1.149103394709527493e-03 6.499999761581420898e-02
5.432771444320678711e-01 -1.081509981304407120e-03 6.499999761581420898e-02
5.436972975730895996e-01 -1.013916451483964920e-03 6.499999761581420898e-02
5.441175103187561035e-01 -9.463229216635227203e-04 6.499999761581420898e-02
5.445376634597778320e-01 -8.787242113612592220e-04 6.499999761581420898e-02
5.449578762054443359e-01 -8.111307397484779358e-04 6.499999761581420898e-02
5.453780293464660645e-01 -7.435371517203748226e-04 6.499999761581420898e-02
5.457982420921325684e-01 -6.759437383152544498e-04 6.499999761581420898e-02
5.462183952331542969e-01 -6.083501502871513367e-04 6.499999761581420898e-02
5.466386079788208008e-01 -5.407514981925487518e-04 6.499999761581420898e-02
5.470587611198425293e-01 -4.731580847874283791e-04 6.499999761581420898e-02
5.474789738655090332e-01 -4.055645549669861794e-04 6.499999761581420898e-02
5.478991270065307617e-01 -3.379710251465439796e-04 6.499999761581420898e-02
5.483192801475524902e-01 -2.703774953261017799e-04 6.499999761581420898e-02
5.487394928932189941e-01 -2.027788432314991951e-04 6.499999761581420898e-02
5.491596460342407227e-01 -1.351854298263788223e-04 6.499999761581420898e-02
5.500000119209289551e-01 0.000000000000000000e+00 6.499999761581420898e-02
