3.780464529991149902e-01 -4.511298239231109619e-01 6.499999761581420898e-02
3.784424960613250732e-01 -4.510164260864257812e-01 6.499999761581420898e-02
3.788385391235351562e-01 -4.509030282497406006e-01 6.499999761581420898e-02
3.792346119880676270e-01 -4.507896304130554199e-01 6.499999761581420898e-02
3.796306550502777100e-01 -4.506762325763702393e-01 6.499999761581420898e-02
3.800266981124877930e-01 -4.505628347396850586e-01 6.499999761581420898e-02
3.804227411746978760e-01 -4.504494369029998779e-01 6.499999761581420898e-02
3.808187842369079590e-01 -4.503360390663146973e-01 6.499999761581420898e-02
3.812148571014404297e-01 -4.502226412296295166e-01 6.499999761581420898e-02
3.816109001636505127e-01 -4.501092433929443359e-01 6.499999761581420898e-02
3.820069432258605957e-01 -4.499958455562591553e-01 6.499999761581420898e-02
3.824029862880706787e-01 -4.498824477195739746e-01 6.499999761581420898e-02
3.827990293502807617e-01 -4.497690498828887939e-01 6.499999761581420898e-02
3.831951022148132324e-01 -4.496556520462036133e-01 6.499999761581420898e-02
3.835911452770233154e-01 -4.495422542095184326e-01 6.499999761581420898e-02
3.839871883392333984e-01 -4.494288563728332520e-01 6.499999761581420898e-02
3.843832314014434814e-01 -4.493154585361480713e-01 6.499999761581420898e-02
3.847792744636535645e-01 -4.492020606994628906e-01 6.499999761581420898e-02
3.851753473281860352e-01 -4.490886628627777100e-01 6.499999761581420898e-02
3.855713903903961182e-01 -4.489752650260925293e-01 6.499999761581420898e-02
3.859674334526062012e-01 -4.488618671894073486e-01 6.499999761581420898e-02
3.863634765148162842e-01 -4.487484693527221680e-01 6.499999761581420898e-02
3.867595493793487549e-01 -4.486350715160369873e-01 6.499999761581420898e-02
3.871555924415588379e-01 -4.485216736793518066e-01 6.499999761581420898e-02
3.877068161964416504e-01 -4.483494460582733154e-01 6.499999761581420898e-02
3.883098065853118896e-01 -4.481575787067413330e-01 6.499999761581420898e-02
3.889128267765045166e-01 -4.479657113552093506e-01 6.499999761581420898e-02
3.895158171653747559e-01 -4.477738738059997559e-01 6.499999761581420898e-02
3.901188075542449951e-01 -4.475820064544677734e-01 6.499999761581420898e-02
3.907217979431152344e-01 -4.473901391029357910e-01 6.499999761581420898e-02
3.913248181343078613e-01 -4.471982717514038086e-01 6.499999761581420898e-02
3.919278085231781006e-01 -4.470064342021942139e-01 6.499999761581420898e-02
3.925307989120483398e-01 -4.468145668506622314e-01 6.499999761581420898e-02
3.931338191032409668e-01 -4.466226994991302490e-01 6.499999761581420898e-02
3.937368094921112061e-01 -4.464308619499206543e-01 6.499999761581420898e-02
3.943397998809814453e-01 -4.462389945983886719e-01 6.499999761581420898e-02
3.949427902698516846e-01 -4.460471272468566895e-01 6.499999761581420898e-02
3.955458104610443115e-01 -4.458552598953247070e-01 6.499999761581420898e-02
3.961488008499145508e-01 -4.456634223461151123e-01 6.499999761581420898e-02
3.967517912387847900e-01 -4.454715549945831299e-01 6.499999761581420898e-02
3.973548114299774170e-01 -4.452796876430511475e-01 6.499999761581420898e-02
3.979578018188476562e-01 -4.450878500938415527e-01 6.499999761581420898e-02
3.985607922077178955e-01 -4.448959827423095703e-01 6.499999761581420898e-02
3.991638123989105225e-01 -4.447041153907775879e-01 6.499999761581420898e-02
3.997668027877807617e-01 -4.445122480392456055e-01 6.499999761581420898e-02
4.003024697303771973e-01 -4.442996382713317871e-01 6.499999761581420898e-02
4.008329510688781738e-01 -4.440853893756866455e-01 6.499999761581420898e-02
4.013634324073791504e-01 -4.438711702823638916e-01 6.499999761581420898e-02
4.018939137458801270e-01 -4.436569213867187500e-01 6.499999761581420898e-02
4.024243950843811035e-01 -4.434427022933959961e-01 6.499999761581420898e-02
4.029548466205596924e-01 -4.432284832000732422e-01 6.499999761581420898e-02
4.034853279590606689e-01 -4.430142343044281006e-01 6.499999761581420898e-02
4.040158092975616455e-01 -4.428000152111053467e-01 6.499999761581420898e-02
4.045462906360626221e-01 -4.425857663154602051e-01 6.499999761581420898e-02
4.050767719745635986e-01 -4.423715472221374512e-01 6.499999761581420898e-02
4.056072235107421875e-01 -4.421572983264923096e-01 6.499999761581420898e-02
4.061377048492431641e-01 -4.419430792331695557e-01 6.499999761581420898e-02
4.066681861877441406e-01 -4.417288303375244141e-01 6.499999761581420898e-02
4.071986675262451172e-01 -4.415146112442016602e-01 6.499999761581420898e-02
4.077291488647460938e-01 -4.413003921508789062e-01 6.499999761581420898e-02
4.082596004009246826e-01 -4.410861432552337646e-01 6.499999761581420898e-02
4.087900817394256592e-01 -4.408719241619110107e-01 6.499999761581420898e-02
4.093320965766906738e-01 -4.406396448612213135e-01 6.499999761581420898e-02
4.098832011222839355e-01 -4.403932094573974609e-01 6.499999761581420898e-02
4.104342758655548096e-01 -4.401467740535736084e-01 6.499999761581420898e-02
4.109853506088256836e-01 -4.399003386497497559e-01 6.499999761581420898e-02
4.115364253520965576e-01 -4.396539032459259033e-01 6.499999761581420898e-02
4.120875000953674316e-01 -4.394074976444244385e-01 6.499999761581420898e-02
4.126386046409606934e-01 -4.391610622406005859e-01 6.499999761581420898e-02
4.131896793842315674e-01 -4.389146268367767334e-01 6.499999761581420898e-02
4.137407541275024414e-01 -4.386681914329528809e-01 6.499999761581420898e-02
4.142918288707733154e-01 -4.384217560291290283e-01 6.499999761581420898e-02
4.148429036140441895e-01 -4.381753504276275635e-01 6.499999761581420898e-02
4.153940081596374512e-01 -4.379289150238037109e-01 6.499999761581420898e-02
4.159450829029083252e-01 -4.376824796199798584e-01 6.499999761581420898e-02
4.164961576461791992e-01 -4.374360442161560059e-01 6.499999761581420898e-02
4.170472323894500732e-01 -4.371896088123321533e-01 6.499999761581420898e-02
4.175983071327209473e-01 -4.369432032108306885e-01 6.499999761581420898e-02
4.181494116783142090e-01 -4.366967678070068359e-01 6.499999761581420898e-02
4.187004864215850830e-01 -4.364503324031829834e-01 6.499999761581420898e-02
4.192515611648559570e-01 -4.362038969993591309e-01 6.499999761581420898e-02
4.197902381420135498e-01 -4.359378218650817871e-01 6.499999761581420898e-02
4.203252792358398438e-01 -4.356659948825836182e-01 6.499999761581420898e-02
4.208603203296661377e-01 -4.353941679000854492e-01 6.499999761581420898e-02
4.213953614234924316e-01 -4.351223409175872803e-01 6.499999761581420898e-02
4.219304025173187256e-01 -4.348505437374114990e-01 6.499999761581420898e-02
4.224654436111450195e-01 -4.345787167549133301e-01 6.499999761581420898e-02
4.230004847049713135e-01 -4.343068897724151611e-01 6.499999761581420898e-02
4.235355257987976074e-01 -4.340350627899169922e-01 6.499999761581420898e-02
4.240705668926239014e-01 -4.337632358074188232e-01 6.499999761581420898e-02
4.246056079864501953e-01 -4.334914088249206543e-01 6.499999761581420898e-02
4.251406490802764893e-01 -4.332195818424224854e-01 6.499999761581420898e-02
4.256756901741027832e-01 -4.329477846622467041e-01 6.499999761581420898e-02
4.262107312679290771e-01 -4.326759576797485352e-01 6.499999761581420898e-02
4.267457723617553711e-01 -4.324041306972503662e-01 6.499999761581420898e-02
4.272808134555816650e-01 -4.321323037147521973e-01 6.499999761581420898e-02
4.278158545494079590e-01 -4.318604767322540283e-01 6.499999761581420898e-02
4.283508956432342529e-01 -4.315886497497558594e-01 6.499999761581420898e-02
4.288859367370605469e-01 -4.313168227672576904e-01 6.499999761581420898e-02
4.294172227382659912e-01 -4.310402572154998779e-01 6.499999761581420898e-02
4.299340248107910156e-01 -4.307453334331512451e-01 6.499999761581420898e-02
4.304508268833160400e-01 -4.304503798484802246e-01 6.499999761581420898e-02
4.309676289558410645e-01 -4.301554560661315918e-01 6.499999761581420898e-02
4.314844012260437012e-01 -4.298605322837829590e-01 6.499999761581420898e-02
4.320012032985687256e-01 -4.295655786991119385e-01 6.499999761581420898e-02
4.325180053710937500e-01 -4.292706549167633057e-01 6.499999761581420898e-02
4.330348074436187744e-01 -4.289757013320922852e-01 6.499999761581420898e-02
4.335516095161437988e-01 -4.286807775497436523e-01 6.499999761581420898e-02
4.340684115886688232e-01 -4.283858239650726318e-01 6.499999761581420898e-02
4.345852136611938477e-01 -4.280909001827239990e-01 6.499999761581420898e-02
4.351019859313964844e-01 -4.277959764003753662e-01 6.499999761581420898e-02
4.356187880039215088e-01 -4.275010228157043457e-01 6.499999761581420898e-02
4.364106357097625732e-01 -4.271014928817749023e-01 6.499999761581420898e-02
4.372025132179260254e-01 -4.267019927501678467e-01 6.499999761581420898e-02
4.379943609237670898e-01 -4.263024628162384033e-01 6.499999761581420898e-02
4.387862086296081543e-01 -4.259029626846313477e-01 6.499999761581420898e-02
4.395780861377716064e-01 -4.255034327507019043e-01 6.499999761581420898e-02
4.403699338436126709e-01 -4.251039624214172363e-01 6.499999761581420898e-02
4.407447576522827148e-01 -4.250949621200561523e-01 6.499999761581420898e-02
4.411195814609527588e-01 -4.250859618186950684e-01 6.499999761581420898e-02
4.414944052696228027e-01 -4.250769615173339844e-01 6.499999761581420898e-02
4.418692290782928467e-01 -4.250679910182952881e-01 6.499999761581420898e-02
4.422440528869628906e-01 -4.250589907169342041e-01 6.499999761581420898e-02
4.426189064979553223e-01 -4.250499606132507324e-01 6.499999761581420898e-02
4.436905980110168457e-01 -4.250233173370361328e-01 6.499999761581420898e-02
4.447623193264007568e-01 -4.249966740608215332e-01 6.499999761581420898e-02
4.458340108394622803e-01 -4.249700307846069336e-01 6.499999761581420898e-02
4.469057321548461914e-01 -4.249433875083923340e-01 6.499999761581420898e-02
4.479774236679077148e-01 -4.249167442321777344e-01 6.499999761581420898e-02
4.490491449832916260e-01 -4.248901009559631348e-01 6.499999761581420898e-02
4.498897790908813477e-01 -4.248572289943695068e-01 6.499999761581420898e-02
4.507304430007934570e-01 -4.248243272304534912e-01 6.499999761581420898e-02
4.515710771083831787e-01 -4.247914552688598633e-01 6.499999761581420898e-02
4.524117112159729004e-01 -4.247585535049438477e-01 6.499999761581420898e-02
4.532523751258850098e-01 -4.247256815433502197e-01 6.499999761581420898e-02
4.540930390357971191e-01 -4.246927797794342041e-01 6.499999761581420898e-02
4.549270868301391602e-01 -4.246397614479064941e-01 6.499999761581420898e-02
4.557611346244812012e-01 -4.245867729187011719e-01 6.499999761581420898e-02
4.565951824188232422e-01 -4.245337545871734619e-01 6.499999761581420898e-02
4.574292302131652832e-01 -4.244807362556457520e-01 6.499999761581420898e-02
4.582633078098297119e-01 -4.244277477264404297e-01 6.499999761581420898e-02
4.590973556041717529e-01 -4.243747293949127197e-01 6.499999761581420898e-02
4.599314033985137939e-01 -4.243217408657073975e-01 6.499999761581420898e-02
4.609465301036834717e-01 -4.242502450942993164e-01 6.499999761581420898e-02
4.622877836227416992e-01 -4.241455197334289551e-01 6.499999761581420898e-02
4.636290669441223145e-01 -4.240407645702362061e-01 6.499999761581420898e-02
4.649703204631805420e-01 -4.239360094070434570e-01 6.499999761581420898e-02
4.663116037845611572e-01 -4.238312840461730957e-01 6.499999761581420898e-02
4.676528573036193848e-01 -4.237265288829803467e-01 6.499999761581420898e-02
4.690135419368743896e-01 -4.236211478710174561e-01 6.499999761581420898e-02
4.704101979732513428e-01 -4.235146045684814453e-01 6.499999761581420898e-02
4.718068242073059082e-01 -4.234080314636230469e-01 6.499999761581420898e-02
4.732034802436828613e-01 -4.233014881610870361e-01 6.499999761581420898e-02
4.746001362800598145e-01 -4.231949150562286377e-01 6.499999761581420898e-02
4.759967923164367676e-01 -4.230883717536926270e-01 6.499999761581420898e-02
4.773935675621032715e-01 -4.229834973812103271e-01 6.499999761581420898e-02
4.787908494472503662e-01 -4.228858053684234619e-01 6.499999761581420898e-02
4.801881313323974609e-01 -4.227881431579589844e-01 6.499999761581420898e-02
4.815854132175445557e-01 -4.226904511451721191e-01 6.499999761581420898e-02
4.829826951026916504e-01 -4.225927591323852539e-01 6.499999761581420898e-02
4.843799769878387451e-01 -4.224950671195983887e-01 6.499999761581420898e-02
4.857771992683410645e-01 -4.223966896533966064e-01 6.499999761581420898e-02
4.871724247932434082e-01 -4.222726225852966309e-01 6.499999761581420898e-02
4.885676205158233643e-01 -4.221485853195190430e-01 6.499999761581420898e-02
4.899628162384033203e-01 -4.220245182514190674e-01 6.499999761581420898e-02
4.913580119609832764e-01 -4.219004809856414795e-01 6.499999761581420898e-02
4.927532076835632324e-01 -4.217764437198638916e-01 6.499999761581420898e-02
4.941484034061431885e-01 -4.216523766517639160e-01 6.499999761581420898e-02
4.956403672695159912e-01 -4.214493930339813232e-01 6.499999761581420898e-02
4.971478581428527832e-01 -4.212337434291839600e-01 6.499999761581420898e-02
4.986553490161895752e-01 -4.210180938243865967e-01 6.499999761581420898e-02
5.001628398895263672e-01 -4.208024442195892334e-01 6.499999761581420898e-02
5.016703009605407715e-01 -4.205867648124694824e-01 6.499999761581420898e-02
5.031778216361999512e-01 -4.203711152076721191e-01 6.499999761581420898e-02
5.046852827072143555e-01 -4.201554656028747559e-01 6.499999761581420898e-02
5.061916112899780273e-01 -4.199324548244476318e-01 6.499999761581420898e-02
5.076965689659118652e-01 -4.197014868259429932e-01 6.499999761581420898e-02
5.092015862464904785e-01 -4.194704890251159668e-01 6.499999761581420898e-02
5.107065439224243164e-01 -4.192395210266113281e-01 6.499999761581420898e-02
5.122115612030029297e-01 -4.190085232257843018e-01 6.499999761581420898e-02
5.137165188789367676e-01 -4.187775552272796631e-01 6.499999761581420898e-02
5.152215361595153809e-01 -4.185465574264526367e-01 6.499999761581420898e-02
5.167265534400939941e-01 -4.183156788349151611e-01 6.499999761581420898e-02
5.182316899299621582e-01 -4.180858135223388672e-01 6.499999761581420898e-02
5.197368264198303223e-01 -4.178559184074401855e-01 6.499999761581420898e-02
5.212419629096984863e-01 -4.176260232925415039e-01 6.499999761581420898e-02
5.227470993995666504e-01 -4.173961579799652100e-01 6.499999761581420898e-02
5.242522358894348145e-01 -4.171662628650665283e-01 6.499999761581420898e-02
5.257573723793029785e-01 -4.169363677501678467e-01 6.499999761581420898e-02
5.272625684738159180e-01 -4.167064726352691650e-01 6.499999761581420898e-02
5.287683606147766113e-01 -4.164810776710510254e-01 6.499999761581420898e-02
5.302744507789611816e-01 -4.162575006484985352e-01 6.499999761581420898e-02
5.317805409431457520e-01 -4.160339534282684326e-01 6.499999761581420898e-02
5.332866311073303223e-01 -4.158103764057159424e-01 6.499999761581420898e-02
5.347927212715148926e-01 -4.155867993831634521e-01 6.499999761581420898e-02
5.362988710403442383e-01 -4.153632223606109619e-01 6.499999761581420898e-02
5.378049612045288086e-01 -4.151396453380584717e-01 6.499999761581420898e-02
5.393106341361999512e-01 -4.149134159088134766e-01 6.499999761581420898e-02
5.408155322074890137e-01 -4.146816730499267578e-01 6.499999761581420898e-02
5.423204302787780762e-01 -4.144499599933624268e-01 6.499999761581420898e-02
5.438253879547119141e-01 -4.142182171344757080e-01 6.499999761581420898e-02
5.453302860260009766e-01 -4.139864742755889893e-01 6.499999761581420898e-02
5.468351840972900391e-01 -4.137547314167022705e-01 6.499999761581420898e-02
5.483400821685791016e-01 -4.135229885578155518e-01 6.499999761581420898e-02
5.498449802398681641e-01 -4.132912755012512207e-01 6.499999761581420898e-02
5.514102578163146973e-01 -4.130952656269073486e-01 6.499999761581420898e-02
5.529794692993164062e-01 -4.129016101360321045e-01 6.499999761581420898e-02
5.545486807823181152e-01 -4.127079546451568604e-01 6.499999761581420898e-02
5.561179518699645996e-01 -4.125142991542816162e-01 6.499999761581420898e-02
5.576871633529663086e-01 -4.123206436634063721e-01 6.499999761581420898e-02
5.592563748359680176e-01 -4.121269881725311279e-01 6.499999761581420898e-02
5.608255863189697266e-01 -4.119333326816558838e-01 6.499999761581420898e-02
5.623947978019714355e-01 -4.117396771907806396e-01 6.499999761581420898e-02
5.639296174049377441e-01 -4.114791154861450195e-01 6.499999761581420898e-02
5.654633045196533203e-01 -4.112163782119750977e-01 6.499999761581420898e-02
5.669969320297241211e-01 -4.109536409378051758e-01 6.499999761581420898e-02
5.685306191444396973e-01 -4.106909036636352539e-01 6.499999761581420898e-02
5.700643062591552734e-01 -4.104281663894653320e-01 6.499999761581420898e-02
5.715979337692260742e-01 -4.101654291152954102e-01 6.499999761581420898e-02
5.731316208839416504e-01 -4.099026918411254883e-01 6.499999761581420898e-02
5.746573805809020996e-01 -4.096289873123168945e-01 6.499999761581420898e-02
5.761463642120361328e-01 -4.093044400215148926e-01 6.499999761581420898e-02
5.776354074478149414e-01 -4.089799225330352783e-01 6.499999761581420898e-02
5.791243910789489746e-01 -4.086553752422332764e-01 6.499999761581420898e-02
5.806133747100830078e-01 -4.083308279514312744e-01 6.499999761581420898e-02
5.821024179458618164e-01 -4.080062806606292725e-01 6.499999761581420898e-02
5.835914015769958496e-01 -4.076817631721496582e-01 6.499999761581420898e-02
5.850803852081298828e-01 -4.073572158813476562e-01 6.499999761581420898e-02
5.865384936332702637e-01 -4.070010781288146973e-01 6.499999761581420898e-02
5.879765748977661133e-01 -4.066245853900909424e-01 6.499999761581420898e-02
5.894147157669067383e-01 -4.062480628490447998e-01 6.499999761581420898e-02
5.908527970314025879e-01 -4.058715403079986572e-01 6.499999761581420898e-02
5.922909379005432129e-01 -4.054950177669525146e-01 6.499999761581420898e-02
5.937290787696838379e-01 -4.051185250282287598e-01 6.499999761581420898e-02
5.951671600341796875e-01 -4.047420024871826172e-01 6.499999761581420898e-02
5.965898633003234863e-01 -4.043540954589843750e-01 6.499999761581420898e-02
5.979743599891662598e-01 -4.039378464221954346e-01 6.499999761581420898e-02
5.993587374687194824e-01 -4.035215973854064941e-01 6.499999761581420898e-02
6.007432341575622559e-01 -4.031053185462951660e-01 6.499999761581420898e-02
6.021276712417602539e-01 -4.026890695095062256e-01 6.499999761581420898e-02
6.035121083259582520e-01 -4.022728204727172852e-01 6.499999761581420898e-02
6.048965454101562500e-01 -4.018565714359283447e-01 6.499999761581420898e-02
6.062182188034057617e-01 -4.013202190399169922e-01 6.499999761581420898e-02
6.073288917541503906e-01 -4.003797471523284912e-01 6.499999761581420898e-02
6.084395051002502441e-01 -3.994392454624176025e-01 6.499999761581420898e-02
6.095501184463500977e-01 -3.984987735748291016e-01 6.499999761581420898e-02
6.106607913970947266e-01 -3.975583016872406006e-01 6.499999761581420898e-02
6.117714047431945801e-01 -3.966177999973297119e-01 6.499999761581420898e-02
6.128820776939392090e-01 -3.956773281097412109e-01 6.499999761581420898e-02
6.139926910400390625e-01 -3.947368264198303223e-01 6.499999761581420898e-02
6.149118542671203613e-01 -3.935061097145080566e-01 6.499999761581420898e-02
6.158152222633361816e-01 -3.922515213489532471e-01 6.499999761581420898e-02
6.167186498641967773e-01 -3.909969925880432129e-01 6.499999761581420898e-02
6.176220774650573730e-01 -3.897424042224884033e-01 6.499999761581420898e-02
6.185255050659179688e-01 -3.884878456592559814e-01 6.499999761581420898e-02
6.194288730621337891e-01 -3.872332870960235596e-01 6.499999761581420898e-02
6.203323006629943848e-01 -3.859787285327911377e-01 6.499999761581420898e-02
6.212357282638549805e-01 -3.847241699695587158e-01 6.499999761581420898e-02
6.217319369316101074e-01 -3.833760321140289307e-01 6.499999761581420898e-02
6.220669746398925781e-01 -3.819908499717712402e-01 6.499999761581420898e-02
6.224019527435302734e-01 -3.806056678295135498e-01 6.499999761581420898e-02
6.227369904518127441e-01 -3.792204856872558594e-01 6.499999761581420898e-02
6.230719685554504395e-01 -3.778353035449981689e-01 6.499999761581420898e-02
6.234069466590881348e-01 -3.764501214027404785e-01 6.499999761581420898e-02
6.237419843673706055e-01 -3.750649392604827881e-01 6.499999761581420898e-02
6.240333318710327148e-01 -3.736438751220703125e-01 6.499999761581420898e-02
6.243167519569396973e-01 -3.722163140773773193e-01 6.499999761581420898e-02
6.246001124382019043e-01 -3.707887232303619385e-01 6.499999761581420898e-02
6.248835325241088867e-01 -3.693611621856689453e-01 6.499999761581420898e-02
6.251669526100158691e-01 -3.679335713386535645e-01 6.499999761581420898e-02
6.254503130912780762e-01 -3.665060102939605713e-01 6.499999761581420898e-02
6.257337331771850586e-01 -3.650784194469451904e-01 6.499999761581420898e-02
6.259213685989379883e-01 -3.636006712913513184e-01 6.499999761581420898e-02
6.260815858840942383e-01 -3.621084988117218018e-01 6.499999761581420898e-02
6.262418627738952637e-01 -3.606163263320922852e-01 6.499999761581420898e-02
6.264020800590515137e-01 -3.591241836547851562e-01 6.499999761581420898e-02
6.265622973442077637e-01 -3.576320409774780273e-01 6.499999761581420898e-02
6.267225146293640137e-01 -3.561398684978485107e-01 6.499999761581420898e-02
6.268827319145202637e-01 -3.546477258205413818e-01 6.499999761581420898e-02
6.270179152488708496e-01 -3.531431853771209717e-01 6.499999761581420898e-02
6.271092295646667480e-01 -3.516169488430023193e-01 6.499999761581420898e-02
6.272005438804626465e-01 -3.500907123088836670e-01 6.499999761581420898e-02
6.272918581962585449e-01 -3.485645055770874023e-01 6.499999761581420898e-02
6.273831725120544434e-01 -3.470382690429687500e-01 6.499999761581420898e-02
6.274744868278503418e-01 -3.455120325088500977e-01 6.499999761581420898e-02
6.275657415390014648e-01 -3.439857959747314453e-01 6.499999761581420898e-02
6.276570558547973633e-01 -3.424595594406127930e-01 6.499999761581420898e-02
6.276911497116088867e-01 -3.409153819084167480e-01 6.499999761581420898e-02
6.277067661285400391e-01 -3.393654227256774902e-01 6.499999761581420898e-02
6.277223825454711914e-01 -3.378154337406158447e-01 6.499999761581420898e-02
6.277380585670471191e-01 -3.362654745578765869e-01 6.499999761581420898e-02
6.277536749839782715e-01 -3.347154855728149414e-01 6.499999761581420898e-02
6.277692914009094238e-01 -3.331655263900756836e-01 6.499999761581420898e-02
6.277849078178405762e-01 -3.316155374050140381e-01 6.499999761581420898e-02
6.278004646301269531e-01 -3.300655782222747803e-01 6.499999761581420898e-02
6.277438998222351074e-01 -3.285039961338043213e-01 6.499999761581420898e-02
6.276872754096984863e-01 -3.269423842430114746e-01 6.499999761581420898e-02
6.276307106018066406e-01 -3.253808021545410156e-01 6.499999761581420898e-02
6.275740861892700195e-01 -3.238192200660705566e-01 6.499999761581420898e-02
6.275175213813781738e-01 -3.222576379776000977e-01 6.499999761581420898e-02
6.274608969688415527e-01 -3.206960558891296387e-01 6.499999761581420898e-02
6.274043321609497070e-01 -3.191344738006591797e-01 6.499999761581420898e-02
6.273352503776550293e-01 -3.175732791423797607e-01 6.499999761581420898e-02
6.271976232528686523e-01 -3.160143494606018066e-01 6.499999761581420898e-02
6.270599961280822754e-01 -3.144554197788238525e-01 6.499999761581420898e-02
6.269223690032958984e-01 -3.128964602947235107e-01 6.499999761581420898e-02
6.267847418785095215e-01 -3.113375306129455566e-01 6.499999761581420898e-02
6.266471147537231445e-01 -3.097785711288452148e-01 6.499999761581420898e-02
6.265094876289367676e-01 -3.082196414470672607e-01 6.499999761581420898e-02
6.263718008995056152e-01 -3.066607117652893066e-01 6.499999761581420898e-02
6.262414455413818359e-01 -3.051195740699768066e-01 6.499999761581420898e-02
6.261290907859802246e-01 -3.036224544048309326e-01 6.499999761581420898e-02
6.260167360305786133e-01 -3.021253645420074463e-01 6.499999761581420898e-02
6.259043812751770020e-01 -3.006282448768615723e-01 6.499999761581420898e-02
6.257920861244201660e-01 -2.991311848163604736e-01 6.499999761581420898e-02
6.256797313690185547e-01 -2.976340651512145996e-01 6.499999761581420898e-02
6.255673766136169434e-01 -2.961369752883911133e-01 6.499999761581420898e-02
6.254542469978332520e-01 -2.946401834487915039e-01 6.499999761581420898e-02
6.252800226211547852e-01 -2.931695282459259033e-01 6.499999761581420898e-02
6.251057982444763184e-01 -2.916988730430603027e-01 6.499999761581420898e-02
6.249315142631530762e-01 -2.902281880378723145e-01 6.499999761581420898e-02
6.247572898864746094e-01 -2.887575328350067139e-01 6.499999761581420898e-02
6.245830655097961426e-01 -2.872868478298187256e-01 6.499999761581420898e-02
6.244087815284729004e-01 -2.858161628246307373e-01 6.499999761581420898e-02
6.242345571517944336e-01 -2.843455374240875244e-01 6.499999761581420898e-02
6.240115761756896973e-01 -2.829040586948394775e-01 6.499999761581420898e-02
6.237819194793701172e-01 -2.814666032791137695e-01 6.499999761581420898e-02
6.235522031784057617e-01 -2.800291776657104492e-01 6.499999761581420898e-02
6.233224868774414062e-01 -2.785917520523071289e-01 6.499999761581420898e-02
6.230927705764770508e-01 -2.771543562412261963e-01 6.499999761581420898e-02
6.228630542755126953e-01 -2.757169306278228760e-01 6.499999761581420898e-02
6.226333379745483398e-01 -2.742794752120971680e-01 6.499999761581420898e-02
6.220558881759643555e-01 -2.728495895862579346e-01 6.499999761581420898e-02
6.214472055435180664e-01 -2.714203894138336182e-01 6.499999761581420898e-02
6.208384633064270020e-01 -2.699911892414093018e-01 6.499999761581420898e-02
6.202297210693359375e-01 -2.685619890689849854e-01 6.499999761581420898e-02
6.196209788322448730e-01 -2.671327590942382812e-01 6.499999761581420898e-02
6.190122365951538086e-01 -2.657035589218139648e-01 6.499999761581420898e-02
6.184034943580627441e-01 -2.642743289470672607e-01 6.499999761581420898e-02
6.177948117256164551e-01 -2.628451585769653320e-01 6.499999761581420898e-02
6.170012354850769043e-01 -2.615920305252075195e-01 6.499999761581420898e-02
6.161858439445495605e-01 -2.603596746921539307e-01 6.499999761581420898e-02
6.153704524040222168e-01 -2.591273486614227295e-01 6.499999761581420898e-02
6.145550608634948730e-01 -2.578950226306915283e-01 6.499999761581420898e-02
6.137396693229675293e-01 -2.566626965999603271e-01 6.499999761581420898e-02
6.129242777824401855e-01 -2.554303705692291260e-01 6.499999761581420898e-02
6.121088862419128418e-01 -2.541980147361755371e-01 6.499999761581420898e-02
6.112059950828552246e-01 -2.530631422996520996e-01 6.499999761581420898e-02
6.102337241172790527e-01 -2.520054578781127930e-01 6.499999761581420898e-02
6.092615127563476562e-01 -2.509477734565734863e-01 6.499999761581420898e-02
6.082893013954162598e-01 -2.498901039361953735e-01 6.499999761581420898e-02
6.073170304298400879e-01 -2.488324046134948730e-01 6.499999761581420898e-02
6.063448190689086914e-01 -2.477747201919555664e-01 6.499999761581420898e-02
6.053725481033325195e-01 -2.467170357704162598e-01 6.499999761581420898e-02
6.043674945831298828e-01 -2.456938624382019043e-01 6.499999761581420898e-02
6.033425331115722656e-01 -2.446914762258529663e-01 6.499999761581420898e-02
6.023176312446594238e-01 -2.436890900135040283e-01 6.499999761581420898e-02
6.012926697731018066e-01 -2.426867038011550903e-01 6.499999761581420898e-02
6.002677083015441895e-01 -2.416843175888061523e-01 6.499999761581420898e-02
5.992428064346313477e-01 -2.406819611787796021e-01 6.499999761581420898e-02
5.982179045677185059e-01 -2.396795749664306641e-01 6.499999761581420898e-02
5.971617698669433594e-01 -2.387206405401229858e-01 6.499999761581420898e-02
5.960927009582519531e-01 -2.377799004316329956e-01 6.499999761581420898e-02
5.950235724449157715e-01 -2.368391603231430054e-01 6.499999761581420898e-02
5.939544439315795898e-01 -2.358984500169754028e-01 6.499999761581420898e-02
5.928853750228881836e-01 -2.349577099084854126e-01 6.499999761581420898e-02
5.918162465095520020e-01 -2.340169697999954224e-01 6.499999761581420898e-02
5.907471179962158203e-01 -2.330762296915054321e-01 6.499999761581420898e-02
5.896483659744262695e-01 -2.321914434432983398e-01 6.499999761581420898e-02
5.885440707206726074e-01 -2.313171327114105225e-01 6.499999761581420898e-02
5.874397158622741699e-01 -2.304428219795227051e-01 6.499999761581420898e-02
5.863354206085205078e-01 -2.295685112476348877e-01 6.499999761581420898e-02
5.852310657501220703e-01 -2.286942005157470703e-01 6.499999761581420898e-02
5.841267704963684082e-01 -2.278198748826980591e-01 6.499999761581420898e-02
5.830214023590087891e-01 -2.269494533538818359e-01 6.499999761581420898e-02
5.819025635719299316e-01 -2.261292785406112671e-01 6.499999761581420898e-02
5.807836651802062988e-01 -2.253091037273406982e-01 6.499999761581420898e-02
5.796647667884826660e-01 -2.244889289140701294e-01 6.499999761581420898e-02
5.785459280014038086e-01 -2.236687541007995605e-01 6.499999761581420898e-02
5.774270892143249512e-01 -2.228486090898513794e-01 6.499999761581420898e-02
5.763081908226013184e-01 -2.220284342765808105e-01 6.499999761581420898e-02
5.751444101333618164e-01 -2.212118059396743774e-01 6.499999761581420898e-02
5.739182233810424805e-01 -2.204001098871231079e-01 6.499999761581420898e-02
5.726920962333679199e-01 -2.195884138345718384e-01 6.499999761581420898e-02
5.714659690856933594e-01 -2.187767326831817627e-01 6.499999761581420898e-02
5.702398419380187988e-01 -2.179650366306304932e-01 6.499999761581420898e-02
5.690136551856994629e-01 -2.171533405780792236e-01 6.499999761581420898e-02
5.677875280380249023e-01 -2.163416445255279541e-01 6.499999761581420898e-02
5.665614008903503418e-01 -2.155299484729766846e-01 6.499999761581420898e-02
5.653531551361083984e-01 -2.147743105888366699e-01 6.499999761581420898e-02
5.641506314277648926e-01 -2.140363752841949463e-01 6.499999761581420898e-02
5.629480481147766113e-01 -2.132984250783920288e-01 6.499999761581420898e-02
5.617454648017883301e-01 -2.125604897737503052e-01 6.499999761581420898e-02
5.605429410934448242e-01 -2.118225544691085815e-01 6.499999761581420898e-02
5.593404173851013184e-01 -2.110846191644668579e-01 6.499999761581420898e-02
5.581378340721130371e-01 -2.103466838598251343e-01 6.499999761581420898e-02
5.569490194320678711e-01 -2.096332907676696777e-01 6.499999761581420898e-02
5.557796955108642578e-01 -2.089545279741287231e-01 6.499999761581420898e-02
5.546103715896606445e-01 -2.082757651805877686e-01 6.499999761581420898e-02
5.534410476684570312e-01 -2.075970172882080078e-01 6.499999761581420898e-02
5.522717237472534180e-01 -2.069182544946670532e-01 6.499999761581420898e-02
5.511023998260498047e-01 -2.062394917011260986e-01 6.499999761581420898e-02
5.499330759048461914e-01 -2.055607289075851440e-01 6.499999761581420898e-02
5.487843751907348633e-01 -2.048893123865127563e-01 6.499999761581420898e-02
5.476683974266052246e-01 -2.042295634746551514e-01 6.499999761581420898e-02
5.465524196624755859e-01 -2.035697847604751587e-01 6.499999761581420898e-02
5.454364418983459473e-01 -2.029100209474563599e-01 6.499999761581420898e-02
5.443205237388610840e-01 -2.022502571344375610e-01 6.499999761581420898e-02
5.432045459747314453e-01 -2.015904784202575684e-01 6.499999761581420898e-02
5.420885682106018066e-01 -2.009307295083999634e-01 6.499999761581420898e-02
5.408326983451843262e-01 -2.008673995733261108e-01 6.499999761581420898e-02
5.395159721374511719e-01 -2.010630965232849121e-01 6.499999761581420898e-02
5.381993055343627930e-01 -2.012587934732437134e-01 6.499999761581420898e-02
5.368826389312744141e-01 -2.014545053243637085e-01 6.499999761581420898e-02
5.355659723281860352e-01 -2.016502022743225098e-01 6.499999761581420898e-02
5.342492461204528809e-01 -2.018459141254425049e-01 6.499999761581420898e-02
5.329325795173645020e-01 -2.020416110754013062e-01 6.499999761581420898e-02
5.316174030303955078e-01 -2.022400647401809692e-01 6.499999761581420898e-02
5.303638577461242676e-01 -2.025505453348159790e-01 6.499999761581420898e-02
5.291102528572082520e-01 -2.028610110282897949e-01 6.499999761581420898e-02
5.278567075729370117e-01 -2.031714767217636108e-01 6.499999761581420898e-02
5.266031622886657715e-01 -2.034819573163986206e-01 6.499999761581420898e-02
5.253495573997497559e-01 -2.037924230098724365e-01 6.499999761581420898e-02
5.240960121154785156e-01 -2.041029036045074463e-01 6.499999761581420898e-02
5.228424072265625000e-01 -2.044133692979812622e-01 6.499999761581420898e-02
5.216247439384460449e-01 -2.047642320394515991e-01 6.499999761581420898e-02
5.204480290412902832e-01 -2.051611840724945068e-01 6.499999761581420898e-02
5.192712545394897461e-01 -2.055581212043762207e-01 6.499999761581420898e-02
5.180944800376892090e-01 -2.059550583362579346e-01 6.499999761581420898e-02
5.169177651405334473e-01 -2.063519954681396484e-01 6.499999761581420898e-02
5.157410502433776855e-01 -2.067489326000213623e-01 6.499999761581420898e-02
5.145642757415771484e-01 -2.071458697319030762e-01 6.499999761581420898e-02
5.133909583091735840e-01 -2.075448781251907349e-01 6.499999761581420898e-02
5.122926235198974609e-01 -2.079886198043823242e-01 6.499999761581420898e-02
5.111943483352661133e-01 -2.084323763847351074e-01 6.499999761581420898e-02
5.100960135459899902e-01 -2.088761329650878906e-01 6.499999761581420898e-02
5.089977383613586426e-01 -2.093198895454406738e-01 6.499999761581420898e-02
5.078994035720825195e-01 -2.097636461257934570e-01 6.499999761581420898e-02
5.068010687828063965e-01 -2.102074027061462402e-01 6.499999761581420898e-02
5.057027935981750488e-01 -2.106511443853378296e-01 6.499999761581420898e-02
5.046491622924804688e-01 -2.110804170370101929e-01 6.499999761581420898e-02
5.036085844039916992e-01 -2.115054577589035034e-01 6.499999761581420898e-02
5.025680661201477051e-01 -2.119304835796356201e-01 6.499999761581420898e-02
5.015274882316589355e-01 -2.123555243015289307e-01 6.499999761581420898e-02
5.004869699478149414e-01 -2.127805501222610474e-01 6.499999761581420898e-02
4.994463920593261719e-01 -2.132055759429931641e-01 6.499999761581420898e-02
4.984058439731597900e-01 -2.136306166648864746e-01 6.499999761581420898e-02
4.972735643386840820e-01 -2.136997878551483154e-01 6.499999761581420898e-02
4.961063563823699951e-01 -2.136332392692565918e-01 6.499999761581420898e-02
4.949391484260559082e-01 -2.135667055845260620e-01 6.499999761581420898e-02
4.937719106674194336e-01 -2.135001569986343384e-01 6.499999761581420898e-02
4.926046729087829590e-01 -2.134336084127426147e-01 6.499999761581420898e-02
4.913931787014007568e-01 -2.133395224809646606e-01 6.499999761581420898e-02
4.900347590446472168e-01 -2.131539583206176758e-01 6.499999761581420898e-02
4.886763691902160645e-01 -2.129684090614318848e-01 6.499999761581420898e-02
4.873179495334625244e-01 -2.127828449010848999e-01 6.499999761581420898e-02
4.859595000743865967e-01 -2.125972807407379150e-01 6.499999761581420898e-02
4.846088588237762451e-01 -2.124304175376892090e-01 6.499999761581420898e-02
4.833025336265563965e-01 -2.123706340789794922e-01 6.499999761581420898e-02
4.819961488246917725e-01 -2.123108357191085815e-01 6.499999761581420898e-02
4.806898236274719238e-01 -2.122510373592376709e-01 6.499999761581420898e-02
4.793834686279296875e-01 -2.121912389993667603e-01 6.499999761581420898e-02
4.780771434307098389e-01 -2.121314406394958496e-01 6.499999761581420898e-02
4.768864214420318604e-01 -2.121814489364624023e-01 6.499999761581420898e-02
4.757175147533416748e-01 -2.122522592544555664e-01 6.499999761581420898e-02
4.745486676692962646e-01 -2.123230695724487305e-01 6.499999761581420898e-02
4.733797907829284668e-01 -2.123938947916030884e-01 6.499999761581420898e-02
4.722109436988830566e-01 -2.124646902084350586e-01 6.499999761581420898e-02
4.710846841335296631e-01 -2.125205844640731812e-01 6.499999761581420898e-02
4.704902172088623047e-01 -2.123901695013046265e-01 6.499999761581420898e-02
4.698958098888397217e-01 -2.122597545385360718e-01 6.499999761581420898e-02
4.693013429641723633e-01 -2.121293395757675171e-01 6.499999761581420898e-02
4.687069058418273926e-01 -2.119989395141601562e-01 6.499999761581420898e-02
4.681124985218048096e-01 -2.118685245513916016e-01 6.499999761581420898e-02
4.675180315971374512e-01 -2.117381095886230469e-01 6.499999761581420898e-02
4.669235944747924805e-01 -2.116076946258544922e-01 6.499999761581420898e-02
4.663344621658325195e-01 -2.114305347204208374e-01 6.499999761581420898e-02
4.657487571239471436e-01 -2.112231850624084473e-01 6.499999761581420898e-02
4.651630520820617676e-01 -2.110158205032348633e-01 6.499999761581420898e-02
4.645773470401763916e-01 -2.108084708452224731e-01 6.499999761581420898e-02
4.639916419982910156e-01 -2.106011062860488892e-01 6.499999761581420898e-02
4.634059071540832520e-01 -2.103937417268753052e-01 6.499999761581420898e-02
4.628202021121978760e-01 -2.101863920688629150e-01 6.499999761581420898e-02
4.622345268726348877e-01 -2.099790424108505249e-01 6.499999761581420898e-02
4.616262316703796387e-01 -2.097784429788589478e-01 6.499999761581420898e-02
4.610103070735931396e-01 -2.095801383256912231e-01 6.499999761581420898e-02
4.603943824768066406e-01 -2.093818336725234985e-01 6.499999761581420898e-02
4.597784578800201416e-01 -2.091835439205169678e-01 6.499999761581420898e-02
4.591625630855560303e-01 -2.089852392673492432e-01 6.499999761581420898e-02
4.585466384887695312e-01 -2.087869346141815186e-01 6.499999761581420898e-02
4.579307138919830322e-01 -2.085886448621749878e-01 6.499999761581420898e-02
4.573147892951965332e-01 -2.083903402090072632e-01 6.499999761581420898e-02
4.566770792007446289e-01 -2.082208096981048584e-01 6.499999761581420898e-02
4.560315907001495361e-01 -2.080615609884262085e-01 6.499999761581420898e-02
4.553861021995544434e-01 -2.079023122787475586e-01 6.499999761581420898e-02
4.547406136989593506e-01 -2.077430784702301025e-01 6.499999761581420898e-02
4.540950953960418701e-01 -2.075838148593902588e-01 6.499999761581420898e-02
4.534496068954467773e-01 -2.074245810508728027e-01 6.499999761581420898e-02
4.528041183948516846e-01 -2.072653323411941528e-01 6.499999761581420898e-02
4.521586298942565918e-01 -2.071060836315155029e-01 6.499999761581420898e-02
4.515136480331420898e-01 -2.069801539182662964e-01 6.499999761581420898e-02
4.508689343929290771e-01 -2.068706005811691284e-01 6.499999761581420898e-02
4.502242207527160645e-01 -2.067610621452331543e-01 6.499999761581420898e-02
4.495795071125030518e-01 -2.066515237092971802e-01 6.499999761581420898e-02
4.489347636699676514e-01 -2.065419852733612061e-01 6.499999761581420898e-02
4.482900500297546387e-01 -2.064324468374252319e-01 6.499999761581420898e-02
4.476453363895416260e-01 -2.063228935003280640e-01 6.499999761581420898e-02
4.470273852348327637e-01 -2.063734978437423706e-01 6.499999761581420898e-02
4.464633464813232422e-01 -2.067470550537109375e-01 6.499999761581420898e-02
4.458993077278137207e-01 -2.071206271648406982e-01 6.499999761581420898e-02
4.453352987766265869e-01 -2.074941843748092651e-01 6.499999761581420898e-02
4.447712600231170654e-01 -2.078677564859390259e-01 6.499999761581420898e-02
4.442072510719299316e-01 -2.082413136959075928e-01 6.499999761581420898e-02
4.436432421207427979e-01 -2.086148709058761597e-01 6.499999761581420898e-02
4.425151944160461426e-01 -2.093620002269744873e-01 6.499999761581420898e-02
4.422503411769866943e-01 -2.088207006454467773e-01 6.499999761581420898e-02
4.419855177402496338e-01 -2.082793563604354858e-01 6.499999761581420898e-02
4.417206645011901855e-01 -2.077380418777465820e-01 6.499999761581420898e-02
4.414558410644531250e-01 -2.071967273950576782e-01 6.499999761581420898e-02
4.411909878253936768e-01 -2.066553831100463867e-01 6.499999761581420898e-02
4.409261345863342285e-01 -2.061140686273574829e-01 6.499999761581420898e-02
4.406613111495971680e-01 -2.055727243423461914e-01 6.499999761581420898e-02
4.403964579105377197e-01 -2.050314098596572876e-01 6.499999761581420898e-02
4.401316344738006592e-01 -2.044900953769683838e-01 6.499999761581420898e-02
4.398667812347412109e-01 -2.039487510919570923e-01 6.499999761581420898e-02
4.396421611309051514e-01 -2.033970654010772705e-01 6.499999761581420898e-02
4.395768046379089355e-01 -2.028042674064636230e-01 6.499999761581420898e-02
4.395114779472351074e-01 -2.022114992141723633e-01 6.499999761581420898e-02
4.394461214542388916e-01 -2.016187161207199097e-01 6.499999761581420898e-02
4.393807947635650635e-01 -2.010259330272674561e-01 6.499999761581420898e-02
4.393154382705688477e-01 -2.004331648349761963e-01 6.499999761581420898e-02
4.392501115798950195e-01 -1.998403668403625488e-01 6.499999761581420898e-02
4.391847550868988037e-01 -1.992475986480712891e-01 6.499999761581420898e-02
4.391194283962249756e-01 -1.986548155546188354e-01 6.499999761581420898e-02
4.390540719032287598e-01 -1.980620324611663818e-01 6.499999761581420898e-02
4.389887452125549316e-01 -1.974692493677139282e-01 6.499999761581420898e-02
4.389233887195587158e-01 -1.968764662742614746e-01 6.499999761581420898e-02
4.388580620288848877e-01 -1.962836831808090210e-01 6.499999761581420898e-02
4.387927353382110596e-01 -1.956909149885177612e-01 6.499999761581420898e-02
4.387273788452148438e-01 -1.950981318950653076e-01 6.499999761581420898e-02
4.386620521545410156e-01 -1.945053488016128540e-01 6.499999761581420898e-02
4.385966956615447998e-01 -1.939125657081604004e-01 6.499999761581420898e-02
4.385313689708709717e-01 -1.933197826147079468e-01 6.499999761581420898e-02
4.384663701057434082e-01 -1.927268952131271362e-01 6.499999761581420898e-02
4.384258389472961426e-01 -1.921258270740509033e-01 6.499999761581420898e-02
4.383853375911712646e-01 -1.915247738361358643e-01 6.499999761581420898e-02
4.383448064327239990e-01 -1.909237056970596313e-01 6.499999761581420898e-02
4.383043050765991211e-01 -1.903226524591445923e-01 6.499999761581420898e-02
4.382638037204742432e-01 -1.897216141223907471e-01 6.499999761581420898e-02
4.382232725620269775e-01 -1.891205310821533203e-01 6.499999761581420898e-02
4.381827712059020996e-01 -1.885194778442382812e-01 6.499999761581420898e-02
4.381422400474548340e-01 -1.879184097051620483e-01 6.499999761581420898e-02
4.381017386913299561e-01 -1.873173564672470093e-01 6.499999761581420898e-02
4.380612075328826904e-01 -1.867163181304931641e-01 6.499999761581420898e-02
4.380207061767578125e-01 -1.861152350902557373e-01 6.499999761581420898e-02
4.379801750183105469e-01 -1.855141967535018921e-01 6.499999761581420898e-02
4.379396736621856689e-01 -1.849131137132644653e-01 6.499999761581420898e-02
4.378991425037384033e-01 -1.843120753765106201e-01 6.499999761581420898e-02
4.378586411476135254e-01 -1.837110221385955811e-01 6.499999761581420898e-02
4.378181099891662598e-01 -1.831099539995193481e-01 6.499999761581420898e-02
4.377776086330413818e-01 -1.825089007616043091e-01 6.499999761581420898e-02
4.377370774745941162e-01 -1.819078326225280762e-01 6.499999761581420898e-02
4.377106130123138428e-01 -1.813044100999832153e-01 6.499999761581420898e-02
4.376960098743438721e-01 -1.806989759206771851e-01 6.499999761581420898e-02
4.376814365386962891e-01 -1.800935268402099609e-01 6.499999761581420898e-02
4.376668334007263184e-01 -1.794880926609039307e-01 6.499999761581420898e-02
4.376522600650787354e-01 -1.788826435804367065e-01 6.499999761581420898e-02
4.376376569271087646e-01 -1.782772094011306763e-01 6.499999761581420898e-02
4.376230835914611816e-01 -1.776717752218246460e-01 6.499999761581420898e-02
4.376084804534912109e-01 -1.770663261413574219e-01 6.499999761581420898e-02
4.375938773155212402e-01 -1.764608919620513916e-01 6.499999761581420898e-02
4.375793039798736572e-01 -1.758554428815841675e-01 6.499999761581420898e-02
4.375647008419036865e-01 -1.752500087022781372e-01 6.499999761581420898e-02
4.375501275062561035e-01 -1.746445745229721069e-01 6.499999761581420898e-02
4.375355243682861328e-01 -1.740391254425048828e-01 6.499999761581420898e-02
4.375209510326385498e-01 -1.734336912631988525e-01 6.499999761581420898e-02
4.375063478946685791e-01 -1.728282421827316284e-01 6.499999761581420898e-02
4.374917447566986084e-01 -1.722228080034255981e-01 6.499999761581420898e-02
4.374771714210510254e-01 -1.716173887252807617e-01 6.499999761581420898e-02
4.374625682830810547e-01 -1.710119247436523438e-01 6.499999761581420898e-02
4.374479949474334717e-01 -1.704064905643463135e-01 6.499999761581420898e-02
4.374513626098632812e-01 -1.698005795478820801e-01 6.499999761581420898e-02
4.374562501907348633e-01 -1.691946387290954590e-01 6.499999761581420898e-02
4.374611675739288330e-01 -1.685886979103088379e-01 6.499999761581420898e-02
4.374660551548004150e-01 -1.679827272891998291e-01 6.499999761581420898e-02
4.374709725379943848e-01 -1.673767864704132080e-01 6.499999761581420898e-02
4.374758899211883545e-01 -1.667708307504653931e-01 6.499999761581420898e-02
4.374807775020599365e-01 -1.661648899316787720e-01 6.499999761581420898e-02
4.374856948852539062e-01 -1.655589491128921509e-01 6.499999761581420898e-02
4.374905824661254883e-01 -1.649529784917831421e-01 6.499999761581420898e-02
4.374954998493194580e-01 -1.643470376729965210e-01 6.499999761581420898e-02
4.375004172325134277e-01 -1.637410819530487061e-01 6.499999761581420898e-02
4.375053048133850098e-01 -1.631351411342620850e-01 6.499999761581420898e-02
4.375102221965789795e-01 -1.625292003154754639e-01 6.499999761581420898e-02
4.375151097774505615e-01 -1.619232296943664551e-01 6.499999761581420898e-02
4.375200271606445312e-01 -1.613172888755798340e-01 6.499999761581420898e-02
4.375249445438385010e-01 -1.607113331556320190e-01 6.499999761581420898e-02
4.375298321247100830e-01 -1.601053923368453979e-01 6.499999761581420898e-02
4.375347495079040527e-01 -1.594994515180587769e-01 6.499999761581420898e-02
4.375408291816711426e-01 -1.588935256004333496e-01 6.499999761581420898e-02
4.375497996807098389e-01 -1.582877039909362793e-01 6.499999761581420898e-02
4.375587701797485352e-01 -1.576818823814392090e-01 6.499999761581420898e-02
4.375677108764648438e-01 -1.570760607719421387e-01 6.499999761581420898e-02
4.375766813755035400e-01 -1.564702540636062622e-01 6.499999761581420898e-02
4.375856518745422363e-01 -1.558644175529479980e-01 6.499999761581420898e-02
4.375945925712585449e-01 -1.552586108446121216e-01 6.499999761581420898e-02
4.376035630702972412e-01 -1.546527743339538574e-01 6.499999761581420898e-02
4.376125335693359375e-01 -1.540469676256179810e-01 6.499999761581420898e-02
4.376214742660522461e-01 -1.534411460161209106e-01 6.499999761581420898e-02
4.376304447650909424e-01 -1.528353244066238403e-01 6.499999761581420898e-02
4.376394152641296387e-01 -1.522295027971267700e-01 6.499999761581420898e-02
4.376483559608459473e-01 -1.516236662864685059e-01 6.499999761581420898e-02
4.376573264598846436e-01 -1.510178595781326294e-01 6.499999761581420898e-02
4.376662671566009521e-01 -1.504120528697967529e-01 6.499999761581420898e-02
4.376752376556396484e-01 -1.498062163591384888e-01 6.499999761581420898e-02
4.376842081546783447e-01 -1.492004096508026123e-01 6.499999761581420898e-02
4.376931488513946533e-01 -1.485945731401443481e-01 6.499999761581420898e-02
4.377021193504333496e-01 -1.479887664318084717e-01 6.499999761581420898e-02
4.377080202102661133e-01 -1.473827958106994629e-01 6.499999761581420898e-02
4.377124607563018799e-01 -1.467767506837844849e-01 6.499999761581420898e-02
4.377169013023376465e-01 -1.461707204580307007e-01 6.499999761581420898e-02
4.377213418483734131e-01 -1.455646604299545288e-01 6.499999761581420898e-02
4.377257525920867920e-01 -1.449586302042007446e-01 6.499999761581420898e-02
4.377301931381225586e-01 -1.443525999784469604e-01 6.499999761581420898e-02
4.377346336841583252e-01 -1.437465548515319824e-01 6.499999761581420898e-02
4.377390742301940918e-01 -1.431405246257781982e-01 6.499999761581420898e-02
4.377435147762298584e-01 -1.425344645977020264e-01 6.499999761581420898e-02
4.377479255199432373e-01 -1.419284343719482422e-01 6.499999761581420898e-02
4.377523660659790039e-01 -1.413224041461944580e-01 6.499999761581420898e-02
4.377568066120147705e-01 -1.407163590192794800e-01 6.499999761581420898e-02
4.377612471580505371e-01 -1.401103287935256958e-01 6.499999761581420898e-02
4.377656877040863037e-01 -1.395042687654495239e-01 6.499999761581420898e-02
4.377700984477996826e-01 -1.388982385396957397e-01 6.499999761581420898e-02
4.377745389938354492e-01 -1.382922083139419556e-01 6.499999761581420898e-02
4.377789795398712158e-01 -1.376861631870269775e-01 6.499999761581420898e-02
4.377834200859069824e-01 -1.370801329612731934e-01 6.499999761581420898e-02
4.377879500389099121e-01 -1.364740580320358276e-01 6.499999761581420898e-02
4.377947747707366943e-01 -1.358675062656402588e-01 6.499999761581420898e-02
4.378015995025634766e-01 -1.352609694004058838e-01 6.499999761581420898e-02
4.378084242343902588e-01 -1.346544027328491211e-01 6.499999761581420898e-02
4.378152489662170410e-01 -1.340478658676147461e-01 6.499999761581420898e-02
4.378220736980438232e-01 -1.334413290023803711e-01 6.499999761581420898e-02
4.378288984298706055e-01 -1.328347474336624146e-01 6.499999761581420898e-02
4.378357231616973877e-01 -1.322281956672668457e-01 6.499999761581420898e-02
4.378425478935241699e-01 -1.316216588020324707e-01 6.499999761581420898e-02
4.378493726253509521e-01 -1.310151219367980957e-01 6.499999761581420898e-02
4.378561973571777344e-01 -1.304085850715637207e-01 6.499999761581420898e-02
4.378630220890045166e-01 -1.298019886016845703e-01 6.499999761581420898e-02
4.378698468208312988e-01 -1.291954517364501953e-01 6.499999761581420898e-02
4.378766715526580811e-01 -1.285889148712158203e-01 6.499999761581420898e-02
4.378834962844848633e-01 -1.279823780059814453e-01 6.499999761581420898e-02
4.378903210163116455e-01 -1.273758411407470703e-01 6.499999761581420898e-02
4.378971457481384277e-01 -1.267692446708679199e-01 6.499999761581420898e-02
4.379039704799652100e-01 -1.261627078056335449e-01 6.499999761581420898e-02
4.379107952117919922e-01 -1.255561709403991699e-01 6.499999761581420898e-02
4.379179477691650391e-01 -1.249492168426513672e-01 6.499999761581420898e-02
4.379256069660186768e-01 -1.243415996432304382e-01 6.499999761581420898e-02
4.379332661628723145e-01 -1.237339377403259277e-01 6.499999761581420898e-02
4.379408955574035645e-01 -1.231263279914855957e-01 6.499999761581420898e-02
4.379485547542572021e-01 -1.225187107920646667e-01 6.499999761581420898e-02
4.379562139511108398e-01 -1.219110935926437378e-01 6.499999761581420898e-02
4.379638731479644775e-01 -1.213034838438034058e-01 6.499999761581420898e-02
4.379715323448181152e-01 -1.206958219408988953e-01 6.499999761581420898e-02
4.379791617393493652e-01 -1.200882047414779663e-01 6.499999761581420898e-02
4.379868209362030029e-01 -1.194805949926376343e-01 6.499999761581420898e-02
4.379944801330566406e-01 -1.188729777932167053e-01 6.499999761581420898e-02
4.380021393299102783e-01 -1.182653605937957764e-01 6.499999761581420898e-02
4.380097985267639160e-01 -1.176576986908912659e-01 6.499999761581420898e-02
4.380174279212951660e-01 -1.170500889420509338e-01 6.499999761581420898e-02
4.380250871181488037e-01 -1.164424717426300049e-01 6.499999761581420898e-02
4.380327463150024414e-01 -1.158348619937896729e-01 6.499999761581420898e-02
4.380404055118560791e-01 -1.152272447943687439e-01 6.499999761581420898e-02
4.380480647087097168e-01 -1.146195828914642334e-01 6.499999761581420898e-02
4.380556941032409668e-01 -1.140119656920433044e-01 6.499999761581420898e-02
4.380650222301483154e-01 -1.134030446410179138e-01 6.499999761581420898e-02
4.380751550197601318e-01 -1.127934530377388000e-01 6.499999761581420898e-02
4.380853176116943359e-01 -1.121838614344596863e-01 6.499999761581420898e-02
4.380954504013061523e-01 -1.115742176771163940e-01 6.499999761581420898e-02
4.381055831909179688e-01 -1.109646260738372803e-01 6.499999761581420898e-02
4.381157457828521729e-01 -1.103550344705581665e-01 6.499999761581420898e-02
4.381258785724639893e-01 -1.097454428672790527e-01 6.499999761581420898e-02
4.381360411643981934e-01 -1.091358512639999390e-01 6.499999761581420898e-02
4.381461739540100098e-01 -1.085262149572372437e-01 6.499999761581420898e-02
4.381563365459442139e-01 -1.079166233539581299e-01 6.499999761581420898e-02
4.381664693355560303e-01 -1.073070317506790161e-01 6.499999761581420898e-02
4.381766021251678467e-01 -1.066974401473999023e-01 6.499999761581420898e-02
4.381867647171020508e-01 -1.060878485441207886e-01 6.499999761581420898e-02
4.381968975067138672e-01 -1.054782047867774963e-01 6.499999761581420898e-02
4.382070600986480713e-01 -1.048686131834983826e-01 6.499999761581420898e-02
4.382171928882598877e-01 -1.042590215802192688e-01 6.499999761581420898e-02
4.382273554801940918e-01 -1.036494299769401550e-01 6.499999761581420898e-02
4.382374882698059082e-01 -1.030398383736610413e-01 6.499999761581420898e-02
4.382476508617401123e-01 -1.024302020668983459e-01 6.499999761581420898e-02
4.382330179214477539e-01 -1.018403694033622742e-01 6.499999761581420898e-02
4.382131397724151611e-01 -1.012547090649604797e-01 6.499999761581420898e-02
4.381932616233825684e-01 -1.006690561771392822e-01 6.499999761581420898e-02
4.381733834743499756e-01 -1.000834032893180847e-01 6.499999761581420898e-02
4.381535351276397705e-01 -9.949770569801330566e-02 6.499999761581420898e-02
4.381336569786071777e-01 -9.891205281019210815e-02 6.499999761581420898e-02
4.381137788295745850e-01 -9.832639247179031372e-02 6.499999761581420898e-02
4.380939006805419922e-01 -9.774073958396911621e-02 6.499999761581420898e-02
4.380740523338317871e-01 -9.715508669614791870e-02 6.499999761581420898e-02
4.380541741847991943e-01 -9.656938910484313965e-02 6.499999761581420898e-02
4.380342960357666016e-01 -9.598373621702194214e-02 6.499999761581420898e-02
4.380144178867340088e-01 -9.539807587862014771e-02 6.499999761581420898e-02
4.379945397377014160e-01 -9.481242299079895020e-02 6.499999761581420898e-02
4.379746913909912109e-01 -9.422677010297775269e-02 6.499999761581420898e-02
4.379548132419586182e-01 -9.364107251167297363e-02 6.499999761581420898e-02
4.379349350929260254e-01 -9.305541962385177612e-02 6.499999761581420898e-02
4.379150569438934326e-01 -9.246976673603057861e-02 6.499999761581420898e-02
4.379042983055114746e-01 -9.188476949930191040e-02 6.499999761581420898e-02
4.379054903984069824e-01 -9.130065143108367920e-02 6.499999761581420898e-02
4.379066824913024902e-01 -9.071648865938186646e-02 6.499999761581420898e-02
4.379078745841979980e-01 -9.013237059116363525e-02 6.499999761581420898e-02
4.379090666770935059e-01 -8.954825252294540405e-02 6.499999761581420898e-02
4.379102587699890137e-01 -8.896413445472717285e-02 6.499999761581420898e-02
4.379114508628845215e-01 -8.838001638650894165e-02 6.499999761581420898e-02
4.379126429557800293e-01 -8.779585361480712891e-02 6.499999761581420898e-02
4.379138350486755371e-01 -8.721172809600830078e-02 6.499999761581420898e-02
4.379150271415710449e-01 -8.662761002779006958e-02 6.499999761581420898e-02
4.379162192344665527e-01 -8.604349195957183838e-02 6.499999761581420898e-02
4.379174113273620605e-01 -8.545937389135360718e-02 6.499999761581420898e-02
4.379186034202575684e-01 -8.487521111965179443e-02 6.499999761581420898e-02
4.379197955131530762e-01 -8.429109305143356323e-02 6.499999761581420898e-02
4.379209876060485840e-01 -8.370697498321533203e-02 6.499999761581420898e-02
4.379221796989440918e-01 -8.312284946441650391e-02 6.499999761581420898e-02
4.379233717918395996e-01 -8.253873139619827271e-02 6.499999761581420898e-02
4.379256367683410645e-01 -8.195514976978302002e-02 6.499999761581420898e-02
4.379392266273498535e-01 -8.137778192758560181e-02 6.499999761581420898e-02
4.379528164863586426e-01 -8.080041408538818359e-02 6.499999761581420898e-02
4.379664063453674316e-01 -8.022304624319076538e-02 6.499999761581420898e-02
4.379799962043762207e-01 -7.964567840099334717e-02 6.499999761581420898e-02
4.379935860633850098e-01 -7.906826585531234741e-02 6.499999761581420898e-02
4.380071759223937988e-01 -7.849089801311492920e-02 6.499999761581420898e-02
4.380207657814025879e-01 -7.791352272033691406e-02 6.499999761581420898e-02
4.380343556404113770e-01 -7.733615487813949585e-02 6.499999761581420898e-02
4.380479454994201660e-01 -7.675878703594207764e-02 6.499999761581420898e-02
4.380615353584289551e-01 -7.618137449026107788e-02 6.499999761581420898e-02
4.380751252174377441e-01 -7.560400664806365967e-02 6.499999761581420898e-02
4.380887150764465332e-01 -7.502663880586624146e-02 6.499999761581420898e-02
4.381023049354553223e-01 -7.444927096366882324e-02 6.499999761581420898e-02
4.381158947944641113e-01 -7.387190312147140503e-02 6.499999761581420898e-02
4.381294846534729004e-01 -7.329449057579040527e-02 6.499999761581420898e-02
4.381430745124816895e-01 -7.271712273359298706e-02 6.499999761581420898e-02
4.381566941738128662e-01 -7.213986665010452271e-02 6.499999761581420898e-02
4.381731152534484863e-01 -7.157018035650253296e-02 6.499999761581420898e-02
4.381895065307617188e-01 -7.100048661231994629e-02 6.499999761581420898e-02
4.382059276103973389e-01 -7.043075561523437500e-02 6.499999761581420898e-02
4.382223486900329590e-01 -6.986106932163238525e-02 6.499999761581420898e-02
4.382387399673461914e-01 -6.929137557744979858e-02 6.499999761581420898e-02
4.382551610469818115e-01 -6.872168928384780884e-02 6.499999761581420898e-02
4.382715523242950439e-01 -6.815199553966522217e-02 6.499999761581420898e-02
4.382879734039306641e-01 -6.758226454257965088e-02 6.499999761581420898e-02
4.383043944835662842e-01 -6.701257824897766113e-02 6.499999761581420898e-02
4.383207857608795166e-01 -6.644288450479507446e-02 6.499999761581420898e-02
4.383372068405151367e-01 -6.587319821119308472e-02 6.499999761581420898e-02
4.383535981178283691e-01 -6.530351191759109497e-02 6.499999761581420898e-02
4.383700191974639893e-01 -6.473377346992492676e-02 6.499999761581420898e-02
4.383864402770996094e-01 -6.416408717632293701e-02 6.499999761581420898e-02
4.384028315544128418e-01 -6.359440088272094727e-02 6.499999761581420898e-02
4.384192526340484619e-01 -6.302470713853836060e-02 6.499999761581420898e-02
4.384770393371582031e-01 -6.245746836066246033e-02 6.499999761581420898e-02
4.386469423770904541e-01 -6.189681217074394226e-02 6.499999761581420898e-02
4.388168454170227051e-01 -6.133620068430900574e-02 6.499999761581420898e-02
4.389867186546325684e-01 -6.077558919787406921e-02 6.499999761581420898e-02
4.391566216945648193e-01 -6.021497771143913269e-02 6.499999761581420898e-02
4.393264949321746826e-01 -5.965436622500419617e-02 6.499999761581420898e-02
4.394963979721069336e-01 -5.909371003508567810e-02 6.499999761581420898e-02
4.396662712097167969e-01 -5.853309854865074158e-02 6.499999761581420898e-02
4.398361742496490479e-01 -5.797248706221580505e-02 6.499999761581420898e-02
4.400060474872589111e-01 -5.741187557578086853e-02 6.499999761581420898e-02
4.401759505271911621e-01 -5.685126408934593201e-02 6.499999761581420898e-02
4.403458535671234131e-01 -5.629061162471771240e-02 6.499999761581420898e-02
4.405157268047332764e-01 -5.573000013828277588e-02 6.499999761581420898e-02
4.406856298446655273e-01 -5.516938865184783936e-02 6.499999761581420898e-02
4.408555030822753906e-01 -5.460877716541290283e-02 6.499999761581420898e-02
4.410254061222076416e-01 -5.404816567897796631e-02 6.499999761581420898e-02
4.411952793598175049e-01 -5.348750948905944824e-02 6.499999761581420898e-02
4.413651823997497559e-01 -5.292689800262451172e-02 6.499999761581420898e-02
4.415501952171325684e-01 -5.237403512001037598e-02 6.499999761581420898e-02
4.417757689952850342e-01 -5.184194818139076233e-02 6.499999761581420898e-02
4.420013427734375000e-01 -5.130986124277114868e-02 6.499999761581420898e-02
4.422269463539123535e-01 -5.077773705124855042e-02 6.499999761581420898e-02
4.424525201320648193e-01 -5.024565011262893677e-02 6.499999761581420898e-02
4.426781237125396729e-01 -4.971356689929962158e-02 6.499999761581420898e-02
4.429036974906921387e-01 -4.918147996068000793e-02 6.499999761581420898e-02
4.431292712688446045e-01 -4.864939674735069275e-02 6.499999761581420898e-02
4.433548748493194580e-01 -4.811726883053779602e-02 6.499999761581420898e-02
4.435804486274719238e-01 -4.758518561720848083e-02 6.499999761581420898e-02
4.438060224056243896e-01 -4.705309867858886719e-02 6.499999761581420898e-02
4.440316259860992432e-01 -4.652101546525955200e-02 6.499999761581420898e-02
4.442571997642517090e-01 -4.598892852663993835e-02 6.499999761581420898e-02
4.444828033447265625e-01 -4.545680433511734009e-02 6.499999761581420898e-02
4.447083771228790283e-01 -4.492471739649772644e-02 6.499999761581420898e-02
4.449339509010314941e-01 -4.439263045787811279e-02 6.499999761581420898e-02
4.451595246791839600e-01 -4.386054724454879761e-02 6.499999761581420898e-02
4.453851282596588135e-01 -4.332846030592918396e-02 6.499999761581420898e-02
4.456185996532440186e-01 -4.280347004532814026e-02 6.499999761581420898e-02
4.458565115928649902e-01 -4.228252917528152466e-02 6.499999761581420898e-02
4.460944533348083496e-01 -4.176158830523490906e-02 6.499999761581420898e-02
4.463323652744293213e-01 -4.124065116047859192e-02 6.499999761581420898e-02
4.465702772140502930e-01 -4.071971029043197632e-02 6.499999761581420898e-02
4.468081891536712646e-01 -4.019872844219207764e-02 6.499999761581420898e-02
4.470461010932922363e-01 -3.967778757214546204e-02 6.499999761581420898e-02
4.472840428352355957e-01 -3.915684670209884644e-02 6.499999761581420898e-02
4.475219547748565674e-01 -3.863590955734252930e-02 6.499999761581420898e-02
4.477598667144775391e-01 -3.811496868729591370e-02 6.499999761581420898e-02
4.479977786540985107e-01 -3.759398683905601501e-02 6.499999761581420898e-02
4.482356905937194824e-01 -3.707304596900939941e-02 6.499999761581420898e-02
4.484736323356628418e-01 -3.655210509896278381e-02 6.499999761581420898e-02
4.487115442752838135e-01 -3.603116422891616821e-02 6.499999761581420898e-02
4.489494562149047852e-01 -3.551022708415985107e-02 6.499999761581420898e-02
4.491873681545257568e-01 -3.498924523591995239e-02 6.499999761581420898e-02
4.494253098964691162e-01 -3.446830436587333679e-02 6.499999761581420898e-02
4.497039318084716797e-01 -3.398820385336875916e-02 6.499999761581420898e-02
4.501914680004119873e-01 -3.371755778789520264e-02 6.499999761581420898e-02
4.506790041923522949e-01 -3.344691172242164612e-02 6.499999761581420898e-02
4.511665701866149902e-01 -3.317624330520629883e-02 6.499999761581420898e-02
4.516541063785552979e-01 -3.290559351444244385e-02 6.499999761581420898e-02
4.521416425704956055e-01 -3.263494744896888733e-02 6.499999761581420898e-02
4.526291489601135254e-01 -3.236430138349533081e-02 6.499999761581420898e-02
4.531166851520538330e-01 -3.209365159273147583e-02 6.499999761581420898e-02
4.536042511463165283e-01 -3.182298317551612854e-02 6.499999761581420898e-02
4.540917873382568359e-01 -3.155233711004257202e-02 6.499999761581420898e-02
4.545793235301971436e-01 -3.128168731927871704e-02 6.499999761581420898e-02
4.550668597221374512e-01 -3.101104125380516052e-02 6.499999761581420898e-02
4.555543661117553711e-01 -3.074039332568645477e-02 6.499999761581420898e-02
4.560419321060180664e-01 -3.046972677111625671e-02 6.499999761581420898e-02
4.565294682979583740e-01 -3.019907884299755096e-02 6.499999761581420898e-02
4.570170044898986816e-01 -2.992843091487884521e-02 6.499999761581420898e-02
4.575045406818389893e-01 -2.965778298676013947e-02 6.499999761581420898e-02
4.580097198486328125e-01 -2.939928323030471802e-02 6.499999761581420898e-02
4.585193097591400146e-01 -2.914374507963657379e-02 6.499999761581420898e-02
4.590288400650024414e-01 -2.888822555541992188e-02 6.499999761581420898e-02
4.595383405685424805e-01 -2.863270789384841919e-02 6.499999761581420898e-02
4.600478708744049072e-01 -2.837718836963176727e-02 6.499999761581420898e-02
4.605574011802673340e-01 -2.812166884541511536e-02 6.499999761581420898e-02
4.610669910907745361e-01 -2.786613069474697113e-02 6.499999761581420898e-02
4.615764915943145752e-01 -2.761061117053031921e-02 6.499999761581420898e-02
4.620860219001770020e-01 -2.735509164631366730e-02 6.499999761581420898e-02
4.625955522060394287e-01 -2.709957398474216461e-02 6.499999761581420898e-02
4.631050825119018555e-01 -2.684405446052551270e-02 6.499999761581420898e-02
4.636146426200866699e-01 -2.658851630985736847e-02 6.499999761581420898e-02
4.641241729259490967e-01 -2.633299678564071655e-02 6.499999761581420898e-02
4.646337032318115234e-01 -2.607747726142406464e-02 6.499999761581420898e-02
4.651432335376739502e-01 -2.582195959985256195e-02 6.499999761581420898e-02
4.656527638435363770e-01 -2.556644007563591003e-02 6.499999761581420898e-02
4.661623239517211914e-01 -2.531090192496776581e-02 6.499999761581420898e-02
4.666881561279296875e-01 -2.506537549197673798e-02 6.499999761581420898e-02
4.672166407108306885e-01 -2.482148073613643646e-02 6.499999761581420898e-02
4.677451252937316895e-01 -2.457758784294128418e-02 6.499999761581420898e-02
4.682736098766326904e-01 -2.433369494974613190e-02 6.499999761581420898e-02
4.688021242618560791e-01 -2.408978156745433807e-02 6.499999761581420898e-02
4.693306088447570801e-01 -2.384588867425918579e-02 6.499999761581420898e-02
4.698590934276580811e-01 -2.360199391841888428e-02 6.499999761581420898e-02
4.703875780105590820e-01 -2.335810102522373199e-02 6.499999761581420898e-02
4.709160625934600830e-01 -2.311420813202857971e-02 6.499999761581420898e-02
4.714445769786834717e-01 -2.287029474973678589e-02 6.499999761581420898e-02
4.719730615615844727e-01 -2.262640185654163361e-02 6.499999761581420898e-02
4.725015461444854736e-01 -2.238250896334648132e-02 6.499999761581420898e-02
4.730300307273864746e-01 -2.213861420750617981e-02 6.499999761581420898e-02
4.735585153102874756e-01 -2.189472131431102753e-02 6.499999761581420898e-02
4.740870594978332520e-01 -2.165080979466438293e-02 6.499999761581420898e-02
4.746155142784118652e-01 -2.140691503882408142e-02 6.499999761581420898e-02
4.751439988613128662e-01 -2.116302214562892914e-02 6.499999761581420898e-02
4.756789207458496094e-01 -2.092475257813930511e-02 6.499999761581420898e-02
4.762259423732757568e-01 -2.069712616503238678e-02 6.499999761581420898e-02
4.767730534076690674e-01 -2.046948485076427460e-02 6.499999761581420898e-02
4.773200750350952148e-01 -2.024186030030250549e-02 6.499999761581420898e-02
4.778671264648437500e-01 -2.001423388719558716e-02 6.499999761581420898e-02
4.784141778945922852e-01 -1.978660933673381805e-02 6.499999761581420898e-02
4.789612293243408203e-01 -1.955898478627204895e-02 6.499999761581420898e-02
4.795083105564117432e-01 -1.933134160935878754e-02 6.499999761581420898e-02
4.800553321838378906e-01 -1.910371705889701843e-02 6.499999761581420898e-02
4.806023836135864258e-01 -1.887609250843524933e-02 6.499999761581420898e-02
4.811494350433349609e-01 -1.864846609532833099e-02 6.499999761581420898e-02
4.816964864730834961e-01 -1.842084154486656189e-02 6.499999761581420898e-02
4.822435677051544189e-01 -1.819319836795330048e-02 6.499999761581420898e-02
4.827905893325805664e-01 -1.796557381749153137e-02 6.499999761581420898e-02
4.833376407623291016e-01 -1.773794926702976227e-02 6.499999761581420898e-02
4.838846921920776367e-01 -1.751032471656799316e-02 6.499999761581420898e-02
4.844317436218261719e-01 -1.728269830346107483e-02 6.499999761581420898e-02
4.849788248538970947e-01 -1.705505698919296265e-02 6.499999761581420898e-02
4.855314493179321289e-01 -1.683410629630088806e-02 6.499999761581420898e-02
4.860953390598297119e-01 -1.662658713757991791e-02 6.499999761581420898e-02
4.866591989994049072e-01 -1.641906984150409698e-02 6.499999761581420898e-02
4.872230887413024902e-01 -1.621155068278312683e-02 6.499999761581420898e-02
4.877870082855224609e-01 -1.600401662290096283e-02 6.499999761581420898e-02
4.883508980274200439e-01 -1.579649746417999268e-02 6.499999761581420898e-02
4.889147579669952393e-01 -1.558897923678159714e-02 6.499999761581420898e-02
4.894786477088928223e-01 -1.538146100938320160e-02 6.499999761581420898e-02
4.900425076484680176e-01 -1.517394278198480606e-02 6.499999761581420898e-02
4.906064271926879883e-01 -1.496640779078006744e-02 6.499999761581420898e-02
4.911703169345855713e-01 -1.475888956338167191e-02 6.499999761581420898e-02
4.917342066764831543e-01 -1.455137133598327637e-02 6.499999761581420898e-02
4.922980666160583496e-01 -1.434385217726230621e-02 6.499999761581420898e-02
4.928619563579559326e-01 -1.413633394986391068e-02 6.499999761581420898e-02
4.934258759021759033e-01 -1.392879988998174667e-02 6.499999761581420898e-02
4.939897358417510986e-01 -1.372128166258335114e-02 6.499999761581420898e-02
4.945536255836486816e-01 -1.351376250386238098e-02 6.499999761581420898e-02
4.951175153255462646e-01 -1.330624427646398544e-02 6.499999761581420898e-02
4.956813752651214600e-01 -1.309872604906558990e-02 6.499999761581420898e-02
4.962580800056457520e-01 -1.291206479072570801e-02 6.499999761581420898e-02
4.968359470367431641e-01 -1.272737514227628708e-02 6.499999761581420898e-02
4.974138140678405762e-01 -1.254268456250429153e-02 6.499999761581420898e-02
4.979916810989379883e-01 -1.235799491405487061e-02 6.499999761581420898e-02
4.985695481300354004e-01 -1.217330433428287506e-02 6.499999761581420898e-02
4.991474747657775879e-01 -1.198860071599483490e-02 6.499999761581420898e-02
4.997253417968750000e-01 -1.180391013622283936e-02 6.499999761581420898e-02
5.003032088279724121e-01 -1.161922048777341843e-02 6.499999761581420898e-02
5.008810758590698242e-01 -1.143453083932399750e-02 6.499999761581420898e-02
5.014589428901672363e-01 -1.124984025955200195e-02 6.499999761581420898e-02
5.020368695259094238e-01 -1.106513664126396179e-02 6.499999761581420898e-02
5.026147365570068359e-01 -1.088044606149196625e-02 6.499999761581420898e-02
5.031926035881042480e-01 -1.069575641304254532e-02 6.499999761581420898e-02
5.037704706192016602e-01 -1.051106583327054977e-02 6.499999761581420898e-02
5.043483376502990723e-01 -1.032637618482112885e-02 6.499999761581420898e-02
5.049262046813964844e-01 -1.014167256653308868e-02 6.499999761581420898e-02
5.055040717124938965e-01 -9.956981986761093140e-03 6.499999761581420898e-02
5.060819387435913086e-01 -9.772291406989097595e-03 6.499999761581420898e-02
5.066620111465454102e-01 -9.592853486537933350e-03 6.499999761581420898e-02
5.072503089904785156e-01 -9.432983584702014923e-03 6.499999761581420898e-02
5.078386068344116211e-01 -9.273101575672626495e-03 6.499999761581420898e-02
5.084269046783447266e-01 -9.113231673836708069e-03 6.499999761581420898e-02
5.090152025222778320e-01 -8.953361772000789642e-03 6.499999761581420898e-02
5.096035003662109375e-01 -8.793491870164871216e-03 6.499999761581420898e-02
5.101917386054992676e-01 -8.633622899651527405e-03 6.499999761581420898e-02
5.107800960540771484e-01 -8.473740890622138977e-03 6.499999761581420898e-02
5.113683938980102539e-01 -8.313870988786220551e-03 6.499999761581420898e-02
5.119566321372985840e-01 -8.154001086950302124e-03 6.499999761581420898e-02
5.125449299812316895e-01 -7.994131185114383698e-03 6.499999761581420898e-02
5.131332278251647949e-01 -7.834261283278465271e-03 6.499999761581420898e-02
5.137215256690979004e-01 -7.674379739910364151e-03 6.499999761581420898e-02
5.143098235130310059e-01 -7.514509372413158417e-03 6.499999761581420898e-02
5.148981213569641113e-01 -7.354639936238527298e-03 6.499999761581420898e-02
5.154864192008972168e-01 -7.194770034402608871e-03 6.499999761581420898e-02
5.160746574401855469e-01 -7.034900598227977753e-03 6.499999761581420898e-02
5.166630148887634277e-01 -6.875018589198589325e-03 6.499999761581420898e-02
5.172513127326965332e-01 -6.715148687362670898e-03 6.499999761581420898e-02
5.178413391113281250e-01 -6.561608985066413879e-03 6.499999761581420898e-02
5.184344649314880371e-01 -6.419310346245765686e-03 6.499999761581420898e-02
5.190275907516479492e-01 -6.277012173086404800e-03 6.499999761581420898e-02
5.196207761764526367e-01 -6.134703289717435837e-03 6.499999761581420898e-02
5.202139019966125488e-01 -5.992404650896787643e-03 6.499999761581420898e-02
5.208070278167724609e-01 -5.850106477737426758e-03 6.499999761581420898e-02
5.214001536369323730e-01 -5.707808304578065872e-03 6.499999761581420898e-02
5.219932794570922852e-01 -5.565510131418704987e-03 6.499999761581420898e-02
5.225864648818969727e-01 -5.423200782388448715e-03 6.499999761581420898e-02
5.231795907020568848e-01 -5.280902609229087830e-03 6.499999761581420898e-02
5.237727165222167969e-01 -5.138603970408439636e-03 6.499999761581420898e-02
5.243658423423767090e-01 -4.996305797249078751e-03 6.499999761581420898e-02
5.249589681625366211e-01 -4.854007624089717865e-03 6.499999761581420898e-02
5.255521535873413086e-01 -4.711698275059461594e-03 6.499999761581420898e-02
5.261452794075012207e-01 -4.569400101900100708e-03 6.499999761581420898e-02
5.267384052276611328e-01 -4.427101463079452515e-03 6.499999761581420898e-02
5.273315906524658203e-01 -4.284803755581378937e-03 6.499999761581420898e-02
5.279247164726257324e-01 -4.142505116760730743e-03 6.499999761581420898e-02
5.285178422927856445e-01 -4.000196233391761780e-03 6.499999761581420898e-02
5.291126966476440430e-01 -3.867038059979677200e-03 6.499999761581420898e-02
5.297092199325561523e-01 -3.743468783795833588e-03 6.499999761581420898e-02
5.303058028221130371e-01 -3.619899507611989975e-03 6.499999761581420898e-02
5.309023857116699219e-01 -3.496330231428146362e-03 6.499999761581420898e-02
5.314990282058715820e-01 -3.372751642018556595e-03 6.499999761581420898e-02
5.320955514907836914e-01 -3.249182365834712982e-03 6.499999761581420898e-02
5.326921343803405762e-01 -3.125613089650869370e-03 6.499999761581420898e-02
5.332887172698974609e-01 -3.002043813467025757e-03 6.499999761581420898e-02
5.338853001594543457e-01 -2.878474537283182144e-03 6.499999761581420898e-02
5.344818830490112305e-01 -2.754895947873592377e-03 6.499999761581420898e-02
5.350784659385681152e-01 -2.631326671689748764e-03 6.499999761581420898e-02
5.356750488281250000e-01 -2.507757395505905151e-03 6.499999761581420898e-02
5.362716317176818848e-01 -2.384188119322061539e-03 6.499999761581420898e-02
5.368682146072387695e-01 -2.260618843138217926e-03 6.499999761581420898e-02
5.374647974967956543e-01 -2.137040020897984505e-03 6.499999761581420898e-02
5.380613803863525391e-01 -2.013470511883497238e-03 6.499999761581420898e-02
5.386579632759094238e-01 -1.889901468530297279e-03 6.499999761581420898e-02
5.392545461654663086e-01 -1.766332192346453667e-03 6.499999761581420898e-02
5.398510694503784180e-01 -1.642762916162610054e-03 6.499999761581420898e-02
5.403358936309814453e-01 -1.554669579491019249e-03 6.499999761581420898e-02
5.407560467720031738e-01 -1.487076049670577049e-03 6.499999761581420898e-02
5.411762595176696777e-01 -1.419482519850134850e-03 6.499999761581420898e-02
5.415964126586914062e-01 -1.351889106445014477e-03 6.499999761581420898e-02
5.420165657997131348e-01 -1.284295576624572277e-03 6.499999761581420898e-02
5.424367785453796387e-01 -1.216696924529969692e-03 6.499999761581420898e-02
5.428569912910461426e-01 -1.149103394709527493e-03 6.499999761581420898e-02
5.432771444320678711e-01 -1.081509981304407120e-03 6.499999761581420898e-02
5.436972975730895996e-01 -1.013916451483964920e-03 6.499999761581420898e-02
5.441175103187561035e-01 -9.463229216635227203e-04 6.499999761581420898e-02
5.445376634597778320e-01 -8.787242113612592220e-04 6.499999761581420898e-02
5.449578762054443359e-01 -8.111307397484779358e-04 6.499999761581420898e-02
5.453780293464660645e-01 -7.435371517203748226e-04 6.499999761581420898e-02
5.457982420921325684e-01 -6.759437383152544498e-04 6.499999761581420898e-02
5.462183952331542969e-01 -6.083501502871513367e-04 6.499999761581420898e-02
5.466386079788208008e-01 -5.407514981925487518e-04 6.499999761581420898e-02
5.470587611198425293e-01 -4.731580847874283791e-04 6.499999761581420898e-02
5.474789738655090332e-01 -4.055645549669861794e-04 6.499999761581420898e-02
5.478991270065307617e-01 -3.379710251465439796e-04 6.499999761581420898e-02
5.483192801475524902e-01 -2.703774953261017799e-04 6.499999761581420898e-02
5.487394928932189941e-01 -2.027788432314991951e-04 6.499999761581420898e-02
5.491596460342407227e-01 -1.351854298263788223e-04 6.499999761581420898e-02
5.500000119209289551e-01 0.000000000000000000e+00 6.499999761581420898e-02
