3.855574429035186768e-01 -4.129272997379302979e-01 6.538051366806030273e-02
3.855575919151306152e-01 -4.129272401332855225e-01 6.538051366806030273e-02
3.855587244033813477e-01 -4.129267632961273193e-01 6.538051366806030273e-02
3.855617046356201172e-01 -4.129254817962646484e-01 6.538051366806030273e-02
3.855674862861633301e-01 -4.129230380058288574e-01 6.538051366806030273e-02
3.855769336223602295e-01 -4.129190444946289062e-01 6.538051366806030273e-02
3.855908513069152832e-01 -4.129131138324737549e-01 6.538051366806030273e-02
3.856100738048553467e-01 -4.129049777984619141e-01 6.538051366806030273e-02
3.856354355812072754e-01 -4.128942489624023438e-01 6.538051366806030273e-02
3.856676220893859863e-01 -4.128806591033935547e-01 6.538051366806030273e-02
3.857074379920959473e-01 -4.128638505935668945e-01 6.538051366806030273e-02
3.857555091381072998e-01 -4.128435552120208740e-01 6.538051366806030273e-02
3.858126103878021240e-01 -4.128195047378540039e-01 6.538051366806030273e-02
3.858793079853057861e-01 -4.127914309501647949e-01 6.538051366806030273e-02
3.859562873840332031e-01 -4.127590656280517578e-01 6.538051366806030273e-02
3.860441148281097412e-01 -4.127221703529357910e-01 6.538051366806030273e-02
3.861433863639831543e-01 -4.126805067062377930e-01 6.538051366806030273e-02
3.862546086311340332e-01 -4.126338660717010498e-01 6.538051366806030273e-02
3.863783776760101318e-01 -4.125820696353912354e-01 6.538051366806030273e-02
3.865151107311248779e-01 -4.125248789787292480e-01 6.538051366806030273e-02
3.866653144359588623e-01 -4.124621450901031494e-01 6.538051366806030273e-02
3.868294656276702881e-01 -4.123936593532562256e-01 6.538051366806030273e-02
3.870079219341278076e-01 -4.123193025588989258e-01 6.538051366806030273e-02
3.872011005878448486e-01 -4.122388958930969238e-01 6.538051366806030273e-02
3.874093890190124512e-01 -4.121523201465606689e-01 6.538051366806030273e-02
3.876330852508544922e-01 -4.120594561100006104e-01 6.538051366806030273e-02
3.878725767135620117e-01 -4.119601547718048096e-01 6.538051366806030273e-02
3.881281316280364990e-01 -4.118543565273284912e-01 6.538051366806030273e-02
3.883999884128570557e-01 -4.117419719696044922e-01 6.538051366806030273e-02
3.886884450912475586e-01 -4.116228818893432617e-01 6.538051366806030273e-02
3.889937102794647217e-01 -4.114970564842224121e-01 6.538051366806030273e-02
3.893159627914428711e-01 -4.113644361495971680e-01 6.538051366806030273e-02
3.896553814411163330e-01 -4.112249314785003662e-01 6.538051366806030273e-02
3.900121450424194336e-01 -4.110785424709320068e-01 6.538051366806030273e-02
3.903863430023193359e-01 -4.109252393245697021e-01 6.538051366806030273e-02
3.907781243324279785e-01 -4.107649922370910645e-01 6.538051366806030273e-02
3.911875784397125244e-01 -4.105978012084960938e-01 6.538051366806030273e-02
3.916147053241729736e-01 -4.104236960411071777e-01 6.538051366806030273e-02
3.920596241950988770e-01 -4.102426767349243164e-01 6.538051366806030273e-02
3.925222754478454590e-01 -4.100547730922698975e-01 6.538051366806030273e-02
3.930027186870574951e-01 -4.098599851131439209e-01 6.538051366806030273e-02
3.935008645057678223e-01 -4.096584320068359375e-01 6.538051366806030273e-02
3.940167129039764404e-01 -4.094501137733459473e-01 6.538051366806030273e-02
3.945501446723937988e-01 -4.092351198196411133e-01 6.538051366806030273e-02
3.951011300086975098e-01 -4.090135395526885986e-01 6.538051366806030273e-02
3.956694900989532471e-01 -4.087854325771331787e-01 6.538051366806030273e-02
3.962551355361938477e-01 -4.085509181022644043e-01 6.538051366806030273e-02
3.968578875064849854e-01 -4.083100855350494385e-01 6.538051366806030273e-02
3.974775671958923340e-01 -4.080630838871002197e-01 6.538051366806030273e-02
3.981139957904815674e-01 -4.078099727630615234e-01 6.538051366806030273e-02
3.987669050693511963e-01 -4.075509607791900635e-01 6.538051366806030273e-02
3.994361162185668945e-01 -4.072861671447753906e-01 6.538051366806030273e-02
4.001213610172271729e-01 -4.070157110691070557e-01 6.538051366806030273e-02
4.008223116397857666e-01 -4.067398011684417725e-01 6.538051366806030273e-02
4.015387296676635742e-01 -4.064585864543914795e-01 6.538051366806030273e-02
4.022702574729919434e-01 -4.061722755432128906e-01 6.538051366806030273e-02
4.030165672302246094e-01 -4.058810174465179443e-01 6.538051366806030273e-02
4.037773013114929199e-01 -4.055850505828857422e-01 6.538051366806030273e-02
4.045520722866058350e-01 -4.052845537662506104e-01 6.538051366806030273e-02
4.053404927253723145e-01 -4.049797654151916504e-01 6.538051366806030273e-02
4.061421453952789307e-01 -4.046709239482879639e-01 6.538051366806030273e-02
4.069566130638122559e-01 -4.043582081794738770e-01 6.538051366806030273e-02
4.077834188938140869e-01 -4.040419161319732666e-01 6.538051366806030273e-02
4.086221158504486084e-01 -4.037222564220428467e-01 6.538051366806030273e-02
4.094721674919128418e-01 -4.033995270729064941e-01 6.538051366806030273e-02
4.103331267833709717e-01 -4.030739963054656982e-01 6.538051366806030273e-02
4.112044572830200195e-01 -4.027459025382995605e-01 6.538051366806030273e-02
4.120855927467346191e-01 -4.024155735969543457e-01 6.538051366806030273e-02
4.129759967327117920e-01 -4.020832479000091553e-01 6.538051366806030273e-02
4.138750433921813965e-01 -4.017492830753326416e-01 6.538051366806030273e-02
4.147822260856628418e-01 -4.014139771461486816e-01 6.538051366806030273e-02
4.156968593597412109e-01 -4.010775983333587646e-01 6.538051366806030273e-02
4.166183173656463623e-01 -4.007405340671539307e-01 6.538051366806030273e-02
4.175460040569305420e-01 -4.004030823707580566e-01 6.538051366806030273e-02
4.184792041778564453e-01 -4.000655710697174072e-01 6.538051366806030273e-02
4.194172918796539307e-01 -3.997283875942230225e-01 6.538051366806030273e-02
4.203595519065856934e-01 -3.993918597698211670e-01 6.538051366806030273e-02
4.213052690029144287e-01 -3.990563452243804932e-01 6.538051366806030273e-02
4.222536981105804443e-01 -3.987222313880920410e-01 6.538051366806030273e-02
4.232041239738464355e-01 -3.983898758888244629e-01 6.538051366806030273e-02
4.241558015346527100e-01 -3.980596661567687988e-01 6.538051366806030273e-02
4.251079261302947998e-01 -3.977320194244384766e-01 6.538051366806030273e-02
4.260597527027130127e-01 -3.974072933197021484e-01 6.538051366806030273e-02
4.270104169845581055e-01 -3.970859050750732422e-01 6.538051366806030273e-02
4.279591739177703857e-01 -3.967682719230651855e-01 6.538051366806030273e-02
4.289051294326782227e-01 -3.964548110961914062e-01 6.538051366806030273e-02
4.298474788665771484e-01 -3.961459696292877197e-01 6.538051366806030273e-02
4.307853281497955322e-01 -3.958421349525451660e-01 6.538051366806030273e-02
4.317178428173065186e-01 -3.955437541007995605e-01 6.538051366806030273e-02
4.326443374156951904e-01 -3.952511250972747803e-01 6.538051366806030273e-02
4.335645437240600586e-01 -3.949641883373260498e-01 6.538051366806030273e-02
4.344782233238220215e-01 -3.946828842163085938e-01 6.538051366806030273e-02
4.353850781917572021e-01 -3.944071531295776367e-01 6.538051366806030273e-02
4.362848997116088867e-01 -3.941369354724884033e-01 6.538051366806030273e-02
4.371775090694427490e-01 -3.938721716403961182e-01 6.538051366806030273e-02
4.380626082420349121e-01 -3.936128020286560059e-01 6.538051366806030273e-02
4.389400184154510498e-01 -3.933587074279785156e-01 6.538051366806030273e-02
4.398095309734344482e-01 -3.931098878383636475e-01 6.538051366806030273e-02
4.406709671020507812e-01 -3.928661644458770752e-01 6.538051366806030273e-02
4.415240883827209473e-01 -3.926275372505187988e-01 6.538051366806030273e-02
4.423687458038330078e-01 -3.923938870429992676e-01 6.538051366806030273e-02
4.432047605514526367e-01 -3.921651244163513184e-01 6.538051366806030273e-02
4.440319538116455078e-01 -3.919411599636077881e-01 6.538051366806030273e-02
4.448501765727996826e-01 -3.917218744754791260e-01 6.538051366806030273e-02
4.456592500209808350e-01 -3.915072083473205566e-01 6.538051366806030273e-02
4.464590251445770264e-01 -3.912970125675201416e-01 6.538051366806030273e-02
4.472493529319763184e-01 -3.910912275314331055e-01 6.538051366806030273e-02
4.480301439762115479e-01 -3.908897042274475098e-01 6.538051366806030273e-02
4.488012194633483887e-01 -3.906923532485961914e-01 6.538051366806030273e-02
4.495624601840972900e-01 -3.904990851879119873e-01 6.538051366806030273e-02
4.503137767314910889e-01 -3.903096914291381836e-01 6.538051366806030273e-02
4.510550498962402344e-01 -3.901241421699523926e-01 6.538051366806030273e-02
4.517861902713775635e-01 -3.899422883987426758e-01 6.538051366806030273e-02
4.525070488452911377e-01 -3.897639811038970947e-01 6.538051366806030273e-02
4.532175958156585693e-01 -3.895890712738037109e-01 6.538051366806030273e-02
4.539177417755126953e-01 -3.894174993038177490e-01 6.538051366806030273e-02
4.546073675155639648e-01 -3.892490565776824951e-01 6.538051366806030273e-02
4.552864432334899902e-01 -3.890836238861083984e-01 6.538051366806030273e-02
4.559548795223236084e-01 -3.889210820198059082e-01 6.538051366806030273e-02
4.566126465797424316e-01 -3.887612521648406982e-01 6.538051366806030273e-02
4.572596848011016846e-01 -3.886040151119232178e-01 6.538051366806030273e-02
4.578959047794342041e-01 -3.884491920471191406e-01 6.538051366806030273e-02
4.585213363170623779e-01 -3.882966637611389160e-01 6.538051366806030273e-02
4.591358900070190430e-01 -3.881462514400482178e-01 6.538051366806030273e-02
4.597395956516265869e-01 -3.879977762699127197e-01 6.538051366806030273e-02
4.603323936462402344e-01 -3.878510892391204834e-01 6.538051366806030273e-02
4.609142541885375977e-01 -3.877060413360595703e-01 6.538051366806030273e-02
4.609957933425903320e-01 -3.876947760581970215e-01 6.538051366806030273e-02
4.614919424057006836e-01 -3.876262009143829346e-01 6.538051366806030273e-02
4.626212716102600098e-01 -3.874701559543609619e-01 6.538051366806030273e-02
4.644061923027038574e-01 -3.872234821319580078e-01 6.538051366806030273e-02
4.666926860809326172e-01 -3.869074881076812744e-01 6.538051366806030273e-02
4.691698253154754639e-01 -3.865651488304138184e-01 6.538051366806030273e-02
4.714357852935791016e-01 -3.862520158290863037e-01 6.538051366806030273e-02
4.733265042304992676e-01 -3.859907090663909912e-01 6.538051366806030273e-02
4.748428165912628174e-01 -3.857811689376831055e-01 6.538051366806030273e-02
4.760393798351287842e-01 -3.856157958507537842e-01 6.538051366806030273e-02
4.770190715789794922e-01 -3.854804039001464844e-01 6.538051366806030273e-02
4.779276847839355469e-01 -3.853548765182495117e-01 6.538051366806030273e-02
4.789385795593261719e-01 -3.852152228355407715e-01 6.538051366806030273e-02
4.801255166530609131e-01 -3.850512504577636719e-01 6.538051366806030273e-02
4.814736545085906982e-01 -3.848649859428405762e-01 6.538051366806030273e-02
4.829521179199218750e-01 -3.846607208251953125e-01 6.538051366806030273e-02
4.845168292522430420e-01 -3.844444453716278076e-01 6.538051366806030273e-02
4.861120581626892090e-01 -3.842239081859588623e-01 6.538051366806030273e-02
4.876731932163238525e-01 -3.840080201625823975e-01 6.538051366806030273e-02
4.891664087772369385e-01 -3.838014602661132812e-01 6.538051366806030273e-02
4.905985295772552490e-01 -3.836033344268798828e-01 6.538051366806030273e-02
4.919821619987487793e-01 -3.834120035171508789e-01 6.538051366806030273e-02
4.933334887027740479e-01 -3.832252919673919678e-01 6.538051366806030273e-02
4.946719706058502197e-01 -3.830405771732330322e-01 6.538051366806030273e-02
4.960196614265441895e-01 -3.828548789024353027e-01 6.538051366806030273e-02
4.973909258842468262e-01 -3.826661407947540283e-01 6.538051366806030273e-02
4.987837970256805420e-01 -3.824744522571563721e-01 6.538051366806030273e-02
5.001937150955200195e-01 -3.822801411151885986e-01 6.538051366806030273e-02
5.016151666641235352e-01 -3.820837140083312988e-01 6.538051366806030273e-02
5.030417442321777344e-01 -3.818857669830322266e-01 6.538051366806030273e-02
5.044662952423095703e-01 -3.816870748996734619e-01 6.538051366806030273e-02
5.058831572532653809e-01 -3.814884424209594727e-01 6.538051366806030273e-02
5.072927474975585938e-01 -3.812906444072723389e-01 6.538051366806030273e-02
5.086965560913085938e-01 -3.810944557189941406e-01 6.538051366806030273e-02
5.100964903831481934e-01 -3.809005916118621826e-01 6.538051366806030273e-02
5.114945769309997559e-01 -3.807097375392913818e-01 6.538051366806030273e-02
5.128931403160095215e-01 -3.805225491523742676e-01 6.538051366806030273e-02
5.142942667007446289e-01 -3.803394138813018799e-01 6.538051366806030273e-02
5.156981348991394043e-01 -3.801595568656921387e-01 6.538051366806030273e-02
5.171043276786804199e-01 -3.799818754196166992e-01 6.538051366806030273e-02
5.185123085975646973e-01 -3.798053562641143799e-01 6.538051366806030273e-02
5.199215412139892578e-01 -3.796289265155792236e-01 6.538051366806030273e-02
5.213313698768615723e-01 -3.794515430927276611e-01 6.538051366806030273e-02
5.227410197257995605e-01 -3.792721927165985107e-01 6.538051366806030273e-02
5.241498947143554688e-01 -3.790902495384216309e-01 6.538051366806030273e-02
5.255578756332397461e-01 -3.789067566394805908e-01 6.538051366806030273e-02
5.269651412963867188e-01 -3.787233531475067139e-01 6.538051366806030273e-02
5.283717513084411621e-01 -3.785415589809417725e-01 6.538051366806030273e-02
5.297778248786926270e-01 -3.783629238605499268e-01 6.538051366806030273e-02
5.311836600303649902e-01 -3.781890273094177246e-01 6.538051366806030273e-02
5.325893759727478027e-01 -3.780214488506317139e-01 6.538051366806030273e-02
5.339952111244201660e-01 -3.778606951236724854e-01 6.538051366806030273e-02
5.354012250900268555e-01 -3.777028024196624756e-01 6.538051366806030273e-02
5.368075370788574219e-01 -3.775425553321838379e-01 6.538051366806030273e-02
5.382142663002014160e-01 -3.773747384548187256e-01 6.538051366806030273e-02
5.396214127540588379e-01 -3.771941065788269043e-01 6.538051366806030273e-02
5.410291552543640137e-01 -3.769955039024353027e-01 6.538051366806030273e-02
5.424374938011169434e-01 -3.767736852169036865e-01 6.538051366806030273e-02
5.438464879989624023e-01 -3.765271008014678955e-01 6.538051366806030273e-02
5.452556014060974121e-01 -3.762705624103546143e-01 6.538051366806030273e-02
5.466644763946533203e-01 -3.760234117507934570e-01 6.538051366806030273e-02
5.480723977088928223e-01 -3.758049309253692627e-01 6.538051366806030273e-02
5.494790077209472656e-01 -3.756344020366668701e-01 6.538051366806030273e-02
5.508837103843688965e-01 -3.755311667919158936e-01 6.538051366806030273e-02
5.522860288619995117e-01 -3.755145072937011719e-01 6.538051366806030273e-02
5.536856055259704590e-01 -3.755984008312225342e-01 6.538051366806030273e-02
5.550832748413085938e-01 -3.757730722427368164e-01 6.538051366806030273e-02
5.564800500869750977e-01 -3.760222196578979492e-01 6.538051366806030273e-02
5.578769445419311523e-01 -3.763295710086822510e-01 6.538051366806030273e-02
5.592750310897827148e-01 -3.766788542270660400e-01 6.538051366806030273e-02
5.606750249862670898e-01 -3.770515024662017822e-01 6.538051366806030273e-02
5.620760321617126465e-01 -3.774127066135406494e-01 6.538051366806030273e-02
5.634762644767761230e-01 -3.777202665805816650e-01 6.538051366806030273e-02
5.648740530014038086e-01 -3.779319524765014648e-01 6.538051366806030273e-02
5.662675499916076660e-01 -3.780054748058319092e-01 6.538051366806030273e-02
5.676551461219787598e-01 -3.779026269912719727e-01 6.538051366806030273e-02
5.690371394157409668e-01 -3.776381313800811768e-01 6.538051366806030273e-02
5.704150199890136719e-01 -3.772641420364379883e-01 6.538051366806030273e-02
5.717903971672058105e-01 -3.768336474895477295e-01 6.538051366806030273e-02
5.731648206710815430e-01 -3.763987123966217041e-01 6.538051366806030273e-02
5.745401978492736816e-01 -3.759975731372833252e-01 6.538051366806030273e-02
5.759186744689941406e-01 -3.756588399410247803e-01 6.538051366806030273e-02
5.773022770881652832e-01 -3.754107654094696045e-01 6.538051366806030273e-02
5.786930918693542480e-01 -3.752797842025756836e-01 6.538051366806030273e-02
5.800912976264953613e-01 -3.752665817737579346e-01 6.538051366806030273e-02
5.814959406852722168e-01 -3.753524124622344971e-01 6.538051366806030273e-02
5.829059481620788574e-01 -3.755181431770324707e-01 6.538051366806030273e-02
5.843202471733093262e-01 -3.757446110248565674e-01 6.538051366806030273e-02
5.857377648353576660e-01 -3.760126531124114990e-01 6.538051366806030273e-02
5.871575474739074707e-01 -3.763031363487243652e-01 6.538051366806030273e-02
5.885784626007080078e-01 -3.765970468521118164e-01 6.538051366806030273e-02
5.899991393089294434e-01 -3.768775761127471924e-01 6.538051366806030273e-02
5.914179682731628418e-01 -3.771299123764038086e-01 6.538051366806030273e-02
5.928332805633544922e-01 -3.773392140865325928e-01 6.538051366806030273e-02
5.942434072494506836e-01 -3.774907290935516357e-01 6.538051366806030273e-02
5.956467390060424805e-01 -3.775696158409118652e-01 6.538051366806030273e-02
5.970416069030761719e-01 -3.775610923767089844e-01 6.538051366806030273e-02
5.984265208244323730e-01 -3.774510622024536133e-01 6.538051366806030273e-02
5.998023152351379395e-01 -3.772410750389099121e-01 6.538051366806030273e-02
6.011720895767211914e-01 -3.769478201866149902e-01 6.538051366806030273e-02
6.025392413139343262e-01 -3.765886723995208740e-01 6.538051366806030273e-02
6.039070487022399902e-01 -3.761810064315795898e-01 6.538051366806030273e-02
6.052786707878112793e-01 -3.757421672344207764e-01 6.538051366806030273e-02
6.066575646400451660e-01 -3.752895295619964600e-01 6.538051366806030273e-02
6.080467104911804199e-01 -3.748403787612915039e-01 6.538051366806030273e-02
6.094457507133483887e-01 -3.744103908538818359e-01 6.538051366806030273e-02
6.108493208885192871e-01 -3.740129768848419189e-01 6.538051366806030273e-02
6.122518181800842285e-01 -3.736614882946014404e-01 6.538051366806030273e-02
6.136476397514343262e-01 -3.733692169189453125e-01 6.538051366806030273e-02
6.150311231613159180e-01 -3.731495141983032227e-01 6.538051366806030273e-02
6.163967847824096680e-01 -3.730157315731048584e-01 6.538051366806030273e-02
6.177394986152648926e-01 -3.729810714721679688e-01 6.538051366806030273e-02
6.190726161003112793e-01 -3.730567097663879395e-01 6.538051366806030273e-02
6.204338073730468750e-01 -3.732511699199676514e-01 6.538051366806030273e-02
6.218621730804443359e-01 -3.735726773738861084e-01 6.538051366806030273e-02
6.233966946601867676e-01 -3.740292787551879883e-01 6.538052111864089966e-02
6.250246763229370117e-01 -3.745766282081604004e-01 6.538052111864089966e-02
6.266076564788818359e-01 -3.750407397747039795e-01 6.538052111864089966e-02
6.279882192611694336e-01 -3.752284348011016846e-01 6.538052111864089966e-02
6.290088295936584473e-01 -3.749465346336364746e-01 6.538052111864089966e-02
6.295557022094726562e-01 -3.740565776824951172e-01 6.538052111864089966e-02
6.297321319580078125e-01 -3.726888000965118408e-01 6.538052111864089966e-02
6.297073960304260254e-01 -3.710568249225616455e-01 6.538052111864089966e-02
6.296509504318237305e-01 -3.693741261959075928e-01 6.538052111864089966e-02
6.297019124031066895e-01 -3.678174614906311035e-01 6.538054347038269043e-02
6.298506259918212891e-01 -3.663890361785888672e-01 6.538054347038269043e-02
6.300445199012756348e-01 -3.650382459163665771e-01 6.538054347038269043e-02
6.302306056022644043e-01 -3.637145459651947021e-01 6.538054347038269043e-02
6.303643584251403809e-01 -3.623752593994140625e-01 6.538051366806030273e-02
6.304430961608886719e-01 -3.610126078128814697e-01 6.538051366806030273e-02
6.304749250411987305e-01 -3.596294820308685303e-01 6.538051366806030273e-02
6.304684877395629883e-01 -3.582286536693572998e-01 6.538051366806030273e-02
6.304321885108947754e-01 -3.568129539489746094e-01 6.538051366806030273e-02
6.303746104240417480e-01 -3.553850948810577393e-01 6.538051366806030273e-02
6.303042769432067871e-01 -3.539478778839111328e-01 6.538051366806030273e-02
6.302297115325927734e-01 -3.525040745735168457e-01 6.538051366806030273e-02
6.301593780517578125e-01 -3.510564565658569336e-01 6.538051366806030273e-02
6.301018595695495605e-01 -3.496078252792358398e-01 6.538051366806030273e-02
6.300656199455261230e-01 -3.481609225273132324e-01 6.538051366806030273e-02
6.300592422485351562e-01 -3.467185497283935547e-01 6.538051366806030273e-02
6.300911307334899902e-01 -3.452834486961364746e-01 6.538051366806030273e-02
6.301670074462890625e-01 -3.438576757907867432e-01 6.538051366806030273e-02
6.302808523178100586e-01 -3.424400687217712402e-01 6.538051366806030273e-02
6.304236650466918945e-01 -3.410287499427795410e-01 6.538051366806030273e-02
6.305865645408630371e-01 -3.396218419075012207e-01 6.538051366806030273e-02
6.307606101036071777e-01 -3.382174670696258545e-01 6.538051366806030273e-02
6.309368014335632324e-01 -3.368137180805206299e-01 6.538051366806030273e-02
6.311063766479492188e-01 -3.354087471961975098e-01 6.538051366806030273e-02
6.312635540962219238e-01 -3.340012729167938232e-01 6.538051366806030273e-02
6.314107179641723633e-01 -3.325916826725006104e-01 6.538051366806030273e-02
6.315513253211975098e-01 -3.311805427074432373e-01 6.538051366806030273e-02
6.316887736320495605e-01 -3.297684490680694580e-01 6.538051366806030273e-02
6.318265795707702637e-01 -3.283559679985046387e-01 6.538051366806030273e-02
6.319681406021118164e-01 -3.269436657428741455e-01 6.538051366806030273e-02
6.321169137954711914e-01 -3.255321383476257324e-01 6.538052111864089966e-02
6.322729587554931641e-01 -3.241215646266937256e-01 6.538052111864089966e-02
6.324318647384643555e-01 -3.227115869522094727e-01 6.538052111864089966e-02
6.325887441635131836e-01 -3.213016986846923828e-01 6.538052111864089966e-02
6.327387690544128418e-01 -3.198915421962738037e-01 6.538052111864089966e-02
6.328771114349365234e-01 -3.184806406497955322e-01 6.538052111864089966e-02
6.329988837242126465e-01 -3.170685768127441406e-01 6.538052111864089966e-02
6.330994963645935059e-01 -3.156549334526062012e-01 6.538051366806030273e-02
6.331790089607238770e-01 -3.142397105693817139e-01 6.538051366806030273e-02
6.332415342330932617e-01 -3.128232061862945557e-01 6.538051366806030273e-02
6.332914233207702637e-01 -3.114057183265686035e-01 6.538051366806030273e-02
6.333330869674682617e-01 -3.099876344203948975e-01 6.538051366806030273e-02
6.333707571029663086e-01 -3.085692226886749268e-01 6.538051366806030273e-02
6.334088444709777832e-01 -3.071508407592773438e-01 6.538051366806030273e-02
6.334514021873474121e-01 -3.057328164577484131e-01 6.538052856922149658e-02
6.334995627403259277e-01 -3.043151795864105225e-01 6.538052856922149658e-02
6.335521936416625977e-01 -3.028978705406188965e-01 6.538052856922149658e-02
6.336081027984619141e-01 -3.014808297157287598e-01 6.538052856922149658e-02
6.336660981178283691e-01 -3.000639677047729492e-01 6.538052856922149658e-02
6.337249279022216797e-01 -2.986471951007843018e-01 6.538052856922149658e-02
6.337835192680358887e-01 -2.972304224967956543e-01 6.538052856922149658e-02
6.338409185409545898e-01 -2.958135604858398438e-01 6.538052111864089966e-02
6.338966488838195801e-01 -2.943966090679168701e-01 6.538052111864089966e-02
6.339512467384338379e-01 -2.929795384407043457e-01 6.538052111864089966e-02
6.340050101280212402e-01 -2.915624082088470459e-01 6.538052111864089966e-02
6.340584158897399902e-01 -2.901452183723449707e-01 6.538052111864089966e-02
6.341117620468139648e-01 -2.887279391288757324e-01 6.538052111864089966e-02
6.341654658317565918e-01 -2.873105704784393311e-01 6.538052111864089966e-02
6.342197656631469727e-01 -2.858931422233581543e-01 6.538051366806030273e-02
6.342746615409851074e-01 -2.844757437705993652e-01 6.538051366806030273e-02
6.343297958374023438e-01 -2.830583751201629639e-01 6.538051366806030273e-02
6.343848109245300293e-01 -2.816410958766937256e-01 6.538051366806030273e-02
6.344394683837890625e-01 -2.802239954471588135e-01 6.538051366806030273e-02
6.344934105873107910e-01 -2.788071036338806152e-01 6.538051366806030273e-02
6.345462799072265625e-01 -2.773904800415039062e-01 6.538051366806030273e-02
6.345980167388916016e-01 -2.759741246700286865e-01 6.538052111864089966e-02
6.346491575241088867e-01 -2.745578885078430176e-01 6.538052111864089966e-02
6.347005963325500488e-01 -2.731415629386901855e-01 6.538052111864089966e-02
6.347531676292419434e-01 -2.717249095439910889e-01 6.538052111864089966e-02
6.348078250885009766e-01 -2.703076899051666260e-01 6.538052111864089966e-02
6.348654031753540039e-01 -2.688896358013153076e-01 6.538052111864089966e-02
6.349267959594726562e-01 -2.674705684185028076e-01 6.538052111864089966e-02
6.349922418594360352e-01 -2.660504579544067383e-01 6.538050621747970581e-02
6.350591182708740234e-01 -2.646299004554748535e-01 6.538050621747970581e-02
6.351243257522583008e-01 -2.632098197937011719e-01 6.538050621747970581e-02
6.351847052574157715e-01 -2.617910504341125488e-01 6.538050621747970581e-02
6.352369785308837891e-01 -2.603744864463806152e-01 6.538050621747970581e-02
6.352781057357788086e-01 -2.589609920978546143e-01 6.538050621747970581e-02
6.353045701980590820e-01 -2.575514614582061768e-01 6.538052111864089966e-02
6.353167891502380371e-01 -2.561458349227905273e-01 6.538052111864089966e-02
6.353245377540588379e-01 -2.547414302825927734e-01 6.538052111864089966e-02
6.353397369384765625e-01 -2.533349990844726562e-01 6.538052111864089966e-02
6.353741288185119629e-01 -2.519233226776123047e-01 6.538052111864089966e-02
6.354396939277648926e-01 -2.505031526088714600e-01 6.538052111864089966e-02
6.355482935905456543e-01 -2.490712106227874756e-01 6.538052111864089966e-02
6.357116699218750000e-01 -2.476242929697036743e-01 6.538052856922149658e-02
6.359268426895141602e-01 -2.461632788181304932e-01 6.538052856922149658e-02
6.361546516418457031e-01 -2.446988075971603394e-01 6.538052856922149658e-02
6.363508105278015137e-01 -2.432429641485214233e-01 6.538052856922149658e-02
6.364710330963134766e-01 -2.418078631162643433e-01 6.538052856922149658e-02
6.364709138870239258e-01 -2.404056042432785034e-01 6.538052856922149658e-02
6.363062858581542969e-01 -2.390482574701309204e-01 6.538052856922149658e-02
6.359335780143737793e-01 -2.377477139234542847e-01 6.538054347038269043e-02
6.353389024734497070e-01 -2.365094721317291260e-01 6.538054347038269043e-02
6.345682740211486816e-01 -2.353258579969406128e-01 6.538054347038269043e-02
6.336733698844909668e-01 -2.341879159212112427e-01 6.538054347038269043e-02
6.327060461044311523e-01 -2.330867201089859009e-01 6.538054347038269043e-02
6.317179203033447266e-01 -2.320133298635482788e-01 6.538054347038269043e-02
6.307591199874877930e-01 -2.309586256742477417e-01 6.538055837154388428e-02
6.298508048057556152e-01 -2.299046516418457031e-01 6.538055837154388428e-02
6.289886832237243652e-01 -2.288272380828857422e-01 6.538055837154388428e-02
6.281679272651672363e-01 -2.277017831802368164e-01 6.538055837154388428e-02
6.273834705352783203e-01 -2.265036553144454956e-01 6.538055837154388428e-02
6.266304254531860352e-01 -2.252082228660583496e-01 6.538055837154388428e-02
6.259000897407531738e-01 -2.238042801618576050e-01 6.538044661283493042e-02
6.251692175865173340e-01 -2.223661541938781738e-01 6.538044661283493042e-02
6.244049668312072754e-01 -2.210011482238769531e-01 6.538044661283493042e-02
6.235752701759338379e-01 -2.198166698217391968e-01 6.538044661283493042e-02
6.226481795310974121e-01 -2.189201861619949341e-01 6.538043916225433350e-02
6.215938925743103027e-01 -2.184188514947891235e-01 6.538053601980209351e-02
6.203932166099548340e-01 -2.183657884597778320e-01 6.538053601980209351e-02
6.190779209136962891e-01 -2.186701893806457520e-01 6.538053601980209351e-02
6.176849007606506348e-01 -2.192181497812271118e-01 6.538053601980209351e-02
6.162509322166442871e-01 -2.198957055807113647e-01 6.538053601980209351e-02
6.148129701614379883e-01 -2.205889523029327393e-01 6.538053601980209351e-02
6.134036183357238770e-01 -2.211932688951492310e-01 6.538058817386627197e-02
6.120297908782958984e-01 -2.216919362545013428e-01 6.538059562444686890e-02
6.106806397438049316e-01 -2.221113443374633789e-01 6.538059562444686890e-02
6.093460917472839355e-01 -2.224788069725036621e-01 6.538059562444686890e-02
6.080161333084106445e-01 -2.228216081857681274e-01 6.538059562444686890e-02
6.066796779632568359e-01 -2.231679558753967285e-01 6.538073718547821045e-02
6.053342223167419434e-01 -2.235342115163803101e-01 6.538073718547821045e-02
6.039811372756958008e-01 -2.239271551370620728e-01 6.538073718547821045e-02
6.026238203048706055e-01 -2.243515104055404663e-01 6.538073718547821045e-02
6.012653112411499023e-01 -2.248120158910751343e-01 6.538073718547821045e-02
5.999090075492858887e-01 -2.253133505582809448e-01 6.538074463605880737e-02
5.985600352287292480e-01 -2.258521318435668945e-01 6.538049131631851196e-02
5.972108840942382812e-01 -2.263930141925811768e-01 6.538049131631851196e-02
5.971967577934265137e-01 -2.263830304145812988e-01 6.538049131631851196e-02
5.971050858497619629e-01 -2.263183891773223877e-01 6.538049131631851196e-02
5.968781113624572754e-01 -2.261583060026168823e-01 6.538049131631851196e-02
5.964785814285278320e-01 -2.258765399456024170e-01 6.538049131631851196e-02
5.958886146545410156e-01 -2.254604995250701904e-01 6.538049131631851196e-02
5.951085686683654785e-01 -2.249105572700500488e-01 6.538049131631851196e-02
5.941561460494995117e-01 -2.242392003536224365e-01 6.538049131631851196e-02
5.930650234222412109e-01 -2.234702557325363159e-01 6.538049131631851196e-02
5.918838977813720703e-01 -2.226381748914718628e-01 6.538049131631851196e-02
5.906752943992614746e-01 -2.217871844768524170e-01 6.538049131631851196e-02
5.895135998725891113e-01 -2.209698110818862915e-01 6.538049131631851196e-02
5.884496569633483887e-01 -2.202218472957611084e-01 6.538049131631851196e-02
5.874930620193481445e-01 -2.195498645305633545e-01 6.538049131631851196e-02
5.866454839706420898e-01 -2.189547866582870483e-01 6.538049131631851196e-02
5.859032273292541504e-01 -2.184337526559829712e-01 6.538049131631851196e-02
5.852576494216918945e-01 -2.179803252220153809e-01 6.538049131631851196e-02
5.846950411796569824e-01 -2.175846993923187256e-01 6.538049131631851196e-02
5.841975212097167969e-01 -2.172338813543319702e-01 6.538049131631851196e-02
5.837427973747253418e-01 -2.169119268655776978e-01 6.538049131631851196e-02
5.837249159812927246e-01 -2.168778926134109497e-01 6.538049131631851196e-02
5.836117267608642578e-01 -2.166628837585449219e-01 6.538049131631851196e-02
5.833404064178466797e-01 -2.161477059125900269e-01 6.538049131631851196e-02
5.828813910484313965e-01 -2.152764201164245605e-01 6.538049131631851196e-02
5.822358131408691406e-01 -2.140517830848693848e-01 6.538049131631851196e-02
5.814332962036132812e-01 -2.125306427478790283e-01 6.538049131631851196e-02
5.805293917655944824e-01 -2.108193784952163696e-01 6.538049131631851196e-02
5.796033740043640137e-01 -2.090693712234497070e-01 6.538049131631851196e-02
5.787451267242431641e-01 -2.074520587921142578e-01 6.538049131631851196e-02
5.779905915260314941e-01 -2.060341686010360718e-01 6.538049131631851196e-02
5.773442983627319336e-01 -2.048218995332717896e-01 6.538049131631851196e-02
5.768017172813415527e-01 -2.038042396306991577e-01 6.538049131631851196e-02
5.763500332832336426e-01 -2.029542475938796997e-01 6.538049131631851196e-02
5.759686827659606934e-01 -2.022303193807601929e-01 6.538049131631851196e-02
5.756300091743469238e-01 -2.015773802995681763e-01 6.538049131631851196e-02
5.752999782562255859e-01 -2.009281665086746216e-01 6.538049131631851196e-02
5.749411582946777344e-01 -2.002095580101013184e-01 6.538049131631851196e-02
5.745365023612976074e-01 -1.993943005800247192e-01 6.538049131631851196e-02
5.740842223167419434e-01 -1.984882503747940063e-01 6.538049131631851196e-02
5.735850930213928223e-01 -1.975022107362747192e-01 6.538049131631851196e-02
5.730422735214233398e-01 -1.964513212442398071e-01 6.538049131631851196e-02
5.724608302116394043e-01 -1.953547298908233643e-01 6.538049131631851196e-02
5.718479156494140625e-01 -1.942352056503295898e-01 6.538049131631851196e-02
5.712123513221740723e-01 -1.931188404560089111e-01 6.538049131631851196e-02
5.705646872520446777e-01 -1.920336782932281494e-01 6.538049131631851196e-02
5.699180364608764648e-01 -1.909902989864349365e-01 6.538049131631851196e-02
5.692868828773498535e-01 -1.899820417165756226e-01 6.538049131631851196e-02
5.686849355697631836e-01 -1.890004724264144897e-01 6.538049131631851196e-02
5.681254267692565918e-01 -1.880360096693038940e-01 6.538049131631851196e-02
5.676209330558776855e-01 -1.870779395103454590e-01 6.538049131631851196e-02
5.671834945678710938e-01 -1.861145645380020142e-01 6.538049131631851196e-02
5.668246746063232422e-01 -1.851332634687423706e-01 6.538049131631851196e-02
5.665553808212280273e-01 -1.841207891702651978e-01 6.538049131631851196e-02
5.663754940032958984e-01 -1.830712109804153442e-01 6.538049131631851196e-02
5.662714838981628418e-01 -1.819885969161987305e-01 6.538049131631851196e-02
5.662289857864379883e-01 -1.808780431747436523e-01 6.538049131631851196e-02
5.662340521812438965e-01 -1.797450035810470581e-01 6.538049131631851196e-02
5.662727952003479004e-01 -1.785952746868133545e-01 6.538049131631851196e-02
5.663314461708068848e-01 -1.774349361658096313e-01 6.538049131631851196e-02
5.663965344429016113e-01 -1.762703806161880493e-01 6.538049131631851196e-02
5.664545297622680664e-01 -1.751082539558410645e-01 6.538049131631851196e-02
5.664929151535034180e-01 -1.739550530910491943e-01 6.538049131631851196e-02
5.665087103843688965e-01 -1.728127151727676392e-01 6.538049131631851196e-02
5.665055513381958008e-01 -1.716798394918441772e-01 6.538049131631851196e-02
5.664871931076049805e-01 -1.705548912286758423e-01 6.538049131631851196e-02
5.664572119712829590e-01 -1.694361716508865356e-01 6.538049131631851196e-02
5.664192438125610352e-01 -1.683219671249389648e-01 6.538049131631851196e-02
5.663768649101257324e-01 -1.672104448080062866e-01 6.538049131631851196e-02
5.663335919380187988e-01 -1.660996973514556885e-01 6.538049131631851196e-02
5.662929415702819824e-01 -1.649877578020095825e-01 6.538049131631851196e-02
5.662578940391540527e-01 -1.638728678226470947e-01 6.538049131631851196e-02
5.662285089492797852e-01 -1.627548485994338989e-01 6.538049131631851196e-02
5.662038326263427734e-01 -1.616341620683670044e-01 6.538049131631851196e-02
5.661829710006713867e-01 -1.605112701654434204e-01 6.538049131631851196e-02
5.661649703979492188e-01 -1.593866497278213501e-01 6.538049131631851196e-02
5.661488771438598633e-01 -1.582608371973037720e-01 6.538049131631851196e-02
5.661337971687316895e-01 -1.571343839168548584e-01 6.538049131631851196e-02
5.661188364028930664e-01 -1.560078263282775879e-01 6.538049131631851196e-02
5.661031603813171387e-01 -1.548817455768585205e-01 6.538049131631851196e-02
5.660859942436218262e-01 -1.537565886974334717e-01 6.538049131631851196e-02
5.660674571990966797e-01 -1.526323109865188599e-01 6.538049131631851196e-02
5.660477280616760254e-01 -1.515087783336639404e-01 6.538049131631851196e-02
5.660269856452941895e-01 -1.503858715295791626e-01 6.538049131631851196e-02
5.660054087638854980e-01 -1.492634266614913940e-01 6.538049131631851196e-02
5.659831762313842773e-01 -1.481412947177886963e-01 6.538049131631851196e-02
5.659603476524353027e-01 -1.470193266868591309e-01 6.538049131631851196e-02
5.659372210502624512e-01 -1.458973735570907593e-01 6.538049131631851196e-02
5.659138560295104980e-01 -1.447752416133880615e-01 6.538049131631851196e-02
5.658905506134033203e-01 -1.436528712511062622e-01 6.538049131631851196e-02
5.658673644065856934e-01 -1.425302475690841675e-01 6.538049131631851196e-02
5.658446550369262695e-01 -1.414074003696441650e-01 6.538049131631851196e-02
5.658226013183593750e-01 -1.402843892574310303e-01 6.538049131631851196e-02
5.658013820648193359e-01 -1.391612142324447632e-01 6.538049131631851196e-02
5.657812952995300293e-01 -1.380379348993301392e-01 6.538049131631851196e-02
5.657625794410705566e-01 -1.369145661592483521e-01 6.538049131631851196e-02
5.657453536987304688e-01 -1.357911527156829834e-01 6.538049131631851196e-02
5.657299160957336426e-01 -1.346677541732788086e-01 6.538049131631851196e-02
5.657157897949218750e-01 -1.335443705320358276e-01 6.538049131631851196e-02
5.657018423080444336e-01 -1.324210464954376221e-01 6.538049131631851196e-02
5.656870603561401367e-01 -1.312977969646453857e-01 6.538049131631851196e-02
5.656704306602478027e-01 -1.301746666431427002e-01 6.538049131631851196e-02
5.656508207321166992e-01 -1.290516853332519531e-01 6.538049131631851196e-02
5.656271576881408691e-01 -1.279288530349731445e-01 6.538049131631851196e-02
5.655984282493591309e-01 -1.268062144517898560e-01 6.538049131631851196e-02
5.655634999275207520e-01 -1.256837993860244751e-01 6.538049131631851196e-02
5.655215382575988770e-01 -1.245616227388381958e-01 6.538049131631851196e-02
5.654729604721069336e-01 -1.234396621584892273e-01 6.538049131631851196e-02
5.654188394546508789e-01 -1.223178729414939880e-01 6.538049131631851196e-02
5.653603076934814453e-01 -1.211962327361106873e-01 6.538049131631851196e-02
5.652984380722045898e-01 -1.200746819376945496e-01 6.538049131631851196e-02
5.652343034744262695e-01 -1.189531981945037842e-01 6.538049131631851196e-02
5.651689767837524414e-01 -1.178317368030548096e-01 6.538049131631851196e-02
5.651035308837890625e-01 -1.167102605104446411e-01 6.538049131631851196e-02
5.650391578674316406e-01 -1.155887246131896973e-01 6.538049131631851196e-02
5.649765729904174805e-01 -1.144671142101287842e-01 6.538049131631851196e-02
5.649156570434570312e-01 -1.133454367518424988e-01 6.538049131631851196e-02
5.648561716079711914e-01 -1.122237145900726318e-01 6.538049131631851196e-02
5.647977590560913086e-01 -1.111019775271415710e-01 6.538049131631851196e-02
5.647401213645935059e-01 -1.099802404642105103e-01 6.538049131631851196e-02
5.646830201148986816e-01 -1.088585406541824341e-01 6.538049131631851196e-02
5.646260380744934082e-01 -1.077368929982185364e-01 6.538049131631851196e-02
5.645689964294433594e-01 -1.066153198480606079e-01 6.538049131631851196e-02
5.645114779472351074e-01 -1.054938510060310364e-01 6.538049131631851196e-02
5.644534230232238770e-01 -1.043724715709686279e-01 6.538049131631851196e-02
5.643948912620544434e-01 -1.032511293888092041e-01 6.538049131631851196e-02
5.643360614776611328e-01 -1.021297797560691833e-01 6.538049131631851196e-02
5.642769932746887207e-01 -1.010083556175231934e-01 6.538049131631851196e-02
5.642178654670715332e-01 -9.988679736852645874e-02 6.538049131631851196e-02
5.641587972640991211e-01 -9.876506030559539795e-02 6.538049131631851196e-02
5.640999078750610352e-01 -9.764308482408523560e-02 6.538049131631851196e-02
5.640413761138916016e-01 -9.652081131935119629e-02 6.538049131631851196e-02
5.639832019805908203e-01 -9.539818763732910156e-02 6.538049131631851196e-02
5.639254450798034668e-01 -9.427532553672790527e-02 6.538049131631851196e-02
5.638678073883056641e-01 -9.315240383148193359e-02 6.538049131631851196e-02
5.638101100921630859e-01 -9.202964603900909424e-02 6.538049131631851196e-02
5.637521743774414062e-01 -9.090723097324371338e-02 6.538049131631851196e-02
5.636937618255615234e-01 -8.978538215160369873e-02 6.538049131631851196e-02
5.636346340179443359e-01 -8.866428583860397339e-02 6.538049131631851196e-02
5.635746717453002930e-01 -8.754415065050125122e-02 6.538049131631851196e-02
5.635135173797607422e-01 -8.642517775297164917e-02 6.538049131631851196e-02
5.634512305259704590e-01 -8.530744910240173340e-02 6.538049131631851196e-02
5.633882284164428711e-01 -8.419043570756912231e-02 6.538049131631851196e-02
5.633252263069152832e-01 -8.307338505983352661e-02 6.538049131631851196e-02
5.632629394531250000e-01 -8.195554465055465698e-02 6.538049131631851196e-02
5.632020831108093262e-01 -8.083616942167282104e-02 6.538049131631851196e-02
5.631433129310607910e-01 -7.971449941396713257e-02 6.538049131631851196e-02
5.630874633789062500e-01 -7.858979701995849609e-02 6.538049131631851196e-02
5.630351305007934570e-01 -7.746130228042602539e-02 6.538049131631851196e-02
5.629870891571044922e-01 -7.632827013731002808e-02 6.538049131631851196e-02
5.629431009292602539e-01 -7.519089430570602417e-02 6.538049131631851196e-02
5.629008412361145020e-01 -7.405164092779159546e-02 6.538049131631851196e-02
5.628577470779418945e-01 -7.291331142187118530e-02 6.538049131631851196e-02
5.628111958503723145e-01 -7.177869975566864014e-02 6.538049131631851196e-02
5.627585649490356445e-01 -7.065060734748840332e-02 6.538049131631851196e-02
5.626971125602722168e-01 -6.953184306621551514e-02 6.538049131631851196e-02
5.626243352890014648e-01 -6.842519342899322510e-02 6.538049131631851196e-02
5.625375509262084961e-01 -6.733346730470657349e-02 6.538049131631851196e-02
5.624343752861022949e-01 -6.625926494598388672e-02 6.538049131631851196e-02
5.623178482055664062e-01 -6.519924849271774292e-02 6.538049131631851196e-02
5.621975064277648926e-01 -6.414333730936050415e-02 6.538049131631851196e-02
5.620831251144409180e-01 -6.308108568191528320e-02 6.538049131631851196e-02
5.619844198226928711e-01 -6.200203672051429749e-02 6.538049131631851196e-02
5.619112849235534668e-01 -6.089575216174125671e-02 6.538049131631851196e-02
5.618735551834106445e-01 -5.975177511572837830e-02 6.538049131631851196e-02
5.618808865547180176e-01 -5.855965614318847656e-02 6.538049131631851196e-02
5.619432330131530762e-01 -5.730894953012466431e-02 6.538049131631851196e-02
5.620672702789306641e-01 -5.599238723516464233e-02 6.538049131631851196e-02
5.622320175170898438e-01 -5.463249981403350830e-02 6.538049131631851196e-02
5.624009370803833008e-01 -5.326811596751213074e-02 6.538049131631851196e-02
5.625374913215637207e-01 -5.193824321031570435e-02 6.538049131631851196e-02
5.626050829887390137e-01 -5.068186670541763306e-02 6.538049131631851196e-02
5.625672340393066406e-01 -4.953799396753311157e-02 6.538049131631851196e-02
5.623872876167297363e-01 -4.854561761021614075e-02 6.538049131631851196e-02
5.620287060737609863e-01 -4.774373769760131836e-02 6.538049131631851196e-02
5.614548325538635254e-01 -4.717135429382324219e-02 6.538048386573791504e-02
5.606445670127868652e-01 -4.685106500983238220e-02 6.538047641515731812e-02
5.596367716789245605e-01 -4.674105718731880188e-02 6.538047641515731812e-02
5.584852099418640137e-01 -4.678368568420410156e-02 6.538047641515731812e-02
5.572436451911926270e-01 -4.692130535840988159e-02 6.538047641515731812e-02
5.559658408164978027e-01 -4.709627851843833923e-02 6.538047641515731812e-02
5.547055602073669434e-01 -4.725095257163047791e-02 6.538048386573791504e-02
5.535025000572204590e-01 -4.734294489026069641e-02 6.538048386573791504e-02
5.523514747619628906e-01 -4.737929999828338623e-02 6.538048386573791504e-02
5.512380003929138184e-01 -4.737705737352371216e-02 6.538048386573791504e-02
5.512335896492004395e-01 -4.737675562500953674e-02 6.538048386573791504e-02
5.512039661407470703e-01 -4.737474396824836731e-02 6.538048386573791504e-02
5.511278510093688965e-01 -4.736956954002380371e-02 6.538048386573791504e-02
5.509879589080810547e-01 -4.736005514860153198e-02 6.538048386573791504e-02
5.507709980010986328e-01 -4.734529927372932434e-02 6.538048386573791504e-02
5.504673123359680176e-01 -4.732464626431465149e-02 6.538048386573791504e-02
5.500711202621459961e-01 -4.729770496487617493e-02 6.538048386573791504e-02
5.495800375938415527e-01 -4.726431146264076233e-02 6.538048386573791504e-02
5.489951968193054199e-01 -4.722453653812408447e-02 6.538048386573791504e-02
5.483208894729614258e-01 -4.717868193984031677e-02 6.538048386573791504e-02
5.475646257400512695e-01 -4.712725430727005005e-02 6.538048386573791504e-02
5.467369556427001953e-01 -4.707096517086029053e-02 6.538048386573791504e-02
5.458512306213378906e-01 -4.701073095202445984e-02 6.538048386573791504e-02
5.449236631393432617e-01 -4.694764688611030579e-02 6.538048386573791504e-02
5.439729094505310059e-01 -4.688299074769020081e-02 6.538048386573791504e-02
5.430203080177307129e-01 -4.681820794939994812e-02 6.538048386573791504e-02
5.420894622802734375e-01 -4.675490036606788635e-02 6.538048386573791504e-02
5.412020683288574219e-01 -4.669454321265220642e-02 6.538048386573791504e-02
5.403649210929870605e-01 -4.663760587573051453e-02 6.538048386573791504e-02
5.395802855491638184e-01 -4.658423736691474915e-02 6.538048386573791504e-02
5.388491749763488770e-01 -4.653450846672058105e-02 6.538048386573791504e-02
5.381717085838317871e-01 -4.648843035101890564e-02 6.538048386573791504e-02
5.375468730926513672e-01 -4.644592851400375366e-02 6.538048386573791504e-02
5.369727015495300293e-01 -4.640687629580497742e-02 6.538048386573791504e-02
5.364463925361633301e-01 -4.637107625603675842e-02 6.538048386573791504e-02
5.359640121459960938e-01 -4.633826762437820435e-02 6.538048386573791504e-02
5.355209708213806152e-01 -4.630813375115394592e-02 6.538048386573791504e-02
5.351116657257080078e-01 -4.628029838204383850e-02 6.538048386573791504e-02
5.347298383712768555e-01 -4.625433310866355896e-02 6.538048386573791504e-02
5.343683362007141113e-01 -4.622975364327430725e-02 6.538048386573791504e-02
5.340192914009094238e-01 -4.620602354407310486e-02 6.538048386573791504e-02
5.336741805076599121e-01 -4.618256911635398865e-02 6.538048386573791504e-02
5.333237648010253906e-01 -4.615875706076622009e-02 6.538048386573791504e-02
5.329582095146179199e-01 -4.613392055034637451e-02 6.538048386573791504e-02
5.325691103935241699e-01 -4.610748216509819031e-02 6.538048386573791504e-02
5.321549177169799805e-01 -4.607934504747390747e-02 6.538048386573791504e-02
5.317159295082092285e-01 -4.604952409863471985e-02 6.538048386573791504e-02
5.317139029502868652e-01 -4.604899138212203979e-02 6.538048386573791504e-02
5.317000150680541992e-01 -4.604540392756462097e-02 6.538048386573791504e-02
5.316639542579650879e-01 -4.603604599833488464e-02 6.538048386573791504e-02
5.315965414047241211e-01 -4.601857811212539673e-02 6.538048386573791504e-02
5.314902663230895996e-01 -4.599102959036827087e-02 6.538048386573791504e-02
5.313388705253601074e-01 -4.595177248120307922e-02 6.538048386573791504e-02
5.311373472213745117e-01 -4.589953273534774780e-02 6.538048386573791504e-02
5.308820605278015137e-01 -4.583336412906646729e-02 6.538048386573791504e-02
5.305706858634948730e-01 -4.575265571475028992e-02 6.538048386573791504e-02
5.302020907402038574e-01 -4.565710574388504028e-02 6.538048386573791504e-02
5.297762155532836914e-01 -4.554672539234161377e-02 6.538048386573791504e-02
5.292943120002746582e-01 -4.542183130979537964e-02 6.538048386573791504e-02
5.287587046623229980e-01 -4.528301954269409180e-02 6.538048386573791504e-02
5.281727910041809082e-01 -4.513117298483848572e-02 6.538048386573791504e-02
5.275409817695617676e-01 -4.496745765209197998e-02 6.538048386573791504e-02
5.268688797950744629e-01 -4.479328915476799011e-02 6.538048386573791504e-02
5.261627435684204102e-01 -4.461034387350082397e-02 6.538048386573791504e-02
5.254302024841308594e-01 -4.442054405808448792e-02 6.538048386573791504e-02
5.246794223785400391e-01 -4.422605410218238831e-02 6.538048386573791504e-02
5.239196419715881348e-01 -4.402925819158554077e-02 6.538048386573791504e-02
5.231609344482421875e-01 -4.383276775479316711e-02 6.538048386573791504e-02
5.224141478538513184e-01 -4.363939911127090454e-02 6.538048386573791504e-02
5.216905474662780762e-01 -4.345207661390304565e-02 6.538048386573791504e-02
5.209961533546447754e-01 -4.327235743403434753e-02 6.538048386573791504e-02
5.203324556350708008e-01 -4.310061410069465637e-02 6.538048386573791504e-02
5.197003483772277832e-01 -4.293709620833396912e-02 6.538048386573791504e-02
5.191005468368530273e-01 -4.278194531798362732e-02 6.538048386573791504e-02
5.185331702232360840e-01 -4.263521358370780945e-02 6.538048386573791504e-02
5.179981589317321777e-01 -4.249685257673263550e-02 6.538048386573791504e-02
5.174949169158935547e-01 -4.236673563718795776e-02 6.538048386573791504e-02
5.170226693153381348e-01 -4.224463179707527161e-02 6.538048386573791504e-02
5.165802836418151855e-01 -4.213023930788040161e-02 6.538048386573791504e-02
5.161662697792053223e-01 -4.202316328883171082e-02 6.538048386573791504e-02
5.157787799835205078e-01 -4.192292690277099609e-02 6.538048386573791504e-02
5.154157280921936035e-01 -4.182898253202438354e-02 6.538048386573791504e-02
5.150746703147888184e-01 -4.174069315195083618e-02 6.538048386573791504e-02
5.147530436515808105e-01 -4.165736585855484009e-02 6.538048386573791504e-02
5.144478082656860352e-01 -4.157821461558341980e-02 6.538048386573791504e-02
5.141556859016418457e-01 -4.150240123271942139e-02 6.538048386573791504e-02
5.138732790946960449e-01 -4.142900928854942322e-02 6.538048386573791504e-02
5.135968327522277832e-01 -4.135707020759582520e-02 6.538048386573791504e-02
5.133223533630371094e-01 -4.128553718328475952e-02 6.538048386573791504e-02
5.130456089973449707e-01 -4.121331870555877686e-02 6.538048386573791504e-02
5.127621889114379883e-01 -4.113925620913505554e-02 6.538048386573791504e-02
5.124675035476684570e-01 -4.106213897466659546e-02 6.538048386573791504e-02
5.121580958366394043e-01 -4.098108410835266113e-02 6.538048386573791504e-02
5.118335485458374023e-01 -4.089601337909698486e-02 6.538048386573791504e-02
5.114939808845520020e-01 -4.080697894096374512e-02 6.538048386573791504e-02
5.111396312713623047e-01 -4.071406647562980652e-02 6.538048386573791504e-02
5.107707977294921875e-01 -4.061738774180412292e-02 6.538048386573791504e-02
5.103879570960998535e-01 -4.051707684993743896e-02 6.538048386573791504e-02
5.099915266036987305e-01 -4.041329026222229004e-02 6.538048386573791504e-02
5.095821619033813477e-01 -4.030621796846389771e-02 6.538048386573791504e-02
5.091605186462402344e-01 -4.019606113433837891e-02 6.538048386573791504e-02
5.087274312973022461e-01 -4.008305072784423828e-02 6.538048386573791504e-02
5.082837939262390137e-01 -3.996744006872177124e-02 6.538048386573791504e-02
5.078304409980773926e-01 -3.984950110316276550e-02 6.538048386573791504e-02
5.073684453964233398e-01 -3.972952440381050110e-02 6.538048386573791504e-02
5.068989396095275879e-01 -3.960783034563064575e-02 6.538048386573791504e-02
5.064231157302856445e-01 -3.948474675416946411e-02 6.538048386573791504e-02
5.059422254562377930e-01 -3.936062753200531006e-02 6.538048386573791504e-02
5.054575204849243164e-01 -3.923584148287773132e-02 6.538048386573791504e-02
5.049704909324645996e-01 -3.911077976226806641e-02 6.538048386573791504e-02
5.044825077056884766e-01 -3.898584470152854919e-02 6.538048386573791504e-02
5.039951205253601074e-01 -3.886146098375320435e-02 6.538048386573791504e-02
5.035099387168884277e-01 -3.873806074261665344e-02 6.538048386573791504e-02
5.030285120010375977e-01 -3.861609846353530884e-02 6.538048386573791504e-02
5.025525093078613281e-01 -3.849598765373229980e-02 6.538048386573791504e-02
5.020822882652282715e-01 -3.837777674198150635e-02 6.538048386573791504e-02
5.016177892684936523e-01 -3.826134279370307922e-02 6.538048386573791504e-02
5.011588335037231445e-01 -3.814656287431716919e-02 6.538048386573791504e-02
5.007054209709167480e-01 -3.803328797221183777e-02 6.538048386573791504e-02
5.002572536468505859e-01 -3.792138397693634033e-02 6.538048386573791504e-02
4.998142123222351074e-01 -3.781069815158843994e-02 6.538048386573791504e-02
4.993760883808135986e-01 -3.770107403397560120e-02 6.538048386573791504e-02
4.989425837993621826e-01 -3.759234398603439331e-02 6.538048386573791504e-02
4.985134899616241455e-01 -3.748434036970138550e-02 6.538048386573791504e-02
4.980885088443756104e-01 -3.737688809633255005e-02 6.538048386573791504e-02
4.976673424243927002e-01 -3.726980835199356079e-02 6.538048386573791504e-02
4.972496330738067627e-01 -3.716291114687919617e-02 6.538048386573791504e-02
4.968350231647491455e-01 -3.705600649118423462e-02 6.538048386573791504e-02
4.964231848716735840e-01 -3.694889321923255920e-02 6.538048386573791504e-02
4.960136711597442627e-01 -3.684137389063835144e-02 6.538048386573791504e-02
4.956061244010925293e-01 -3.673323616385459900e-02 6.538048386573791504e-02
4.952000975608825684e-01 -3.662426769733428955e-02 6.538048386573791504e-02
4.947951436042785645e-01 -3.651425242424011230e-02 6.538048386573791504e-02
4.943907856941223145e-01 -3.640297055244445801e-02 6.538048386573791504e-02
4.939865469932556152e-01 -3.629019483923912048e-02 6.538048386573791504e-02
4.935819506645202637e-01 -3.617569431662559509e-02 6.538048386573791504e-02
4.931764602661132812e-01 -3.605924546718597412e-02 6.538048386573791504e-02
4.927697479724884033e-01 -3.594085201621055603e-02 6.538048386573791504e-02
4.923616349697113037e-01 -3.582084178924560547e-02 6.538048386573791504e-02
4.919520020484924316e-01 -3.569955378770828247e-02 6.538048386573791504e-02
4.915407001972198486e-01 -3.557733073830604553e-02 6.538048386573791504e-02
4.911276102066040039e-01 -3.545451909303665161e-02 6.538048386573791504e-02
4.907126128673553467e-01 -3.533146902918815613e-02 6.538048386573791504e-02
4.902956187725067139e-01 -3.520853072404861450e-02 6.538048386573791504e-02
4.898765385150909424e-01 -3.508605435490608215e-02 6.538048386573791504e-02
4.894552230834960938e-01 -3.496439009904861450e-02 6.538048386573791504e-02
4.890316128730773926e-01 -3.484389930963516235e-02 6.538048386573791504e-02
4.886056184768676758e-01 -3.472493216395378113e-02 6.538048386573791504e-02
4.881771802902221680e-01 -3.460785374045372009e-02 6.538048386573791504e-02
4.877462089061737061e-01 -3.449301421642303467e-02 6.538048386573791504e-02
4.873126149177551270e-01 -3.438078239560127258e-02 6.538048386573791504e-02
4.868763983249664307e-01 -3.427151590585708618e-02 6.538048386573791504e-02
4.864374399185180664e-01 -3.416557982563972473e-02 6.538048386573791504e-02
4.859957396984100342e-01 -3.406333550810813904e-02 6.538048386573791504e-02
4.855512082576751709e-01 -3.396515548229217529e-02 6.538048386573791504e-02
4.851038455963134766e-01 -3.387140482664108276e-02 6.538048386573791504e-02
4.846535921096801758e-01 -3.378244861960411072e-02 6.538048386573791504e-02
4.842003881931304932e-01 -3.369865939021110535e-02 6.538048386573791504e-02
4.837442636489868164e-01 -3.362040594220161438e-02 6.538048386573791504e-02
4.832852780818939209e-01 -3.354779258370399475e-02 6.538048386573791504e-02
4.828240573406219482e-01 -3.347986191511154175e-02 6.538048386573791504e-02
4.823614060878753662e-01 -3.341540694236755371e-02 6.538048386573791504e-02
4.818980395793914795e-01 -3.335320577025413513e-02 6.538048386573791504e-02
4.814347028732299805e-01 -3.329204395413398743e-02 6.538048386573791504e-02
4.809722006320953369e-01 -3.323071077466011047e-02 6.538048386573791504e-02
4.805112183094024658e-01 -3.316798061132431030e-02 6.538048386573791504e-02
4.800525307655334473e-01 -3.310263901948928833e-02 6.538048386573791504e-02
4.795968830585479736e-01 -3.303347527980804443e-02 6.538048386573791504e-02
4.791450500488281250e-01 -3.295926377177238464e-02 6.538048386573791504e-02
4.786976873874664307e-01 -3.287878632545471191e-02 6.538048386573791504e-02
4.782556295394897461e-01 -3.279082849621772766e-02 6.538048386573791504e-02
4.778195619583129883e-01 -3.269416838884353638e-02 6.538048386573791504e-02
4.773902595043182373e-01 -3.258758410811424255e-02 6.538048386573791504e-02
4.769684076309204102e-01 -3.246986120939254761e-02 6.538048386573791504e-02
4.765547811985015869e-01 -3.233977779746055603e-02 6.538048386573791504e-02
4.761500954627990723e-01 -3.219610825181007385e-02 6.538048386573791504e-02
4.757550954818725586e-01 -3.203763812780380249e-02 6.538048386573791504e-02
4.753705263137817383e-01 -3.186314553022384644e-02 6.538048386573791504e-02
4.749970734119415283e-01 -3.167140483856201172e-02 6.538048386573791504e-02
4.746355116367340088e-01 -3.146119788289070129e-02 6.538048386573791504e-02
4.742865264415740967e-01 -3.123129904270172119e-02 6.538048386573791504e-02
4.739508032798767090e-01 -3.098059445619583130e-02 6.538048386573791504e-02
4.736281037330627441e-01 -3.070949576795101166e-02 6.538048386573791504e-02
4.733174741268157959e-01 -3.041957132518291473e-02 6.538048386573791504e-02
4.730179309844970703e-01 -3.011242300271987915e-02 6.538048386573791504e-02
4.727284908294677734e-01 -2.978964895009994507e-02 6.538048386573791504e-02
4.724481999874114990e-01 -2.945285104215145111e-02 6.538048386573791504e-02
4.721760749816894531e-01 -2.910362929105758667e-02 6.538048386573791504e-02
4.719111919403076172e-01 -2.874358557164669037e-02 6.538048386573791504e-02
4.716525375843048096e-01 -2.837431617081165314e-02 6.538048386573791504e-02
4.713991582393646240e-01 -2.799742296338081360e-02 6.538048386573791504e-02
4.711501002311706543e-01 -2.761450968682765961e-02 6.538048386573791504e-02
4.709043800830841064e-01 -2.722717076539993286e-02 6.538048386573791504e-02
4.706610441207885742e-01 -2.683701179921627045e-02 6.538048386573791504e-02
4.704191088676452637e-01 -2.644563280045986176e-02 6.538048386573791504e-02
4.701776206493377686e-01 -2.605463191866874695e-02 6.538048386573791504e-02
4.699356257915496826e-01 -2.566561102867126465e-02 6.538048386573791504e-02
4.696922302246093750e-01 -2.527987211942672729e-02 6.538048386573791504e-02
4.694469869136810303e-01 -2.489785477519035339e-02 6.538048386573791504e-02
4.691994488239288330e-01 -2.451984025537967682e-02 6.538048386573791504e-02
4.689491987228393555e-01 -2.414610423147678375e-02 6.538048386573791504e-02
4.686957895755767822e-01 -2.377693168818950653e-02 6.538048386573791504e-02
4.684388041496276855e-01 -2.341260015964508057e-02 6.538048386573791504e-02
4.681777954101562500e-01 -2.305339276790618896e-02 6.538048386573791504e-02
4.679123461246490479e-01 -2.269958704710006714e-02 6.538048386573791504e-02
4.676420092582702637e-01 -2.235146425664424896e-02 6.538048386573791504e-02
4.673663973808288574e-01 -2.200930379331111908e-02 6.538048386573791504e-02
4.670850336551666260e-01 -2.167338877916336060e-02 6.538048386573791504e-02
4.667975008487701416e-01 -2.134399674832820892e-02 6.538048386573791504e-02
4.665033817291259766e-01 -2.102140709757804871e-02 6.538048386573791504e-02
4.662022590637207031e-01 -2.070590294897556305e-02 6.538048386573791504e-02
4.658936560153961182e-01 -2.039776369929313660e-02 6.538048386573791504e-02
4.655772149562835693e-01 -2.009723708033561707e-02 6.538048386573791504e-02
4.652530848979949951e-01 -1.980412192642688751e-02 6.538048386573791504e-02
4.649218022823333740e-01 -1.951787248253822327e-02 6.538048386573791504e-02
4.645839631557464600e-01 -1.923793554306030273e-02 6.538048386573791504e-02
4.642401635646820068e-01 -1.896375976502895355e-02 6.538048386573791504e-02
4.638909399509429932e-01 -1.869479194283485413e-02 6.538048386573791504e-02
4.635368883609771729e-01 -1.843047700822353363e-02 6.538048386573791504e-02
4.631785750389099121e-01 -1.817026548087596893e-02 6.538048386573791504e-02
4.628165960311889648e-01 -1.791360042989253998e-02 6.538048386573791504e-02
4.624514877796173096e-01 -1.765993237495422363e-02 6.538048386573791504e-02
4.620838761329650879e-01 -1.740870624780654907e-02 6.538048386573791504e-02
4.617142975330352783e-01 -1.715937070548534393e-02 6.538048386573791504e-02
4.613433182239532471e-01 -1.691137254238128662e-02 6.538048386573791504e-02
4.609715640544891357e-01 -1.666415855288505554e-02 6.538048386573791504e-02
4.605995416641235352e-01 -1.641717366874217987e-02 6.538048386573791504e-02
4.602279067039489746e-01 -1.616987027227878571e-02 6.538048386573791504e-02
4.598571658134460449e-01 -1.592168956995010376e-02 6.538048386573791504e-02
4.594879448413848877e-01 -1.567208208143711090e-02 6.538048386573791504e-02
4.591206610202789307e-01 -1.542059518396854401e-02 6.538048386573791504e-02
4.587553441524505615e-01 -1.516722980886697769e-02 6.538048386573791504e-02
4.583918750286102295e-01 -1.491211354732513428e-02 6.538048386573791504e-02
4.580300748348236084e-01 -1.465537399053573608e-02 6.538048386573791504e-02
4.576698243618011475e-01 -1.439713872969150543e-02 6.538048386573791504e-02
4.573110044002532959e-01 -1.413753442466259003e-02 6.538048386573791504e-02
4.569534361362457275e-01 -1.387669052928686142e-02 6.538048386573791504e-02
4.565970599651336670e-01 -1.361473370343446732e-02 6.538048386573791504e-02
4.562416374683380127e-01 -1.335179246962070465e-02 6.538048386573791504e-02
4.558871090412139893e-01 -1.308799255639314651e-02 6.538048386573791504e-02
4.555333256721496582e-01 -1.282346434891223907e-02 6.538048386573791504e-02
4.551801383495330811e-01 -1.255833357572555542e-02 6.538048386573791504e-02
4.548273980617523193e-01 -1.229272875934839249e-02 6.538048386573791504e-02
4.544749855995178223e-01 -1.202677749097347260e-02 6.538048386573791504e-02
4.541227817535400391e-01 -1.176060736179351807e-02 6.538048386573791504e-02
4.537706077098846436e-01 -1.149434689432382584e-02 6.538048386573791504e-02
4.534183442592620850e-01 -1.122812367975711823e-02 6.538048386573791504e-02
4.530658721923828125e-01 -1.096206437796354294e-02 6.538048386573791504e-02
4.527130722999572754e-01 -1.069626584649085999e-02 6.538048386573791504e-02
4.523599147796630859e-01 -1.043077558279037476e-02 6.538048386573791504e-02
4.520063698291778564e-01 -1.016563456505537033e-02 6.538048386573791504e-02
4.516524374485015869e-01 -9.900885634124279022e-03 6.538048386573791504e-02
4.512980282306671143e-01 -9.636571630835533142e-03 6.538048386573791504e-02
4.509431719779968262e-01 -9.372732602059841156e-03 6.538048386573791504e-02
4.505878090858459473e-01 -9.109412319958209991e-03 6.538048386573791504e-02
4.502319097518920898e-01 -8.846652694046497345e-03 6.538048386573791504e-02
4.498754441738128662e-01 -8.584493771195411682e-03 6.538048386573791504e-02
4.495184123516082764e-01 -8.322979323565959930e-03 6.538048386573791504e-02
4.491607546806335449e-01 -8.062151260673999786e-03 6.538048386573791504e-02
4.488024413585662842e-01 -7.802049163728952408e-03 6.538048386573791504e-02
4.484434723854064941e-01 -7.542716804891824722e-03 6.538048386573791504e-02
4.480837881565093994e-01 -7.284194696694612503e-03 6.538048386573791504e-02
4.477233588695526123e-01 -7.026524282991886139e-03 6.538048386573791504e-02
4.473621845245361328e-01 -6.769747938960790634e-03 6.538048386573791504e-02
4.470002353191375732e-01 -6.513906642794609070e-03 6.538048386573791504e-02
4.466374516487121582e-01 -6.259024143218994141e-03 6.538048386573791504e-02
4.462740421295166016e-01 -6.004930939525365829e-03 6.538048386573791504e-02
4.459102153778076172e-01 -5.751333199441432953e-03 6.538048386573791504e-02
4.455462396144866943e-01 -5.497935228049755096e-03 6.538048386573791504e-02
4.451823532581329346e-01 -5.244442261755466461e-03 6.538048386573791504e-02
4.448188543319702148e-01 -4.990559071302413940e-03 6.538048386573791504e-02
4.444559216499328613e-01 -4.735990893095731735e-03 6.538048386573791504e-02
4.440938830375671387e-01 -4.480442497879266739e-03 6.538048386573791504e-02
4.437329471111297607e-01 -4.223620053380727768e-03 6.538048386573791504e-02
4.433733820915222168e-01 -3.965228330343961716e-03 6.538048386573791504e-02
4.430153965950012207e-01 -3.704974194988608360e-03 6.538048386573791504e-02
4.426593184471130371e-01 -3.442562883719801903e-03 6.538048386573791504e-02
4.423053264617919922e-01 -3.177701029926538467e-03 6.538048386573791504e-02
4.419537186622619629e-01 -2.910095266997814178e-03 6.538048386573791504e-02
4.416047036647796631e-01 -2.639452461153268814e-03 6.538048386573791504e-02
4.412585794925689697e-01 -2.365479012951254845e-03 6.538048386573791504e-02
4.409155547618865967e-01 -2.087882952764630318e-03 6.538048386573791504e-02
4.405758678913116455e-01 -1.806371263228356838e-03 6.538048386573791504e-02
4.402397274971008301e-01 -1.520760939456522465e-03 6.538048386573791504e-02
4.399068951606750488e-01 -1.231269445270299911e-03 6.538048386573791504e-02
4.395770728588104248e-01 -9.382067364640533924e-04 6.538048386573791504e-02
4.392499923706054688e-01 -6.418818957172334194e-04 6.538048386573791504e-02
4.389253556728363037e-01 -3.426033945288509130e-04 6.538048386573791504e-02
4.386028647422790527e-01 -4.067930422024801373e-05 6.538048386573791504e-02
4.382822513580322266e-01 2.635830896906554699e-04 6.538048386573791504e-02
4.379632174968719482e-01 5.698771565221250057e-04 6.538048386573791504e-02
4.376454949378967285e-01 8.778969640843570232e-04 6.538048386573791504e-02
4.373287558555603027e-01 1.187337213195860386e-03 6.538048386573791504e-02
4.370127916336059570e-01 1.497893477790057659e-03 6.538048386573791504e-02
4.366972744464874268e-01 1.809262088499963284e-03 6.538048386573791504e-02
4.363819360733032227e-01 2.121140249073505402e-03 6.538048386573791504e-02
4.360664784908294678e-01 2.433225978165864944e-03 6.538048386573791504e-02
4.357506334781646729e-01 2.745218109339475632e-03 6.538048386573791504e-02
4.354341328144073486e-01 3.056816291064023972e-03 6.538048386573791504e-02
4.351167082786560059e-01 3.367721335962414742e-03 6.538048386573791504e-02
4.347981214523315430e-01 3.677669214084744453e-03 6.538048386573791504e-02
4.344784319400787354e-01 3.986631054431200027e-03 6.538048386573791504e-02
4.341577589511871338e-01 4.294676706194877625e-03 6.538048386573791504e-02
4.338363409042358398e-01 4.601873457431793213e-03 6.538048386573791504e-02
4.335142970085144043e-01 4.908286966383457184e-03 6.538048386573791504e-02
4.331917762756347656e-01 5.213981028646230698e-03 6.538048386573791504e-02
4.328689575195312500e-01 5.519016180187463760e-03 6.538048386573791504e-02
4.325460195541381836e-01 5.823451559990644455e-03 6.538048386573791504e-02
4.322230815887451172e-01 6.127342581748962402e-03 6.538048386573791504e-02
4.319002926349639893e-01 6.430743262171745300e-03 6.538048386573791504e-02
4.315778017044067383e-01 6.733702961355447769e-03 6.538048386573791504e-02
4.312557280063629150e-01 7.036270108073949814e-03 6.538048386573791504e-02
4.309342503547668457e-01 7.338488940149545670e-03 6.538048386573791504e-02
4.306134879589080811e-01 7.640401367098093033e-03 6.538048386573791504e-02
4.302935302257537842e-01 7.942044176161289215e-03 6.538048386573791504e-02
4.299745559692382812e-01 8.243453688919544220e-03 6.538048386573791504e-02
4.296566545963287354e-01 8.544661104679107666e-03 6.538048386573791504e-02
4.293399155139923096e-01 8.845694363117218018e-03 6.538048386573791504e-02
4.290241897106170654e-01 9.146601893007755280e-03 6.538048386573791504e-02
4.287091493606567383e-01 9.447453543543815613e-03 6.538048386573791504e-02
4.283944666385650635e-01 9.748324751853942871e-03 6.538048386573791504e-02
4.280798137187957764e-01 1.004930026829242706e-02 6.538048386573791504e-02
4.277649223804473877e-01 1.035047229379415512e-02 6.538048386573791504e-02
4.274494647979736328e-01 1.065194234251976013e-02 6.538048386573791504e-02
4.271331429481506348e-01 1.095382031053304672e-02 6.538048386573791504e-02
4.268157184123992920e-01 1.125622633844614029e-02 6.538048386573791504e-02
4.264969229698181152e-01 1.155929081141948700e-02 6.538048386573791504e-02
4.261765182018280029e-01 1.186315342783927917e-02 6.538048386573791504e-02
4.258542358875274658e-01 1.216796599328517914e-02 6.538048386573791504e-02
4.255299270153045654e-01 1.247388869524002075e-02 6.538048386573791504e-02
4.252033531665802002e-01 1.278109848499298096e-02 6.538048386573791504e-02
4.248743355274200439e-01 1.308977883309125900e-02 6.538048386573791504e-02
4.245427250862121582e-01 1.340012904256582260e-02 6.538048386573791504e-02
4.242083132266998291e-01 1.371236145496368408e-02 6.538048386573791504e-02
4.238710701465606689e-01 1.402669027447700500e-02 6.538048386573791504e-02
4.235312938690185547e-01 1.434304565191268921e-02 6.538048386573791504e-02
4.231899380683898926e-01 1.466096285730600357e-02 6.538048386573791504e-02
4.228479862213134766e-01 1.497992407530546188e-02 6.538048386573791504e-02
4.225063621997833252e-01 1.529938541352748871e-02 6.538048386573791504e-02
4.221659302711486816e-01 1.561877038329839706e-02 6.538048386573791504e-02
4.218274950981140137e-01 1.593747176229953766e-02 6.538048386573791504e-02
4.214918911457061768e-01 1.625484600663185120e-02 6.538048386573791504e-02
4.211598336696624756e-01 1.657021790742874146e-02 6.538048386573791504e-02
4.208320379257202148e-01 1.688287220895290375e-02 6.538048386573791504e-02
4.205091595649719238e-01 1.719205640256404877e-02 6.538048386573791504e-02
4.201917648315429688e-01 1.749697886407375336e-02 6.538048386573791504e-02
4.198803901672363281e-01 1.779680512845516205e-02 6.538048386573791504e-02
4.195755422115325928e-01 1.809065975248813629e-02 6.538048386573791504e-02
4.192776381969451904e-01 1.837761886417865753e-02 6.538048386573791504e-02
4.189870059490203857e-01 1.865671575069427490e-02 6.538048386573791504e-02
4.187040030956268311e-01 1.892693340778350830e-02 6.538048386573791504e-02
4.184288382530212402e-01 1.918720826506614685e-02 6.538048386573791504e-02
4.181604087352752686e-01 1.943610049784183502e-02 6.538048386573791504e-02
4.178949892520904541e-01 1.967149414122104645e-02 6.538048386573791504e-02
4.176286160945892334e-01 1.989130862057209015e-02 6.538048386573791504e-02
4.173575043678283691e-01 2.009361237287521362e-02 6.538048386573791504e-02
4.170781373977661133e-01 2.027663029730319977e-02 6.538048386573791504e-02
4.167871475219726562e-01 2.043874561786651611e-02 6.538048386573791504e-02
4.164814054965972900e-01 2.057851664721965790e-02 6.538048386573791504e-02
4.161580502986907959e-01 2.069467119872570038e-02 6.538048386573791504e-02
4.158143699169158936e-01 2.078612335026264191e-02 6.538048386573791504e-02
4.154480099678039551e-01 2.085197716951370239e-02 6.538048386573791504e-02
4.150568246841430664e-01 2.089153230190277100e-02 6.538048386573791504e-02
4.146389067173004150e-01 2.090429514646530151e-02 6.538048386573791504e-02
4.141926765441894531e-01 2.088998071849346161e-02 6.538048386573791504e-02
4.137168228626251221e-01 2.084852010011672974e-02 6.538048386573791504e-02
4.132103025913238525e-01 2.078007347881793976e-02 6.538048386573791504e-02
4.126724004745483398e-01 2.068503014743328094e-02 6.538048386573791504e-02
4.121027588844299316e-01 2.056401781737804413e-02 6.538048386573791504e-02
4.115012586116790771e-01 2.041791193187236786e-02 6.538048386573791504e-02
4.108681678771972656e-01 2.024783939123153687e-02 6.538048386573791504e-02
4.102040827274322510e-01 2.005518600344657898e-02 6.538048386573791504e-02
4.095098972320556641e-01 1.984160579741001129e-02 6.538048386573791504e-02
4.087869822978973389e-01 1.960902661085128784e-02 6.538048386573791504e-02
4.080373346805572510e-01 1.935988292098045349e-02 6.538048386573791504e-02
4.072683751583099365e-01 1.910013519227504730e-02 6.538048386573791504e-02
4.064911007881164551e-01 1.883797720074653625e-02 6.538048386573791504e-02
4.057158231735229492e-01 1.858109235763549805e-02 6.538048386573791504e-02
4.049521386623382568e-01 1.833657175302505493e-02 6.538048386573791504e-02
4.042087197303771973e-01 1.811087876558303833e-02 6.538048386573791504e-02
4.034934639930725098e-01 1.790983043611049652e-02 6.538048386573791504e-02
4.028133749961853027e-01 1.773856952786445618e-02 6.538048386573791504e-02
4.021745026111602783e-01 1.760154217481613159e-02 6.538048386573791504e-02
4.015820324420928955e-01 1.750246621668338776e-02 6.538048386573791504e-02
4.010400474071502686e-01 1.744431257247924805e-02 6.538048386573791504e-02
4.005517065525054932e-01 1.742927916347980499e-02 6.538048386573791504e-02
4.001190662384033203e-01 1.745876111090183258e-02 6.538048386573791504e-02
3.997431397438049316e-01 1.753333210945129395e-02 6.538048386573791504e-02
3.994238078594207764e-01 1.765271462500095367e-02 6.538048386573791504e-02
3.991597890853881836e-01 1.781575381755828857e-02 6.538048386573791504e-02
3.989486396312713623e-01 1.802039891481399536e-02 6.538048386573791504e-02
3.987867236137390137e-01 1.826366782188415527e-02 6.538048386573791504e-02
3.986690938472747803e-01 1.854163408279418945e-02 6.538048386573791504e-02
3.985895812511444092e-01 1.884939149022102356e-02 6.538048386573791504e-02
3.985406458377838135e-01 1.918103545904159546e-02 6.538048386573791504e-02
3.985134959220886230e-01 1.952962949872016907e-02 6.538048386573791504e-02
4.002623260021209717e-01 1.308646798133850098e-02 6.538051366806030273e-02
4.002492427825927734e-01 1.343098655343055725e-02 6.538051366806030273e-02
4.002365171909332275e-01 1.376575604081153870e-02 6.538051366806030273e-02
4.002241790294647217e-01 1.409076899290084839e-02 6.538051366806030273e-02
4.002122282981872559e-01 1.440602913498878479e-02 6.538051366806030273e-02
4.002006053924560547e-01 1.471154391765594482e-02 6.538051366806030273e-02
4.001893997192382812e-01 1.500733010470867157e-02 6.538051366806030273e-02
4.001785218715667725e-01 1.529341097921133041e-02 6.538051366806030273e-02
4.001680314540863037e-01 1.556981727480888367e-02 6.538051366806030273e-02
4.001579284667968750e-01 1.583658531308174133e-02 6.538051366806030273e-02
4.001481533050537109e-01 1.609376259148120880e-02 6.538051366806030273e-02
4.001387655735015869e-01 1.634140126407146454e-02 6.538051366806030273e-02
4.001297056674957275e-01 1.657956279814243317e-02 6.538051366806030273e-02
4.001210331916809082e-01 1.680831238627433777e-02 6.538051366806030273e-02
4.001127183437347412e-01 1.702772825956344604e-02 6.538051366806030273e-02
4.001047313213348389e-01 1.723789051175117493e-02 6.538051366806030273e-02
4.000971019268035889e-01 1.743889413774013519e-02 6.538051366806030273e-02
4.000898301601409912e-01 1.763083226978778839e-02 6.538051366806030273e-02
4.000828862190246582e-01 1.781381666660308838e-02 6.538051366806030273e-02
4.000762999057769775e-01 1.798795722424983978e-02 6.538051366806030273e-02
4.000700116157531738e-01 1.815337873995304108e-02 6.538051366806030273e-02
4.000640809535980225e-01 1.831020787358283997e-02 6.538051366806030273e-02
4.000584483146667480e-01 1.845858618617057800e-02 6.538051366806030273e-02
4.000531136989593506e-01 1.859865710139274597e-02 6.538051366806030273e-02
4.000481367111206055e-01 1.873057335615158081e-02 6.538051366806030273e-02
4.000434279441833496e-01 1.885449886322021484e-02 6.538051366806030273e-02
4.000390172004699707e-01 1.897060312330722809e-02 6.538051366806030273e-02
4.000349044799804688e-01 1.907906308770179749e-02 6.538051366806030273e-02
4.000310897827148438e-01 1.918006688356399536e-02 6.538051366806030273e-02
4.000275433063507080e-01 1.927380822598934174e-02 6.538051366806030273e-02
4.000242352485656738e-01 1.936048828065395355e-02 6.538051366806030273e-02
4.000212252140045166e-01 1.944032125174999237e-02 6.538051366806030273e-02
4.000184535980224609e-01 1.951352693140506744e-02 6.538051366806030273e-02
4.000159204006195068e-01 1.958033069968223572e-02 6.538051366806030273e-02
4.000136256217956543e-01 1.964096911251544952e-02 6.538051366806030273e-02
4.000115394592285156e-01 1.969568990170955658e-02 6.538051366806030273e-02
4.000096917152404785e-01 1.974474452435970306e-02 6.538051366806030273e-02
4.000080227851867676e-01 1.978839747607707977e-02 6.538051366806030273e-02
4.000065624713897705e-01 1.982691697776317596e-02 6.538051366806030273e-02
4.000052809715270996e-01 1.986058428883552551e-02 6.538051366806030273e-02
4.000041782855987549e-01 1.988968625664710999e-02 6.538051366806030273e-02
4.000032544136047363e-01 1.991452090442180634e-02 6.538051366806030273e-02
4.000024497509002686e-01 1.993539556860923767e-02 6.538051366806030273e-02
4.000017940998077393e-01 1.995262317359447479e-02 6.538051366806030273e-02
4.000012874603271484e-01 1.996652968227863312e-02 6.538051366806030273e-02
4.000008702278137207e-01 1.997744478285312653e-02 6.538051366806030273e-02
4.000005424022674561e-01 1.998571306467056274e-02 6.538051366806030273e-02
4.000003337860107422e-01 1.999168284237384796e-02 6.538051366806030273e-02
4.000001549720764160e-01 1.999571733176708221e-02 6.538051366806030273e-02
4.000000655651092529e-01 1.999818161129951477e-02 6.538051366806030273e-02
4.000000357627868652e-01 1.999945752322673798e-02 6.538051366806030273e-02
4.000000059604644775e-01 1.999993063509464264e-02 6.538051366806030273e-02
