1.499817848205566406e+00 1.158084988594055176e+00 8.525152206420898438e-01
1.594019595230208752e+00 1.233521473369712629e+00 8.983538607622457706e-01
1.688411623221949931e+00 1.358629336989846337e+00 1.017483667929555136e+00
1.812038174969265336e+00 1.452108957235350939e+00 1.139791968542912759e+00
1.888838420350333225e+00 1.443160776663543032e+00 1.316853114451750351e+00
1.939835021458379050e+00 1.481272734388086931e+00 1.506274397898632600e+00
2.090708278100669837e+00 1.610222017639095782e+00 1.614397863901287478e+00
2.248295099057194157e+00 1.711405548051595282e+00 1.738259289128806451e+00
2.308817608554780687e+00 1.811858270894449729e+00 1.894747271091945739e+00
2.646651506423950195e+00 2.145328283309936523e+00 2.466809272766113281e+00
