3.855369389057159424e-01 -4.129272103309631348e-01 6.499999761581420898e-02
3.859127461910247803e-01 -4.128983914852142334e-01 6.499999761581420898e-02
3.862885534763336182e-01 -4.128696024417877197e-01 6.499999761581420898e-02
3.866643607616424561e-01 -4.128407835960388184e-01 6.499999761581420898e-02
3.870401382446289062e-01 -4.128119647502899170e-01 6.499999761581420898e-02
3.874159455299377441e-01 -4.127831459045410156e-01 6.499999761581420898e-02
3.877917528152465820e-01 -4.127543568611145020e-01 6.499999761581420898e-02
3.881675601005554199e-01 -4.127255380153656006e-01 6.499999761581420898e-02
3.885433673858642578e-01 -4.126967191696166992e-01 6.499999761581420898e-02
3.889191746711730957e-01 -4.126679301261901855e-01 6.499999761581420898e-02
3.892949819564819336e-01 -4.126391112804412842e-01 6.499999761581420898e-02
3.896707594394683838e-01 -4.126102924346923828e-01 6.499999761581420898e-02
3.900465667247772217e-01 -4.125814735889434814e-01 6.499999761581420898e-02
3.904223740100860596e-01 -4.125526845455169678e-01 6.499999761581420898e-02
3.907981812953948975e-01 -4.125238656997680664e-01 6.499999761581420898e-02
3.911739885807037354e-01 -4.124950468540191650e-01 6.499999761581420898e-02
3.915497958660125732e-01 -4.124662578105926514e-01 6.499999761581420898e-02
3.919256031513214111e-01 -4.124374389648437500e-01 6.499999761581420898e-02
3.923013806343078613e-01 -4.124086201190948486e-01 6.499999761581420898e-02
3.926771879196166992e-01 -4.123798310756683350e-01 6.499999761581420898e-02
3.930529952049255371e-01 -4.123510122299194336e-01 6.499999761581420898e-02
3.934288024902343750e-01 -4.123221933841705322e-01 6.499999761581420898e-02
3.938046097755432129e-01 -4.122933745384216309e-01 6.499999761581420898e-02
3.941804170608520508e-01 -4.122645854949951172e-01 6.499999761581420898e-02
3.945562243461608887e-01 -4.122357666492462158e-01 6.499999761581420898e-02
3.950690627098083496e-01 -4.121775329113006592e-01 6.499999761581420898e-02
3.956642746925354004e-01 -4.121015965938568115e-01 6.499999761581420898e-02
3.962594866752624512e-01 -4.120256602764129639e-01 6.499999761581420898e-02
3.968546986579895020e-01 -4.119497239589691162e-01 6.499999761581420898e-02
3.974499404430389404e-01 -4.118737876415252686e-01 6.499999761581420898e-02
3.980451524257659912e-01 -4.117978513240814209e-01 6.499999761581420898e-02
3.986403644084930420e-01 -4.117219448089599609e-01 6.499999761581420898e-02
3.992355763912200928e-01 -4.116460084915161133e-01 6.499999761581420898e-02
3.998307883739471436e-01 -4.115700721740722656e-01 6.499999761581420898e-02
4.004260301589965820e-01 -4.114941358566284180e-01 6.499999761581420898e-02
4.010212421417236328e-01 -4.114181995391845703e-01 6.499999761581420898e-02
4.016164541244506836e-01 -4.113422632217407227e-01 6.499999761581420898e-02
4.022116661071777344e-01 -4.112663567066192627e-01 6.499999761581420898e-02
4.028068780899047852e-01 -4.111904203891754150e-01 6.499999761581420898e-02
4.034021198749542236e-01 -4.111144840717315674e-01 6.499999761581420898e-02
4.039973318576812744e-01 -4.110385477542877197e-01 6.499999761581420898e-02
4.045925438404083252e-01 -4.109626114368438721e-01 6.499999761581420898e-02
4.051877558231353760e-01 -4.108866751194000244e-01 6.499999761581420898e-02
4.057829976081848145e-01 -4.108107388019561768e-01 6.499999761581420898e-02
4.063782095909118652e-01 -4.107348322868347168e-01 6.499999761581420898e-02
4.069734215736389160e-01 -4.106588959693908691e-01 6.499999761581420898e-02
4.075686335563659668e-01 -4.105829596519470215e-01 6.499999761581420898e-02
4.081638455390930176e-01 -4.105070233345031738e-01 6.499999761581420898e-02
4.087055623531341553e-01 -4.104205071926116943e-01 6.499999761581420898e-02
4.092347919940948486e-01 -4.103314876556396484e-01 6.499999761581420898e-02
4.097640216350555420e-01 -4.102424979209899902e-01 6.499999761581420898e-02
4.102932512760162354e-01 -4.101535081863403320e-01 6.499999761581420898e-02
4.108224809169769287e-01 -4.100645184516906738e-01 6.499999761581420898e-02
4.113517105579376221e-01 -4.099755287170410156e-01 6.499999761581420898e-02
4.118809700012207031e-01 -4.098865091800689697e-01 6.499999761581420898e-02
4.124101996421813965e-01 -4.097975194454193115e-01 6.499999761581420898e-02
4.129394292831420898e-01 -4.097085297107696533e-01 6.499999761581420898e-02
4.134686589241027832e-01 -4.096195399761199951e-01 6.499999761581420898e-02
4.139978885650634766e-01 -4.095305502414703369e-01 6.499999761581420898e-02
4.145271182060241699e-01 -4.094415307044982910e-01 6.499999761581420898e-02
4.150563776493072510e-01 -4.093525409698486328e-01 6.499999761581420898e-02
4.155856072902679443e-01 -4.092635512351989746e-01 6.499999761581420898e-02
4.161148369312286377e-01 -4.091745615005493164e-01 6.499999761581420898e-02
4.166440665721893311e-01 -4.090855717658996582e-01 6.499999761581420898e-02
4.171732962131500244e-01 -4.089965522289276123e-01 6.499999761581420898e-02
4.177070260047912598e-01 -4.088818132877349854e-01 6.499999761581420898e-02
4.182407557964324951e-01 -4.087670147418975830e-01 6.499999761581420898e-02
4.187745153903961182e-01 -4.086522161960601807e-01 6.499999761581420898e-02
4.193082451820373535e-01 -4.085374474525451660e-01 6.499999761581420898e-02
4.198419749736785889e-01 -4.084226489067077637e-01 6.499999761581420898e-02
4.203757047653198242e-01 -4.083078801631927490e-01 6.499999761581420898e-02
4.209094345569610596e-01 -4.081930816173553467e-01 6.499999761581420898e-02
4.214431941509246826e-01 -4.080782830715179443e-01 6.499999761581420898e-02
4.219769239425659180e-01 -4.079635143280029297e-01 6.499999761581420898e-02
4.225106537342071533e-01 -4.078487157821655273e-01 6.499999761581420898e-02
4.230443835258483887e-01 -4.077339172363281250e-01 6.499999761581420898e-02
4.235781133174896240e-01 -4.076191484928131104e-01 6.499999761581420898e-02
4.241118431091308594e-01 -4.075043499469757080e-01 6.499999761581420898e-02
4.246456027030944824e-01 -4.073895812034606934e-01 6.499999761581420898e-02
4.251793324947357178e-01 -4.072747826576232910e-01 6.499999761581420898e-02
4.257130622863769531e-01 -4.071599841117858887e-01 6.499999761581420898e-02
4.262467920780181885e-01 -4.070452153682708740e-01 6.499999761581420898e-02
4.267805218696594238e-01 -4.069304168224334717e-01 6.499999761581420898e-02
4.273142516613006592e-01 -4.068156182765960693e-01 6.499999761581420898e-02
4.278315305709838867e-01 -4.066857695579528809e-01 6.499999761581420898e-02
4.283481240272521973e-01 -4.065552949905395508e-01 6.499999761581420898e-02
4.288647472858428955e-01 -4.064248502254486084e-01 6.499999761581420898e-02
4.293813407421112061e-01 -4.062943756580352783e-01 6.499999761581420898e-02
4.298979640007019043e-01 -4.061639010906219482e-01 6.499999761581420898e-02
4.304145574569702148e-01 -4.060334563255310059e-01 6.499999761581420898e-02
4.309311807155609131e-01 -4.059029817581176758e-01 6.499999761581420898e-02
4.314477741718292236e-01 -4.057725071907043457e-01 6.499999761581420898e-02
4.319643676280975342e-01 -4.056420624256134033e-01 6.499999761581420898e-02
4.324809908866882324e-01 -4.055115878582000732e-01 6.499999761581420898e-02
4.329976141452789307e-01 -4.053811132907867432e-01 6.499999761581420898e-02
4.339795112609863281e-01 -4.054052233695983887e-01 6.499999761581420898e-02
4.349614381790161133e-01 -4.054293334484100342e-01 6.499999761581420898e-02
4.359433352947235107e-01 -4.054534435272216797e-01 6.499999761581420898e-02
4.369252324104309082e-01 -4.054775536060333252e-01 6.499999761581420898e-02
4.379071593284606934e-01 -4.055016636848449707e-01 6.499999761581420898e-02
4.388890564441680908e-01 -4.055257737636566162e-01 6.499999761581420898e-02
4.398709833621978760e-01 -4.055498838424682617e-01 6.499999761581420898e-02
4.412083029747009277e-01 -4.055908322334289551e-01 6.499999761581420898e-02
4.427668154239654541e-01 -4.056422710418701172e-01 6.499999761581420898e-02
4.443253278732299805e-01 -4.056937098503112793e-01 6.499999761581420898e-02
4.458838105201721191e-01 -4.057451486587524414e-01 6.499999761581420898e-02
4.474423229694366455e-01 -4.057965576648712158e-01 6.499999761581420898e-02
4.490008354187011719e-01 -4.058479964733123779e-01 6.499999761581420898e-02
4.505669772624969482e-01 -4.058873057365417480e-01 6.499999761581420898e-02
4.521361589431762695e-01 -4.059218168258666992e-01 6.499999761581420898e-02
4.537053108215332031e-01 -4.059563279151916504e-01 6.499999761581420898e-02
4.552744626998901367e-01 -4.059908390045166016e-01 6.499999761581420898e-02
4.568436145782470703e-01 -4.060253202915191650e-01 6.499999761581420898e-02
4.584127664566040039e-01 -4.060598313808441162e-01 6.499999761581420898e-02
4.600878059864044189e-01 -4.059980511665344238e-01 6.499999761581420898e-02
4.617904722690582275e-01 -4.059111475944519043e-01 6.499999761581420898e-02
4.634931087493896484e-01 -4.058242440223693848e-01 6.499999761581420898e-02
4.651957750320434570e-01 -4.057373404502868652e-01 6.499999761581420898e-02
4.668984413146972656e-01 -4.056504368782043457e-01 6.499999761581420898e-02
4.686010777950286865e-01 -4.055635333061218262e-01 6.499999761581420898e-02
4.703037440776824951e-01 -4.054766297340393066e-01 6.499999761581420898e-02
4.720050990581512451e-01 -4.053690135478973389e-01 6.499999761581420898e-02
4.737060368061065674e-01 -4.052547514438629150e-01 6.499999761581420898e-02
4.754069745540618896e-01 -4.051404893398284912e-01 6.499999761581420898e-02
4.771079123020172119e-01 -4.050262272357940674e-01 6.499999761581420898e-02
4.788088500499725342e-01 -4.049119651317596436e-01 6.499999761581420898e-02
4.805097877979278564e-01 -4.047977030277252197e-01 6.499999761581420898e-02
4.822107255458831787e-01 -4.046834409236907959e-01 6.499999761581420898e-02
4.839127659797668457e-01 -4.045862257480621338e-01 6.499999761581420898e-02
4.856151938438415527e-01 -4.044956564903259277e-01 6.499999761581420898e-02
4.873176515102386475e-01 -4.044050872325897217e-01 6.499999761581420898e-02
4.890200793743133545e-01 -4.043144881725311279e-01 6.499999761581420898e-02
4.907225072383880615e-01 -4.042239189147949219e-01 6.499999761581420898e-02
4.924249649047851562e-01 -4.041333496570587158e-01 6.499999761581420898e-02
4.941273927688598633e-01 -4.040427803993225098e-01 6.499999761581420898e-02
4.958231747150421143e-01 -4.040325582027435303e-01 6.499999761581420898e-02
4.975158870220184326e-01 -4.040596783161163330e-01 6.499999761581420898e-02
4.992085695266723633e-01 -4.040867984294891357e-01 6.499999761581420898e-02
5.009012818336486816e-01 -4.041139185428619385e-01 6.499999761581420898e-02
5.025939345359802246e-01 -4.041410386562347412e-01 6.499999761581420898e-02
5.042866468429565430e-01 -4.041681587696075439e-01 6.499999761581420898e-02
5.059793591499328613e-01 -4.041952490806579590e-01 6.499999761581420898e-02
5.076714754104614258e-01 -4.042388796806335449e-01 6.499999761581420898e-02
5.093633532524108887e-01 -4.042882621288299561e-01 6.499999761581420898e-02
5.110552906990051270e-01 -4.043376445770263672e-01 6.499999761581420898e-02
5.127471685409545898e-01 -4.043870568275451660e-01 6.499999761581420898e-02
5.144391059875488281e-01 -4.044364392757415771e-01 6.499999761581420898e-02
5.161310434341430664e-01 -4.044858217239379883e-01 6.499999761581420898e-02
5.178229212760925293e-01 -4.045352041721343994e-01 6.499999761581420898e-02
5.195147991180419922e-01 -4.045852422714233398e-01 6.499999761581420898e-02
5.212067365646362305e-01 -4.046354591846466064e-01 6.499999761581420898e-02
5.228986144065856934e-01 -4.046856462955474854e-01 6.499999761581420898e-02
5.245904922485351562e-01 -4.047358334064483643e-01 6.499999761581420898e-02
5.262823700904846191e-01 -4.047860503196716309e-01 6.499999761581420898e-02
5.279742479324340820e-01 -4.048362374305725098e-01 6.499999761581420898e-02
5.296661257743835449e-01 -4.048864543437957764e-01 6.499999761581420898e-02
5.312503576278686523e-01 -4.048995375633239746e-01 6.499999761581420898e-02
5.328172445297241211e-01 -4.049066603183746338e-01 6.499999761581420898e-02
5.343841314315795898e-01 -4.049137830734252930e-01 6.499999761581420898e-02
5.359509587287902832e-01 -4.049209058284759521e-01 6.499999761581420898e-02
5.375178456306457520e-01 -4.049279987812042236e-01 6.499999761581420898e-02
5.390847325325012207e-01 -4.049351215362548828e-01 6.499999761581420898e-02
5.406471490859985352e-01 -4.050078988075256348e-01 6.499999761581420898e-02
5.422094464302062988e-01 -4.050828516483306885e-01 6.499999761581420898e-02
5.437716841697692871e-01 -4.051578044891357422e-01 6.499999761581420898e-02
5.453339815139770508e-01 -4.052327573299407959e-01 6.499999761581420898e-02
5.468962788581848145e-01 -4.053077399730682373e-01 6.499999761581420898e-02
5.484576821327209473e-01 -4.053875505924224854e-01 6.499999761581420898e-02
5.500102043151855469e-01 -4.055191278457641602e-01 6.499999761581420898e-02
5.515627264976501465e-01 -4.056507050991058350e-01 6.499999761581420898e-02
5.531152486801147461e-01 -4.057822525501251221e-01 6.499999761581420898e-02
5.546678304672241211e-01 -4.059138298034667969e-01 6.499999761581420898e-02
5.562203526496887207e-01 -4.060454070568084717e-01 6.499999761581420898e-02
5.577692389488220215e-01 -4.061893224716186523e-01 6.499999761581420898e-02
5.593068599700927734e-01 -4.063715934753417969e-01 6.499999761581420898e-02
5.608445405960083008e-01 -4.065538942813873291e-01 6.499999761581420898e-02
5.623821616172790527e-01 -4.067361950874328613e-01 6.499999761581420898e-02
5.639198422431945801e-01 -4.069184660911560059e-01 6.499999761581420898e-02
5.654574632644653320e-01 -4.071007668972015381e-01 6.499999761581420898e-02
5.669655203819274902e-01 -4.075382947921752930e-01 6.499999761581420898e-02
5.684393048286437988e-01 -4.082714319229125977e-01 6.499999761581420898e-02
5.699130892753601074e-01 -4.090045690536499023e-01 6.499999761581420898e-02
5.713868737220764160e-01 -4.097377061843872070e-01 6.499999761581420898e-02
5.728606581687927246e-01 -4.104708433151245117e-01 6.499999761581420898e-02
5.743344426155090332e-01 -4.112039804458618164e-01 6.499999761581420898e-02
5.758082270622253418e-01 -4.119370877742767334e-01 6.499999761581420898e-02
5.772801637649536133e-01 -4.126818180084228516e-01 6.499999761581420898e-02
5.787518620491027832e-01 -4.134281575679779053e-01 6.499999761581420898e-02
5.802235603332519531e-01 -4.141744673252105713e-01 6.499999761581420898e-02
5.816951990127563477e-01 -4.149208068847656250e-01 6.499999761581420898e-02
5.831668972969055176e-01 -4.156671166419982910e-01 6.499999761581420898e-02
5.846385955810546875e-01 -4.164134562015533447e-01 6.499999761581420898e-02
5.861126184463500977e-01 -4.171487987041473389e-01 6.499999761581420898e-02
5.875930786132812500e-01 -4.178538620471954346e-01 6.499999761581420898e-02
5.890734791755676270e-01 -4.185589253902435303e-01 6.499999761581420898e-02
5.905539393424987793e-01 -4.192639887332916260e-01 6.499999761581420898e-02
5.920343995094299316e-01 -4.199690520763397217e-01 6.499999761581420898e-02
5.935148000717163086e-01 -4.206741154193878174e-01 6.499999761581420898e-02
5.949952602386474609e-01 -4.213791787624359131e-01 6.499999761581420898e-02
5.965756177902221680e-01 -4.217144250869750977e-01 6.499999761581420898e-02
5.982015728950500488e-01 -4.218811392784118652e-01 6.499999761581420898e-02
5.998274683952331543e-01 -4.220478832721710205e-01 6.499999761581420898e-02
6.014533638954162598e-01 -4.222145974636077881e-01 6.499999761581420898e-02
6.030792593955993652e-01 -4.223813414573669434e-01 6.499999761581420898e-02
6.047051548957824707e-01 -4.225480556488037109e-01 6.499999761581420898e-02
6.063328981399536133e-01 -4.227047562599182129e-01 6.499999761581420898e-02
6.079717874526977539e-01 -4.227990508079528809e-01 6.499999761581420898e-02
6.096107363700866699e-01 -4.228933453559875488e-01 6.499999761581420898e-02
6.112496852874755859e-01 -4.229876399040222168e-01 6.499999761581420898e-02
6.128886342048645020e-01 -4.230819046497344971e-01 6.499999761581420898e-02
6.145275235176086426e-01 -4.231761991977691650e-01 6.499999761581420898e-02
6.161664724349975586e-01 -4.232704937458038330e-01 6.499999761581420898e-02
6.178067922592163086e-01 -4.233243167400360107e-01 6.499999761581420898e-02
6.194483637809753418e-01 -4.233446121215820312e-01 6.499999761581420898e-02
6.210898756980895996e-01 -4.233649373054504395e-01 6.499999761581420898e-02
6.227313876152038574e-01 -4.233852326869964600e-01 6.499999761581420898e-02
6.243728995323181152e-01 -4.234055280685424805e-01 6.499999761581420898e-02
6.260144114494323730e-01 -4.234258532524108887e-01 6.499999761581420898e-02
6.276559233665466309e-01 -4.234461486339569092e-01 6.499999761581420898e-02
6.293319463729858398e-01 -4.231314361095428467e-01 6.499999761581420898e-02
6.310095191001892090e-01 -4.228014051914215088e-01 6.499999761581420898e-02
6.326870918273925781e-01 -4.224713742733001709e-01 6.499999761581420898e-02
6.343647241592407227e-01 -4.221413731575012207e-01 6.499999761581420898e-02
6.360422968864440918e-01 -4.218113422393798828e-01 6.499999761581420898e-02
6.377198696136474609e-01 -4.214813113212585449e-01 6.499999761581420898e-02
6.393975019454956055e-01 -4.211513102054595947e-01 6.499999761581420898e-02
6.410710811614990234e-01 -4.207507073879241943e-01 6.499999761581420898e-02
6.427439451217651367e-01 -4.203364849090576172e-01 6.499999761581420898e-02
6.444168090820312500e-01 -4.199222922325134277e-01 6.499999761581420898e-02
6.460896134376525879e-01 -4.195080995559692383e-01 6.499999761581420898e-02
6.477624773979187012e-01 -4.190938770771026611e-01 6.499999761581420898e-02
6.494353413581848145e-01 -4.186796844005584717e-01 6.499999761581420898e-02
6.511081457138061523e-01 -4.182654917240142822e-01 6.499999761581420898e-02
6.527705788612365723e-01 -4.178022444248199463e-01 6.499999761581420898e-02
6.544269919395446777e-01 -4.173112809658050537e-01 6.499999761581420898e-02
6.560834646224975586e-01 -4.168203175067901611e-01 6.499999761581420898e-02
6.577399373054504395e-01 -4.163293242454528809e-01 6.499999761581420898e-02
6.593964099884033203e-01 -4.158383607864379883e-01 6.499999761581420898e-02
6.610528826713562012e-01 -4.153473675251007080e-01 6.499999761581420898e-02
6.627093553543090820e-01 -4.148564040660858154e-01 6.499999761581420898e-02
6.643152832984924316e-01 -4.143286049365997314e-01 6.499999761581420898e-02
6.658482551574707031e-01 -4.137476980686187744e-01 6.499999761581420898e-02
6.673812270164489746e-01 -4.131667613983154297e-01 6.499999761581420898e-02
6.689141988754272461e-01 -4.125858545303344727e-01 6.499999761581420898e-02
6.704471707344055176e-01 -4.120049476623535156e-01 6.499999761581420898e-02
6.719801425933837891e-01 -4.114240109920501709e-01 6.499999761581420898e-02
6.735131144523620605e-01 -4.108431041240692139e-01 6.499999761581420898e-02
6.750523447990417480e-01 -4.102879762649536133e-01 6.499999761581420898e-02
6.765923500061035156e-01 -4.097358286380767822e-01 6.499999761581420898e-02
6.781322956085205078e-01 -4.091837108135223389e-01 6.499999761581420898e-02
6.796722412109375000e-01 -4.086315929889678955e-01 6.499999761581420898e-02
6.812122464179992676e-01 -4.080794751644134521e-01 6.499999761581420898e-02
6.827521920204162598e-01 -4.075273573398590088e-01 6.499999761581420898e-02
6.842969059944152832e-01 -4.069988727569580078e-01 6.499999761581420898e-02
6.858485341072082520e-01 -4.065052866935729980e-01 6.499999761581420898e-02
6.874001622200012207e-01 -4.060117006301879883e-01 6.499999761581420898e-02
6.889517903327941895e-01 -4.055181145668029785e-01 6.499999761581420898e-02
6.905034184455871582e-01 -4.050245285034179688e-01 6.499999761581420898e-02
6.920549869537353516e-01 -4.045309424400329590e-01 6.499999761581420898e-02
6.936066150665283203e-01 -4.040373563766479492e-01 6.499999761581420898e-02
6.952201128005981445e-01 -4.040808081626892090e-01 6.499999761581420898e-02
6.968370079994201660e-01 -4.041540920734405518e-01 6.499999761581420898e-02
6.984538435935974121e-01 -4.042273759841918945e-01 6.499999761581420898e-02
7.000707387924194336e-01 -4.043006300926208496e-01 6.499999761581420898e-02
7.016875743865966797e-01 -4.043739140033721924e-01 6.499999761581420898e-02
7.033044695854187012e-01 -4.044471979141235352e-01 6.499999761581420898e-02
7.049171924591064453e-01 -4.045126438140869141e-01 6.499999761581420898e-02
7.065271139144897461e-01 -4.045728147029876709e-01 6.499999761581420898e-02
7.081370353698730469e-01 -4.046329557895660400e-01 6.499999761581420898e-02
7.097469568252563477e-01 -4.046931266784667969e-01 6.499999761581420898e-02
7.113568782806396484e-01 -4.047532677650451660e-01 6.499999761581420898e-02
7.129667997360229492e-01 -4.048134088516235352e-01 6.499999761581420898e-02
7.145704627037048340e-01 -4.048625826835632324e-01 6.499999761581420898e-02
7.161588668823242188e-01 -4.048849344253540039e-01 6.499999761581420898e-02
7.177472710609436035e-01 -4.049072861671447754e-01 6.499999761581420898e-02
7.193356752395629883e-01 -4.049296379089355469e-01 6.499999761581420898e-02
7.209240794181823730e-01 -4.049519896507263184e-01 6.499999761581420898e-02
7.225125432014465332e-01 -4.049743115901947021e-01 6.499999761581420898e-02
7.240932583808898926e-01 -4.049853682518005371e-01 6.499999761581420898e-02
7.256052494049072266e-01 -4.048950970172882080e-01 6.499999761581420898e-02
7.271172404289245605e-01 -4.048047959804534912e-01 6.499999761581420898e-02
7.286292314529418945e-01 -4.047145247459411621e-01 6.499999761581420898e-02
7.301412224769592285e-01 -4.046242237091064453e-01 6.499999761581420898e-02
7.316532135009765625e-01 -4.045339524745941162e-01 6.499999761581420898e-02
7.331525683403015137e-01 -4.044297635555267334e-01 6.499999761581420898e-02
7.346386313438415527e-01 -4.043108522891998291e-01 6.499999761581420898e-02
7.361247539520263672e-01 -4.041919708251953125e-01 6.499999761581420898e-02
7.376108169555664062e-01 -4.040730595588684082e-01 6.499999761581420898e-02
7.390968799591064453e-01 -4.039541780948638916e-01 6.499999761581420898e-02
7.405825257301330566e-01 -4.038347899913787842e-01 6.499999761581420898e-02
7.420417070388793945e-01 -4.036858677864074707e-01 6.499999761581420898e-02
7.435008883476257324e-01 -4.035369455814361572e-01 6.499999761581420898e-02
7.449600696563720703e-01 -4.033880233764648438e-01 6.499999761581420898e-02
7.464192509651184082e-01 -4.032391011714935303e-01 6.499999761581420898e-02
7.478784322738647461e-01 -4.030901789665222168e-01 6.499999761581420898e-02
7.493194341659545898e-01 -4.029287397861480713e-01 6.499999761581420898e-02
7.507523894309997559e-01 -4.027618169784545898e-01 6.499999761581420898e-02
7.521852850914001465e-01 -4.025948941707611084e-01 6.499999761581420898e-02
7.536182403564453125e-01 -4.024279415607452393e-01 6.499999761581420898e-02
7.550511956214904785e-01 -4.022610187530517578e-01 6.499999761581420898e-02
7.563408017158508301e-01 -4.016245305538177490e-01 6.499999761581420898e-02
7.575002908706665039e-01 -4.005617201328277588e-01 6.499999761581420898e-02
7.586597204208374023e-01 -3.994989097118377686e-01 6.499999761581420898e-02
7.598192095756530762e-01 -3.984361290931701660e-01 6.499999761581420898e-02
7.609786391258239746e-01 -3.973733186721801758e-01 6.499999761581420898e-02
7.621381282806396484e-01 -3.963105082511901855e-01 6.499999761581420898e-02
7.632923126220703125e-01 -3.952405452728271484e-01 6.499999761581420898e-02
7.643424868583679199e-01 -3.940306007862091064e-01 6.499999761581420898e-02
7.653926610946655273e-01 -3.928206562995910645e-01 6.499999761581420898e-02
7.664428353309631348e-01 -3.916106820106506348e-01 6.499999761581420898e-02
7.674930095672607422e-01 -3.904007375240325928e-01 6.499999761581420898e-02
7.685431838035583496e-01 -3.891907632350921631e-01 6.499999761581420898e-02
7.695933580398559570e-01 -3.879808187484741211e-01 6.499999761581420898e-02
7.705015540122985840e-01 -3.867079913616180420e-01 6.499999761581420898e-02
7.711277604103088379e-01 -3.853102326393127441e-01 6.499999761581420898e-02
7.717539668083190918e-01 -3.839124441146850586e-01 6.499999761581420898e-02
7.723801732063293457e-01 -3.825146853923797607e-01 6.499999761581420898e-02
7.730063199996948242e-01 -3.811169266700744629e-01 6.499999761581420898e-02
7.736325263977050781e-01 -3.797191977500915527e-01 6.499999761581420898e-02
7.741425037384033203e-01 -3.782881498336791992e-01 6.499999761581420898e-02
7.743638157844543457e-01 -3.767744898796081543e-01 6.499999761581420898e-02
7.745851874351501465e-01 -3.752608001232147217e-01 6.499999761581420898e-02
7.748064994812011719e-01 -3.737471401691436768e-01 6.499999761581420898e-02
7.750278711318969727e-01 -3.722334802150726318e-01 6.499999761581420898e-02
7.752491831779479980e-01 -3.707198202610015869e-01 6.499999761581420898e-02
7.754541635513305664e-01 -3.691916167736053467e-01 6.499999761581420898e-02
7.756340503692626953e-01 -3.676411807537078857e-01 6.499999761581420898e-02
7.758139967918395996e-01 -3.660907745361328125e-01 6.499999761581420898e-02
7.759939432144165039e-01 -3.645403981208801270e-01 6.499999761581420898e-02
7.761738896369934082e-01 -3.629899919033050537e-01 6.499999761581420898e-02
7.763537764549255371e-01 -3.614395856857299805e-01 6.499999761581420898e-02
7.765179872512817383e-01 -3.598782122135162354e-01 6.499999761581420898e-02
7.766493558883666992e-01 -3.582939803600311279e-01 6.499999761581420898e-02
7.767807245254516602e-01 -3.567097783088684082e-01 6.499999761581420898e-02
7.769120931625366211e-01 -3.551255464553833008e-01 6.499999761581420898e-02
7.770434617996215820e-01 -3.535413146018981934e-01 6.499999761581420898e-02
7.771748304367065430e-01 -3.519570827484130859e-01 6.499999761581420898e-02
7.773023843765258789e-01 -3.503704369068145752e-01 6.499999761581420898e-02
7.773876786231994629e-01 -3.487571477890014648e-01 6.499999761581420898e-02
7.774729132652282715e-01 -3.471437990665435791e-01 6.499999761581420898e-02
7.775582075119018555e-01 -3.455304801464080811e-01 6.499999761581420898e-02
7.776434421539306641e-01 -3.439171612262725830e-01 6.499999761581420898e-02
7.777287364006042480e-01 -3.423038423061370850e-01 6.499999761581420898e-02
7.778139710426330566e-01 -3.406905531883239746e-01 6.499999761581420898e-02
7.778315544128417969e-01 -3.390948176383972168e-01 6.499999761581420898e-02
7.778184413909912109e-01 -3.375070095062255859e-01 6.499999761581420898e-02
7.778053879737854004e-01 -3.359192311763763428e-01 6.499999761581420898e-02
7.777922749519348145e-01 -3.343314528465270996e-01 6.499999761581420898e-02
7.777791619300842285e-01 -3.327437043190002441e-01 6.499999761581420898e-02
7.777661085128784180e-01 -3.311559259891510010e-01 6.499999761581420898e-02
7.777268886566162109e-01 -3.295616209506988525e-01 6.499999761581420898e-02
7.776675224304199219e-01 -3.279622793197631836e-01 6.499999761581420898e-02
7.776081562042236328e-01 -3.263629376888275146e-01 6.499999761581420898e-02
7.775487303733825684e-01 -3.247636258602142334e-01 6.499999761581420898e-02
7.774893641471862793e-01 -3.231642842292785645e-01 6.499999761581420898e-02
7.774299383163452148e-01 -3.215649127960205078e-01 6.499999761581420898e-02
7.773490548133850098e-01 -3.199639320373535156e-01 6.499999761581420898e-02
7.772297263145446777e-01 -3.183600008487701416e-01 6.499999761581420898e-02
7.771103978157043457e-01 -3.167560994625091553e-01 6.499999761581420898e-02
7.769910693168640137e-01 -3.151521682739257812e-01 6.499999761581420898e-02
7.768717408180236816e-01 -3.135482072830200195e-01 6.499999761581420898e-02
7.767524123191833496e-01 -3.119442760944366455e-01 6.499999761581420898e-02
7.766293883323669434e-01 -3.103404939174652100e-01 6.499999761581420898e-02
7.764741778373718262e-01 -3.087380826473236084e-01 6.499999761581420898e-02
7.763189673423767090e-01 -3.071356713771820068e-01 6.499999761581420898e-02
7.761637568473815918e-01 -3.055332303047180176e-01 6.499999761581420898e-02
7.760085463523864746e-01 -3.039307892322540283e-01 6.499999761581420898e-02
7.758533358573913574e-01 -3.023283481597900391e-01 6.499999761581420898e-02
7.756981253623962402e-01 -3.007259368896484375e-01 6.499999761581420898e-02
7.755532264709472656e-01 -2.991248965263366699e-01 6.499999761581420898e-02
7.754102945327758789e-01 -2.975241243839263916e-01 6.499999761581420898e-02
7.752674221992492676e-01 -2.959233224391937256e-01 6.499999761581420898e-02
7.751244902610778809e-01 -2.943225502967834473e-01 6.499999761581420898e-02
7.749816179275512695e-01 -2.927218079566955566e-01 6.499999761581420898e-02
7.748386859893798828e-01 -2.911210358142852783e-01 6.499999761581420898e-02
7.746635675430297852e-01 -2.895266115665435791e-01 6.499999761581420898e-02
7.744668126106262207e-01 -2.879365086555480957e-01 6.499999761581420898e-02
7.742699980735778809e-01 -2.863464057445526123e-01 6.499999761581420898e-02
7.740732431411743164e-01 -2.847563326358795166e-01 6.499999761581420898e-02
7.738764882087707520e-01 -2.831662297248840332e-01 6.499999761581420898e-02
7.736796736717224121e-01 -2.815761268138885498e-01 6.499999761581420898e-02
7.734606266021728516e-01 -2.799932956695556641e-01 6.499999761581420898e-02
7.732061743736267090e-01 -2.784220278263092041e-01 6.499999761581420898e-02
7.729516625404357910e-01 -2.768508195877075195e-01 6.499999761581420898e-02
7.726972103118896484e-01 -2.752795517444610596e-01 6.499999761581420898e-02
7.724426984786987305e-01 -2.737083137035369873e-01 6.499999761581420898e-02
7.721881866455078125e-01 -2.721370458602905273e-01 6.499999761581420898e-02
7.719132900238037109e-01 -2.705733180046081543e-01 6.499999761581420898e-02
7.715731263160705566e-01 -2.690335810184478760e-01 6.499999761581420898e-02
7.712330222129821777e-01 -2.674938440322875977e-01 6.499999761581420898e-02
7.708928585052490234e-01 -2.659540772438049316e-01 6.499999761581420898e-02
7.705527544021606445e-01 -2.644143104553222656e-01 6.499999761581420898e-02
7.702125906944274902e-01 -2.628745436668395996e-01 6.499999761581420898e-02
7.698205709457397461e-01 -2.613270878791809082e-01 6.499999761581420898e-02
7.691997289657592773e-01 -2.597454786300659180e-01 6.499999761581420898e-02
7.685788869857788086e-01 -2.581638395786285400e-01 6.499999761581420898e-02
7.679580450057983398e-01 -2.565822303295135498e-01 6.499999761581420898e-02
7.673372030258178711e-01 -2.550006210803985596e-01 6.499999761581420898e-02
7.667163610458374023e-01 -2.534190416336059570e-01 6.499999761581420898e-02
7.660955190658569336e-01 -2.518374323844909668e-01 6.499999761581420898e-02
7.654684185981750488e-01 -2.502604126930236816e-01 6.499999761581420898e-02
7.647759914398193359e-01 -2.487313747406005859e-01 6.499999761581420898e-02
7.640835046768188477e-01 -2.472023367881774902e-01 6.499999761581420898e-02
7.633910775184631348e-01 -2.456733286380767822e-01 6.499999761581420898e-02
7.626985907554626465e-01 -2.441442906856536865e-01 6.499999761581420898e-02
7.620061039924621582e-01 -2.426152378320693970e-01 6.499999761581420898e-02
7.613136172294616699e-01 -2.410861998796463013e-01 6.499999761581420898e-02
7.606146335601806641e-01 -2.395637631416320801e-01 6.499999761581420898e-02
7.598609924316406250e-01 -2.380965054035186768e-01 6.499999761581420898e-02
7.591074109077453613e-01 -2.366292178630828857e-01 6.499999761581420898e-02
7.583537697792053223e-01 -2.351619452238082886e-01 6.499999761581420898e-02
7.576001286506652832e-01 -2.336946576833724976e-01 6.499999761581420898e-02
7.568464875221252441e-01 -2.322273701429367065e-01 6.499999761581420898e-02
7.560928463935852051e-01 -2.307601273059844971e-01 6.499999761581420898e-02
7.552631497383117676e-01 -2.294102460145950317e-01 6.499999761581420898e-02
7.542454004287719727e-01 -2.283503562211990356e-01 6.499999761581420898e-02
7.532277703285217285e-01 -2.272905260324478149e-01 6.499999761581420898e-02
7.522100806236267090e-01 -2.262306809425354004e-01 6.499999761581420898e-02
7.511923313140869141e-01 -2.251707911491394043e-01 6.499999761581420898e-02
7.501746416091918945e-01 -2.241109609603881836e-01 6.499999761581420898e-02
7.491201758384704590e-01 -2.230895161628723145e-01 6.499999761581420898e-02
7.480645179748535156e-01 -2.220694124698638916e-01 6.499999761581420898e-02
7.470088601112365723e-01 -2.210493236780166626e-01 6.499999761581420898e-02
7.459531426429748535e-01 -2.200291752815246582e-01 6.499999761581420898e-02
7.448974847793579102e-01 -2.190090864896774292e-01 6.499999761581420898e-02
7.438197731971740723e-01 -2.180166989564895630e-01 6.499999761581420898e-02
7.427303791046142578e-01 -2.170390784740447998e-01 6.499999761581420898e-02
7.416410446166992188e-01 -2.160614728927612305e-01 6.499999761581420898e-02
7.405515909194946289e-01 -2.150838226079940796e-01 6.499999761581420898e-02
7.394622564315795898e-01 -2.141062170267105103e-01 6.499999761581420898e-02
7.383623123168945312e-01 -2.131447046995162964e-01 6.499999761581420898e-02
7.372438907623291016e-01 -2.122115045785903931e-01 6.499999761581420898e-02
7.361255288124084473e-01 -2.112783044576644897e-01 6.499999761581420898e-02
7.350071072578430176e-01 -2.103450596332550049e-01 6.499999761581420898e-02
7.338886857032775879e-01 -2.094118595123291016e-01 6.499999761581420898e-02
7.327172160148620605e-01 -2.085446417331695557e-01 6.499999761581420898e-02
7.311353087425231934e-01 -2.081881761550903320e-01 6.499999761581420898e-02
7.295534610748291016e-01 -2.078317105770111084e-01 6.499999761581420898e-02
7.279714941978454590e-01 -2.074752300977706909e-01 6.499999761581420898e-02
7.263896465301513672e-01 -2.071187645196914673e-01 6.499999761581420898e-02
7.248076796531677246e-01 -2.067622840404510498e-01 6.499999761581420898e-02
7.232258319854736328e-01 -2.064058184623718262e-01 6.499999761581420898e-02
7.216212749481201172e-01 -2.060813009738922119e-01 6.499999761581420898e-02
7.199922800064086914e-01 -2.057912498712539673e-01 6.499999761581420898e-02
7.183633446693420410e-01 -2.055011987686157227e-01 6.499999761581420898e-02
7.167343497276306152e-01 -2.052111327648162842e-01 6.499999761581420898e-02
7.151053547859191895e-01 -2.049210816621780396e-01 6.499999761581420898e-02
7.134764194488525391e-01 -2.046310156583786011e-01 6.499999761581420898e-02
7.118474245071411133e-01 -2.043409645557403564e-01 6.499999761581420898e-02
7.101931571960449219e-01 -2.041015774011611938e-01 6.499999761581420898e-02
7.085259556770324707e-01 -2.038880288600921631e-01 6.499999761581420898e-02
7.068588137626647949e-01 -2.036744803190231323e-01 6.499999761581420898e-02
7.051916718482971191e-01 -2.034609466791152954e-01 6.499999761581420898e-02
7.035244107246398926e-01 -2.032473981380462646e-01 6.499999761581420898e-02
7.018572688102722168e-01 -2.030338495969772339e-01 6.499999761581420898e-02
7.001900672912597656e-01 -2.028203010559082031e-01 6.499999761581420898e-02
6.985740661621093750e-01 -2.028060406446456909e-01 6.499999761581420898e-02
6.969808936119079590e-01 -2.028805613517761230e-01 6.499999761581420898e-02
6.953876614570617676e-01 -2.029550820589065552e-01 6.499999761581420898e-02
6.937944889068603516e-01 -2.030296176671981812e-01 6.499999761581420898e-02
6.922012567520141602e-01 -2.031041383743286133e-01 6.499999761581420898e-02
6.906080842018127441e-01 -2.031786590814590454e-01 6.499999761581420898e-02
6.890091300010681152e-01 -2.032761871814727783e-01 6.499999761581420898e-02
6.874041557312011719e-01 -2.033976614475250244e-01 6.499999761581420898e-02
6.857992410659790039e-01 -2.035191208124160767e-01 6.499999761581420898e-02
6.841942667961120605e-01 -2.036405950784683228e-01 6.499999761581420898e-02
6.825893521308898926e-01 -2.037620693445205688e-01 6.499999761581420898e-02
6.809843778610229492e-01 -2.038835436105728149e-01 6.499999761581420898e-02
6.793788075447082520e-01 -2.040072232484817505e-01 6.499999761581420898e-02
6.777707934379577637e-01 -2.041392922401428223e-01 6.499999761581420898e-02
6.761627197265625000e-01 -2.042713910341262817e-01 6.499999761581420898e-02
6.745547056198120117e-01 -2.044034600257873535e-01 6.499999761581420898e-02
6.729466915130615234e-01 -2.045355439186096191e-01 6.499999761581420898e-02
6.713386178016662598e-01 -2.046676278114318848e-01 6.499999761581420898e-02
6.697306632995605469e-01 -2.047997117042541504e-01 6.499999761581420898e-02
6.681680679321289062e-01 -2.045471370220184326e-01 6.499999761581420898e-02
6.666107177734375000e-01 -2.042508125305175781e-01 6.499999761581420898e-02
6.650533676147460938e-01 -2.039545029401779175e-01 6.499999761581420898e-02
6.634959578514099121e-01 -2.036581933498382568e-01 6.499999761581420898e-02
6.619386076927185059e-01 -2.033618837594985962e-01 6.499999761581420898e-02
6.603811979293823242e-01 -2.030655592679977417e-01 6.499999761581420898e-02
6.588290929794311523e-01 -2.027268260717391968e-01 6.499999761581420898e-02
6.572781205177307129e-01 -2.023784667253494263e-01 6.499999761581420898e-02
6.557271480560302734e-01 -2.020300924777984619e-01 6.499999761581420898e-02
6.541761755943298340e-01 -2.016817182302474976e-01 6.499999761581420898e-02
6.526252031326293945e-01 -2.013333439826965332e-01 6.499999761581420898e-02
6.510742306709289551e-01 -2.009849846363067627e-01 6.499999761581420898e-02
6.495260000228881836e-01 -2.006200551986694336e-01 6.499999761581420898e-02
6.479787230491638184e-01 -2.002484649419784546e-01 6.499999761581420898e-02
6.464315056800842285e-01 -1.998768746852874756e-01 6.499999761581420898e-02
6.448842883110046387e-01 -1.995052844285964966e-01 6.499999761581420898e-02
6.433370709419250488e-01 -1.991337090730667114e-01 6.499999761581420898e-02
6.417898535728454590e-01 -1.987621337175369263e-01 6.499999761581420898e-02
6.402399539947509766e-01 -1.984040886163711548e-01 6.499999761581420898e-02
6.386883854866027832e-01 -1.980551034212112427e-01 6.499999761581420898e-02
6.371366977691650391e-01 -1.977061033248901367e-01 6.499999761581420898e-02
6.355850696563720703e-01 -1.973571181297302246e-01 6.499999761581420898e-02
6.340335011482238770e-01 -1.970081329345703125e-01 6.499999761581420898e-02
6.324818134307861328e-01 -1.966591328382492065e-01 6.499999761581420898e-02
6.309165954589843750e-01 -1.964239627122879028e-01 6.499999761581420898e-02
6.293370723724365234e-01 -1.963071078062057495e-01 6.499999761581420898e-02
6.277576684951782227e-01 -1.961902678012847900e-01 6.499999761581420898e-02
6.261782050132751465e-01 -1.960734128952026367e-01 6.499999761581420898e-02
6.245987415313720703e-01 -1.959565579891204834e-01 6.499999761581420898e-02
6.230192780494689941e-01 -1.958397030830383301e-01 6.499999761581420898e-02
6.214373111724853516e-01 -1.957482099533081055e-01 6.499999761581420898e-02
6.198523044586181641e-01 -1.956890225410461426e-01 6.499999761581420898e-02
6.182672381401062012e-01 -1.956298202276229858e-01 6.499999761581420898e-02
6.166821718215942383e-01 -1.955706179141998291e-01 6.499999761581420898e-02
6.150971055030822754e-01 -1.955114156007766724e-01 6.499999761581420898e-02
6.135119795799255371e-01 -1.954522132873535156e-01 6.499999761581420898e-02
6.119273900985717773e-01 -1.954146176576614380e-01 6.499999761581420898e-02
6.103433966636657715e-01 -1.954134404659271240e-01 6.499999761581420898e-02
6.087593436241149902e-01 -1.954122781753540039e-01 6.499999761581420898e-02
6.071754097938537598e-01 -1.954111009836196899e-01 6.499999761581420898e-02
6.055913567543029785e-01 -1.954099386930465698e-01 6.499999761581420898e-02
6.040074229240417480e-01 -1.954087764024734497e-01 6.499999761581420898e-02
6.024258732795715332e-01 -1.954257637262344360e-01 6.499999761581420898e-02
6.008494496345520020e-01 -1.954819709062576294e-01 6.499999761581420898e-02
5.992730855941772461e-01 -1.955381780862808228e-01 6.499999761581420898e-02
5.976967215538024902e-01 -1.955943852663040161e-01 6.499999761581420898e-02
5.961203575134277344e-01 -1.956505924463272095e-01 6.499999761581420898e-02
5.945439934730529785e-01 -1.957067996263504028e-01 6.499999761581420898e-02
5.929812192916870117e-01 -1.958906650543212891e-01 6.499999761581420898e-02
5.914500355720520020e-01 -1.963704079389572144e-01 6.499999761581420898e-02
5.899187922477722168e-01 -1.968501657247543335e-01 6.499999761581420898e-02
5.883876085281372070e-01 -1.973299086093902588e-01 6.499999761581420898e-02
5.868563652038574219e-01 -1.978096514940261841e-01 6.499999761581420898e-02
5.853251218795776367e-01 -1.982894241809844971e-01 6.499999761581420898e-02
5.837941765785217285e-01 -1.987709701061248779e-01 6.499999761581420898e-02
5.822668671607971191e-01 -1.992829442024230957e-01 6.499999761581420898e-02
5.807395577430725098e-01 -1.997949033975601196e-01 6.499999761581420898e-02
5.792123079299926758e-01 -2.003068625926971436e-01 6.499999761581420898e-02
5.776849985122680664e-01 -2.008188366889953613e-01 6.499999761581420898e-02
5.761576890945434570e-01 -2.013307958841323853e-01 6.499999761581420898e-02
5.746303796768188477e-01 -2.018427699804306030e-01 6.499999761581420898e-02
5.731006264686584473e-01 -2.023419886827468872e-01 6.499999761581420898e-02
5.715701580047607422e-01 -2.028373777866363525e-01 6.499999761581420898e-02
5.700396299362182617e-01 -2.033327817916870117e-01 6.499999761581420898e-02
5.685091614723205566e-01 -2.038281559944152832e-01 6.499999761581420898e-02
5.669786334037780762e-01 -2.043235599994659424e-01 6.499999761581420898e-02
5.654481649398803711e-01 -2.048189491033554077e-01 6.499999761581420898e-02
5.638951659202575684e-01 -2.051605582237243652e-01 6.499999761581420898e-02
5.623188018798828125e-01 -2.053435146808624268e-01 6.499999761581420898e-02
5.607424974441528320e-01 -2.055264860391616821e-01 6.499999761581420898e-02
5.591661334037780762e-01 -2.057094424962997437e-01 6.499999761581420898e-02
5.575898289680480957e-01 -2.058924138545989990e-01 6.499999761581420898e-02
5.560135245323181152e-01 -2.060753703117370605e-01 6.499999761581420898e-02
5.544338226318359375e-01 -2.062349170446395874e-01 6.499999761581420898e-02
5.528491139411926270e-01 -2.063581645488739014e-01 6.499999761581420898e-02
5.512643456459045410e-01 -2.064814120531082153e-01 6.499999761581420898e-02
5.496796369552612305e-01 -2.066046595573425293e-01 6.499999761581420898e-02
5.480949282646179199e-01 -2.067279070615768433e-01 6.499999761581420898e-02
5.465101599693298340e-01 -2.068511545658111572e-01 6.499999761581420898e-02
5.449250936508178711e-01 -2.069577127695083618e-01 6.499999761581420898e-02
5.433390140533447266e-01 -2.070200145244598389e-01 6.499999761581420898e-02
5.417529940605163574e-01 -2.070823162794113159e-01 6.499999761581420898e-02
5.401670336723327637e-01 -2.071446180343627930e-01 6.499999761581420898e-02
5.385809540748596191e-01 -2.072069197893142700e-01 6.499999761581420898e-02
5.369949340820312500e-01 -2.072692215442657471e-01 6.499999761581420898e-02
5.354098677635192871e-01 -2.073207497596740723e-01 6.499999761581420898e-02
5.338295698165893555e-01 -2.073192596435546875e-01 6.499999761581420898e-02
5.322492718696594238e-01 -2.073177546262741089e-01 6.499999761581420898e-02
5.306689143180847168e-01 -2.073162645101547241e-01 6.499999761581420898e-02
5.290885567665100098e-01 -2.073147594928741455e-01 6.499999761581420898e-02
5.275081992149353027e-01 -2.073132693767547607e-01 6.499999761581420898e-02
5.259258151054382324e-01 -2.073072791099548340e-01 6.499999761581420898e-02
5.243255496025085449e-01 -2.072637975215911865e-01 6.499999761581420898e-02
5.227252840995788574e-01 -2.072203159332275391e-01 6.499999761581420898e-02
5.211250185966491699e-01 -2.071768343448638916e-01 6.499999761581420898e-02
5.195247530937194824e-01 -2.071333676576614380e-01 6.499999761581420898e-02
5.179245471954345703e-01 -2.070898860692977905e-01 6.499999761581420898e-02
5.163242816925048828e-01 -2.070464044809341431e-01 6.499999761581420898e-02
5.147427916526794434e-01 -2.069502770900726318e-01 6.499999761581420898e-02
5.131651163101196289e-01 -2.068437337875366211e-01 6.499999761581420898e-02
5.115873217582702637e-01 -2.067371755838394165e-01 6.499999761581420898e-02
5.100095868110656738e-01 -2.066306471824645996e-01 6.499999761581420898e-02
5.084319114685058594e-01 -2.065241038799285889e-01 6.499999761581420898e-02
5.068541169166564941e-01 -2.064175456762313843e-01 6.499999761581420898e-02
5.052956342697143555e-01 -2.062741965055465698e-01 6.499999761581420898e-02
5.037461519241333008e-01 -2.061135321855545044e-01 6.499999761581420898e-02
5.021967291831970215e-01 -2.059528678655624390e-01 6.499999761581420898e-02
5.006473064422607422e-01 -2.057922035455703735e-01 6.499999761581420898e-02
4.990978538990020752e-01 -2.056315392255783081e-01 6.499999761581420898e-02
4.975484311580657959e-01 -2.054708749055862427e-01 6.499999761581420898e-02
4.960203468799591064e-01 -2.052804529666900635e-01 6.499999761581420898e-02
4.945031404495239258e-01 -2.050749808549880981e-01 6.499999761581420898e-02
4.929859638214111328e-01 -2.048694938421249390e-01 6.499999761581420898e-02
4.914686977863311768e-01 -2.046640068292617798e-01 6.499999761581420898e-02
4.899515211582183838e-01 -2.044585347175598145e-01 6.499999761581420898e-02
4.884342849254608154e-01 -2.042530477046966553e-01 6.499999761581420898e-02
4.868898391723632812e-01 -2.038041651248931885e-01 6.499999761581420898e-02
4.853386282920837402e-01 -2.032948583364486694e-01 6.499999761581420898e-02
4.837873578071594238e-01 -2.027855068445205688e-01 6.499999761581420898e-02
4.822361469268798828e-01 -2.022761851549148560e-01 6.499999761581420898e-02
4.806848764419555664e-01 -2.017668485641479492e-01 6.499999761581420898e-02
4.791336655616760254e-01 -2.012575268745422363e-01 6.499999761581420898e-02
4.775824546813964844e-01 -2.007482051849365234e-01 6.499999761581420898e-02
4.760943949222564697e-01 -2.001873701810836792e-01 6.499999761581420898e-02
4.746104776859283447e-01 -1.996232122182846069e-01 6.499999761581420898e-02
4.731265008449554443e-01 -1.990590542554855347e-01 6.499999761581420898e-02
4.716425836086273193e-01 -1.984948962926864624e-01 6.499999761581420898e-02
4.701586961746215820e-01 -1.979307532310485840e-01 6.499999761581420898e-02
4.686747193336486816e-01 -1.973665803670883179e-01 6.499999761581420898e-02
4.672114849090576172e-01 -1.967908442020416260e-01 6.499999761581420898e-02
4.657958745956420898e-01 -1.961884051561355591e-01 6.499999761581420898e-02
4.643802940845489502e-01 -1.955859810113906860e-01 6.499999761581420898e-02
4.629647135734558105e-01 -1.949835568666458130e-01 6.499999761581420898e-02
4.615491032600402832e-01 -1.943811029195785522e-01 6.499999761581420898e-02
4.601335227489471436e-01 -1.937786936759948730e-01 6.499999761581420898e-02
4.587178826332092285e-01 -1.931762397289276123e-01 6.499999761581420898e-02
4.574036300182342529e-01 -1.924660503864288330e-01 6.499999761581420898e-02
4.561000168323516846e-01 -1.917445212602615356e-01 6.499999761581420898e-02
4.547963440418243408e-01 -1.910229623317718506e-01 6.499999761581420898e-02
4.534927308559417725e-01 -1.903014481067657471e-01 6.499999761581420898e-02
4.521890580654144287e-01 -1.895798891782760620e-01 6.499999761581420898e-02
4.508854448795318604e-01 -1.888583600521087646e-01 6.499999761581420898e-02
4.496228396892547607e-01 -1.881316602230072021e-01 6.499999761581420898e-02
4.483767449855804443e-01 -1.874028444290161133e-01 6.499999761581420898e-02
4.471307098865509033e-01 -1.866740733385086060e-01 6.499999761581420898e-02
4.458846151828765869e-01 -1.859452575445175171e-01 6.499999761581420898e-02
4.446385800838470459e-01 -1.852164715528488159e-01 6.499999761581420898e-02
4.433925449848175049e-01 -1.844876855611801147e-01 6.499999761581420898e-02
4.421747028827667236e-01 -1.837763488292694092e-01 6.499999761581420898e-02
4.409666955471038818e-01 -1.830710917711257935e-01 6.499999761581420898e-02
4.397586584091186523e-01 -1.823658049106597900e-01 6.499999761581420898e-02
4.385506510734558105e-01 -1.816605627536773682e-01 6.499999761581420898e-02
4.373426437377929688e-01 -1.809553056955337524e-01 6.499999761581420898e-02
4.361346960067749023e-01 -1.802508085966110229e-01 6.499999761581420898e-02
4.349335134029388428e-01 -1.796081811189651489e-01 6.499999761581420898e-02
4.337322711944580078e-01 -1.789655238389968872e-01 6.499999761581420898e-02
4.325310587882995605e-01 -1.783229112625122070e-01 6.499999761581420898e-02
4.313298761844635010e-01 -1.776802837848663330e-01 6.499999761581420898e-02
4.301286339759826660e-01 -1.770376265048980713e-01 6.499999761581420898e-02
4.294824898242950439e-01 -1.759363114833831787e-01 6.499999761581420898e-02
4.292716979980468750e-01 -1.744751185178756714e-01 6.499999761581420898e-02
4.290609061717987061e-01 -1.730140000581741333e-01 6.499999761581420898e-02
4.288501143455505371e-01 -1.715528666973114014e-01 6.499999761581420898e-02
4.286393523216247559e-01 -1.700916737318038940e-01 6.499999761581420898e-02
4.284285604953765869e-01 -1.686305403709411621e-01 6.499999761581420898e-02
4.282177686691284180e-01 -1.671693623065948486e-01 6.499999761581420898e-02
4.280695021152496338e-01 -1.657114028930664062e-01 6.499999761581420898e-02
4.280272424221038818e-01 -1.642587929964065552e-01 6.499999761581420898e-02
4.279849529266357422e-01 -1.628061383962631226e-01 6.499999761581420898e-02
4.279426932334899902e-01 -1.613535434007644653e-01 6.499999761581420898e-02
4.279004335403442383e-01 -1.599008888006210327e-01 6.499999761581420898e-02
4.278581440448760986e-01 -1.584482938051223755e-01 6.499999761581420898e-02
4.278158843517303467e-01 -1.569956988096237183e-01 6.499999761581420898e-02
4.278087317943572998e-01 -1.555523723363876343e-01 6.499999761581420898e-02
4.279234409332275391e-01 -1.541415154933929443e-01 6.499999761581420898e-02
4.280381798744201660e-01 -1.527305990457534790e-01 6.499999761581420898e-02
4.281528890132904053e-01 -1.513197422027587891e-01 6.499999761581420898e-02
4.282676279544830322e-01 -1.499088853597640991e-01 6.499999761581420898e-02
4.283823370933532715e-01 -1.484979689121246338e-01 6.499999761581420898e-02
4.284970760345458984e-01 -1.470870971679687500e-01 6.499999761581420898e-02
4.286296069622039795e-01 -1.456854045391082764e-01 6.499999761581420898e-02
4.288789331912994385e-01 -1.443442404270172119e-01 6.499999761581420898e-02
4.291282892227172852e-01 -1.430030614137649536e-01 6.499999761581420898e-02
4.293776452541351318e-01 -1.416618376970291138e-01 6.499999761581420898e-02
4.296269714832305908e-01 -1.403206735849380493e-01 6.499999761581420898e-02
4.298763275146484375e-01 -1.389794498682022095e-01 6.499999761581420898e-02
4.301256835460662842e-01 -1.376382857561111450e-01 6.499999761581420898e-02
4.303846061229705811e-01 -1.363057792186737061e-01 6.499999761581420898e-02
4.307326674461364746e-01 -1.350537091493606567e-01 6.499999761581420898e-02
4.310807287693023682e-01 -1.338016837835311890e-01 6.499999761581420898e-02
4.314287602901458740e-01 -1.325496137142181396e-01 6.499999761581420898e-02
4.317768216133117676e-01 -1.312976032495498657e-01 6.499999761581420898e-02
4.321248531341552734e-01 -1.300455778837203979e-01 6.499999761581420898e-02
4.324729144573211670e-01 -1.287935078144073486e-01 6.499999761581420898e-02
4.328248202800750732e-01 -1.275514066219329834e-01 6.499999761581420898e-02
4.332087635993957520e-01 -1.263915300369262695e-01 6.499999761581420898e-02
4.335926771163940430e-01 -1.252316981554031372e-01 6.499999761581420898e-02
4.339766204357147217e-01 -1.240718737244606018e-01 6.499999761581420898e-02
4.343605637550354004e-01 -1.229119971394538879e-01 6.499999761581420898e-02
4.347444772720336914e-01 -1.217521652579307556e-01 6.499999761581420898e-02
4.351284205913543701e-01 -1.205922886729240417e-01 6.499999761581420898e-02
4.354857802391052246e-01 -1.194403171539306641e-01 6.499999761581420898e-02
4.357084035873413086e-01 -1.183282136917114258e-01 6.499999761581420898e-02
4.359310269355773926e-01 -1.172160655260086060e-01 6.499999761581420898e-02
4.361536204814910889e-01 -1.161039695143699646e-01 6.499999761581420898e-02
4.363762438297271729e-01 -1.149918213486671448e-01 6.499999761581420898e-02
4.365988671779632568e-01 -1.138797178864479065e-01 6.499999761581420898e-02
4.368214607238769531e-01 -1.127676218748092651e-01 6.499999761581420898e-02
4.368337094783782959e-01 -1.115081533789634705e-01 6.499999761581420898e-02
4.365610182285308838e-01 -1.100492328405380249e-01 6.499999761581420898e-02
4.362883567810058594e-01 -1.085902526974678040e-01 6.499999761581420898e-02
4.360156953334808350e-01 -1.071313321590423584e-01 6.499999761581420898e-02
4.357430040836334229e-01 -1.056724116206169128e-01 6.499999761581420898e-02
4.355342686176300049e-01 -1.043332293629646301e-01 6.499999761581420898e-02
4.354282915592193604e-01 -1.031867340207099915e-01 6.499999761581420898e-02
4.353223145008087158e-01 -1.020401939749717712e-01 6.499999761581420898e-02
4.352163672447204590e-01 -1.008936911821365356e-01 6.499999761581420898e-02
4.351103901863098145e-01 -9.974719583988189697e-02 6.499999761581420898e-02
4.348984658718109131e-01 -9.745413810014724731e-02 6.499999761581420898e-02
4.349305629730224609e-01 -9.688468277454376221e-02 6.499999761581420898e-02
4.349658787250518799e-01 -9.631597250699996948e-02 6.499999761581420898e-02
4.350011944770812988e-01 -9.574725478887557983e-02 6.499999761581420898e-02
4.350364804267883301e-01 -9.517849981784820557e-02 6.499999761581420898e-02
4.350717961788177490e-01 -9.460978209972381592e-02 6.499999761581420898e-02
4.351071119308471680e-01 -9.404107183218002319e-02 6.499999761581420898e-02
4.351423978805541992e-01 -9.347235411405563354e-02 6.499999761581420898e-02
4.351777136325836182e-01 -9.290364384651184082e-02 6.499999761581420898e-02
4.352130293846130371e-01 -9.233488142490386963e-02 6.499999761581420898e-02
4.352483153343200684e-01 -9.176617115736007690e-02 6.499999761581420898e-02
4.352836310863494873e-01 -9.119745343923568726e-02 6.499999761581420898e-02
4.353189170360565186e-01 -9.062874317169189453e-02 6.499999761581420898e-02
4.353542327880859375e-01 -9.006002545356750488e-02 6.499999761581420898e-02
4.353895485401153564e-01 -8.949127048254013062e-02 6.499999761581420898e-02
4.354248344898223877e-01 -8.892255276441574097e-02 6.499999761581420898e-02
4.354601502418518066e-01 -8.835384249687194824e-02 6.499999761581420898e-02
4.354954659938812256e-01 -8.778512477874755859e-02 6.499999761581420898e-02
4.355307519435882568e-01 -8.721641451120376587e-02 6.499999761581420898e-02
4.355660676956176758e-01 -8.664765208959579468e-02 6.499999761581420898e-02
4.356013834476470947e-01 -8.607894182205200195e-02 6.499999761581420898e-02
4.356500208377838135e-01 -8.551545441150665283e-02 6.499999761581420898e-02
4.357097148895263672e-01 -8.495628833770751953e-02 6.499999761581420898e-02
4.357693791389465332e-01 -8.439712226390838623e-02 6.499999761581420898e-02
4.358290731906890869e-01 -8.383791148662567139e-02 6.499999761581420898e-02
4.358887672424316406e-01 -8.327875286340713501e-02 6.499999761581420898e-02
4.359484612941741943e-01 -8.271958678960800171e-02 6.499999761581420898e-02
4.360081255435943604e-01 -8.216042071580886841e-02 6.499999761581420898e-02
4.360678195953369141e-01 -8.160125464200973511e-02 6.499999761581420898e-02
4.361275136470794678e-01 -8.104205131530761719e-02 6.499999761581420898e-02
4.361871778964996338e-01 -8.048288524150848389e-02 6.499999761581420898e-02
4.362468719482421875e-01 -7.992371916770935059e-02 6.499999761581420898e-02
4.363065659999847412e-01 -7.936455309391021729e-02 6.499999761581420898e-02
4.363662302494049072e-01 -7.880539447069168091e-02 6.499999761581420898e-02
4.364259243011474609e-01 -7.824618369340896606e-02 6.499999761581420898e-02
4.364856183528900146e-01 -7.768701761960983276e-02 6.499999761581420898e-02
4.365453124046325684e-01 -7.712785899639129639e-02 6.499999761581420898e-02
4.366049766540527344e-01 -7.656869292259216309e-02 6.499999761581420898e-02
4.366646707057952881e-01 -7.600952684879302979e-02 6.499999761581420898e-02
4.367243647575378418e-01 -7.545032352209091187e-02 6.499999761581420898e-02
4.367840290069580078e-01 -7.489115744829177856e-02 6.499999761581420898e-02
4.368572831153869629e-01 -7.433957606554031372e-02 6.499999761581420898e-02
4.369393289089202881e-01 -7.379294186830520630e-02 6.499999761581420898e-02
4.370214045047760010e-01 -7.324630767107009888e-02 6.499999761581420898e-02
4.371034801006317139e-01 -7.269962877035140991e-02 6.499999761581420898e-02
4.371855258941650391e-01 -7.215299457311630249e-02 6.499999761581420898e-02
4.372676014900207520e-01 -7.160635292530059814e-02 6.499999761581420898e-02
4.373496770858764648e-01 -7.105971872806549072e-02 6.499999761581420898e-02
4.374317228794097900e-01 -7.051308453083038330e-02 6.499999761581420898e-02
4.375137984752655029e-01 -6.996640563011169434e-02 6.499999761581420898e-02
4.375958442687988281e-01 -6.941976398229598999e-02 6.499999761581420898e-02
4.376779198646545410e-01 -6.887312978506088257e-02 6.499999761581420898e-02
4.377599954605102539e-01 -6.832649558782577515e-02 6.499999761581420898e-02
4.378420412540435791e-01 -6.777985394001007080e-02 6.499999761581420898e-02
4.379241168498992920e-01 -6.723317503929138184e-02 6.499999761581420898e-02
4.380061924457550049e-01 -6.668654084205627441e-02 6.499999761581420898e-02
4.380882382392883301e-01 -6.613990664482116699e-02 6.499999761581420898e-02
4.381703138351440430e-01 -6.559326499700546265e-02 6.499999761581420898e-02
4.382523596286773682e-01 -6.504663079977035522e-02 6.499999761581420898e-02
4.383344352245330811e-01 -6.449995189905166626e-02 6.499999761581420898e-02
4.384240508079528809e-01 -6.395453214645385742e-02 6.499999761581420898e-02
4.385573267936706543e-01 -6.341616064310073853e-02 6.499999761581420898e-02
4.386906027793884277e-01 -6.287778168916702271e-02 6.499999761581420898e-02
4.388239085674285889e-01 -6.233941018581390381e-02 6.499999761581420898e-02
4.389571845531463623e-01 -6.180099397897720337e-02 6.499999761581420898e-02
4.390904605388641357e-01 -6.126261875033378601e-02 6.499999761581420898e-02
4.392237663269042969e-01 -6.072424352169036865e-02 6.499999761581420898e-02
4.393570423126220703e-01 -6.018586829304695129e-02 6.499999761581420898e-02
4.394903182983398438e-01 -5.964749306440353394e-02 6.499999761581420898e-02
4.396236240863800049e-01 -5.910907685756683350e-02 6.499999761581420898e-02
4.397569000720977783e-01 -5.857070162892341614e-02 6.499999761581420898e-02
4.398901760578155518e-01 -5.803232640027999878e-02 6.499999761581420898e-02
4.400234818458557129e-01 -5.749395117163658142e-02 6.499999761581420898e-02
4.401567578315734863e-01 -5.695557594299316406e-02 6.499999761581420898e-02
4.402900338172912598e-01 -5.641715973615646362e-02 6.499999761581420898e-02
4.404233396053314209e-01 -5.587878823280334473e-02 6.499999761581420898e-02
4.405566155910491943e-01 -5.534041300415992737e-02 6.499999761581420898e-02
4.406898915767669678e-01 -5.480203777551651001e-02 6.499999761581420898e-02
4.408231675624847412e-01 -5.426366254687309265e-02 6.499999761581420898e-02
4.409564733505249023e-01 -5.372524634003639221e-02 6.499999761581420898e-02
4.411174654960632324e-01 -5.320191010832786560e-02 6.499999761581420898e-02
4.413509666919708252e-01 -5.271794274449348450e-02 6.499999761581420898e-02
4.415844678878784180e-01 -5.223397538065910339e-02 6.499999761581420898e-02
4.418179988861083984e-01 -5.175000801682472229e-02 6.499999761581420898e-02
4.420515298843383789e-01 -5.126600340008735657e-02 6.499999761581420898e-02
4.422850310802459717e-01 -5.078203976154327393e-02 6.499999761581420898e-02
4.425185322761535645e-01 -5.029807239770889282e-02 6.499999761581420898e-02
4.427520632743835449e-01 -4.981410503387451172e-02 6.499999761581420898e-02
4.429855644702911377e-01 -4.933013767004013062e-02 6.499999761581420898e-02
4.432190954685211182e-01 -4.884613305330276489e-02 6.499999761581420898e-02
4.434525966644287109e-01 -4.836216568946838379e-02 6.499999761581420898e-02
4.436860978603363037e-01 -4.787819832563400269e-02 6.499999761581420898e-02
4.439196288585662842e-01 -4.739423096179962158e-02 6.499999761581420898e-02
4.441531300544738770e-01 -4.691026359796524048e-02 6.499999761581420898e-02
4.443866610527038574e-01 -4.642625898122787476e-02 6.499999761581420898e-02
4.446201622486114502e-01 -4.594229161739349365e-02 6.499999761581420898e-02
4.448536634445190430e-01 -4.545832425355911255e-02 6.499999761581420898e-02
4.450871944427490234e-01 -4.497435688972473145e-02 6.499999761581420898e-02
4.453206956386566162e-01 -4.449038952589035034e-02 6.499999761581420898e-02
4.456385374069213867e-01 -4.407870024442672729e-02 6.499999761581420898e-02
4.460868835449218750e-01 -4.377900436520576477e-02 6.499999761581420898e-02
4.465352296829223633e-01 -4.347930848598480225e-02 6.499999761581420898e-02
4.469835758209228516e-01 -4.317960888147354126e-02 6.499999761581420898e-02
4.474319517612457275e-01 -4.287991300225257874e-02 6.499999761581420898e-02
4.478803277015686035e-01 -4.258019477128982544e-02 6.499999761581420898e-02
4.483286738395690918e-01 -4.228049516677856445e-02 6.499999761581420898e-02
4.487770199775695801e-01 -4.198079928755760193e-02 6.499999761581420898e-02
4.492253661155700684e-01 -4.168110340833663940e-02 6.499999761581420898e-02
4.496737420558929443e-01 -4.138140380382537842e-02 6.499999761581420898e-02
4.501221179962158203e-01 -4.108168557286262512e-02 6.499999761581420898e-02
4.505704641342163086e-01 -4.078198969364166260e-02 6.499999761581420898e-02
4.510188102722167969e-01 -4.048229008913040161e-02 6.499999761581420898e-02
4.514671564102172852e-01 -4.018259420990943909e-02 6.499999761581420898e-02
4.519155323505401611e-01 -3.988289833068847656e-02 6.499999761581420898e-02
4.523639082908630371e-01 -3.958317637443542480e-02 6.499999761581420898e-02
4.528122544288635254e-01 -3.928348049521446228e-02 6.499999761581420898e-02
4.532606005668640137e-01 -3.898378461599349976e-02 6.499999761581420898e-02
4.537089467048645020e-01 -3.868408501148223877e-02 6.499999761581420898e-02
4.541693627834320068e-01 -3.839043900370597839e-02 6.499999761581420898e-02
4.546391069889068604e-01 -3.810142353177070618e-02 6.499999761581420898e-02
4.551087915897369385e-01 -3.781243041157722473e-02 6.499999761581420898e-02
4.555785059928894043e-01 -3.752343356609344482e-02 6.499999761581420898e-02
4.560481905937194824e-01 -3.723444044589996338e-02 6.499999761581420898e-02
4.565179049968719482e-01 -3.694544732570648193e-02 6.499999761581420898e-02
4.569876194000244141e-01 -3.665643185377120972e-02 6.499999761581420898e-02
4.574573338031768799e-01 -3.636743500828742981e-02 6.499999761581420898e-02
4.579270184040069580e-01 -3.607844188809394836e-02 6.499999761581420898e-02
4.583967328071594238e-01 -3.578944876790046692e-02 6.499999761581420898e-02
4.588664174079895020e-01 -3.550045564770698547e-02 6.499999761581420898e-02
4.593361616134643555e-01 -3.521143645048141479e-02 6.499999761581420898e-02
4.598058462142944336e-01 -3.492244333028793335e-02 6.499999761581420898e-02
4.602755606174468994e-01 -3.463345021009445190e-02 6.499999761581420898e-02
4.607452452182769775e-01 -3.434445708990097046e-02 6.499999761581420898e-02
4.612149596214294434e-01 -3.405546396970748901e-02 6.499999761581420898e-02
4.616846740245819092e-01 -3.376644477248191833e-02 6.499999761581420898e-02
4.621543884277343750e-01 -3.347745165228843689e-02 6.499999761581420898e-02
4.626240730285644531e-01 -3.318845853209495544e-02 6.499999761581420898e-02
4.630965888500213623e-01 -3.290143981575965881e-02 6.499999761581420898e-02
4.635873138904571533e-01 -3.262713924050331116e-02 6.499999761581420898e-02
4.640780687332153320e-01 -3.235282003879547119e-02 6.499999761581420898e-02
4.645687937736511230e-01 -3.207851946353912354e-02 6.499999761581420898e-02
4.650595188140869141e-01 -3.180421888828277588e-02 6.499999761581420898e-02
4.655502140522003174e-01 -3.152991831302642822e-02 6.499999761581420898e-02
4.660409390926361084e-01 -3.125562146306037903e-02 6.499999761581420898e-02
4.665316939353942871e-01 -3.098129853606224060e-02 6.499999761581420898e-02
4.670224189758300781e-01 -3.070699982345104218e-02 6.499999761581420898e-02
4.675131142139434814e-01 -3.043269924819469452e-02 6.499999761581420898e-02
4.680038392543792725e-01 -3.015839867293834686e-02 6.499999761581420898e-02
4.684945642948150635e-01 -2.988409996032714844e-02 6.499999761581420898e-02
4.689853191375732422e-01 -2.960977889597415924e-02 6.499999761581420898e-02
4.694760441780090332e-01 -2.933547832071781158e-02 6.499999761581420898e-02
4.699667394161224365e-01 -2.906117960810661316e-02 6.499999761581420898e-02
4.704574644565582275e-01 -2.878687903285026550e-02 6.499999761581420898e-02
4.709481894969940186e-01 -2.851257845759391785e-02 6.499999761581420898e-02
4.714389443397521973e-01 -2.823825739324092865e-02 6.499999761581420898e-02
4.719296693801879883e-01 -2.796395868062973022e-02 6.499999761581420898e-02
4.724203646183013916e-01 -2.768965810537338257e-02 6.499999761581420898e-02
4.729141891002655029e-01 -2.741824276745319366e-02 6.499999761581420898e-02
4.734242558479309082e-01 -2.716204151511192322e-02 6.499999761581420898e-02
4.739343523979187012e-01 -2.690581977367401123e-02 6.499999761581420898e-02
4.744444489479064941e-01 -2.664961852133274078e-02 6.499999761581420898e-02
4.749545156955718994e-01 -2.639341540634632111e-02 6.499999761581420898e-02
4.754645824432373047e-01 -2.613721415400505066e-02 6.499999761581420898e-02
4.759746491909027100e-01 -2.588101290166378021e-02 6.499999761581420898e-02
4.764847755432128906e-01 -2.562479116022586823e-02 6.499999761581420898e-02
4.769948422908782959e-01 -2.536858990788459778e-02 6.499999761581420898e-02
4.775049090385437012e-01 -2.511238865554332733e-02 6.499999761581420898e-02
4.780150055885314941e-01 -2.485618740320205688e-02 6.499999761581420898e-02
4.785250723361968994e-01 -2.459998428821563721e-02 6.499999761581420898e-02
4.790351688861846924e-01 -2.434376254677772522e-02 6.499999761581420898e-02
4.795452654361724854e-01 -2.408756129443645477e-02 6.499999761581420898e-02
4.800553321838378906e-01 -2.383136004209518433e-02 6.499999761581420898e-02
4.805653989315032959e-01 -2.357515878975391388e-02 6.499999761581420898e-02
4.810754656791687012e-01 -2.331895753741264343e-02 6.499999761581420898e-02
4.815855920314788818e-01 -2.306273579597473145e-02 6.499999761581420898e-02
4.820956587791442871e-01 -2.280653454363346100e-02 6.499999761581420898e-02
4.826057255268096924e-01 -2.255033329129219055e-02 6.499999761581420898e-02
4.831158220767974854e-01 -2.229413017630577087e-02 6.499999761581420898e-02
4.836381673812866211e-01 -2.205345779657363892e-02 6.499999761581420898e-02
4.841650128364562988e-01 -2.181840501725673676e-02 6.499999761581420898e-02
4.846918284893035889e-01 -2.158337086439132690e-02 6.499999761581420898e-02
4.852186441421508789e-01 -2.134833671152591705e-02 6.499999761581420898e-02
4.857454597949981689e-01 -2.111330255866050720e-02 6.499999761581420898e-02
4.862722754478454590e-01 -2.087826840579509735e-02 6.499999761581420898e-02
4.867991507053375244e-01 -2.064321748912334442e-02 6.499999761581420898e-02
4.873259663581848145e-01 -2.040818333625793457e-02 6.499999761581420898e-02
4.878527820110321045e-01 -2.017314918339252472e-02 6.499999761581420898e-02
4.883795976638793945e-01 -1.993811503052711487e-02 6.499999761581420898e-02
4.889064133167266846e-01 -1.970308087766170502e-02 6.499999761581420898e-02
4.894332587718963623e-01 -1.946802809834480286e-02 6.499999761581420898e-02
4.899600744247436523e-01 -1.923299394547939301e-02 6.499999761581420898e-02
4.904868900775909424e-01 -1.899795979261398315e-02 6.499999761581420898e-02
4.910137057304382324e-01 -1.876292563974857330e-02 6.499999761581420898e-02
4.915405213832855225e-01 -1.852789148688316345e-02 6.499999761581420898e-02
4.920673966407775879e-01 -1.829284057021141052e-02 6.499999761581420898e-02
4.925942122936248779e-01 -1.805780641734600067e-02 6.499999761581420898e-02
4.931210279464721680e-01 -1.782277226448059082e-02 6.499999761581420898e-02
4.936478435993194580e-01 -1.758773811161518097e-02 6.499999761581420898e-02
4.941746592521667480e-01 -1.735270395874977112e-02 6.499999761581420898e-02
4.947146177291870117e-01 -1.714092306792736053e-02 6.499999761581420898e-02
4.952547848224639893e-01 -1.692955195903778076e-02 6.499999761581420898e-02
4.957949221134185791e-01 -1.671817898750305176e-02 6.499999761581420898e-02
4.963350892066955566e-01 -1.650680601596832275e-02 6.499999761581420898e-02
4.968752264976501465e-01 -1.629543304443359375e-02 6.499999761581420898e-02
4.974154233932495117e-01 -1.608404517173767090e-02 6.499999761581420898e-02
4.979555904865264893e-01 -1.587267220020294189e-02 6.499999761581420898e-02
4.984957277774810791e-01 -1.566129922866821289e-02 6.499999761581420898e-02
4.990358948707580566e-01 -1.544992718845605850e-02 6.499999761581420898e-02
4.995760619640350342e-01 -1.523855514824390411e-02 6.499999761581420898e-02
5.001162290573120117e-01 -1.502716634422540665e-02 6.499999761581420898e-02
5.006564259529113770e-01 -1.481579337269067764e-02 6.499999761581420898e-02
5.011965632438659668e-01 -1.460442133247852325e-02 6.499999761581420898e-02
5.017367005348205566e-01 -1.439304836094379425e-02 6.499999761581420898e-02
5.022768378257751465e-01 -1.418167538940906525e-02 6.499999761581420898e-02
5.028170347213745117e-01 -1.397028751671314240e-02 6.499999761581420898e-02
5.033572316169738770e-01 -1.375891454517841339e-02 6.499999761581420898e-02
5.038973689079284668e-01 -1.354754157364368439e-02 6.499999761581420898e-02
5.044375061988830566e-01 -1.333616953343153000e-02 6.499999761581420898e-02
5.049776434898376465e-01 -1.312479656189680099e-02 6.499999761581420898e-02
5.055183172225952148e-01 -1.291449647396802902e-02 6.499999761581420898e-02
5.060653686523437500e-01 -1.272107660770416260e-02 6.499999761581420898e-02
5.066124796867370605e-01 -1.252765581011772156e-02 6.499999761581420898e-02
5.071595907211303711e-01 -1.233423594385385513e-02 6.499999761581420898e-02
5.077067017555236816e-01 -1.214081607758998871e-02 6.499999761581420898e-02
5.082538127899169922e-01 -1.194738037884235382e-02 6.499999761581420898e-02
5.088009238243103027e-01 -1.175396051257848740e-02 6.499999761581420898e-02
5.093480348587036133e-01 -1.156054064631462097e-02 6.499999761581420898e-02
5.098951458930969238e-01 -1.136712078005075455e-02 6.499999761581420898e-02
5.104421973228454590e-01 -1.117369998246431351e-02 6.499999761581420898e-02
5.109893679618835449e-01 -1.098026521503925323e-02 6.499999761581420898e-02
5.115364789962768555e-01 -1.078684534877538681e-02 6.499999761581420898e-02
5.120835304260253906e-01 -1.059342548251152039e-02 6.499999761581420898e-02
5.126306414604187012e-01 -1.040000468492507935e-02 6.499999761581420898e-02
5.131777524948120117e-01 -1.020658481866121292e-02 6.499999761581420898e-02
5.137249231338500977e-01 -1.001315005123615265e-02 6.499999761581420898e-02
5.142719745635986328e-01 -9.819729253649711609e-03 6.499999761581420898e-02
5.148190855979919434e-01 -9.626309387385845184e-03 6.499999761581420898e-02
5.153661966323852539e-01 -9.432889521121978760e-03 6.499999761581420898e-02
5.159133076667785645e-01 -9.239468723535537720e-03 6.499999761581420898e-02
5.164604187011718750e-01 -9.046033956110477448e-03 6.499999761581420898e-02
5.170081853866577148e-01 -8.855043910443782806e-03 6.499999761581420898e-02
5.175606608390808105e-01 -8.680751547217369080e-03 6.499999761581420898e-02
5.181131362915039062e-01 -8.506459183990955353e-03 6.499999761581420898e-02
5.186656117439270020e-01 -8.332166820764541626e-03 6.499999761581420898e-02
5.192181468009948730e-01 -8.157860487699508667e-03 6.499999761581420898e-02
5.197706222534179688e-01 -7.983568124473094940e-03 6.499999761581420898e-02
5.203230381011962891e-01 -7.809275761246681213e-03 6.499999761581420898e-02
5.208755135536193848e-01 -7.634983398020267487e-03 6.499999761581420898e-02
5.214279890060424805e-01 -7.460691034793853760e-03 6.499999761581420898e-02
5.219805240631103516e-01 -7.286385167390108109e-03 6.499999761581420898e-02
5.225329995155334473e-01 -7.112092804163694382e-03 6.499999761581420898e-02
5.230854153633117676e-01 -6.937799975275993347e-03 6.499999761581420898e-02
5.236378908157348633e-01 -6.763507612049579620e-03 6.499999761581420898e-02
5.241903662681579590e-01 -6.589215248823165894e-03 6.499999761581420898e-02
5.247429013252258301e-01 -6.414909847080707550e-03 6.499999761581420898e-02
5.252953767776489258e-01 -6.240617018193006516e-03 6.499999761581420898e-02
5.258477926254272461e-01 -6.066324654966592789e-03 6.499999761581420898e-02
5.264002680778503418e-01 -5.892032291740179062e-03 6.499999761581420898e-02
5.269527435302734375e-01 -5.717739462852478027e-03 6.499999761581420898e-02
5.275052785873413086e-01 -5.543434061110019684e-03 6.499999761581420898e-02
5.280577540397644043e-01 -5.369141697883605957e-03 6.499999761581420898e-02
5.286110043525695801e-01 -5.201176740229129791e-03 6.499999761581420898e-02
5.291668176651000977e-01 -5.053942091763019562e-03 6.499999761581420898e-02
5.297226905822753906e-01 -4.906707443296909332e-03 6.499999761581420898e-02
5.302785634994506836e-01 -4.759462084621191025e-03 6.499999761581420898e-02
5.308343768119812012e-01 -4.612227436155080795e-03 6.499999761581420898e-02
5.313902497291564941e-01 -4.464993253350257874e-03 6.499999761581420898e-02
5.319460630416870117e-01 -4.317758604884147644e-03 6.499999761581420898e-02
5.325018763542175293e-01 -4.170523956418037415e-03 6.499999761581420898e-02
5.330577492713928223e-01 -4.023278597742319107e-03 6.499999761581420898e-02
5.336136221885681152e-01 -3.876043949276208878e-03 6.499999761581420898e-02
5.341694355010986328e-01 -3.728809766471385956e-03 6.499999761581420898e-02
5.347253084182739258e-01 -3.581575118005275726e-03 6.499999761581420898e-02
5.352811217308044434e-01 -3.434340702369809151e-03 6.499999761581420898e-02
5.358369946479797363e-01 -3.287095110863447189e-03 6.499999761581420898e-02
5.363928675651550293e-01 -3.139860462397336960e-03 6.499999761581420898e-02
5.369486808776855469e-01 -2.992626279592514038e-03 6.499999761581420898e-02
5.375044941902160645e-01 -2.845391863957047462e-03 6.499999761581420898e-02
5.380603671073913574e-01 -2.698157215490937233e-03 6.499999761581420898e-02
5.386162400245666504e-01 -2.550911623984575272e-03 6.499999761581420898e-02
5.391720533370971680e-01 -2.403676975518465042e-03 6.499999761581420898e-02
5.397279262542724609e-01 -2.256442792713642120e-03 6.499999761581420898e-02
5.401908755302429199e-01 -2.144138794392347336e-03 6.499999761581420898e-02
5.405831933021545410e-01 -2.058374462649226189e-03 6.499999761581420898e-02
5.409756302833557129e-01 -1.972603611648082733e-03 6.499999761581420898e-02
5.413679480552673340e-01 -1.886839047074317932e-03 6.499999761581420898e-02
5.417603254318237305e-01 -1.801074715331196785e-03 6.499999761581420898e-02
5.421527028083801270e-01 -1.715310383588075638e-03 6.499999761581420898e-02
5.425450205802917480e-01 -1.629546051844954491e-03 6.499999761581420898e-02
5.429374575614929199e-01 -1.543775084428489208e-03 6.499999761581420898e-02
5.433297753334045410e-01 -1.458010636270046234e-03 6.499999761581420898e-02
5.437221527099609375e-01 -1.372246304526925087e-03 6.499999761581420898e-02
5.441145300865173340e-01 -1.286481972783803940e-03 6.499999761581420898e-02
5.445069074630737305e-01 -1.200717524625360966e-03 6.499999761581420898e-02
5.448992848396301270e-01 -1.114946557208895683e-03 6.499999761581420898e-02
5.452916622161865234e-01 -1.029182109050452709e-03 6.499999761581420898e-02
5.456839799880981445e-01 -9.434177773073315620e-04 6.499999761581420898e-02
5.460763573646545410e-01 -8.576534455642104149e-04 6.499999761581420898e-02
5.464687347412109375e-01 -7.718889974057674408e-04 6.499999761581420898e-02
5.468611121177673340e-01 -6.861180299893021584e-04 6.499999761581420898e-02
5.472534894943237305e-01 -6.003536982461810112e-04 6.499999761581420898e-02
5.476458072662353516e-01 -5.145893665030598640e-04 6.499999761581420898e-02
5.480381846427917480e-01 -4.288250347599387169e-04 6.499999761581420898e-02
5.484305620193481445e-01 -3.430607030168175697e-04 6.499999761581420898e-02
5.488229393959045410e-01 -2.572896191850304604e-04 6.499999761581420898e-02
5.492153167724609375e-01 -1.715254038572311401e-04 6.499999761581420898e-02
5.500000119209289551e-01 0.000000000000000000e+00 6.499999761581420898e-02
