1.259849071502685547e-01
1.259849667549133301e-01
1.259848773479461670e-01
1.259850263595581055e-01
1.259850412607192993e-01
1.256483495235443115e-01
1.247609183192253113e-01
1.238239407539367676e-01
1.233589649200439453e-01
1.229637786746025085e-01
1.228966563940048218e-01
1.221315562725067139e-01
1.216563880443572998e-01
1.212017834186553955e-01
1.208953931927680969e-01
1.205304712057113647e-01
1.198819130659103394e-01
1.196802854537963867e-01
1.196659058332443237e-01
1.194755807518959045e-01
1.183653920888900757e-01
1.183609366416931152e-01
1.175728291273117065e-01
1.176272705197334290e-01
1.167675331234931946e-01
1.162696182727813721e-01
1.160559803247451782e-01
1.154752150177955627e-01
1.144639030098915100e-01
1.145631074905395508e-01
1.145742610096931458e-01
1.140337660908699036e-01
1.143137440085411072e-01
1.141978576779365540e-01
1.136350631713867188e-01
1.136673986911773682e-01
1.136770397424697876e-01
1.121768355369567871e-01
1.112753823399543762e-01
1.108713001012802124e-01
1.088094934821128845e-01
1.080884858965873718e-01
1.083022281527519226e-01
1.074237227439880371e-01
1.070633605122566223e-01
1.039978191256523132e-01
1.034658402204513550e-01
1.025829166173934937e-01
1.001626849174499512e-01
9.921807795763015747e-02
9.868064522743225098e-02
9.663472324609756470e-02
9.539368003606796265e-02
9.447923302650451660e-02
9.262220561504364014e-02
9.238170832395553589e-02
8.987767249345779419e-02
8.946239203214645386e-02
8.704832196235656738e-02
8.643288165330886841e-02
8.616042882204055786e-02
8.380059152841567993e-02
8.294069766998291016e-02
8.145400136709213257e-02
7.977855950593948364e-02
8.038889616727828979e-02
7.815464586019515991e-02
7.643889635801315308e-02
7.653203606605529785e-02
7.339303940534591675e-02
7.310867309570312500e-02
7.168982177972793579e-02
6.957105547189712524e-02
6.844051927328109741e-02
6.770796328783035278e-02
6.609972566366195679e-02
6.516934186220169067e-02
6.220646947622299194e-02
6.169627234339714050e-02
5.984082445502281189e-02
5.770572647452354431e-02
5.711008235812187195e-02
5.371387675404548645e-02
5.437463521957397461e-02
5.429131165146827698e-02
5.392913147807121277e-02
5.161576345562934875e-02
4.925366491079330444e-02
4.843723028898239136e-02
4.703532904386520386e-02
4.567078500986099243e-02
4.386135935783386230e-02
4.410794004797935486e-02
4.160368815064430237e-02
4.050888866186141968e-02
3.939087316393852234e-02
3.674342110753059387e-02
3.661839291453361511e-02
3.382571041584014893e-02
3.365092724561691284e-02
3.178501129150390625e-02
3.061991557478904724e-02
3.020083718001842499e-02
2.686317451298236847e-02
2.736974693834781647e-02
2.533662505447864532e-02
2.412132360041141510e-02
2.400494925677776337e-02
2.171436883509159088e-02
2.081928215920925140e-02
2.008811570703983307e-02
1.928081177175045013e-02
1.738550513982772827e-02
1.696232706308364868e-02
1.491080224514007568e-02
1.271544676274061203e-02
1.132121309638023376e-02
9.269013069570064545e-03
7.572301197797060013e-03
5.055648740381002426e-03
4.475589841604232788e-03
3.565154038369655609e-03
2.824252005666494370e-03
3.852620488032698631e-03
4.854426719248294830e-03
5.475460086017847061e-03
6.790821906179189682e-03
9.448370896279811859e-03
9.695556946098804474e-03
1.114750094711780548e-02
1.426977198570966721e-02
1.451990567147731781e-02
1.855004392564296722e-02
1.857947371900081635e-02
1.855598203837871552e-02
1.850850880146026611e-02
1.859645172953605652e-02
2.204624749720096588e-02
2.307562157511711121e-02
2.363991551101207733e-02
2.544031478464603424e-02
2.796533145010471344e-02
2.958728559315204620e-02
3.098394535481929779e-02
3.359946981072425842e-02
3.665256872773170471e-02
3.701185807585716248e-02
3.745814040303230286e-02
4.100846126675605774e-02
4.144850745797157288e-02
4.332270473241806030e-02
4.607482254505157471e-02
4.648575186729431152e-02
5.032277852296829224e-02
5.060045421123504639e-02
5.432701855897903442e-02
5.517353117465972900e-02
5.513901263475418091e-02
5.894474312663078308e-02
5.984275788068771362e-02
6.242318078875541687e-02
6.362120062112808228e-02
6.452320516109466553e-02
6.748186796903610229e-02
6.942956894636154175e-02
7.066679745912551880e-02
7.454818487167358398e-02
7.430107891559600830e-02
7.806643843650817871e-02
7.896438986063003540e-02
8.125741034746170044e-02
8.195985853672027588e-02
8.380094915628433228e-02
8.518955111503601074e-02
8.499417454004287720e-02
8.436700701713562012e-02
8.196534216403961182e-02
8.117440342903137207e-02
8.115926384925842285e-02
7.850467413663864136e-02
7.763629406690597534e-02
7.601959258317947388e-02
7.417095452547073364e-02
7.370775938034057617e-02
7.148963958024978638e-02
7.129959017038345337e-02
7.090294361114501953e-02
6.916675716638565063e-02
6.839667260646820068e-02
6.665217876434326172e-02
6.564188748598098755e-02
6.534711271524429321e-02
6.352133303880691528e-02
6.281738728284835815e-02
6.192617863416671753e-02
6.064973399043083191e-02
5.912351235747337341e-02
5.774303525686264038e-02
5.617720261216163635e-02
5.561795085668563843e-02
5.435359105467796326e-02
5.258648470044136047e-02
5.239551141858100891e-02
5.100468918681144714e-02
5.001536011695861816e-02
4.762648791074752808e-02
4.590437561273574829e-02
4.483981058001518250e-02
4.178943112492561340e-02
4.180318489670753479e-02
3.834832459688186646e-02
3.686825186014175415e-02
3.608882799744606018e-02
3.188974782824516296e-02
3.062751330435276031e-02
2.757792547345161438e-02
2.593459561467170715e-02
2.549622580409049988e-02
2.110899798572063446e-02
1.891489699482917786e-02
1.842130906879901886e-02
1.407731045037508011e-02
1.252277567982673645e-02
9.548611007630825043e-03
8.256758563220500946e-03
7.744435220956802368e-03
7.793029770255088806e-03
8.123519830405712128e-03
8.747564628720283508e-03
1.276788674294948578e-02
1.401194371283054352e-02
1.825342327356338501e-02
2.089943923056125641e-02
2.056330442428588867e-02
2.143686823546886444e-02
2.148832939565181732e-02
2.185510657727718353e-02
2.649311162531375885e-02
2.906721644103527069e-02
2.910371124744415283e-02
3.114650957286357880e-02
3.284757956862449646e-02
3.786855936050415039e-02
3.995660692453384399e-02
4.409530386328697205e-02
4.702099785208702087e-02
4.793599992990493774e-02
5.061241611838340759e-02
5.458117648959159851e-02
5.585344508290290833e-02
6.093872711062431335e-02
6.174102425575256348e-02
6.204388663172721863e-02
6.257148832082748413e-02
6.442330032587051392e-02
6.279734522104263306e-02
6.256520748138427734e-02
5.723863467574119568e-02
5.543639138340950012e-02
5.435603111982345581e-02
5.128288641571998596e-02
4.876725375652313232e-02
4.454215243458747864e-02
4.334717243909835815e-02
4.294451698660850525e-02
4.113576933741569519e-02
3.622988611459732056e-02
3.594997152686119080e-02
3.202056139707565308e-02
2.857871539890766144e-02
2.685071900486946106e-02
2.330912835896015167e-02
2.184833213686943054e-02
1.663123071193695068e-02
1.470616739243268967e-02
1.197633799165487289e-02
8.752280846238136292e-03
7.540749851614236832e-03
7.050403393805027008e-03
7.883414626121520996e-03
8.162704296410083771e-03
9.953380562365055084e-03
1.059895753860473633e-02
1.219986006617546082e-02
1.283116359263658524e-02
1.255770213901996613e-02
1.587838120758533478e-02
1.607361063361167908e-02
1.805230602622032166e-02
2.060210891067981720e-02
2.097478881478309631e-02
2.523316815495491028e-02
2.558253705501556396e-02
2.697503939270973206e-02
3.154541179537773132e-02
3.116341680288314819e-02
3.240532428026199341e-02
3.688971698284149170e-02
3.699606284499168396e-02
3.873979300260543823e-02
4.317080602049827576e-02
4.324809834361076355e-02
4.754431918263435364e-02
4.891625046730041504e-02
5.046128854155540466e-02
5.532734096050262451e-02
5.631723254919052124e-02
6.044025719165802002e-02
6.166123226284980774e-02
6.182175874710083008e-02
6.094386428594589233e-02
6.053159385919570923e-02
5.970422178506851196e-02
5.535316094756126404e-02
5.259731039404869080e-02
5.021290853619575500e-02
4.907115176320075989e-02
4.629558697342872620e-02
4.363989457488059998e-02
4.269855469465255737e-02
3.838526457548141479e-02
3.759961947798728943e-02
3.627241402864456177e-02
3.144998103380203247e-02
3.040651232004165649e-02
2.564004994928836823e-02
2.443900704383850098e-02
2.265235222876071930e-02
2.079163305461406708e-02
1.599547453224658966e-02
1.513653993606567383e-02
1.320660673081874847e-02
1.239310204982757568e-02
1.239799894392490387e-02
1.229492761194705963e-02
7.189668249338865280e-03
6.274453829973936081e-03
6.264163181185722351e-03
3.865208476781845093e-03
3.039335831999778748e-03
3.771994495764374733e-03
7.597488351166248322e-03
7.865005172789096832e-03
1.225087605416774750e-02
1.382542029023170471e-02
1.627307757735252380e-02
1.928522065281867981e-02
2.013844624161720276e-02
2.284313365817070007e-02
2.706024795770645142e-02
2.749393694102764130e-02
3.285641223192214966e-02
3.496476635336875916e-02
3.500005230307579041e-02
3.829311951994895935e-02
4.270185902714729309e-02
4.415909945964813232e-02
4.989070817828178406e-02
4.934148490428924561e-02
4.759282618761062622e-02
5.026838928461074829e-02
5.051405727863311768e-02
4.622799903154373169e-02
3.940873220562934875e-02
3.694067150354385376e-02
3.461008891463279724e-02
2.982594817876815796e-02
2.523859590291976929e-02
2.365081198513507843e-02
2.302144281566143036e-02
2.320066653192043304e-02
2.446825429797172546e-02
2.442465908825397491e-02
2.521478570997714996e-02
3.111740201711654663e-02
3.768599405884742737e-02
3.835783526301383972e-02
4.062322527170181274e-02
4.955488815903663635e-02
4.977590218186378479e-02
4.836450517177581787e-02
4.851703345775604248e-02
4.800397157669067383e-02
4.716599732637405396e-02
4.666513204574584961e-02
4.561930522322654724e-02
4.498609900474548340e-02
4.422308877110481262e-02
4.378243908286094666e-02
4.358175024390220642e-02
4.249292612075805664e-02
4.217446595430374146e-02
4.184559360146522522e-02
4.073201119899749756e-02
4.074273630976676941e-02
4.026181623339653015e-02
3.902968764305114746e-02
3.877007588744163513e-02
3.825065121054649353e-02
3.729635104537010193e-02
3.690756484866142273e-02
3.617435321211814880e-02
3.600648418068885803e-02
3.553871810436248779e-02
3.435374423861503601e-02
3.414276614785194397e-02
3.319115936756134033e-02
3.313972800970077515e-02
3.269271925091743469e-02
3.226180002093315125e-02
3.146287053823471069e-02
3.051635809242725372e-02
3.023942187428474426e-02
2.981577627360820770e-02
2.872287295758724213e-02
2.857973426580429077e-02
2.765752561390399933e-02
2.722977474331855774e-02
2.663490176200866699e-02
2.637096680700778961e-02
2.596354484558105469e-02
2.492313832044601440e-02
2.454418689012527466e-02
2.446765080094337463e-02
2.362972311675548553e-02
2.326508052647113800e-02
2.300298400223255157e-02
2.282293699681758881e-02
2.249136194586753845e-02
2.162442356348037720e-02
2.128116413950920105e-02
2.132821641862392426e-02
2.068303897976875305e-02
2.065414935350418091e-02
2.067510597407817841e-02
2.051019296050071716e-02
2.034979127347469330e-02
1.941469684243202209e-02
1.908194646239280701e-02
1.885046437382698059e-02
1.858726702630519867e-02
1.848101243376731873e-02
1.829516328871250153e-02
1.794550009071826935e-02
1.795167289674282074e-02
1.783344335854053497e-02
1.777690276503562927e-02
1.766722090542316437e-02
1.758506149053573608e-02
1.765342615544795990e-02
1.762040145695209503e-02
1.756501384079456329e-02
1.770556718111038208e-02
1.773825101554393768e-02
1.772130280733108521e-02
1.784406974911689758e-02
1.803062856197357178e-02
1.807626523077487946e-02
1.843177899718284607e-02
1.860604248940944672e-02
1.855827309191226959e-02
1.916495896875858307e-02
1.904069446027278900e-02
1.965220272541046143e-02
1.985828578472137451e-02
1.992282643914222717e-02
2.051136456429958344e-02
2.078975550830364227e-02
2.088110335171222687e-02
2.157307229936122894e-02
2.147299796342849731e-02
2.190885692834854126e-02
2.267532423138618469e-02
2.303658425807952881e-02
2.347356639802455902e-02
2.341524511575698853e-02
2.417069859802722931e-02
2.444881387054920197e-02
2.475794032216072083e-02
2.563278935849666595e-02
2.558889985084533691e-02
2.639017254114151001e-02
2.650375105440616608e-02
2.699092030525207520e-02
2.793498709797859192e-02
2.813039720058441162e-02
2.843106538057327271e-02
2.939549274742603302e-02
2.960477024316787720e-02
2.997787483036518097e-02
3.091911599040031433e-02
3.134919703006744385e-02
3.173346444964408875e-02
3.208502382040023804e-02
3.262368217110633850e-02
3.308775648474693298e-02
3.349060937762260437e-02
3.451578319072723389e-02
3.447344899177551270e-02
3.558472916483879089e-02
3.589813411235809326e-02
3.627127408981323242e-02
3.657573834061622620e-02
3.765700384974479675e-02
3.791498020291328430e-02
3.815221413969993591e-02
3.923163563013076782e-02
3.959345817565917969e-02
3.981797024607658386e-02
4.031326249241828918e-02
4.140968620777130127e-02
4.183114692568778992e-02
4.213372990489006042e-02
4.245054721832275391e-02
4.299181327223777771e-02
4.406625777482986450e-02
4.450962319970130920e-02
4.477787762880325317e-02
4.577466845512390137e-02
4.625792056322097778e-02
4.645893722772598267e-02
4.681130498647689819e-02
4.739096760749816895e-02
4.831388220191001892e-02
4.909469187259674072e-02
4.894604161381721497e-02
5.015991255640983582e-02
5.029377341270446777e-02
5.118135735392570496e-02
5.173232778906822205e-02
5.173463001847267151e-02
5.281789973378181458e-02
5.286031216382980347e-02
5.286238715052604675e-02
5.284824594855308533e-02
5.284512415528297424e-02
5.318395048379898071e-02
5.453884601593017578e-02
5.450166761875152588e-02
5.537401139736175537e-02
5.537818372249603271e-02
5.567995086312294006e-02
5.681226775050163269e-02
5.675856769084930420e-02
5.706244707107543945e-02
5.773129686713218689e-02
5.860533192753791809e-02
5.870045349001884460e-02
5.903456360101699829e-02
6.021274626255035400e-02
6.056402996182441711e-02
6.060684472322463989e-02
6.153200939297676086e-02
6.146162375807762146e-02
6.174212694168090820e-02
6.300486624240875244e-02
6.291364133358001709e-02
6.291027367115020752e-02
6.444560736417770386e-02
6.438374519348144531e-02
6.518159061670303345e-02
6.536580622196197510e-02
6.589950621128082275e-02
6.633367389440536499e-02
6.687398254871368408e-02
6.736529618501663208e-02
6.793154776096343994e-02
6.836229562759399414e-02
6.884888559579849243e-02
6.894996762275695801e-02
7.036140561103820801e-02
7.048200815916061401e-02
7.089644670486450195e-02
7.190218567848205566e-02
7.185868918895721436e-02
7.213577628135681152e-02
7.290313392877578735e-02
7.358095049858093262e-02
7.389917969703674316e-02
7.479983568191528320e-02
7.531374692916870117e-02
7.588896155357360840e-02
7.591470330953598022e-02
7.639365643262863159e-02
7.752484083175659180e-02
7.763519883155822754e-02
7.805212587118148804e-02
7.846523821353912354e-02
7.906799763441085815e-02
7.961537688970565796e-02
8.000220358371734619e-02
8.059492707252502441e-02
8.116918802261352539e-02
8.155068755149841309e-02
8.251143991947174072e-02
8.270347118377685547e-02
8.316925168037414551e-02
8.370735496282577515e-02
8.400835096836090088e-02
8.478926122188568115e-02
8.564052730798721313e-02
8.579665422439575195e-02
8.681140840053558350e-02
8.695347607135772705e-02
8.729226142168045044e-02
8.787275105714797974e-02
8.852840214967727661e-02
8.902116864919662476e-02
8.942303061485290527e-02
9.034104645252227783e-02
9.057942777872085571e-02
9.099064022302627563e-02
9.213002771139144897e-02
9.216599166393280029e-02
9.324251115322113037e-02
9.349794685840606689e-02
9.364847838878631592e-02
9.369816631078720093e-02
9.481185674667358398e-02
9.543885290622711182e-02
9.636659175157546997e-02
9.674686938524246216e-02
9.704934805631637573e-02
9.806270897388458252e-02
9.811257570981979370e-02
9.854028373956680298e-02
9.967394173145294189e-02
9.973555058240890503e-02
1.002468392252922058e-01
1.008553355932235718e-01
1.013725399971008301e-01
1.024629473686218262e-01
1.023842319846153259e-01
1.032335981726646423e-01
1.035140007734298706e-01
1.040116697549819946e-01
1.040406525135040283e-01
1.044700369238853455e-01
1.052527129650115967e-01
1.062595844268798828e-01
1.069127842783927917e-01
1.078314557671546936e-01
1.081824451684951782e-01
1.084823906421661377e-01
1.096335574984550476e-01
1.097943037748336792e-01
1.103220805525779724e-01
1.113001257181167603e-01
1.115448772907257080e-01
1.124168634414672852e-01
1.125279068946838379e-01
1.134308204054832458e-01
1.135245561599731445e-01
1.137093454599380493e-01
1.151277050375938416e-01
1.152081564068794250e-01
1.160681545734405518e-01
1.167096644639968872e-01
1.168362498283386230e-01
1.178201213479042053e-01
1.180365756154060364e-01
1.184388697147369385e-01
1.197463944554328918e-01
1.197413802146911621e-01
1.202483698725700378e-01
1.213366165757179260e-01
1.215609237551689148e-01
1.225186735391616821e-01
1.225453466176986694e-01
1.225244849920272827e-01
1.240637525916099548e-01
1.242734119296073914e-01
1.244889944791793823e-01
1.253588795661926270e-01
1.263705641031265259e-01
1.266471445560455322e-01
1.270911544561386108e-01
1.281085759401321411e-01
1.285164356231689453e-01
1.288773566484451294e-01
1.299603581428527832e-01
1.301155090332031250e-01
1.306371986865997314e-01
1.316800564527511597e-01
1.317103356122970581e-01
1.323191374540328979e-01
1.334269344806671143e-01
1.339211463928222656e-01
1.342747062444686890e-01
1.345337182283401489e-01
1.350705325603485107e-01
1.358201056718826294e-01
1.367325633764266968e-01
1.372247487306594849e-01
1.374529153108596802e-01
1.383323669433593750e-01
1.388556659221649170e-01
1.391356885433197021e-01
1.403018385171890259e-01
1.407851427793502808e-01
1.409011930227279663e-01
1.421084105968475342e-01
1.420972347259521484e-01
1.425038576126098633e-01
1.437390297651290894e-01
1.438831686973571777e-01
1.449162214994430542e-01
1.454597413539886475e-01
1.458369493484497070e-01
1.462160050868988037e-01
1.465936005115509033e-01
1.478541344404220581e-01
1.484047174453735352e-01
1.483711302280426025e-01
1.494164019823074341e-01
1.494603008031845093e-01
1.494603902101516724e-01
1.495981067419052124e-01
1.510220468044281006e-01
1.520149409770965576e-01
1.526481211185455322e-01
1.535000205039978027e-01
1.539630740880966187e-01
1.540091335773468018e-01
1.541530340909957886e-01
1.551088988780975342e-01
1.561135053634643555e-01
1.564436256885528564e-01
1.568062454462051392e-01
1.579905599355697632e-01
1.583840698003768921e-01
1.585083901882171631e-01
1.585045307874679565e-01
1.584951877593994141e-01
1.586720794439315796e-01
1.596390753984451294e-01
1.596178710460662842e-01
1.597219705581665039e-01
1.614171713590621948e-01
1.615310758352279663e-01
1.619077920913696289e-01
1.624771654605865479e-01
1.630076467990875244e-01
1.631905138492584229e-01
1.642001122236251831e-01
1.650602817535400391e-01
1.654060482978820801e-01
1.663173735141754150e-01
1.669007837772369385e-01
1.672618836164474487e-01
1.675055623054504395e-01
1.686226725578308105e-01
1.687769889831542969e-01
1.693845987319946289e-01
1.703012138605117798e-01
1.702863126993179321e-01
1.711309701204299927e-01
1.716569215059280396e-01
1.721182912588119507e-01
1.730835884809494019e-01
1.735197603702545166e-01
1.739932000637054443e-01
1.741735637187957764e-01
1.746647804975509644e-01
1.755792945623397827e-01
1.758357882499694824e-01
1.769117414951324463e-01
1.773105561733245850e-01
1.775389164686203003e-01
1.785692721605300903e-01
1.789786368608474731e-01
1.793276220560073853e-01
1.796718984842300415e-01
1.802188158035278320e-01
1.811414361000061035e-01
1.813722550868988037e-01
1.817642301321029663e-01
1.828773617744445801e-01
1.829686313867568970e-01
1.837949305772781372e-01
1.842054724693298340e-01
1.846432238817214966e-01
1.853822022676467896e-01
1.856279075145721436e-01
1.864081770181655884e-01
1.868523508310317993e-01
1.869538128376007080e-01
1.878551095724105835e-01
1.883442848920822144e-01
1.886641681194305420e-01
1.895330995321273804e-01
1.895199120044708252e-01
1.901965737342834473e-01
1.909675151109695435e-01
1.911437958478927612e-01
1.916398108005523682e-01
1.920903027057647705e-01
1.928707212209701538e-01
1.931942850351333618e-01
1.934695690870285034e-01
1.941495984792709351e-01
1.944276988506317139e-01
1.948275566101074219e-01
1.955015957355499268e-01
1.959012597799301147e-01
1.967846751213073730e-01
1.972298920154571533e-01
1.973395943641662598e-01
1.982651948928833008e-01
1.984412223100662231e-01
1.991990506649017334e-01
1.996650248765945435e-01
2.002569586038589478e-01
2.007143944501876831e-01
2.010000944137573242e-01
2.015374153852462769e-01
2.020885646343231201e-01
2.020926177501678467e-01
2.021040022373199463e-01
2.035727947950363159e-01
2.038650363683700562e-01
2.044520378112792969e-01
2.044544219970703125e-01
2.045118510723114014e-01
2.059345096349716187e-01
2.059895545244216919e-01
2.063111215829849243e-01
2.073561847209930420e-01
2.075132131576538086e-01
2.082106769084930420e-01
2.082323879003524780e-01
2.085032314062118530e-01
2.087384909391403198e-01
2.089204192161560059e-01
2.090404480695724487e-01
2.090365588665008545e-01
2.091933339834213257e-01
2.097414284944534302e-01
2.099445164203643799e-01
2.100177854299545288e-01
2.103613615036010742e-01
2.105378359556198120e-01
2.109255790710449219e-01
2.109635025262832642e-01
2.111476808786392212e-01
2.115803807973861694e-01
2.116248905658721924e-01
2.118585109710693359e-01
2.120524048805236816e-01
2.121829539537429810e-01
2.125318646430969238e-01
2.127007544040679932e-01
2.130439728498458862e-01
2.131287902593612671e-01
2.132260650396347046e-01
2.134239673614501953e-01
2.138092964887619019e-01
2.140544503927230835e-01
2.143201082944869995e-01
2.143509089946746826e-01
2.145582735538482666e-01
2.147476375102996826e-01
2.149240821599960327e-01
2.152991592884063721e-01
2.154210954904556274e-01
2.155530750751495361e-01
2.159294486045837402e-01
2.161866724491119385e-01
2.164824753999710083e-01
2.166402339935302734e-01
2.166691124439239502e-01
2.170818150043487549e-01
2.172177135944366455e-01
2.175344973802566528e-01
2.177564203739166260e-01
2.178837507963180542e-01
2.180915623903274536e-01
2.183401584625244141e-01
2.181650698184967041e-01
2.181094139814376831e-01
2.181372791528701782e-01
2.179869562387466431e-01
2.176824510097503662e-01
2.178096622228622437e-01
2.174599617719650269e-01
2.175135314464569092e-01
2.173668891191482544e-01
2.171303778886795044e-01
2.171723097562789917e-01
2.168767154216766357e-01
2.169825881719589233e-01
2.166860401630401611e-01
2.166819721460342407e-01
2.165786176919937134e-01
2.164748013019561768e-01
2.164077162742614746e-01
2.163162976503372192e-01
2.160410284996032715e-01
2.161227017641067505e-01
2.159646600484848022e-01
2.156882286071777344e-01
2.157968133687973022e-01
2.158044874668121338e-01
2.153926193714141846e-01
2.153307646512985229e-01
2.151446044445037842e-01
2.152343392372131348e-01
2.149013280868530273e-01
2.149389982223510742e-01
2.148813605308532715e-01
2.146233320236206055e-01
2.146968543529510498e-01
2.143743634223937988e-01
2.144061177968978882e-01
2.143418788909912109e-01
2.140454649925231934e-01
2.140982002019882202e-01
2.139278799295425415e-01
2.138437479734420776e-01
2.137950360774993896e-01
2.136622071266174316e-01
2.134765088558197021e-01
2.135135978460311890e-01
2.132104188203811646e-01
2.130273878574371338e-01
2.130098193883895874e-01
2.130505740642547607e-01
2.127678245306015015e-01
2.126716971397399902e-01
2.125539332628250122e-01
2.124692797660827637e-01
2.124280184507369995e-01
2.124332934617996216e-01
2.123153060674667358e-01
2.123770266771316528e-01
2.123617231845855713e-01
2.119663506746292114e-01
2.120616137981414795e-01
2.119208276271820068e-01
2.115127593278884888e-01
2.116877585649490356e-01
2.114613950252532959e-01
2.114063799381256104e-01
2.113016545772552490e-01
2.110456377267837524e-01
2.111349105834960938e-01
2.111476212739944458e-01
2.107268422842025757e-01
2.108365297317504883e-01
2.108019292354583740e-01
2.105648666620254517e-01
2.106126695871353149e-01
2.104088813066482544e-01
2.103844583034515381e-01
2.101890444755554199e-01
2.101751416921615601e-01
2.099760621786117554e-01
2.098227888345718384e-01
2.097809761762619019e-01
2.096429467201232910e-01
2.095434814691543579e-01
2.096259891986846924e-01
2.095144391059875488e-01
2.094248682260513306e-01
2.094210684299468994e-01
2.091409713029861450e-01
2.091162502765655518e-01
2.091134041547775269e-01
2.089100480079650879e-01
2.088675498962402344e-01
2.087850123643875122e-01
2.088214159011840820e-01
2.086230814456939697e-01
2.084853053092956543e-01
2.085617780685424805e-01
2.085608243942260742e-01
2.082800418138504028e-01
2.082042098045349121e-01
2.081791907548904419e-01
2.081636339426040649e-01
2.080399841070175171e-01
2.078604996204376221e-01
2.079685628414154053e-01
2.078134417533874512e-01
2.076739519834518433e-01
2.077233642339706421e-01
2.076369822025299072e-01
2.075384557247161865e-01
2.075544446706771851e-01
2.074520736932754517e-01
2.073380798101425171e-01
2.072497159242630005e-01
2.072808891534805298e-01
2.071520984172821045e-01
