1.259902566671371460e-01
1.259902417659759521e-01
1.259901970624923706e-01
1.259901970624923706e-01
1.257580816745758057e-01
1.246642321348190308e-01
1.238329336047172546e-01
1.237936168909072876e-01
1.230345219373703003e-01
1.229106411337852478e-01
1.221021711826324463e-01
1.218153759837150574e-01
1.212878227233886719e-01
1.211576536297798157e-01
1.207529455423355103e-01
1.205270141363143921e-01
1.200791671872138977e-01
1.194510087370872498e-01
1.189778447151184082e-01
1.188367158174514771e-01
1.179499849677085876e-01
1.175408363342285156e-01
1.174150109291076660e-01
1.171383634209632874e-01
1.167827248573303223e-01
1.163880005478858948e-01
1.151122152805328369e-01
1.151737347245216370e-01
1.151378527283668518e-01
1.138391718268394470e-01
1.134764701128005981e-01
1.130517572164535522e-01
1.126908063888549805e-01
1.126555353403091431e-01
1.126753613352775574e-01
1.125788688659667969e-01
1.108987852931022644e-01
1.106276363134384155e-01
1.101957485079765320e-01
1.095207035541534424e-01
1.094345152378082275e-01
1.090082153677940369e-01
1.077366992831230164e-01
1.069962903857231140e-01
1.063212528824806213e-01
1.059891283512115479e-01
1.055054515600204468e-01
1.043672338128089905e-01
1.041744500398635864e-01
1.034694537520408630e-01
1.031683310866355896e-01
1.027371957898139954e-01
1.015561670064926147e-01
1.013617366552352905e-01
1.004548966884613037e-01
9.988027811050415039e-02
9.972075372934341431e-02
9.863378107547760010e-02
9.822116792201995850e-02
9.773094207048416138e-02
9.750659018754959106e-02
9.696386754512786865e-02
9.599896520376205444e-02
9.536687284708023071e-02
9.518548101186752319e-02
9.417153894901275635e-02
9.369768947362899780e-02
9.336320310831069946e-02
9.281553328037261963e-02
9.242118895053863525e-02
9.081774204969406128e-02
9.048393368721008301e-02
9.009050577878952026e-02
8.961048722267150879e-02
8.938313275575637817e-02
8.822052180767059326e-02
8.789869397878646851e-02
8.755297958850860596e-02
8.642244338989257812e-02
8.597604930400848389e-02
8.586642146110534668e-02
8.581851422786712646e-02
8.461713045835494995e-02
8.384757488965988159e-02
8.396540582180023193e-02
8.335031569004058838e-02
8.335684984922409058e-02
8.364535868167877197e-02
8.288644999265670776e-02
8.236599713563919067e-02
8.201611787080764771e-02
8.013976365327835083e-02
7.955578714609146118e-02
7.871186733245849609e-02
7.715222239494323730e-02
7.645981013774871826e-02
7.580278813838958740e-02
7.340028882026672363e-02
7.268336415290832520e-02
7.168842852115631104e-02
6.935750693082809448e-02
6.759478896856307983e-02
6.857233494520187378e-02
6.534422188997268677e-02
6.367757171392440796e-02
6.325200200080871582e-02
6.319516897201538086e-02
6.137364730238914490e-02
6.021588668227195740e-02
5.998512357473373413e-02
5.783757939934730530e-02
5.692923441529273987e-02
5.548344179987907410e-02
5.381783470511436462e-02
5.345541611313819885e-02
5.107467249035835266e-02
5.039497837424278259e-02
4.731021076440811157e-02
4.665078222751617432e-02
4.479007422924041748e-02
4.335274919867515564e-02
4.343178495764732361e-02
4.046043381094932556e-02
3.959950059652328491e-02
3.972765803337097168e-02
3.859854117035865784e-02
3.519817069172859192e-02
3.509263694286346436e-02
3.230895102024078369e-02
3.023094683885574341e-02
3.054079599678516388e-02
2.801336348056793213e-02
2.516354061663150787e-02
2.488265931606292725e-02
2.048252150416374207e-02
1.992698572576045990e-02
2.000476233661174774e-02
1.928168162703514099e-02
1.670571044087409973e-02
1.272739656269550323e-02
1.292125973850488663e-02
9.992503561079502106e-03
6.567449308931827545e-03
7.171073928475379944e-03
4.673722665756940842e-03
3.519315272569656372e-03
3.395980922505259514e-03
7.334989961236715317e-03
7.807725574821233749e-03
1.208280678838491440e-02
1.373554859310388565e-02
1.405117474496364594e-02
1.836747862398624420e-02
1.982957124710083008e-02
2.417794801294803619e-02
2.559668384492397308e-02
2.817077934741973877e-02
3.175807371735572815e-02
3.137676045298576355e-02
3.446375578641891479e-02
3.766840323805809021e-02
3.729587420821189880e-02
4.282902553677558899e-02
4.347286745905876160e-02
4.580320417881011963e-02
4.979624971747398376e-02
4.926998540759086609e-02
5.288644507527351379e-02
5.586612969636917114e-02
5.496241524815559387e-02
5.976982414722442627e-02
6.159342080354690552e-02
6.221671402454376221e-02
6.605096906423568726e-02
6.751947849988937378e-02
7.017416507005691528e-02
7.290129363536834717e-02
7.449405640363693237e-02
7.896159589290618896e-02
7.949224114418029785e-02
8.235751837491989136e-02
8.541078865528106689e-02
8.591701835393905640e-02
9.145017713308334351e-02
9.160598367452621460e-02
9.144710004329681396e-02
9.080803394317626953e-02
9.063719213008880615e-02
8.958410471677780151e-02
8.948893100023269653e-02
8.884222060441970825e-02
8.797119557857513428e-02
8.809692412614822388e-02
8.770439028739929199e-02
8.605070412158966064e-02
8.510907739400863647e-02
8.445200324058532715e-02
8.357948809862136841e-02
8.215881884098052979e-02
7.991554588079452515e-02
7.991049438714981079e-02
7.713400572538375854e-02
7.652270048856735229e-02
7.609964907169342041e-02
7.419573515653610229e-02
7.379476726055145264e-02
7.215170562267303467e-02
7.086577266454696655e-02
7.105760276317596436e-02
6.849779188632965088e-02
6.803388148546218872e-02
6.603996455669403076e-02
6.516182422637939453e-02
6.420601904392242432e-02
6.256588548421859741e-02
6.210736930370330811e-02
6.032555922865867615e-02
5.816529691219329834e-02
5.711967870593070984e-02
5.473114922642707825e-02
5.366760492324829102e-02
5.121817439794540405e-02
4.966780170798301697e-02
4.959378764033317566e-02
4.699606448411941528e-02
4.548379778861999512e-02
4.563117027282714844e-02
4.267414659261703491e-02
4.120970517396926880e-02
3.899145498871803284e-02
3.661119937896728516e-02
3.638320416212081909e-02
3.447037190198898315e-02
3.252210840582847595e-02
3.112442418932914734e-02
3.104211390018463135e-02
3.051442094147205353e-02
2.904037013649940491e-02
2.683453634381294250e-02
2.354090847074985504e-02
2.318755537271499634e-02
2.118134126067161560e-02
1.922217570245265961e-02
1.904551498591899872e-02
1.724168285727500916e-02
1.393845211714506149e-02
1.186418812721967697e-02
1.066601369529962540e-02
7.307808846235275269e-03
7.114009466022253036e-03
6.535153370350599289e-03
8.216947317123413086e-03
7.844797335565090179e-03
9.990571066737174988e-03
1.329176500439643860e-02
1.319761946797370911e-02
1.582945510745048523e-02
1.959279738366603851e-02
1.963984966278076172e-02
2.244483493268489838e-02
2.472824603319168091e-02
2.654788643121719360e-02
3.092505596578121185e-02
3.155494108796119690e-02
3.483507782220840454e-02
3.772316873073577881e-02
3.876454010605812073e-02
4.346835985779762268e-02
4.495739936828613281e-02
4.747835174202919006e-02
5.174551531672477722e-02
5.331790819764137268e-02
5.817499384284019470e-02
5.912967398762702942e-02
6.062699854373931885e-02
6.306208670139312744e-02
6.597368419170379639e-02
6.348349899053573608e-02
6.085323914885520935e-02
5.976149439811706543e-02
5.675768107175827026e-02
5.385472998023033142e-02
4.993743449449539185e-02
4.778941348195075989e-02
4.708047211170196533e-02
4.132167994976043701e-02
4.048677533864974976e-02
3.804107010364532471e-02
3.287439793348312378e-02
3.323316201567649841e-02
3.089729696512222290e-02
2.527294121682643890e-02
2.271937020123004913e-02
2.200489304959774017e-02
2.000596188008785248e-02
1.590406708419322968e-02
1.476285886019468307e-02
1.216607447713613510e-02
9.500999003648757935e-03
9.337501600384712219e-03
8.149686269462108612e-03
8.205057121813297272e-03
8.408115245401859283e-03
9.657860733568668365e-03
1.016455143690109253e-02
1.042537298053503036e-02
1.320915855467319489e-02
1.474443729966878891e-02
1.766941323876380920e-02
1.817874610424041748e-02
2.099594101309776306e-02
2.337679266929626465e-02
2.434007823467254639e-02
2.743512764573097229e-02
2.742777206003665924e-02
2.940515987575054169e-02
3.040151298046112061e-02
3.263633325695991516e-02
3.364334627985954285e-02
3.446912392973899841e-02
3.773849457502365112e-02
3.979608789086341858e-02
4.050660505890846252e-02
4.173694923520088196e-02
4.630103334784507751e-02
4.744806140661239624e-02
5.005389079451560974e-02
5.080015957355499268e-02
5.505187436938285828e-02
5.735308304429054260e-02
5.978152155876159668e-02
6.288877874612808228e-02
6.244306638836860657e-02
5.809947103261947632e-02
5.621614307165145874e-02
5.393781140446662903e-02
5.048867687582969666e-02
5.003927648067474365e-02
4.862372204661369324e-02
4.521613568067550659e-02
4.074567183852195740e-02
3.974278271198272705e-02
3.706339001655578613e-02
3.354609757661819458e-02
3.204071894288063049e-02
2.886885777115821838e-02
2.579800039529800415e-02
2.595079131424427032e-02
2.254820615053176880e-02
2.054973132908344269e-02
1.955690048635005951e-02
1.495927385985851288e-02
1.498517859727144241e-02
1.099210605025291443e-02
1.045286003500223160e-02
9.442128241062164307e-03
8.595785126090049744e-03
9.234976023435592651e-03
9.380460716784000397e-03
1.007144059985876083e-02
1.100786868482828140e-02
1.453914400190114975e-02
1.437650248408317566e-02
1.778165437281131744e-02
1.952234655618667603e-02
1.972996629774570465e-02
2.088197134435176849e-02
2.362956851720809937e-02
2.487607486546039581e-02
3.043668530881404877e-02
3.247373551130294800e-02
3.295748680830001831e-02
3.747842460870742798e-02
4.822466149926185608e-02
5.070737376809120178e-02
5.026263743638992310e-02
4.981900751590728760e-02
4.949953407049179077e-02
4.904687404632568359e-02
4.821836948394775391e-02
4.779000207781791687e-02
4.660961404442787170e-02
4.654899984598159790e-02
4.612064734101295471e-02
4.497046396136283875e-02
4.480298608541488647e-02
4.420695081353187561e-02
4.370922222733497620e-02
4.347208142280578613e-02
4.235363379120826721e-02
4.190770909190177917e-02
4.101110994815826416e-02
4.073227569460868835e-02
3.972458466887474060e-02
3.940720483660697937e-02
3.903260082006454468e-02
3.819814324378967285e-02
3.772759437561035156e-02
3.721680492162704468e-02
3.639957681298255920e-02
3.606738150119781494e-02
3.604926913976669312e-02
3.479885309934616089e-02
3.428985550999641418e-02
3.335836157202720642e-02
3.276830166578292847e-02
3.263893723487854004e-02
3.154332563281059265e-02
3.149552643299102783e-02
3.100353665649890900e-02
3.017643652856349945e-02
2.979117818176746368e-02
2.905586920678615570e-02
2.849635854363441467e-02
2.815397642552852631e-02
2.802278287708759308e-02
2.763831987977027893e-02
2.627927437424659729e-02
2.586682327091693878e-02
2.551404014229774475e-02
2.482137829065322876e-02
2.401100099086761475e-02
2.392929978668689728e-02
2.370079420506954193e-02
2.321388386189937592e-02
2.268042229115962982e-02
2.239477820694446564e-02
2.212529629468917847e-02
2.135237306356430054e-02
2.126387134194374084e-02
2.066537924110889435e-02
2.034037560224533081e-02
2.032272517681121826e-02
2.033490873873233795e-02
2.029313333332538605e-02
1.978040300309658051e-02
1.938966289162635803e-02
1.906871981918811798e-02
1.863774843513965607e-02
1.828587427735328674e-02
1.821233704686164856e-02
1.810602471232414246e-02
1.788760535418987274e-02
1.786887645721435547e-02
1.781642623245716095e-02
1.769906468689441681e-02
1.768134534358978271e-02
1.768204942345619202e-02
1.754555106163024902e-02
1.772996038198471069e-02
1.760872825980186462e-02
1.765210367739200592e-02
1.789670437574386597e-02
1.782346889376640320e-02
1.811181940138339996e-02
1.821803115308284760e-02
1.824936456978321075e-02
1.860775426030158997e-02
1.856683567166328430e-02
1.910267770290374756e-02
1.902013830840587616e-02
1.913290098309516907e-02
1.934010535478591919e-02
1.929343491792678833e-02
1.943690702319145203e-02
1.993419975042343140e-02
2.024958096444606781e-02
2.059629745781421661e-02
2.083509787917137146e-02
2.103541791439056396e-02
2.152791060507297516e-02
2.191700413823127747e-02
2.266600914299488068e-02
2.260761521756649017e-02
2.290949225425720215e-02
2.303071692585945129e-02
2.310416847467422485e-02
2.357995510101318359e-02
2.479361928999423981e-02
2.514002844691276550e-02
2.520220726728439331e-02
2.612780034542083740e-02
2.685878425836563110e-02
2.704875729978084564e-02
2.745894528925418854e-02
2.805038355290889740e-02
2.843039110302925110e-02
2.883772552013397217e-02
2.938020974397659302e-02
2.982695586979389191e-02
3.040359355509281158e-02
3.086050786077976227e-02
3.154046460986137390e-02
3.191597014665603638e-02
3.242072090506553650e-02
3.292607143521308899e-02
3.342400491237640381e-02
3.395289555191993713e-02
3.420884907245635986e-02
3.502201661467552185e-02
3.537200391292572021e-02
3.600668162107467651e-02
3.649439290165901184e-02
3.672067448496818542e-02
3.762640804052352905e-02
3.814590349793434143e-02
3.810583055019378662e-02
3.922877460718154907e-02
3.974113985896110535e-02
4.025257006287574768e-02
4.088567569851875305e-02
4.182367399334907532e-02
4.201392829418182373e-02
4.244251549243927002e-02
4.355294629931449890e-02
4.399630799889564514e-02
4.408503696322441101e-02
4.506029188632965088e-02
4.533179849386215210e-02
4.572284221649169922e-02
4.631808027625083923e-02
4.692101478576660156e-02
4.751022532582283020e-02
4.790038242936134338e-02
4.852652922272682190e-02
4.953994974493980408e-02
4.951910302042961121e-02
5.016050115227699280e-02
5.061686784029006958e-02
5.119151249527931213e-02
5.194456502795219421e-02
5.236263945698738098e-02
5.280264094471931458e-02
5.347823351621627808e-02
5.399549379944801331e-02
5.392945557832717896e-02
5.456744879484176636e-02
5.463383719325065613e-02
5.545329675078392029e-02
5.624166503548622131e-02
5.667535588145256042e-02
5.726171657443046570e-02
5.720931291580200195e-02
5.822929739952087402e-02
5.871968716382980347e-02
5.955268815159797668e-02
5.968337506055831909e-02
6.017320230603218079e-02
6.057803332805633545e-02
6.068364903330802917e-02
6.153975054621696472e-02
6.220328062772750854e-02
6.248744577169418335e-02
6.267764419317245483e-02
6.346349418163299561e-02
6.398801505565643311e-02
6.452725082635879517e-02
6.486672908067703247e-02
6.488572806119918823e-02
6.588499248027801514e-02
6.646367907524108887e-02
6.687059998512268066e-02
6.703776866197586060e-02
6.733892858028411865e-02
6.864833831787109375e-02
6.890621036291122437e-02
6.926795840263366699e-02
6.927371770143508911e-02
6.932729482650756836e-02
6.976203620433807373e-02
7.157262414693832397e-02
7.233542948961257935e-02
7.256199419498443604e-02
7.292313873767852783e-02
7.382370531558990479e-02
7.387602329254150391e-02
7.432498037815093994e-02
7.502327114343643188e-02
7.550055533647537231e-02
7.633213698863983154e-02
7.646697014570236206e-02
7.643951475620269775e-02
7.728827744722366333e-02
7.804836332798004150e-02
7.889854907989501953e-02
7.923240959644317627e-02
7.957112789154052734e-02
8.057723194360733032e-02
8.057655394077301025e-02
8.106044679880142212e-02
8.201523125171661377e-02
8.215051889419555664e-02
8.280533552169799805e-02
8.341053873300552368e-02
8.382311463356018066e-02
8.470670878887176514e-02
8.471664041280746460e-02
8.511342853307723999e-02
8.614177256822586060e-02
8.630587905645370483e-02
8.630727976560592651e-02
8.740000426769256592e-02
8.751882612705230713e-02
8.791191130876541138e-02
8.897948265075683594e-02
8.981782943010330200e-02
9.012854099273681641e-02
9.052615612745285034e-02
9.143687784671783447e-02
9.158810973167419434e-02
9.225652366876602173e-02
9.277081489562988281e-02
9.320881962776184082e-02
9.373641759157180786e-02
9.465325623750686646e-02
9.488945454359054565e-02
9.589724242687225342e-02
9.608763456344604492e-02
9.636543691158294678e-02
9.740991145372390747e-02
9.754543751478195190e-02
9.856275469064712524e-02
9.860716760158538818e-02
9.910860657691955566e-02
9.969010949134826660e-02
9.967757761478424072e-02
1.008347421884536743e-01
1.015872508287429810e-01
1.019270420074462891e-01
1.029610484838485718e-01
1.029569730162620544e-01
1.033758074045181274e-01
1.045472919940948486e-01
1.046099215745925903e-01
1.045981198549270630e-01
1.045736894011497498e-01
1.046297699213027954e-01
1.056063994765281677e-01
1.057242155075073242e-01
1.058678776025772095e-01
1.074199452996253967e-01
1.074146628379821777e-01
1.078989952802658081e-01
1.084611341357231140e-01
1.092375144362449646e-01
1.102600768208503723e-01
1.101642176508903503e-01
1.101810932159423828e-01
1.113144829869270325e-01
1.119905710220336914e-01
1.124572977423667908e-01
1.129557937383651733e-01
1.140334829688072205e-01
1.141393035650253296e-01
1.146184429526329041e-01
1.154503673315048218e-01
1.159736439585685730e-01
1.163080409169197083e-01
1.174620687961578369e-01
1.175840198993682861e-01
1.186305731534957886e-01
1.190615221858024597e-01
1.191383302211761475e-01
1.197222992777824402e-01
1.205163300037384033e-01
1.208491846919059753e-01
1.220572292804718018e-01
1.219910159707069397e-01
1.227270215749740601e-01
1.237925514578819275e-01
1.239706277847290039e-01
1.243473589420318604e-01
1.251417845487594604e-01
1.257388144731521606e-01
1.265424191951751709e-01
1.265027225017547607e-01
1.274806261062622070e-01
1.283572018146514893e-01
1.287102997303009033e-01
1.289210915565490723e-01
1.293936669826507568e-01
1.302512586116790771e-01
1.311628222465515137e-01
1.313749849796295166e-01
1.316559165716171265e-01
1.328731328248977661e-01
1.336507648229598999e-01
1.339973360300064087e-01
1.339789181947708130e-01
1.350454837083816528e-01
1.351895034313201904e-01
1.356558054685592651e-01
1.365397423505783081e-01
1.369396299123764038e-01
1.379879415035247803e-01
1.382112354040145874e-01
1.385694742202758789e-01
1.396822780370712280e-01
1.403432488441467285e-01
1.412480324506759644e-01
1.414830684661865234e-01
1.414361745119094849e-01
1.425966024398803711e-01
1.426987498998641968e-01
1.431958824396133423e-01
1.444024890661239624e-01
1.450506895780563354e-01
1.449207216501235962e-01
1.449151337146759033e-01
1.450549811124801636e-01
1.472943723201751709e-01
1.473382264375686646e-01
1.483240872621536255e-01
1.488751918077468872e-01
1.488966047763824463e-01
1.490239650011062622e-01
1.507277935743331909e-01
1.509783565998077393e-01
1.515350937843322754e-01
1.518372148275375366e-01
1.529339700937271118e-01
1.529808044433593750e-01
1.533962041139602661e-01
1.545653194189071655e-01
1.546258032321929932e-01
1.556879580020904541e-01
1.561685949563980103e-01
1.562326550483703613e-01
1.574376970529556274e-01
1.574450731277465820e-01
1.584935337305068970e-01
1.589854359626770020e-01
1.591560840606689453e-01
1.602725982666015625e-01
1.606465727090835571e-01
1.607394367456436157e-01
1.613101959228515625e-01
1.613397449254989624e-01
1.618819087743759155e-01
1.629455685615539551e-01
1.637668758630752563e-01
1.643821001052856445e-01
1.647649258375167847e-01
1.652386486530303955e-01
1.662602126598358154e-01
1.667442172765731812e-01
1.670480072498321533e-01
1.680898964405059814e-01
1.680465489625930786e-01
1.689565926790237427e-01
1.696301549673080444e-01
1.701170504093170166e-01
1.703390032052993774e-01
1.713975965976715088e-01
1.717800050973892212e-01
1.721608340740203857e-01
1.725510805845260620e-01
1.736251115798950195e-01
1.740173548460006714e-01
1.744630634784698486e-01
1.747016459703445435e-01
1.752361506223678589e-01
1.759762763977050781e-01
1.769990772008895874e-01
1.772903650999069214e-01
1.778527349233627319e-01
1.780687421560287476e-01
1.791148185729980469e-01
1.794864982366561890e-01
1.796001940965652466e-01
1.805168390274047852e-01
1.808536499738693237e-01
1.817391663789749146e-01
1.823911666870117188e-01
1.823760718107223511e-01
1.831277757883071899e-01
1.838769316673278809e-01
1.840735822916030884e-01
1.849623173475265503e-01
1.854071021080017090e-01
1.856433451175689697e-01
1.859588325023651123e-01
1.867624223232269287e-01
1.871857196092605591e-01
1.875114738941192627e-01
1.884604394435882568e-01
1.887853294610977173e-01
1.890995949506759644e-01
1.903709173202514648e-01
1.905404478311538696e-01
1.904884427785873413e-01
1.908678710460662842e-01
1.919518411159515381e-01
1.920658349990844727e-01
1.929329633712768555e-01
1.929734498262405396e-01
1.941480338573455811e-01
1.944448947906494141e-01
1.947011351585388184e-01
1.952183544635772705e-01
1.954573690891265869e-01
1.964316517114639282e-01
1.968364119529724121e-01
1.969413608312606812e-01
1.977680027484893799e-01
1.981528699398040771e-01
1.982572376728057861e-01
1.992508769035339355e-01
1.993055343627929688e-01
2.001766711473464966e-01
2.005483806133270264e-01
2.008545398712158203e-01
2.012070119380950928e-01
2.021155357360839844e-01
2.021836787462234497e-01
2.030407190322875977e-01
2.030240297317504883e-01
2.031738907098770142e-01
2.044982463121414185e-01
2.046714127063751221e-01
2.051220536231994629e-01
2.054366022348403931e-01
2.066152691841125488e-01
2.069032937288284302e-01
2.069230973720550537e-01
2.080694139003753662e-01
2.082459479570388794e-01
2.082619220018386841e-01
2.086262255907058716e-01
2.087401449680328369e-01
2.088464498519897461e-01
2.091913819313049316e-01
2.094154655933380127e-01
2.096851319074630737e-01
2.098516225814819336e-01
2.098660320043563843e-01
2.098584920167922974e-01
2.100972682237625122e-01
2.105124890804290771e-01
2.108944803476333618e-01
2.110109627246856689e-01
2.111048251390457153e-01
2.113726735115051270e-01
2.116051316261291504e-01
2.119919061660766602e-01
2.121243327856063843e-01
2.123198509216308594e-01
2.124497741460800171e-01
2.128003090620040894e-01
2.129552215337753296e-01
2.130100876092910767e-01
2.133799344301223755e-01
2.135011702775955200e-01
2.137221246957778931e-01
2.140846103429794312e-01
2.140803635120391846e-01
2.143609374761581421e-01
2.144830822944641113e-01
2.147883027791976929e-01
2.149677276611328125e-01
2.154673635959625244e-01
2.155241519212722778e-01
2.157675772905349731e-01
2.157815694808959961e-01
2.158969193696975708e-01
2.164856791496276855e-01
2.166229784488677979e-01
2.168779671192169189e-01
2.170770615339279175e-01
2.171747833490371704e-01
2.173125296831130981e-01
2.175520956516265869e-01
2.178165763616561890e-01
2.182650566101074219e-01
2.181832641363143921e-01
2.182294279336929321e-01
2.182617485523223877e-01
2.179074734449386597e-01
2.178485095500946045e-01
2.177216261625289917e-01
2.176174372434616089e-01
2.176345884799957275e-01
2.175103873014450073e-01
2.172444015741348267e-01
2.173230499029159546e-01
2.170576304197311401e-01
2.168830484151840210e-01
2.169290781021118164e-01
2.168225944042205811e-01
2.166700810194015503e-01
2.165469527244567871e-01
2.163652628660202026e-01
2.164277285337448120e-01
2.161272913217544556e-01
2.161910980939865112e-01
2.159923017024993896e-01
2.159937173128128052e-01
2.157481312751770020e-01
2.157053798437118530e-01
2.154880911111831665e-01
2.152625024318695068e-01
2.153241485357284546e-01
2.153090089559555054e-01
2.149818092584609985e-01
2.150859981775283813e-01
2.149596959352493286e-01
2.147050648927688599e-01
2.147345840930938721e-01
2.145214378833770752e-01
2.143872380256652832e-01
2.144409269094467163e-01
2.142474055290222168e-01
2.140959650278091431e-01
2.141410261392593384e-01
2.138874232769012451e-01
2.137747704982757568e-01
2.137126326560974121e-01
2.136209160089492798e-01
2.134769707918167114e-01
2.134022116661071777e-01
2.133165001869201660e-01
2.131233662366867065e-01
2.130115330219268799e-01
2.130665183067321777e-01
2.128100693225860596e-01
2.127781063318252563e-01
2.125889658927917480e-01
2.125077694654464722e-01
2.125504910945892334e-01
2.123904973268508911e-01
2.121854871511459351e-01
2.122439593076705933e-01
2.119884490966796875e-01
2.119325399398803711e-01
2.119878977537155151e-01
2.119846493005752563e-01
2.119663655757904053e-01
2.116540670394897461e-01
2.114591300487518311e-01
2.114059925079345703e-01
2.111156433820724487e-01
2.112537026405334473e-01
2.110578119754791260e-01
2.109597176313400269e-01
2.109055072069168091e-01
2.106541246175765991e-01
2.105734348297119141e-01
2.106356173753738403e-01
2.104188054800033569e-01
2.104117721319198608e-01
2.102500349283218384e-01
2.101314365863800049e-01
2.101626545190811157e-01
2.099284082651138306e-01
2.098967134952545166e-01
2.098777294158935547e-01
2.096567004919052124e-01
2.097024172544479370e-01
2.096491605043411255e-01
2.093162685632705688e-01
2.093424350023269653e-01
2.093313187360763550e-01
2.091429829597473145e-01
2.091449797153472900e-01
2.089903354644775391e-01
2.089540660381317139e-01
2.088838368654251099e-01
2.088039666414260864e-01
2.086576968431472778e-01
2.086173295974731445e-01
2.086565196514129639e-01
2.083739191293716431e-01
2.084338814020156860e-01
2.084021121263504028e-01
2.081792652606964111e-01
2.081708163022994995e-01
2.081468105316162109e-01
2.079521119594573975e-01
2.080062478780746460e-01
2.079448401927947998e-01
2.077662199735641479e-01
2.077857255935668945e-01
2.076194435358047485e-01
2.076212465763092041e-01
2.075946480035781860e-01
2.074443697929382324e-01
2.073745429515838623e-01
2.074013501405715942e-01
2.072772532701492310e-01
2.072181254625320435e-01
