5.812503150082193315e-05
3.525625506881624460e-04
8.561614959035068750e-05
1.115960039896890521e-04
2.367261768085882068e-04
2.444482233840972185e-04
2.302405191585421562e-04
2.637963625602424145e-04
3.318641975056380033e-04
3.326746227685362101e-04
4.796567664016038179e-04
4.696846299339085817e-04
5.219904705882072449e-04
7.050454150885343552e-04
8.139253477565944195e-04
7.803150219842791557e-04
8.720017503947019577e-04
1.047036494128406048e-03
1.057279412634670734e-03
9.135755826719105244e-04
1.224339124746620655e-03
1.081416266970336437e-03
1.425081747584044933e-03
1.612863386981189251e-03
1.806631567887961864e-03
1.314623397774994373e-03
1.757031423039734364e-03
2.008728915825486183e-03
2.306011738255620003e-03
2.180806361138820648e-03
2.269584219902753830e-03
2.283694222569465637e-03
2.477319445461034775e-03
2.445943187922239304e-03
2.688447944819927216e-03
3.108417615294456482e-03
2.934606513008475304e-03
3.076771507039666176e-03
3.405563067644834518e-03
3.190640825778245926e-03
3.058740170672535896e-03
3.704458242282271385e-03
3.835810115560889244e-03
3.946605138480663300e-03
3.138962434604763985e-03
3.164638765156269073e-03
3.222032450139522552e-03
3.182269167155027390e-03
2.591447904706001282e-03
3.016117960214614868e-03
2.777642337605357170e-03
2.004519337788224220e-03
1.472029951401054859e-03
1.323816250078380108e-03
5.856889183633029461e-04
1.493263553129509091e-04
2.761636860668659210e-04
4.191419793642126024e-05
8.348733535967767239e-04
9.954904671758413315e-04
1.605654950253665447e-03
1.800494035705924034e-03
2.680708421394228935e-03
3.389339428395032883e-03
3.732550889253616333e-03
2.802372211590409279e-03
2.595779718831181526e-03
2.904004417359828949e-03
2.889564959332346916e-03
2.804284216836094856e-03
3.565879072993993759e-03
3.127229865640401840e-03
3.122778376564383507e-03
2.924082567915320396e-03
2.294675912708044052e-03
3.221083898097276688e-03
2.945729298517107964e-03
2.639236161485314369e-03
3.164898836985230446e-03
2.924706554040312767e-03
3.853512695059180260e-03
4.050077870488166809e-03
4.196578636765480042e-03
5.044905934482812881e-03
4.448826424777507782e-03
5.114692728966474533e-03
4.430838860571384430e-03
4.046298097819089890e-03
3.875548020005226135e-03
2.805637428537011147e-03
2.355068223550915718e-03
2.626928268000483513e-03
3.253452247008681297e-03
4.769888706505298615e-03
4.598887637257575989e-03
4.209504462778568268e-03
3.865969600155949593e-03
3.129226155579090118e-03
2.968025160953402519e-03
2.678254153579473495e-03
2.640763996168971062e-03
2.267875010147690773e-03
2.712651621550321579e-03
2.533810213208198547e-03
2.088765613734722137e-03
2.658037701621651649e-03
2.584626898169517517e-03
2.614486031234264374e-03
2.487139310687780380e-03
2.073115902021527290e-03
2.155738649889826775e-03
1.722587388940155506e-03
2.363531850278377533e-03
2.001056680455803871e-03
2.063886495307087898e-03
2.271339297294616699e-03
2.014917554333806038e-03
1.781401690095663071e-03
2.219441113993525505e-03
1.816523377783596516e-03
1.936547108925879002e-03
1.399638247676193714e-03
2.070375951007008553e-03
1.750308438204228878e-03
1.692835707217454910e-03
1.936775166541337967e-03
1.488107489421963692e-03
1.852184534072875977e-03
1.638605259358882904e-03
1.625560922548174858e-03
1.758342841640114784e-03
2.580595901235938072e-03
2.435397589579224586e-03
4.277182277292013168e-03
4.782009869813919067e-03
7.465090136975049973e-03
6.223398726433515549e-03
7.447916548699140549e-03
9.256035089492797852e-03
7.321304176002740860e-03
8.205533958971500397e-03
9.047492407262325287e-03
9.643076919019222260e-03
1.013541407883167267e-02
1.059009227901697159e-02
1.070875488221645355e-02
1.001501549035310745e-02
9.364868514239788055e-03
8.409520611166954041e-03
7.360977120697498322e-03
5.047002807259559631e-03
3.583793528378009796e-03
1.994082471355795860e-03
7.349192746914923191e-04
2.761665964499115944e-03
4.674237221479415894e-03
7.536137010902166367e-03
9.019212797284126282e-03
1.053581107407808304e-02
1.145064737647771835e-02
1.234535593539476395e-02
1.361892372369766235e-02
1.446424424648284912e-02
1.514668948948383331e-02
1.377492491155862808e-02
1.510247588157653809e-02
1.649668253958225250e-02
1.678643934428691864e-02
1.551242638379335403e-02
1.679182425141334534e-02
1.772575825452804565e-02
1.960179209709167480e-02
2.050993777811527252e-02
2.160146273672580719e-02
2.281643636524677277e-02
2.404632605612277985e-02
2.535861358046531677e-02
2.674781344830989838e-02
2.820111624896526337e-02
2.967891097068786621e-02
3.117288649082183838e-02
3.268098458647727966e-02
3.413532674312591553e-02
3.551415354013442993e-02
3.690573945641517639e-02
3.755863010883331299e-02
3.761742636561393738e-02
3.719524294137954712e-02
3.747578337788581848e-02
3.821310773491859436e-02
3.576767072081565857e-02
3.557313606142997742e-02
3.537097200751304626e-02
3.647270053625106812e-02
3.352151066064834595e-02
3.470628336071968079e-02
3.309509903192520142e-02
3.428644686937332153e-02
3.382602334022521973e-02
3.473611176013946533e-02
3.325014188885688782e-02
3.391571342945098877e-02
3.221803531050682068e-02
3.227636590600013733e-02
3.101508505642414093e-02
3.037890791893005371e-02
3.101555816829204559e-02
2.929835952818393707e-02
2.842489071190357208e-02
2.775980345904827118e-02
2.827169001102447510e-02
2.547163330018520355e-02
2.611230500042438507e-02
2.354191616177558899e-02
2.395861968398094177e-02
2.306080237030982971e-02
2.263880521059036255e-02
2.177568338811397552e-02
2.175801806151866913e-02
2.111339010298252106e-02
2.000017277896404266e-02
2.058696560561656952e-02
1.931871287524700165e-02
2.074399963021278381e-02
2.090135775506496429e-02
2.059268951416015625e-02
2.034799382090568542e-02
2.071679569780826569e-02
2.120171301066875458e-02
2.085646241903305054e-02
1.987162791192531586e-02
2.081865817308425903e-02
1.820238865911960602e-02
1.933546178042888641e-02
1.713256724178791046e-02
1.808499172329902649e-02
1.673495024442672729e-02
1.672437414526939392e-02
1.742840558290481567e-02
1.811991631984710693e-02
1.577198319137096405e-02
1.555384602397680283e-02
1.371222175657749176e-02
1.455382164567708969e-02
1.216371078044176102e-02
1.346025429666042328e-02
1.046391762793064117e-02
1.052758283913135529e-02
9.688693098723888397e-03
8.995715528726577759e-03
7.259056903421878815e-03
7.533608935773372650e-03
5.327864550054073334e-03
5.087575409561395645e-03
4.261240828782320023e-03
4.711905028671026230e-03
4.741944838315248489e-03
8.066955953836441040e-03
8.194530382752418518e-03
1.070456951856613159e-02
1.245305966585874557e-02
1.456277724355459213e-02
1.688726060092449188e-02
1.780420728027820587e-02
1.682399958372116089e-02
1.610015705227851868e-02
1.676199585199356079e-02
1.674900576472282410e-02
1.678361371159553528e-02
1.664955355226993561e-02
1.686648279428482056e-02
1.740874722599983215e-02
1.657984405755996704e-02
1.678296551108360291e-02
1.698741503059864044e-02
1.663475669920444489e-02
1.560104917734861374e-02
1.628283597528934479e-02
1.340178959071636200e-02
1.430165115743875504e-02
1.391959749162197113e-02
1.338109374046325684e-02
1.271770149469375610e-02
1.243742275983095169e-02
1.181524805724620819e-02
1.052483543753623962e-02
1.062458846718072891e-02
1.026943977922201157e-02
1.057879999279975891e-02
1.077949162572622299e-02
1.075382530689239502e-02
1.080303173512220383e-02
1.067753229290246964e-02
1.083211321383714676e-02
1.095514744520187378e-02
1.124091260135173798e-02
1.123535074293613434e-02
1.137156970798969269e-02
1.160212140530347824e-02
1.220442168414592743e-02
1.270352303981781006e-02
1.079599838703870773e-02
9.373258799314498901e-03
9.209313429892063141e-03
7.282880600541830063e-03
7.214403711259365082e-03
6.868000607937574387e-03
5.858633667230606079e-03
4.276687745004892349e-03
3.284343052655458450e-03
3.345995675772428513e-03
3.347213612869381905e-03
3.244390012696385384e-03
3.863211022689938545e-03
3.950246609747409821e-03
3.914060071110725403e-03
6.041632965207099915e-03
7.405566517263650894e-03
7.212109398096799850e-03
7.109513506293296814e-03
7.736214436590671539e-03
8.141391910612583160e-03
8.585455827414989471e-03
8.490438573062419891e-03
9.452979080379009247e-03
8.870548568665981293e-03
8.699856698513031006e-03
8.849686011672019958e-03
8.780061267316341400e-03
1.008925493806600571e-02
1.031315419822931290e-02
1.046060211956501007e-02
1.082106400281190872e-02
9.815955534577369690e-03
9.824630804359912872e-03
1.075103692710399628e-02
1.044232491403818130e-02
1.021562982350587845e-02
1.103208679705858231e-02
1.156872324645519257e-02
1.328390277922153473e-02
1.119367592036724091e-02
1.105480175465345383e-02
1.071821060031652451e-02
1.198157761245965958e-02
1.153443008661270142e-02
1.286998670548200607e-02
1.259933412075042725e-02
1.249261945486068726e-02
1.088801305741071701e-02
1.150067895650863647e-02
1.124640647321939468e-02
1.110179256647825241e-02
1.168238930404186249e-02
1.189629267901182175e-02
1.107214950025081635e-02
1.153341773897409439e-02
1.019291579723358154e-02
1.002477016299962997e-02
1.122683845460414886e-02
9.679486975073814392e-03
1.080991141498088837e-02
1.087382994592189789e-02
1.026970613747835159e-02
1.044498849660158157e-02
8.370487950742244720e-03
1.056382339447736740e-02
9.336676448583602905e-03
9.450733661651611328e-03
9.860718622803688049e-03
1.013114023953676224e-02
1.170891430228948593e-02
1.082221884280443192e-02
9.118761867284774780e-03
9.477390907704830170e-03
8.818041533231735229e-03
9.883392602205276489e-03
1.032975409179925919e-02
1.071971189230680466e-02
1.068317610770463943e-02
1.039877254515886307e-02
8.998806588351726532e-03
9.176214225590229034e-03
9.518738836050033569e-03
1.039037760347127914e-02
1.158806029707193375e-02
1.198305934667587280e-02
1.138303428888320923e-02
1.390496920794248581e-02
1.446181070059537888e-02
1.510201953351497650e-02
1.478301547467708588e-02
1.448311749845743179e-02
1.518827304244041443e-02
1.614572852849960327e-02
1.561187673360109329e-02
1.649485342204570770e-02
1.481070276349782944e-02
1.567902602255344391e-02
1.540044229477643967e-02
1.632528938353061676e-02
1.731549203395843506e-02
1.838222146034240723e-02
1.798182539641857147e-02
1.849158667027950287e-02
1.856131851673126221e-02
1.728357002139091492e-02
1.751604676246643066e-02
1.779740117490291595e-02
1.703103259205818176e-02
1.760146953165531158e-02
1.681892946362495422e-02
1.606300473213195801e-02
1.477476488798856735e-02
1.490747742354869843e-02
1.464280858635902405e-02
1.565537601709365845e-02
1.654914952814579010e-02
1.743560470640659332e-02
1.833566278219223022e-02
2.127183973789215088e-02
2.150756679475307465e-02
2.431700751185417175e-02
2.483673393726348877e-02
3.145264089107513428e-02
3.557398542761802673e-02
3.419828414916992188e-02
3.555584698915481567e-02
4.390049353241920471e-02
4.442527517676353455e-02
4.440868273377418518e-02
4.748678952455520630e-02
4.760714247822761536e-02
4.982724785804748535e-02
5.190252512693405151e-02
5.273111537098884583e-02
5.398163199424743652e-02
5.317594483494758606e-02
5.294883996248245239e-02
5.269590392708778381e-02
5.611789599061012268e-02
5.500475317239761353e-02
5.555123463273048401e-02
5.454520881175994873e-02
5.545081570744514465e-02
5.617402866482734680e-02
5.572635307908058167e-02
5.587694793939590454e-02
5.579512938857078552e-02
5.586000531911849976e-02
5.538819730281829834e-02
5.624738335609436035e-02
5.637200176715850830e-02
5.761562660336494446e-02
5.910351872444152832e-02
5.925178527832031250e-02
6.085678935050964355e-02
5.999104678630828857e-02
6.162055209279060364e-02
6.086675450205802917e-02
6.125143170356750488e-02
5.983024090528488159e-02
5.868328362703323364e-02
5.751871317625045776e-02
5.637959390878677368e-02
5.526882782578468323e-02
5.418452247977256775e-02
5.312777683138847351e-02
5.312831327319145203e-02
5.205551907420158386e-02
5.013050138950347900e-02
5.142321810126304626e-02
5.054355785250663757e-02
5.005760863423347473e-02
4.982340335845947266e-02
4.994142800569534302e-02
4.965776950120925903e-02
5.013418197631835938e-02
4.988126456737518311e-02
4.958130791783332825e-02
4.871942847967147827e-02
4.788881540298461914e-02
4.788964614272117615e-02
4.788678884506225586e-02
4.705607518553733826e-02
4.704213514924049377e-02
4.620991274714469910e-02
4.618602246046066284e-02
4.530705884099006653e-02
4.397868737578392029e-02
4.197840020060539246e-02
3.881324082612991333e-02
3.461628407239913940e-02
3.578422591090202332e-02
3.308185935020446777e-02
3.251142799854278564e-02
3.129694238305091858e-02
3.183550015091896057e-02
3.087520785629749298e-02
3.037661500275135040e-02
2.920454367995262146e-02
2.855424955487251282e-02
2.873707748949527740e-02
2.833340317010879517e-02
2.710971236228942871e-02
2.679510787129402161e-02
2.578322589397430420e-02
2.530255168676376343e-02
2.415865473449230194e-02
2.340584620833396912e-02
2.233624085783958435e-02
2.160882391035556793e-02
2.161467261612415314e-02
2.042214199900627136e-02
1.892237551510334015e-02
1.778463460505008698e-02
1.680612564086914062e-02
1.649333164095878601e-02
1.573743671178817749e-02
1.596624217927455902e-02
1.573283784091472626e-02
1.647205464541912079e-02
1.571032963693141937e-02
1.638468727469444275e-02
1.592994853854179382e-02
1.652110740542411804e-02
1.612702757120132446e-02
1.618925854563713074e-02
1.623725704848766327e-02
1.698900386691093445e-02
1.538653858006000519e-02
1.528569776564836502e-02
1.469882205128669739e-02
1.300681103020906448e-02
1.329549308866262436e-02
1.349527575075626373e-02
1.159816887229681015e-02
1.234624814242124557e-02
1.062567438930273056e-02
1.025149039924144745e-02
9.357679635286331177e-03
9.140081703662872314e-03
7.869035936892032623e-03
7.995380088686943054e-03
8.294219151139259338e-03
7.724463474005460739e-03
8.994884788990020752e-03
1.050116680562496185e-02
9.214699268341064453e-03
9.971112012863159180e-03
1.122736837714910507e-02
1.139931939542293549e-02
1.134938001632690430e-02
1.001535076647996902e-02
9.097429923713207245e-03
8.786881342530250549e-03
7.287062704563140869e-03
7.411208935081958771e-03
6.342272274196147919e-03
6.396884564310312271e-03
5.602864082902669907e-03
5.841488949954509735e-03
5.301411263644695282e-03
5.389641970396041870e-03
5.540088284760713577e-03
4.522489383816719055e-03
4.753925371915102005e-03
4.196361638605594635e-03
4.174210131168365479e-03
3.878827439621090889e-03
4.012165591120719910e-03
3.924826160073280334e-03
4.000847227871417999e-03
4.490029066801071167e-03
4.466537386178970337e-03
4.788713064044713974e-03
5.949195474386215210e-03
6.662452593445777893e-03
9.418671950697898865e-03
9.212681092321872711e-03
1.015133969485759735e-02
9.892975911498069763e-03
1.187507249414920807e-02
1.138087734580039978e-02
1.134676020592451096e-02
1.273802481591701508e-02
1.142968144267797470e-02
1.231039036065340042e-02
1.242698822170495987e-02
1.176015846431255341e-02
1.198112964630126953e-02
1.217770297080278397e-02
1.101448852568864822e-02
1.124500948935747147e-02
1.011443231254816055e-02
1.023143809288740158e-02
1.027396786957979202e-02
1.049899589270353317e-02
9.370433166623115540e-03
9.623542428016662598e-03
9.641270153224468231e-03
8.665212430059909821e-03
8.648405782878398895e-03
8.683749474585056305e-03
7.653636857867240906e-03
7.697299122810363770e-03
7.794128265231847763e-03
6.811948027461767197e-03
5.555666517466306686e-03
4.734910093247890472e-03
3.680727444589138031e-03
3.705470124259591103e-03
3.063401440158486366e-03
3.920497372746467590e-03
3.240715945139527321e-03
3.570802742615342140e-03
3.174264682456851006e-03
3.310535801574587822e-03
3.777623875066637993e-03
4.181860946118831635e-03
4.511646926403045654e-03
4.856619518250226974e-03
4.837626591324806213e-03
5.169366020709276199e-03
5.840536672621965408e-03
5.032934714108705521e-03
5.042646080255508423e-03
4.995653871446847916e-03
4.173787310719490051e-03
3.571650013327598572e-03
2.953166607767343521e-03
2.878961386159062386e-03
2.229354344308376312e-03
2.583631081506609917e-03
1.583895762450993061e-03
3.591551212593913078e-03
4.777455236762762070e-03
5.614162888377904892e-03
7.269141729921102524e-03
7.716607302427291870e-03
8.175534196197986603e-03
8.864044211804866791e-03
9.630520828068256378e-03
1.154811494052410126e-02
1.062951050698757172e-02
1.233580987900495529e-02
1.242940872907638550e-02
1.146096456795930862e-02
1.184553653001785278e-02
1.213449332863092422e-02
1.276044826954603195e-02
1.170287933200597763e-02
1.179956085979938507e-02
1.073991786688566208e-02
1.067735627293586731e-02
9.548010304570198059e-03
9.182796813547611237e-03
8.432058617472648621e-03
7.984437979757785797e-03
7.697070948779582977e-03
7.534592878073453903e-03
8.174767717719078064e-03
8.075825870037078857e-03
7.660665083676576614e-03
7.530478294938802719e-03
7.614709902554750443e-03
7.719076238572597504e-03
8.219886571168899536e-03
8.881065063178539276e-03
9.971826337277889252e-03
1.020826585590839386e-02
1.207172498106956482e-02
1.219940930604934692e-02
1.341230887919664383e-02
1.372567098587751389e-02
1.437458582222461700e-02
1.495461817830801010e-02
1.587875746190547943e-02
1.684681884944438934e-02
1.756213791668415070e-02
1.760635338723659515e-02
1.844790205359458923e-02
1.844703964889049530e-02
1.844290830194950104e-02
1.844220422208309174e-02
1.926504448056221008e-02
1.928177289664745331e-02
2.006321400403976440e-02
2.006315067410469055e-02
2.116308733820915222e-02
2.222419343888759613e-02
2.163142338395118713e-02
2.232711017131805420e-02
2.265864796936511993e-02
2.338857203722000122e-02
2.321088500320911407e-02
2.186090312898159027e-02
2.163094095885753632e-02
2.125529386103153229e-02
2.079763822257518768e-02
1.964884996414184570e-02
1.874372735619544983e-02
1.888715475797653198e-02
1.705573312938213348e-02
1.685399189591407776e-02
1.475466974079608917e-02
1.467641722410917282e-02
1.413293927907943726e-02
1.352223660796880722e-02
1.265053730458021164e-02
1.194694451987743378e-02
1.109656784683465958e-02
1.150497980415821075e-02
1.020708028227090836e-02
9.633516892790794373e-03
9.477375075221061707e-03
1.013252325356006622e-02
9.878632612526416779e-03
1.064965594559907913e-02
1.082979794591665268e-02
1.110581960529088974e-02
1.234534475952386856e-02
1.303000934422016144e-02
1.309387478977441788e-02
1.386163476854562759e-02
1.380772981792688370e-02
1.382195856422185898e-02
1.444439124315977097e-02
1.312215905636548996e-02
1.301505323499441147e-02
1.304010301828384399e-02
1.211290992796421051e-02
1.257459353655576706e-02
1.210563164204359055e-02
1.213391590863466263e-02
1.187939569354057312e-02
1.216527912765741348e-02
1.178943086415529251e-02
1.235298160463571548e-02
1.153235789388418198e-02
1.105870772153139114e-02
1.128767896443605423e-02
1.185882277786731720e-02
1.226554624736309052e-02
1.167044416069984436e-02
1.266414392739534378e-02
1.240485534071922302e-02
1.204879675060510635e-02
1.255110558122396469e-02
1.187314372509717941e-02
1.164741162210702896e-02
1.292041223496198654e-02
1.282248552888631821e-02
1.223663333803415298e-02
1.236405316740274429e-02
1.188460830599069595e-02
1.188240200281143188e-02
1.327692624181509018e-02
1.208242028951644897e-02
1.169266272336244583e-02
1.136304810643196106e-02
1.233734749257564545e-02
1.166411209851503372e-02
1.268033962696790695e-02
1.259340159595012665e-02
1.197082456201314926e-02
1.277726050466299057e-02
1.260635722428560257e-02
1.203428208827972412e-02
1.466431468725204468e-02
1.349518075585365295e-02
1.227532140910625458e-02
1.357441674917936325e-02
1.317814178764820099e-02
1.382572855800390244e-02
1.369485165923833847e-02
1.312366314232349396e-02
1.412259973585605621e-02
1.318806223571300507e-02
1.319471187889575958e-02
1.271773409098386765e-02
1.304276566952466965e-02
1.308848708868026733e-02
1.363056991249322891e-02
1.364087685942649841e-02
1.348600164055824280e-02
1.485904399305582047e-02
1.392451301217079163e-02
1.510835997760295868e-02
1.443559303879737854e-02
1.406482234597206116e-02
1.472853124141693115e-02
1.441927719861268997e-02
1.473243441432714462e-02
1.421069074422121048e-02
1.417108997702598572e-02
1.442907378077507019e-02
1.408765371888875961e-02
1.266683544963598251e-02
1.307301130145788193e-02
1.289910357445478439e-02
1.339705940335988998e-02
1.353323645889759064e-02
1.288621034473180771e-02
1.367851439863443375e-02
1.307873986661434174e-02
1.370969135314226151e-02
1.272874884307384491e-02
1.370757166296243668e-02
1.272571552544832230e-02
1.228324603289365768e-02
1.203705556690692902e-02
1.195243746042251587e-02
1.190606225281953812e-02
1.169933658093214035e-02
1.131571549922227859e-02
1.194022316485643387e-02
1.170832756906747818e-02
1.112775504589080811e-02
1.149969082325696945e-02
1.157621294260025024e-02
1.200015284121036530e-02
1.199653092771768570e-02
1.174173690378665924e-02
1.193648017942905426e-02
1.189808733761310577e-02
1.200818829238414764e-02
1.208338700234889984e-02
1.205375883728265762e-02
1.202759239822626114e-02
1.208887342363595963e-02
1.208851672708988190e-02
1.187511626631021500e-02
1.198640745133161545e-02
1.187500078231096268e-02
1.179084554314613342e-02
1.175579521805047989e-02
1.164445467293262482e-02
1.146035175770521164e-02
1.135177817195653915e-02
1.111008320003747940e-02
1.105670630931854248e-02
1.056102477014064789e-02
1.023659855127334595e-02
1.007222756743431091e-02
9.763033129274845123e-03
9.579305537045001984e-03
9.251003153622150421e-03
8.896915242075920105e-03
8.589229546487331390e-03
8.363470435142517090e-03
8.167433552443981171e-03
7.983507588505744934e-03
7.827068679034709930e-03
7.733137812465429306e-03
7.557815872132778168e-03
7.423692848533391953e-03
7.212897762656211853e-03
7.129336707293987274e-03
7.028437685221433640e-03
7.075650617480278015e-03
7.236980367451906204e-03
7.181989960372447968e-03
7.335851900279521942e-03
7.061011157929897308e-03
7.448976393789052963e-03
7.516136392951011658e-03
7.832624018192291260e-03
8.041399531066417694e-03
8.417014963924884796e-03
9.151063859462738037e-03
9.388326667249202728e-03
9.782489389181137085e-03
1.024816557765007019e-02
1.028508506715297699e-02
1.073020230978727341e-02
1.124186906963586807e-02
1.061893347650766373e-02
1.140388939529657364e-02
1.111136469990015030e-02
1.152211986482143402e-02
1.119892019778490067e-02
1.143416762351989746e-02
1.140932552516460419e-02
1.118760276585817337e-02
1.168529223650693893e-02
1.184080820530653000e-02
1.095213927328586578e-02
1.095977425575256348e-02
1.091515924781560898e-02
1.047226972877979279e-02
1.012850739061832428e-02
9.779127314686775208e-03
9.585419669747352600e-03
9.867791086435317993e-03
9.600111283361911774e-03
8.538155816495418549e-03
8.680121973156929016e-03
8.684821426868438721e-03
8.162983693182468414e-03
8.164890110492706299e-03
7.799630053341388702e-03
7.444059476256370544e-03
7.658442016690969467e-03
7.657417096197605133e-03
7.209689356386661530e-03
7.142246700823307037e-03
6.977586541324853897e-03
6.992764305323362350e-03
7.189502473920583725e-03
7.881482131779193878e-03
7.918487302958965302e-03
7.921790704131126404e-03
8.790333755314350128e-03
9.379616007208824158e-03
9.202308952808380127e-03
9.892247617244720459e-03
9.501609951257705688e-03
1.014029607176780701e-02
9.872122667729854584e-03
1.002037245780229568e-02
1.013625599443912506e-02
1.064007729291915894e-02
1.086433976888656616e-02
1.102343481034040451e-02
1.158563513308763504e-02
1.141342613846063614e-02
1.206315681338310242e-02
1.221193745732307434e-02
1.231201831251382828e-02
1.243245601654052734e-02
1.270363572984933853e-02
1.299954578280448914e-02
1.313632633537054062e-02
1.289791241288185120e-02
1.337371300905942917e-02
1.365575287491083145e-02
1.388916000723838806e-02
1.408909354358911514e-02
1.411595195531845093e-02
1.472985651344060898e-02
1.546554733067750931e-02
1.506138499826192856e-02
1.519081369042396545e-02
1.542060449719429016e-02
1.570428721606731415e-02
1.564502529799938202e-02
1.572031714022159576e-02
1.582065969705581665e-02
1.599778421223163605e-02
1.663208007812500000e-02
1.649243012070655823e-02
1.706920005381107330e-02
1.815272867679595947e-02
1.947288028895854950e-02
1.892634853720664978e-02
1.928599923849105835e-02
2.028952166438102722e-02
2.061429619789123535e-02
2.097916230559349060e-02
2.114272303879261017e-02
2.117158100008964539e-02
2.269608341157436371e-02
2.265708707273006439e-02
2.395453490316867828e-02
2.348876744508743286e-02
2.435538731515407562e-02
2.447659336030483246e-02
2.532046474516391754e-02
2.522318065166473389e-02
2.486042678356170654e-02
2.625846676528453827e-02
2.652113884687423706e-02
2.719900570809841156e-02
2.641359344124794006e-02
2.645339071750640869e-02
2.806981094181537628e-02
2.734017930924892426e-02
2.767704799771308899e-02
2.848290465772151947e-02
2.851414121687412262e-02
3.019406646490097046e-02
2.973438613116741180e-02
3.024399653077125549e-02
3.135433793067932129e-02
3.084683604538440704e-02
3.119755908846855164e-02
3.316349908709526062e-02
3.245079144835472107e-02
3.373549506068229675e-02
3.387245908379554749e-02
3.347403183579444885e-02
3.510575369000434875e-02
3.522625192999839783e-02
3.563558310270309448e-02
3.704190254211425781e-02
3.691924363374710083e-02
3.761326894164085388e-02
3.774952888488769531e-02
3.666512295603752136e-02
3.808240965008735657e-02
3.796696662902832031e-02
3.895383328199386597e-02
4.022124409675598145e-02
4.019068926572799683e-02
3.998989611864089966e-02
3.906433284282684326e-02
3.895022720098495483e-02
3.810243681073188782e-02
3.809390962123870850e-02
3.461286798119544983e-02
3.390393406152725220e-02
3.342559561133384705e-02
3.294336050748825073e-02
3.098660521209239960e-02
3.100590035319328308e-02
2.989822812378406525e-02
2.964383177459239960e-02
2.956991642713546753e-02
2.790615335106849670e-02
2.686237543821334839e-02
2.560063078999519348e-02
2.486911602318286896e-02
2.385317534208297729e-02
2.295846492052078247e-02
2.216032706201076508e-02
2.127451449632644653e-02
2.155287563800811768e-02
2.034377492964267731e-02
1.986823789775371552e-02
1.897503621876239777e-02
1.808235794305801392e-02
1.564363017678260803e-02
1.617869362235069275e-02
1.608132012188434601e-02
1.549091562628746033e-02
1.607078500092029572e-02
1.474216021597385406e-02
1.454844884574413300e-02
1.438472326844930649e-02
