1.260178685188293457e-01
1.260178983211517334e-01
1.260178089141845703e-01
1.260177940130233765e-01
1.259021311998367310e-01
1.252049207687377930e-01
1.247770115733146667e-01
1.239931210875511169e-01
1.231786832213401794e-01
1.229365915060043335e-01
1.225066781044006348e-01
1.221226826310157776e-01
1.217639371752738953e-01
1.212944686412811279e-01
1.207922026515007019e-01
1.202322915196418762e-01
1.200810447335243225e-01
1.196256652474403381e-01
1.192411035299301147e-01
1.189664453268051147e-01
1.182505413889884949e-01
1.180020645260810852e-01
1.178764179348945618e-01
1.158795729279518127e-01
1.114941537380218506e-01
1.104637905955314636e-01
1.060487553477287292e-01
1.055894196033477783e-01
1.035379469394683838e-01
9.731208533048629761e-02
9.429547935724258423e-02
8.809507638216018677e-02
8.688467741012573242e-02
8.820463716983795166e-02
9.121870994567871094e-02
8.989006280899047852e-02
8.999235928058624268e-02
8.995904773473739624e-02
8.994323760271072388e-02
8.997777849435806274e-02
8.996519446372985840e-02
8.995909988880157471e-02
8.995693922042846680e-02
8.995723724365234375e-02
8.995705842971801758e-02
8.995662629604339600e-02
8.995654433965682983e-02
8.995635062456130981e-02
8.995670825242996216e-02
8.995658159255981445e-02
8.995660394430160522e-02
8.995662629604339600e-02
8.995662629604339600e-02
8.995671570301055908e-02
8.995654433965682983e-02
8.995655924081802368e-02
8.995658904314041138e-02
8.995663374662399292e-02
8.995665609836578369e-02
8.990124613046646118e-02
8.844952285289764404e-02
8.713925629854202271e-02
8.718932420015335083e-02
8.791897445917129517e-02
8.781100809574127197e-02
8.750743418931961060e-02
8.751590549945831299e-02
8.751617372035980225e-02
8.751913160085678101e-02
8.751904219388961792e-02
8.751899749040603638e-02
8.751852065324783325e-02
8.751868456602096558e-02
8.751899749040603638e-02
8.751876652240753174e-02
8.751886337995529175e-02
8.751889318227767944e-02
8.751910924911499023e-02
8.751915395259857178e-02
8.751900494098663330e-02
8.751901984214782715e-02
8.751916885375976562e-02
8.751903474330902100e-02
8.751917630434036255e-02
8.751907199621200562e-02
8.751910179853439331e-02
8.751916885375976562e-02
8.751916885375976562e-02
8.751907944679260254e-02
8.751912415027618408e-02
8.740244805812835693e-02
8.389939367771148682e-02
8.186801522970199585e-02
8.198188990354537964e-02
8.086625486612319946e-02
7.973513752222061157e-02
7.984148710966110229e-02
7.980167120695114136e-02
7.979571819305419922e-02
7.979488372802734375e-02
7.979760318994522095e-02
7.979688793420791626e-02
7.979617267847061157e-02
7.979498058557510376e-02
7.979609817266464233e-02
7.979590445756912231e-02
7.979549467563629150e-02
7.979528605937957764e-02
7.979536801576614380e-02
7.979550212621688843e-02
7.979529350996017456e-02
7.979529350996017456e-02
7.979511469602584839e-02
7.979506254196166992e-02
7.979521155357360840e-02
7.979507744312286377e-02
7.979509979486465454e-02
7.979504019021987915e-02
7.979496568441390991e-02
7.979498058557510376e-02
7.979499548673629761e-02
7.880385965108871460e-02
7.905081659555435181e-02
8.463365584611892700e-02
8.852003514766693115e-02
8.872872591018676758e-02
9.050633758306503296e-02
9.086442738771438599e-02
9.090460836887359619e-02
9.285450726747512817e-02
9.361995756626129150e-02
9.648844599723815918e-02
9.695756435394287109e-02
9.780339896678924561e-02
9.757935255765914917e-02
9.739830344915390015e-02
9.714183211326599121e-02
9.682783484458923340e-02
9.371148049831390381e-02
9.205155074596405029e-02
8.826246857643127441e-02
8.599935472011566162e-02
8.375940471887588501e-02
7.851014286279678345e-02
7.521453499794006348e-02
7.364783436059951782e-02
7.060845941305160522e-02
7.211671024560928345e-02
7.279592752456665039e-02
7.029294967651367188e-02
6.914026290178298950e-02
6.955517083406448364e-02
7.026921957731246948e-02
6.914144754409790039e-02
6.754824519157409668e-02
6.725283712148666382e-02
6.783964484930038452e-02
6.720396876335144043e-02
6.632500886917114258e-02
6.537172943353652954e-02
6.524522602558135986e-02
6.512623280286788940e-02
6.487060338258743286e-02
6.396942585706710815e-02
6.397155672311782837e-02
6.399948894977569580e-02
6.401150673627853394e-02
6.398817151784896851e-02
6.399139016866683960e-02
6.398990005254745483e-02
6.399063020944595337e-02
6.399159878492355347e-02
6.399231404066085815e-02
6.399151682853698730e-02
6.399156898260116577e-02
6.399163603782653809e-02
6.399206072092056274e-02
6.399162113666534424e-02
6.399160623550415039e-02
6.399179995059967041e-02
6.399203836917877197e-02
6.399206072092056274e-02
6.399182975292205811e-02
6.399192661046981812e-02
6.399200111627578735e-02
6.399210542440414429e-02
6.399202346801757812e-02
6.743095815181732178e-02
6.985975056886672974e-02
7.012052834033966064e-02
7.112862914800643921e-02
7.187519967555999756e-02
7.259570062160491943e-02
7.266687601804733276e-02
7.517439872026443481e-02
7.542759180068969727e-02
7.165466994047164917e-02
7.117234170436859131e-02
6.981891393661499023e-02
6.817783415317535400e-02
6.686077266931533813e-02
6.450278311967849731e-02
6.451628357172012329e-02
6.198582425713539124e-02
6.091961264610290527e-02
5.858238041400909424e-02
5.866916477680206299e-02
5.590536072850227356e-02
5.541701987385749817e-02
5.339304730296134949e-02
5.150524154305458069e-02
5.042415857315063477e-02
4.972147569060325623e-02
4.821508377790451050e-02
4.598771035671234131e-02
4.580207541584968567e-02
4.359360784292221069e-02
4.221918806433677673e-02
4.031534865498542786e-02
3.926228359341621399e-02
3.776488825678825378e-02
3.716835379600524902e-02
3.514191880822181702e-02
3.397581726312637329e-02
3.281452879309654236e-02
3.236851096153259277e-02
2.962909080088138580e-02
2.900129556655883789e-02
2.598687261343002319e-02
2.433161810040473938e-02
2.319661527872085571e-02
2.247201278805732727e-02
2.026787027716636658e-02
1.877949759364128113e-02
1.860871911048889160e-02
1.755006425082683563e-02
1.617198251187801361e-02
1.513655949383974075e-02
1.376781240105628967e-02
1.382167637348175049e-02
1.307559292763471603e-02
1.009730715304613113e-02
7.591610308736562729e-03
5.590099841356277466e-03
5.149291362613439560e-03
4.511764273047447205e-03
8.974520605988800526e-04
8.544609299860894680e-04
2.595135010778903961e-03
4.669207148253917694e-03
5.775209516286849976e-03
8.360818959772586823e-03
9.521721862256526947e-03
1.181608624756336212e-02
1.308051683008670807e-02
1.537867262959480286e-02
1.668483205139636993e-02
1.720906235277652740e-02
1.985655911266803741e-02
2.103183418512344360e-02
2.360394783318042755e-02
2.408887259662151337e-02
2.531182765960693359e-02
2.740121819078922272e-02
2.910305559635162354e-02
2.934639155864715576e-02
3.286026418209075928e-02
3.369570523500442505e-02
3.635401278734207153e-02
3.709244728088378906e-02
3.858354687690734863e-02
4.078270494937896729e-02
4.162239283323287964e-02
4.476800188422203064e-02
4.610474407672882080e-02
4.820673912763595581e-02
4.980406165122985840e-02
5.073852092027664185e-02
5.331481993198394775e-02
5.468814447522163391e-02
5.907109379768371582e-02
5.917617678642272949e-02
6.102155894041061401e-02
6.253403425216674805e-02
6.392203271389007568e-02
6.587436795234680176e-02
6.657151132822036743e-02
6.884630024433135986e-02
6.981955468654632568e-02
7.053427398204803467e-02
7.208965718746185303e-02
7.450435310602188110e-02
7.547800242900848389e-02
7.649755477905273438e-02
7.934229075908660889e-02
8.047039061784744263e-02
8.311373740434646606e-02
8.362593501806259155e-02
8.324577659368515015e-02
8.241130411624908447e-02
8.107782155275344849e-02
8.089789748191833496e-02
7.920493930578231812e-02
7.860051095485687256e-02
7.725047320127487183e-02
7.623782008886337280e-02
7.563593983650207520e-02
7.459296286106109619e-02
7.356852293014526367e-02
7.217825204133987427e-02
7.170366495847702026e-02
7.075829058885574341e-02
6.995732337236404419e-02
6.955783814191818237e-02
6.751722097396850586e-02
6.653740257024765015e-02
6.576456129550933838e-02
6.416080147027969360e-02
6.370304524898529053e-02
6.177669763565063477e-02
6.143822520971298218e-02
5.940842255949974060e-02
5.917422845959663391e-02
5.682475119829177856e-02
5.623902380466461182e-02
5.432559177279472351e-02
5.343575775623321533e-02
5.346615985035896301e-02
5.113790556788444519e-02
5.049491301178932190e-02
4.895861074328422546e-02
4.734806716442108154e-02
4.622579738497734070e-02
4.445746168494224548e-02
4.363665729761123657e-02
4.208258539438247681e-02
4.130733013153076172e-02
3.966956958174705505e-02
3.787056729197502136e-02
3.711632266640663147e-02
3.606231138110160828e-02
3.445007279515266418e-02
3.230040520429611206e-02
3.234036266803741455e-02
3.164876624941825867e-02
3.017281927168369293e-02
2.744170092046260834e-02
2.581829577684402466e-02
2.393113449215888977e-02
2.247011847794055939e-02
2.172607555985450745e-02
2.035684883594512939e-02
1.820789650082588196e-02
1.666782796382904053e-02
1.576508395373821259e-02
1.344333868473768234e-02
1.209526695311069489e-02
9.723412804305553436e-03
8.038640022277832031e-03
6.803397089242935181e-03
6.336106453090906143e-03
5.677343346178531647e-03
4.591803997755050659e-03
3.981816582381725311e-03
5.599330645054578781e-03
5.417933221906423569e-03
5.605466663837432861e-03
5.903956480324268341e-03
7.483589462935924530e-03
1.114545669406652451e-02
1.147418282926082611e-02
1.454306859523057938e-02
1.601086370646953583e-02
1.668450050055980682e-02
1.908471062779426575e-02
2.078250050544738770e-02
2.352600730955600739e-02
2.495974116027355194e-02
2.506700903177261353e-02
2.824620343744754791e-02
3.030699118971824646e-02
3.831095993518829346e-02
4.102020338177680969e-02
4.303421825170516968e-02
4.977530986070632935e-02
5.126626044511795044e-02
5.082191526889801025e-02
5.085950344800949097e-02
5.089432373642921448e-02
5.089623853564262390e-02
5.089156702160835266e-02
5.088818073272705078e-02
5.088908597826957703e-02
5.088951066136360168e-02
5.088928714394569397e-02
5.088934302330017090e-02
5.088902264833450317e-02
5.088936164975166321e-02
5.088934302330017090e-02
5.088918283581733704e-02
5.088923126459121704e-02
5.088917165994644165e-02
5.088933184742927551e-02
5.088917165994644165e-02
5.088902264833450317e-02
5.088909715414047241e-02
5.088917165994644165e-02
5.088903382420539856e-02
5.088899284601211548e-02
5.088759958744049072e-02
5.088839307427406311e-02
5.088857188820838928e-02
5.088857188820838928e-02
5.088848620653152466e-02
5.003377050161361694e-02
4.960238933563232422e-02
4.954933002591133118e-02
4.901663586497306824e-02
4.884621873497962952e-02
4.867654666304588318e-02
4.859493300318717957e-02
4.841576516628265381e-02
4.840879514813423157e-02
4.843025654554367065e-02
4.936693236231803894e-02
4.981612414121627808e-02
5.021329596638679504e-02
5.137106031179428101e-02
5.159017443656921387e-02
5.211717635393142700e-02
5.249657109379768372e-02
5.326037481427192688e-02
5.362009257078170776e-02
5.429604277014732361e-02
5.461797863245010376e-02
5.514862015843391418e-02
5.567003041505813599e-02
5.609757453203201294e-02
5.667573958635330200e-02
5.725669860839843750e-02
5.805745720863342285e-02
5.830632522702217102e-02
5.886204540729522705e-02
5.903275310993194580e-02
6.009916588664054871e-02
6.065051257610321045e-02
6.119479611515998840e-02
6.175427511334419250e-02
6.285575032234191895e-02
6.340498477220535278e-02
6.396599113941192627e-02
6.483358889818191528e-02
6.547757983207702637e-02
6.599345803260803223e-02
6.700995564460754395e-02
6.677690893411636353e-02
6.628495454788208008e-02
6.586713343858718872e-02
6.548774242401123047e-02
6.464230269193649292e-02
6.346658617258071899e-02
6.294959038496017456e-02
6.255654245615005493e-02
6.199277192354202271e-02
6.085740029811859131e-02
6.008667871356010437e-02
5.957910418510437012e-02
5.921504646539688110e-02
5.862466245889663696e-02
5.718047916889190674e-02
5.688754096627235413e-02
5.684393271803855896e-02
5.509712547063827515e-02
5.470898747444152832e-02
5.425694212317466736e-02
5.379733815789222717e-02
5.267967656254768372e-02
5.204083770513534546e-02
5.172970145940780640e-02
5.045764148235321045e-02
4.983985796570777893e-02
4.874268174171447754e-02
4.804215952754020691e-02
4.706628248095512390e-02
4.662945866584777832e-02
4.595514759421348572e-02
4.575313255190849304e-02
4.432836920022964478e-02
4.356978833675384521e-02
4.281140863895416260e-02
4.212784767150878906e-02
4.190222546458244324e-02
4.041979834437370300e-02
3.946280851960182190e-02
3.876197710633277893e-02
3.870696574449539185e-02
3.712619096040725708e-02
3.624185547232627869e-02
3.555234521627426147e-02
3.475087881088256836e-02
3.468574211001396179e-02
3.395437821745872498e-02
3.388258442282676697e-02
3.264794126152992249e-02
3.049419634044170380e-02
2.967477403581142426e-02
2.893058955669403076e-02
2.814210392534732819e-02
2.721625939011573792e-02
2.580907940864562988e-02
2.564891055226325989e-02
2.451227419078350067e-02
2.389046363532543182e-02
2.317404188215732574e-02
2.225068211555480957e-02
2.138802409172058105e-02
2.010818570852279663e-02
1.980962976813316345e-02
1.867583394050598145e-02
1.801995374262332916e-02
1.733382605016231537e-02
1.659932173788547516e-02
1.607421785593032837e-02
1.441117282956838608e-02
1.335792895406484604e-02
1.317500881850719452e-02
1.218938082456588745e-02
1.161241065710783005e-02
1.013153884559869766e-02
9.969965554773807526e-03
9.053136222064495087e-03
8.286793716251850128e-03
7.459386251866817474e-03
6.441548001021146774e-03
5.593189503997564316e-03
4.390388261526823044e-03
3.991294186562299728e-03
3.265107050538063049e-03
3.134900238364934921e-03
2.425497397780418396e-03
2.410012530162930489e-03
2.965986961498856544e-03
5.887303967028856277e-03
8.244428783655166626e-03
1.084989123046398163e-02
1.213445607572793961e-02
1.468231156468391418e-02
2.020070701837539673e-02
2.357157319784164429e-02
2.778562717139720917e-02
2.869028225541114807e-02
3.231034055352210999e-02
3.140479326248168945e-02
3.257163986563682556e-02
3.288029506802558899e-02
3.447645902633666992e-02
3.270142152905464172e-02
2.855231240391731262e-02
2.787475474178791046e-02
2.786548808217048645e-02
2.720231190323829651e-02
2.704229764640331268e-02
2.661910094320774078e-02
2.646910585463047028e-02
2.631220780313014984e-02
2.634910866618156433e-02
2.819711714982986450e-02
2.962661720812320709e-02
3.213603049516677856e-02
3.514704108238220215e-02
3.769846633076667786e-02
4.080509021878242493e-02
4.324673488736152649e-02
5.017214640974998474e-02
5.216752365231513977e-02
5.479875952005386353e-02
5.516329780220985413e-02
5.617708340287208557e-02
5.388725921511650085e-02
4.998808354139328003e-02
5.220354720950126648e-02
5.332129448652267456e-02
5.088564381003379822e-02
5.387507751584053040e-02
6.063537299633026123e-02
6.259236484766006470e-02
5.916933715343475342e-02
5.864866450428962708e-02
5.845155939459800720e-02
5.911890044808387756e-02
5.727380514144897461e-02
5.725122615694999695e-02
5.720060691237449646e-02
5.725559219717979431e-02
5.722211301326751709e-02
5.722533911466598511e-02
5.722533166408538818e-02
5.722645297646522522e-02
5.722829699516296387e-02
5.722680687904357910e-02
5.722760781645774841e-02
5.722668394446372986e-02
5.722727999091148376e-02
5.722737312316894531e-02
5.722703412175178528e-02
5.722703412175178528e-02
5.722688511013984680e-02
5.722699314355850220e-02
5.722703784704208374e-02
5.722605809569358826e-02
5.722727999091148376e-02
5.722626671195030212e-02
5.722833424806594849e-02
5.722801759839057922e-02
5.722737684845924377e-02
5.722739547491073608e-02
5.730573087930679321e-02
6.240967288613319397e-02
6.346685439348220825e-02
6.336757540702819824e-02
6.204234063625335693e-02
6.153364479541778564e-02
6.112130731344223022e-02
6.052009761333465576e-02
5.952510610222816467e-02
5.878413468599319458e-02
5.740571767091751099e-02
5.755655840039253235e-02
5.829725414514541626e-02
5.853639543056488037e-02
5.887139588594436646e-02
5.942962318658828735e-02
5.976633727550506592e-02
6.028316169977188110e-02
6.051364541053771973e-02
6.058488413691520691e-02
6.130905449390411377e-02
6.169640272855758667e-02
6.207790225744247437e-02
6.253287941217422485e-02
6.277747452259063721e-02
6.313153356313705444e-02
6.356124579906463623e-02
6.406219303607940674e-02
6.426652520895004272e-02
6.419195979833602905e-02
6.443196535110473633e-02
6.538060307502746582e-02
6.566822528839111328e-02
6.573620438575744629e-02
6.642790883779525757e-02
6.633417308330535889e-02
6.610003858804702759e-02
6.566321849822998047e-02
6.536605209112167358e-02
6.512387096881866455e-02
6.487903743982315063e-02
6.454580277204513550e-02
6.430983543395996094e-02
6.412744522094726562e-02
6.378079950809478760e-02
6.338543444871902466e-02
6.337483972311019897e-02
6.286492198705673218e-02
6.263636797666549683e-02
6.218500062823295593e-02
6.209267303347587585e-02
6.156798824667930603e-02
6.132039055228233337e-02
6.084302067756652832e-02
6.031768769025802612e-02
5.980700254440307617e-02
5.943901836872100830e-02
5.922036617994308472e-02
5.840479210019111633e-02
5.796520784497261047e-02
5.760022997856140137e-02
5.723217129707336426e-02
5.686717480421066284e-02
5.627455934882164001e-02
5.562762916088104248e-02
5.501344054937362671e-02
5.442459508776664734e-02
5.419630557298660278e-02
5.321288108825683594e-02
5.276291072368621826e-02
5.202533304691314697e-02
5.175314843654632568e-02
5.103170871734619141e-02
4.951220750808715820e-02
4.901167377829551697e-02
4.847112298011779785e-02
4.815506935119628906e-02
4.690315946936607361e-02
4.642482474446296692e-02
4.550256207585334778e-02
4.517142474651336670e-02
4.423128813505172729e-02
4.280716925859451294e-02
4.222295433282852173e-02
4.164659976959228516e-02
4.097273200750350952e-02
4.055502265691757202e-02
4.005565121769905090e-02
3.842015936970710754e-02
3.773005679249763489e-02
3.665425628423690796e-02
3.595999255776405334e-02
3.525248914957046509e-02
3.404497355222702026e-02
3.316589444875717163e-02
3.265006095170974731e-02
3.217641264200210571e-02
3.059697709977626801e-02
2.978013269603252411e-02
2.915062382817268372e-02
2.843272499740123749e-02
2.769433893263339996e-02
2.670183964073657990e-02
2.562552876770496368e-02
2.451737783849239349e-02
2.393610961735248566e-02
2.385190501809120178e-02
2.216143533587455750e-02
2.075990475714206696e-02
2.033676207065582275e-02
2.037652768194675446e-02
1.899358443915843964e-02
1.767927780747413635e-02
1.663671061396598816e-02
1.584487222135066986e-02
1.575409807264804840e-02
1.487268693745136261e-02
1.279631257057189941e-02
1.219251845031976700e-02
1.210589334368705750e-02
1.042619813233613968e-02
9.566439315676689148e-03
9.145431220531463623e-03
7.489873096346855164e-03
7.357243448495864868e-03
6.585698574781417847e-03
5.210516043007373810e-03
3.889901330694556236e-03
2.941704820841550827e-03
3.014998044818639755e-03
1.195873017422854900e-03
4.822198534384369850e-04
9.332015761174261570e-04
1.105079893022775650e-03
1.601181342266499996e-03
3.421483328565955162e-03
4.131880588829517365e-03
4.940882325172424316e-03
5.771052557975053787e-03
6.560694426298141479e-03
7.044650614261627197e-03
8.519405499100685120e-03
9.869576431810855865e-03
1.073827128857374191e-02
1.175819244235754013e-02
1.248274557292461395e-02
1.304483413696289062e-02
1.459728460758924484e-02
1.459080073982477188e-02
1.662148535251617432e-02
1.775156520307064056e-02
1.859479583799839020e-02
1.944375038146972656e-02
2.054639160633087158e-02
2.174300141632556915e-02
2.262027934193611145e-02
2.244285121560096741e-02
2.417695894837379456e-02
2.497339248657226562e-02
2.662033215165138245e-02
2.663820609450340271e-02
2.843406237661838531e-02
2.896480076014995575e-02
3.070209175348281860e-02
3.078819066286087036e-02
3.283509612083435059e-02
3.325293958187103271e-02
3.485343977808952332e-02
3.500758111476898193e-02
3.676152974367141724e-02
3.738417103886604309e-02
3.857988864183425903e-02
3.916722536087036133e-02
3.964683786034584045e-02
4.099823534488677979e-02
4.157456755638122559e-02
4.289032146334648132e-02
4.297322407364845276e-02
4.469556733965873718e-02
4.513792693614959717e-02
4.633865877985954285e-02
4.735796526074409485e-02
4.824011772871017456e-02
4.836140573024749756e-02
4.986767098307609558e-02
5.057569220662117004e-02
5.210048332810401917e-02
5.289830267429351807e-02
5.282735079526901245e-02
5.493169277906417847e-02
5.582188069820404053e-02
5.653190240263938904e-02
5.787445977330207825e-02
5.927423760294914246e-02
5.979394540190696716e-02
5.998811125755310059e-02
6.188104301691055298e-02
6.292712688446044922e-02
6.386086344718933105e-02
6.400653719902038574e-02
6.492733210325241089e-02
6.678436696529388428e-02
6.804132461547851562e-02
6.937674432992935181e-02
7.009171694517135620e-02
7.058564573526382446e-02
7.222139090299606323e-02
7.320547103881835938e-02
7.342475652694702148e-02
7.435790449380874634e-02
7.537847757339477539e-02
7.750459015369415283e-02
7.802253216505050659e-02
7.963597774505615234e-02
8.074708282947540283e-02
8.175171911716461182e-02
8.183056116104125977e-02
8.392366021871566772e-02
8.489228039979934692e-02
8.606114238500595093e-02
8.614065498113632202e-02
8.704634755849838257e-02
8.897048234939575195e-02
9.001795947551727295e-02
9.000860899686813354e-02
9.205735474824905396e-02
9.256264567375183105e-02
9.307029843330383301e-02
9.490960091352462769e-02
9.525241702795028687e-02
9.654700011014938354e-02
9.757813811302185059e-02
9.905178844928741455e-02
1.003139168024063110e-01
1.012374460697174072e-01
1.021338999271392822e-01
1.030222922563552856e-01
1.032338365912437439e-01
1.053352132439613342e-01
1.062135025858879089e-01
1.062115728855133057e-01
1.083281263709068298e-01
1.082888692617416382e-01
1.103340461850166321e-01
1.113234013319015503e-01
1.125132665038108826e-01
1.126982122659683228e-01
1.148817017674446106e-01
1.155127286911010742e-01
1.155312955379486084e-01
1.176408231258392334e-01
1.179459691047668457e-01
1.198349073529243469e-01
1.206990331411361694e-01
1.210455968976020813e-01
1.222634837031364441e-01
1.238082125782966614e-01
1.238436847925186157e-01
1.258074045181274414e-01
1.260603964328765869e-01
1.276108771562576294e-01
1.281728446483612061e-01
1.300721764564514160e-01
1.300602555274963379e-01
1.321618854999542236e-01
1.323559582233428955e-01
1.338902711868286133e-01
1.346855610609054565e-01
1.353794336318969727e-01
1.367902159690856934e-01
1.380828619003295898e-01
1.382948756217956543e-01
1.403949260711669922e-01
1.405353546142578125e-01
1.425618678331375122e-01
1.433633118867874146e-01
1.442391127347946167e-01
1.447038799524307251e-01
1.463355422019958496e-01
1.469541937112808228e-01
1.475190371274948120e-01
1.496001034975051880e-01
1.505118161439895630e-01
1.517164856195449829e-01
1.525402963161468506e-01
1.533360183238983154e-01
1.540648490190505981e-01
1.544888317584991455e-01
1.561727672815322876e-01
1.570615470409393311e-01
1.583858132362365723e-01
1.584976017475128174e-01
1.601969152688980103e-01
1.611865907907485962e-01
1.623472124338150024e-01
1.624099910259246826e-01
1.642868816852569580e-01
1.654188334941864014e-01
1.662586331367492676e-01
1.665793955326080322e-01
1.678261905908584595e-01
1.687580198049545288e-01
1.691457331180572510e-01
1.708350628614425659e-01
1.715434938669204712e-01
1.718148738145828247e-01
1.738818883895874023e-01
1.740527451038360596e-01
1.756187379360198975e-01
1.760816574096679688e-01
1.765749156475067139e-01
1.783383488655090332e-01
1.784323453903198242e-01
1.794120073318481445e-01
1.815968453884124756e-01
1.821228712797164917e-01
1.828475296497344971e-01
1.829119026660919189e-01
1.836136877536773682e-01
1.846218109130859375e-01
1.853498965501785278e-01
1.859209984540939331e-01
1.871374696493148804e-01
1.880708783864974976e-01
1.886025220155715942e-01
1.894134730100631714e-01
1.907472610473632812e-01
1.911142170429229736e-01
1.921630352735519409e-01
1.926979422569274902e-01
1.935605108737945557e-01
1.939915567636489868e-01
1.951097249984741211e-01
1.955958902835845947e-01
1.968313455581665039e-01
1.969006210565567017e-01
1.985673159360885620e-01
1.990262269973754883e-01
1.997207999229431152e-01
2.004428654909133911e-01
2.016071975231170654e-01
2.019346654415130615e-01
2.020663619041442871e-01
2.033668458461761475e-01
2.036630064249038696e-01
2.048501074314117432e-01
2.054415941238403320e-01
2.061083167791366577e-01
2.065830975770950317e-01
2.076167017221450806e-01
2.077966034412384033e-01
2.088901251554489136e-01
2.090237736701965332e-01
2.092847228050231934e-01
2.092747092247009277e-01
2.093241661787033081e-01
2.094025760889053345e-01
2.094961255788803101e-01
2.096126973628997803e-01
2.097469419240951538e-01
2.097390294075012207e-01
2.098348736763000488e-01
2.099300175905227661e-01
2.099041938781738281e-01
2.099760472774505615e-01
2.100012749433517456e-01
2.099524736404418945e-01
2.099633216857910156e-01
2.100367397069931030e-01
2.099706083536148071e-01
2.100981324911117554e-01
2.099897563457489014e-01
2.102482914924621582e-01
2.106029838323593140e-01
2.113809883594512939e-01
2.118193358182907104e-01
2.127325832843780518e-01
2.128997445106506348e-01
2.145705968141555786e-01
2.146556526422500610e-01
2.148540318012237549e-01
2.151496261358261108e-01
2.153633385896682739e-01
2.154355049133300781e-01
2.157060950994491577e-01
2.159257829189300537e-01
2.161047905683517456e-01
2.164429426193237305e-01
2.165079563856124878e-01
2.166826426982879639e-01
2.170208096504211426e-01
2.172380834817886353e-01
2.175123244524002075e-01
2.177102416753768921e-01
2.179280221462249756e-01
2.181340306997299194e-01
2.183063477277755737e-01
2.181834876537322998e-01
2.180963754653930664e-01
2.179375886917114258e-01
2.179883867502212524e-01
2.177152633666992188e-01
2.175764590501785278e-01
2.175141572952270508e-01
2.174524962902069092e-01
2.173705846071243286e-01
2.171206176280975342e-01
2.169978171586990356e-01
2.168883532285690308e-01
2.169277667999267578e-01
2.166419327259063721e-01
2.166051417589187622e-01
2.164640575647354126e-01
2.164165675640106201e-01
2.163630574941635132e-01
2.161347866058349609e-01
2.160579711198806763e-01
2.159385979175567627e-01
2.159667313098907471e-01
2.156207412481307983e-01
2.156150788068771362e-01
2.154107689857482910e-01
2.154948562383651733e-01
2.152526825666427612e-01
2.151407152414321899e-01
2.149657756090164185e-01
2.149492055177688599e-01
2.148212790489196777e-01
2.146421670913696289e-01
2.146123647689819336e-01
2.144361436367034912e-01
2.144099175930023193e-01
2.142645865678787231e-01
2.142059803009033203e-01
2.140769958496093750e-01
2.140300869941711426e-01
2.137950807809829712e-01
2.137501388788223267e-01
2.136307358741760254e-01
2.135148793458938599e-01
2.133897840976715088e-01
2.134241163730621338e-01
2.132842242717742920e-01
2.131051868200302124e-01
2.129508405923843384e-01
2.128456234931945801e-01
2.127567976713180542e-01
2.127767056226730347e-01
2.125729769468307495e-01
2.124843448400497437e-01
2.123831808567047119e-01
2.123931646347045898e-01
2.121867388486862183e-01
2.120638787746429443e-01
2.120420187711715698e-01
2.119106501340866089e-01
2.118814736604690552e-01
2.116480767726898193e-01
2.115827798843383789e-01
2.115301638841629028e-01
2.113994657993316650e-01
2.112449854612350464e-01
2.111327201128005981e-01
2.109984904527664185e-01
2.109986990690231323e-01
2.108772844076156616e-01
2.107658237218856812e-01
2.106769233942031860e-01
2.106659114360809326e-01
2.104116678237915039e-01
2.103598564863204956e-01
2.102779448032379150e-01
2.103591859340667725e-01
2.101280391216278076e-01
2.100687474012374878e-01
2.099604606628417969e-01
2.098386138677597046e-01
2.098467051982879639e-01
2.095841169357299805e-01
2.095771431922912598e-01
2.094820439815521240e-01
2.093397229909896851e-01
2.093191146850585938e-01
2.092085331678390503e-01
2.091132551431655884e-01
2.091310024261474609e-01
2.089987546205520630e-01
2.088991254568099976e-01
2.088270038366317749e-01
2.088018357753753662e-01
2.086533904075622559e-01
2.085642665624618530e-01
2.085026651620864868e-01
2.084411233663558960e-01
2.084675133228302002e-01
2.082236856222152710e-01
2.081509530544281006e-01
2.080302834510803223e-01
2.080910354852676392e-01
2.079615592956542969e-01
2.078541815280914307e-01
2.078598141670227051e-01
2.077823579311370850e-01
2.076569646596908569e-01
2.075732350349426270e-01
2.075281739234924316e-01
2.075863629579544067e-01
2.074434906244277954e-01
2.073890268802642822e-01
2.072794288396835327e-01
2.073179930448532104e-01
2.071834206581115723e-01
