0.000000000000000000e+00 0.000000000000000000e+00 0.000000000000000000e+00
0.000000000000000000e+00 0.000000000000000000e+00 0.000000000000000000e+00
0.000000000000000000e+00 0.000000000000000000e+00 0.000000000000000000e+00
0.000000000000000000e+00 0.000000000000000000e+00 0.000000000000000000e+00
0.000000000000000000e+00 0.000000000000000000e+00 0.000000000000000000e+00
0.000000000000000000e+00 0.000000000000000000e+00 0.000000000000000000e+00
0.000000000000000000e+00 0.000000000000000000e+00 0.000000000000000000e+00
0.000000000000000000e+00 0.000000000000000000e+00 0.000000000000000000e+00
0.000000000000000000e+00 0.000000000000000000e+00 0.000000000000000000e+00
0.000000000000000000e+00 0.000000000000000000e+00 0.000000000000000000e+00
0.000000000000000000e+00 0.000000000000000000e+00 0.000000000000000000e+00
0.000000000000000000e+00 0.000000000000000000e+00 0.000000000000000000e+00
0.000000000000000000e+00 0.000000000000000000e+00 0.000000000000000000e+00
0.000000000000000000e+00 0.000000000000000000e+00 0.000000000000000000e+00
0.000000000000000000e+00 0.000000000000000000e+00 0.000000000000000000e+00
0.000000000000000000e+00 0.000000000000000000e+00 0.000000000000000000e+00
0.000000000000000000e+00 0.000000000000000000e+00 0.000000000000000000e+00
0.000000000000000000e+00 0.000000000000000000e+00 0.000000000000000000e+00
0.000000000000000000e+00 0.000000000000000000e+00 0.000000000000000000e+00
0.000000000000000000e+00 0.000000000000000000e+00 0.000000000000000000e+00
0.000000000000000000e+00 0.000000000000000000e+00 0.000000000000000000e+00
0.000000000000000000e+00 0.000000000000000000e+00 0.000000000000000000e+00
0.000000000000000000e+00 0.000000000000000000e+00 0.000000000000000000e+00
0.000000000000000000e+00 0.000000000000000000e+00 0.000000000000000000e+00
0.000000000000000000e+00 0.000000000000000000e+00 0.000000000000000000e+00
0.000000000000000000e+00 0.000000000000000000e+00 0.000000000000000000e+00
0.000000000000000000e+00 0.000000000000000000e+00 0.000000000000000000e+00
0.000000000000000000e+00 0.000000000000000000e+00 0.000000000000000000e+00
0.000000000000000000e+00 0.000000000000000000e+00 0.000000000000000000e+00
0.000000000000000000e+00 0.000000000000000000e+00 0.000000000000000000e+00
0.000000000000000000e+00 0.000000000000000000e+00 0.000000000000000000e+00
-2.221867591142654419e-01 -5.304377675056457520e-01 0.000000000000000000e+00
-2.179896682500839233e-01 -4.973816871643066406e-01 0.000000000000000000e+00
-1.354193538427352905e-01 -5.011613368988037109e-01 0.000000000000000000e+00
0.000000000000000000e+00 -5.155228376388549805e-01 0.000000000000000000e+00
2.741459906101226807e-01 -4.572462141513824463e-01 0.000000000000000000e+00
3.920879065990447998e-01 -3.782294988632202148e-01 0.000000000000000000e+00
5.883576869964599609e-01 -3.018492162227630615e-01 0.000000000000000000e+00
7.870622277259826660e-01 -1.531342864036560059e-01 0.000000000000000000e+00
9.790343046188354492e-01 -7.090303301811218262e-02 0.000000000000000000e+00
1.232179999351501465e+00 3.883395344018936157e-02 0.000000000000000000e+00
1.518734574317932129e+00 2.208819985389709473e-01 0.000000000000000000e+00
1.715420842170715332e+00 3.158206641674041748e-01 0.000000000000000000e+00
1.749055147171020508e+00 4.554201364517211914e-01 0.000000000000000000e+00
1.721093058586120605e+00 5.499024391174316406e-01 0.000000000000000000e+00
3.424777090549468994e-01 1.361557841300964355e-01 0.000000000000000000e+00
4.652906674891710281e-03 1.705555827356874943e-03 0.000000000000000000e+00
9.540952444076538086e-01 3.977588415145874023e-01 0.000000000000000000e+00
1.714657425880432129e+00 7.537702322006225586e-01 0.000000000000000000e+00
1.744514822959899902e+00 8.734924197196960449e-01 0.000000000000000000e+00
1.948727846145629883e+00 8.986844420433044434e-01 0.000000000000000000e+00
1.928368330001831055e+00 1.028945088386535645e+00 0.000000000000000000e+00
1.945266604423522949e+00 1.010062575340270996e+00 0.000000000000000000e+00
1.953791856765747070e+00 9.561687707901000977e-01 0.000000000000000000e+00
1.407711267471313477e+00 7.126215696334838867e-01 0.000000000000000000e+00
-1.567015075124800205e-03 0.000000000000000000e+00 0.000000000000000000e+00
0.000000000000000000e+00 0.000000000000000000e+00 0.000000000000000000e+00
0.000000000000000000e+00 0.000000000000000000e+00 0.000000000000000000e+00
1.858590960502624512e+00 8.703522682189941406e-01 0.000000000000000000e+00
2.355529785156250000e+00 1.150899767875671387e+00 0.000000000000000000e+00
2.383186101913452148e+00 1.138451933860778809e+00 0.000000000000000000e+00
2.365954637527465820e+00 1.099727988243103027e+00 0.000000000000000000e+00
2.400218725204467773e+00 1.095501661300659180e+00 0.000000000000000000e+00
2.396317243576049805e+00 1.046572804450988770e+00 0.000000000000000000e+00
2.423709154129028320e+00 1.086736440658569336e+00 0.000000000000000000e+00
2.453419208526611328e+00 1.055698394775390625e+00 0.000000000000000000e+00
2.564659833908081055e+00 1.000964045524597168e+00 0.000000000000000000e+00
2.528450965881347656e+00 1.011902332305908203e+00 0.000000000000000000e+00
2.588966369628906250e+00 1.030114889144897461e+00 0.000000000000000000e+00
2.758278846740722656e+00 1.038635969161987305e+00 0.000000000000000000e+00
2.961395025253295898e+00 1.177816390991210938e+00 0.000000000000000000e+00
3.180938959121704102e+00 1.217739701271057129e+00 0.000000000000000000e+00
3.022247314453125000e+00 1.137724637985229492e+00 0.000000000000000000e+00
3.099806785583496094e+00 1.110406041145324707e+00 0.000000000000000000e+00
3.155160188674926758e+00 1.098414063453674316e+00 0.000000000000000000e+00
3.212543010711669922e+00 1.099292874336242676e+00 0.000000000000000000e+00
3.240607500076293945e+00 1.205156922340393066e+00 0.000000000000000000e+00
3.351099252700805664e+00 1.236722350120544434e+00 0.000000000000000000e+00
3.274758100509643555e+00 1.182194828987121582e+00 0.000000000000000000e+00
-1.540697067975997925e-01 -5.641566216945648193e-02 0.000000000000000000e+00
0.000000000000000000e+00 0.000000000000000000e+00 0.000000000000000000e+00
0.000000000000000000e+00 0.000000000000000000e+00 0.000000000000000000e+00
0.000000000000000000e+00 0.000000000000000000e+00 0.000000000000000000e+00
1.873749613761901855e+00 6.260274052619934082e-01 0.000000000000000000e+00
3.370434284210205078e+00 1.190635323524475098e+00 0.000000000000000000e+00
3.466695070266723633e+00 1.225327014923095703e+00 0.000000000000000000e+00
3.575677394866943359e+00 1.245558381080627441e+00 0.000000000000000000e+00
3.714653491973876953e+00 1.321354627609252930e+00 0.000000000000000000e+00
3.570695400238037109e+00 1.177354693412780762e+00 0.000000000000000000e+00
3.587357044219970703e+00 1.184544444084167480e+00 0.000000000000000000e+00
3.585773706436157227e+00 1.184894800186157227e+00 0.000000000000000000e+00
3.586142301559448242e+00 1.193994998931884766e+00 0.000000000000000000e+00
3.585916996002197266e+00 1.193774938583374023e+00 0.000000000000000000e+00
3.584786415100097656e+00 1.192395329475402832e+00 0.000000000000000000e+00
-6.526035070419311523e-02 -2.168150804936885834e-02 0.000000000000000000e+00
0.000000000000000000e+00 0.000000000000000000e+00 0.000000000000000000e+00
7.512071728706359863e-01 9.033951163291931152e-02 0.000000000000000000e+00
2.837888956069946289e+00 4.253256022930145264e-01 0.000000000000000000e+00
2.936127662658691406e+00 2.570984363555908203e-01 0.000000000000000000e+00
3.029666900634765625e+00 3.191076219081878662e-02 0.000000000000000000e+00
3.019717931747436523e+00 -1.696438193321228027e-01 0.000000000000000000e+00
2.987150192260742188e+00 -3.023380041122436523e-01 0.000000000000000000e+00
3.229277372360229492e+00 -1.736257821321487427e-01 0.000000000000000000e+00
3.334029197692871094e+00 -1.681238263845443726e-01 0.000000000000000000e+00
3.288584709167480469e+00 -2.513780593872070312e-01 0.000000000000000000e+00
3.273128747940063477e+00 -4.004008173942565918e-01 0.000000000000000000e+00
3.299238204956054688e+00 -3.355801403522491455e-01 0.000000000000000000e+00
3.140552282333374023e+00 -2.647471129894256592e-01 0.000000000000000000e+00
-2.476581372320652008e-02 1.821422018110752106e-03 0.000000000000000000e+00
0.000000000000000000e+00 0.000000000000000000e+00 0.000000000000000000e+00
3.543547630310058594e+00 -3.269114196300506592e-01 0.000000000000000000e+00
3.432723522186279297e+00 -2.962211668491363525e-01 0.000000000000000000e+00
3.456192731857299805e+00 -2.940306961536407471e-01 0.000000000000000000e+00
3.530995130538940430e+00 -3.210721611976623535e-01 0.000000000000000000e+00
3.497099399566650391e+00 -2.750512957572937012e-01 0.000000000000000000e+00
3.548700809478759766e+00 -2.280183434486389160e-01 0.000000000000000000e+00
3.585147142410278320e+00 -1.901737153530120850e-01 0.000000000000000000e+00
3.548492193222045898e+00 -2.379907220602035522e-01 0.000000000000000000e+00
3.555690526962280273e+00 -2.243356406688690186e-01 0.000000000000000000e+00
3.558435678482055664e+00 -2.047302424907684326e-01 0.000000000000000000e+00
3.566695213317871094e+00 -2.110939770936965942e-01 0.000000000000000000e+00
3.567879199981689453e+00 -1.789332628250122070e-01 0.000000000000000000e+00
3.571068525314331055e+00 -1.537422686815261841e-01 0.000000000000000000e+00
3.569395065307617188e+00 -1.414518058300018311e-01 0.000000000000000000e+00
3.580842733383178711e+00 -1.124265119433403015e-01 0.000000000000000000e+00
3.572542905807495117e+00 -1.060657799243927002e-01 0.000000000000000000e+00
3.591257572174072266e+00 -6.678852438926696777e-02 0.000000000000000000e+00
3.592001438140869141e+00 -4.663542285561561584e-02 0.000000000000000000e+00
3.582772493362426758e+00 -3.679433092474937439e-02 0.000000000000000000e+00
3.582926273345947266e+00 -1.674814149737358093e-02 0.000000000000000000e+00
3.585589408874511719e+00 7.652852684259414673e-03 0.000000000000000000e+00
3.597972393035888672e+00 4.414660483598709106e-02 0.000000000000000000e+00
3.586381435394287109e+00 5.157364159822463989e-02 0.000000000000000000e+00
3.586417198181152344e+00 7.389506697654724121e-02 0.000000000000000000e+00
3.586418867111206055e+00 9.623475372791290283e-02 0.000000000000000000e+00
3.586418867111206055e+00 1.182590425014495850e-01 0.000000000000000000e+00
3.586418867111206055e+00 1.397885680198669434e-01 0.000000000000000000e+00
3.586418867111206055e+00 1.621255427598953247e-01 0.000000000000000000e+00
7.313644289970397949e-01 3.705261275172233582e-02 0.000000000000000000e+00
9.733606129884719849e-03 0.000000000000000000e+00 0.000000000000000000e+00
0.000000000000000000e+00 0.000000000000000000e+00 0.000000000000000000e+00
1.002219438552856445e+00 7.084660232067108154e-02 0.000000000000000000e+00
3.589324474334716797e+00 2.718583643436431885e-01 0.000000000000000000e+00
3.503517627716064453e+00 4.803120493888854980e-01 0.000000000000000000e+00
2.899780035018920898e+00 1.149149060249328613e+00 0.000000000000000000e+00
-2.213060110807418823e-02 -9.986495599150657654e-03 0.000000000000000000e+00
0.000000000000000000e+00 0.000000000000000000e+00 0.000000000000000000e+00
0.000000000000000000e+00 0.000000000000000000e+00 0.000000000000000000e+00
2.356627225875854492e+00 2.502873420715332031e+00 0.000000000000000000e+00
1.969462275505065918e+00 2.815112352371215820e+00 0.000000000000000000e+00
1.809044480323791504e-01 4.020739495754241943e-01 0.000000000000000000e+00
-2.165068499743938446e-02 -5.364989861845970154e-02 0.000000000000000000e+00
2.310802228748798370e-03 5.414117127656936646e-03 0.000000000000000000e+00
0.000000000000000000e+00 0.000000000000000000e+00 0.000000000000000000e+00
1.157648205757141113e+00 3.807443141937255859e+00 0.000000000000000000e+00
1.158837080001831055e+00 3.866059541702270508e+00 0.000000000000000000e+00
9.412404298782348633e-01 3.864926338195800781e+00 0.000000000000000000e+00
-6.684193853288888931e-03 -3.090760856866836548e-02 0.000000000000000000e+00
0.000000000000000000e+00 0.000000000000000000e+00 0.000000000000000000e+00
-1.192121654748916626e-01 4.444971084594726562e+00 0.000000000000000000e+00
-4.309923052787780762e-01 4.255683898925781250e+00 0.000000000000000000e+00
-9.257395863533020020e-01 4.434102058410644531e+00 0.000000000000000000e+00
-1.014570593833923340e+00 4.211849689483642578e+00 0.000000000000000000e+00
-1.248662471771240234e+00 4.285042285919189453e+00 0.000000000000000000e+00
6.449674814939498901e-02 -2.159318774938583374e-01 0.000000000000000000e+00
0.000000000000000000e+00 3.149277297779917717e-03 0.000000000000000000e+00
-9.529162645339965820e-01 4.172439098358154297e+00 0.000000000000000000e+00
-1.451003998517990112e-01 3.718276739120483398e+00 0.000000000000000000e+00
-2.772809267044067383e-01 3.875298023223876953e+00 0.000000000000000000e+00
-4.011151790618896484e-01 3.946080923080444336e+00 0.000000000000000000e+00
-5.573083460330963135e-02 3.885429143905639648e+00 0.000000000000000000e+00
1.615615934133529663e-02 3.902450084686279297e+00 0.000000000000000000e+00
-3.037439193576574326e-03 -1.937725096940994263e-01 0.000000000000000000e+00
0.000000000000000000e+00 2.826874377205967903e-03 0.000000000000000000e+00
0.000000000000000000e+00 0.000000000000000000e+00 0.000000000000000000e+00
0.000000000000000000e+00 0.000000000000000000e+00 0.000000000000000000e+00
0.000000000000000000e+00 0.000000000000000000e+00 0.000000000000000000e+00
0.000000000000000000e+00 0.000000000000000000e+00 0.000000000000000000e+00
3.184046447277069092e-01 1.089575767517089844e+00 0.000000000000000000e+00
1.257707834243774414e+00 3.957831621170043945e+00 0.000000000000000000e+00
1.375727295875549316e+00 3.973409652709960938e+00 0.000000000000000000e+00
1.382705450057983398e+00 3.983624935150146484e+00 0.000000000000000000e+00
1.283869743347167969e+00 3.719515085220336914e+00 0.000000000000000000e+00
-1.009160745888948441e-02 -2.918969281017780304e-02 0.000000000000000000e+00
1.299772024154663086e+00 3.775994300842285156e+00 0.000000000000000000e+00
1.303408980369567871e+00 4.000627040863037109e+00 0.000000000000000000e+00
1.201557874679565430e+00 4.012163639068603516e+00 0.000000000000000000e+00
1.240195035934448242e+00 3.978328704833984375e+00 0.000000000000000000e+00
1.151816964149475098e+00 3.969067811965942383e+00 0.000000000000000000e+00
1.108874320983886719e+00 3.958993434906005859e+00 0.000000000000000000e+00
2.103639692068099976e-01 8.056909441947937012e-01 0.000000000000000000e+00
2.838171785697340965e-03 1.072952523827552795e-02 0.000000000000000000e+00
0.000000000000000000e+00 0.000000000000000000e+00 0.000000000000000000e+00
0.000000000000000000e+00 0.000000000000000000e+00 0.000000000000000000e+00
0.000000000000000000e+00 0.000000000000000000e+00 0.000000000000000000e+00
6.612704694271087646e-02 2.653904259204864502e-01 0.000000000000000000e+00
9.739936590194702148e-01 3.978591680526733398e+00 0.000000000000000000e+00
5.630310773849487305e-01 4.083461761474609375e+00 0.000000000000000000e+00
6.060425639152526855e-01 4.101463794708251953e+00 0.000000000000000000e+00
5.392731428146362305e-01 4.073689460754394531e+00 0.000000000000000000e+00
4.087833762168884277e-01 4.116072654724121094e+00 0.000000000000000000e+00
1.927549988031387329e-01 4.120766162872314453e+00 0.000000000000000000e+00
-7.425525784492492676e-02 4.171747684478759766e+00 0.000000000000000000e+00
-3.837935030460357666e-01 4.231203556060791016e+00 0.000000000000000000e+00
-4.047631025314331055e-01 4.206073284149169922e+00 0.000000000000000000e+00
-6.059923171997070312e-01 4.210640907287597656e+00 0.000000000000000000e+00
-7.877588272094726562e-01 4.221287250518798828e+00 0.000000000000000000e+00
-9.533232450485229492e-01 4.226073265075683594e+00 0.000000000000000000e+00
-1.163577795028686523e+00 4.192954540252685547e+00 0.000000000000000000e+00
-1.341932892799377441e+00 4.214274406433105469e+00 0.000000000000000000e+00
-1.484088540077209473e+00 4.230918884277343750e+00 0.000000000000000000e+00
-1.519240021705627441e+00 4.238673210144042969e+00 0.000000000000000000e+00
-1.103936433792114258e+00 3.045636892318725586e+00 0.000000000000000000e+00
1.285061822272837162e-03 -3.403022652491927147e-03 0.000000000000000000e+00
0.000000000000000000e+00 0.000000000000000000e+00 0.000000000000000000e+00
0.000000000000000000e+00 0.000000000000000000e+00 0.000000000000000000e+00
-1.261205554008483887e+00 3.961603879928588867e+00 0.000000000000000000e+00
-1.285134434700012207e+00 4.230377674102783203e+00 0.000000000000000000e+00
-1.312899470329284668e+00 4.212340831756591797e+00 0.000000000000000000e+00
-1.322668433189392090e+00 4.216693878173828125e+00 0.000000000000000000e+00
-1.312450885772705078e+00 4.218284130096435547e+00 0.000000000000000000e+00
-1.319317340850830078e+00 4.211164474487304688e+00 0.000000000000000000e+00
-1.319283127784729004e+00 4.211179256439208984e+00 0.000000000000000000e+00
-1.319288849830627441e+00 4.211180210113525391e+00 0.000000000000000000e+00
-1.319289088249206543e+00 4.211180210113525391e+00 0.000000000000000000e+00
-1.316895723342895508e+00 4.203846454620361328e+00 0.000000000000000000e+00
-1.316991806030273438e+00 4.204956054687500000e+00 0.000000000000000000e+00
-1.317786097526550293e+00 4.207300186157226562e+00 0.000000000000000000e+00
-1.316525220870971680e+00 4.204991817474365234e+00 0.000000000000000000e+00
-1.317457914352416992e+00 4.206391811370849609e+00 0.000000000000000000e+00
-1.315102815628051758e+00 4.201263427734375000e+00 0.000000000000000000e+00
-1.316723942756652832e+00 4.204494953155517578e+00 0.000000000000000000e+00
-1.315664768218994141e+00 4.201558589935302734e+00 0.000000000000000000e+00
6.497164815664291382e-02 -2.077461630105972290e-01 0.000000000000000000e+00
0.000000000000000000e+00 3.006821032613515854e-03 0.000000000000000000e+00
0.000000000000000000e+00 0.000000000000000000e+00 0.000000000000000000e+00
0.000000000000000000e+00 0.000000000000000000e+00 0.000000000000000000e+00
0.000000000000000000e+00 0.000000000000000000e+00 0.000000000000000000e+00
-2.389893531799316406e+00 2.484440326690673828e+00 0.000000000000000000e+00
-2.533387422561645508e+00 2.429906845092773438e+00 0.000000000000000000e+00
-2.347184658050537109e+00 2.427300691604614258e+00 0.000000000000000000e+00
-2.607707500457763672e+00 2.246133565902709961e+00 0.000000000000000000e+00
-2.575340986251831055e+00 2.011086225509643555e+00 0.000000000000000000e+00
-2.677316188812255859e+00 1.805856823921203613e+00 0.000000000000000000e+00
-2.614823341369628906e+00 1.929358601570129395e+00 0.000000000000000000e+00
-2.762194633483886719e+00 1.642642736434936523e+00 0.000000000000000000e+00
-2.833076000213623047e+00 1.300403833389282227e+00 0.000000000000000000e+00
-2.865906715393066406e+00 9.524412155151367188e-01 0.000000000000000000e+00
-2.133216857910156250e+00 3.209860920906066895e-01 0.000000000000000000e+00
2.670883201062679291e-03 0.000000000000000000e+00 0.000000000000000000e+00
0.000000000000000000e+00 0.000000000000000000e+00 0.000000000000000000e+00
0.000000000000000000e+00 0.000000000000000000e+00 0.000000000000000000e+00
0.000000000000000000e+00 0.000000000000000000e+00 0.000000000000000000e+00
0.000000000000000000e+00 0.000000000000000000e+00 0.000000000000000000e+00
0.000000000000000000e+00 0.000000000000000000e+00 0.000000000000000000e+00
-2.634466648101806641e+00 -2.101983070373535156e+00 0.000000000000000000e+00
-2.717690944671630859e+00 -2.341189146041870117e+00 0.000000000000000000e+00
-2.715034723281860352e+00 -2.280225038528442383e+00 0.000000000000000000e+00
-2.711108446121215820e+00 -2.277078390121459961e+00 0.000000000000000000e+00
6.703857332468032837e-02 5.630642175674438477e-02 0.000000000000000000e+00
-3.912390209734439850e-03 -3.286062041297554970e-03 0.000000000000000000e+00
0.000000000000000000e+00 0.000000000000000000e+00 0.000000000000000000e+00
-2.957429409027099609e+00 -2.332861423492431641e+00 0.000000000000000000e+00
-2.920321226119995117e+00 -2.243573904037475586e+00 0.000000000000000000e+00
-2.880590677261352539e+00 -2.255177259445190430e+00 0.000000000000000000e+00
-2.866192102432250977e+00 -2.262037515640258789e+00 0.000000000000000000e+00
-2.905348539352416992e+00 -2.250987291336059570e+00 0.000000000000000000e+00
-2.952779293060302734e+00 -2.240138053894042969e+00 0.000000000000000000e+00
1.462992578744888306e-01 1.115457490086555481e-01 0.000000000000000000e+00
-2.124197082594037056e-03 -1.624579657800495625e-03 0.000000000000000000e+00
0.000000000000000000e+00 0.000000000000000000e+00 0.000000000000000000e+00
-3.475878000259399414e+00 -2.202802419662475586e+00 0.000000000000000000e+00
-3.265790224075317383e+00 -2.110952854156494141e+00 0.000000000000000000e+00
-3.320225000381469727e+00 -2.071996927261352539e+00 0.000000000000000000e+00
6.065638735890388489e-02 3.722254186868667603e-02 0.000000000000000000e+00
0.000000000000000000e+00 0.000000000000000000e+00 0.000000000000000000e+00
-3.618316888809204102e+00 -2.073207378387451172e+00 0.000000000000000000e+00
-3.571465969085693359e+00 -1.985746622085571289e+00 0.000000000000000000e+00
-3.493809700012207031e+00 -2.010097265243530273e+00 0.000000000000000000e+00
-3.498284101486206055e+00 -2.008697032928466797e+00 0.000000000000000000e+00
-3.499545574188232422e+00 -2.008298158645629883e+00 0.000000000000000000e+00
-3.499523878097534180e+00 -2.008304119110107422e+00 0.000000000000000000e+00
-3.500773668289184570e+00 -2.010164976119995117e+00 0.000000000000000000e+00
8.641685545444488525e-02 5.128422752022743225e-02 0.000000000000000000e+00
-5.074548535048961639e-03 -2.818965353071689606e-03 0.000000000000000000e+00
0.000000000000000000e+00 0.000000000000000000e+00 0.000000000000000000e+00
0.000000000000000000e+00 0.000000000000000000e+00 0.000000000000000000e+00
0.000000000000000000e+00 0.000000000000000000e+00 0.000000000000000000e+00
0.000000000000000000e+00 0.000000000000000000e+00 0.000000000000000000e+00
-3.183680295944213867e+00 -2.686180353164672852e+00 0.000000000000000000e+00
-3.070271253585815430e+00 -2.363862514495849609e+00 0.000000000000000000e+00
-3.067853212356567383e+00 -2.329604864120483398e+00 0.000000000000000000e+00
-1.367624759674072266e+00 -1.020450353622436523e+00 0.000000000000000000e+00
-6.307025440037250519e-03 -4.826943390071392059e-03 0.000000000000000000e+00
-3.269448757171630859e+00 -2.380043745040893555e+00 0.000000000000000000e+00
-1.695620119571685791e-01 -1.180402413010597229e-01 0.000000000000000000e+00
-7.264792453497648239e-03 -5.100323818624019623e-03 0.000000000000000000e+00
-2.239497750997543335e-01 -1.508273035287857056e-01 0.000000000000000000e+00
-3.614938259124755859e+00 -2.145463228225708008e+00 0.000000000000000000e+00
-3.738644123077392578e+00 -1.782526016235351562e+00 0.000000000000000000e+00
-3.700436115264892578e+00 -1.797062635421752930e+00 0.000000000000000000e+00
-3.621728658676147461e+00 -1.914140820503234863e+00 0.000000000000000000e+00
-3.653212547302246094e+00 -1.904028654098510742e+00 0.000000000000000000e+00
-3.681987524032592773e+00 -1.885115504264831543e+00 0.000000000000000000e+00
-7.461073994636535645e-01 -3.663348257541656494e-01 0.000000000000000000e+00
-9.922210127115249634e-03 -5.023073405027389526e-03 0.000000000000000000e+00
0.000000000000000000e+00 0.000000000000000000e+00 0.000000000000000000e+00
0.000000000000000000e+00 0.000000000000000000e+00 0.000000000000000000e+00
-3.350486993789672852e+00 -1.864165216684341431e-01 0.000000000000000000e+00
-3.535916328430175781e+00 -1.183986663818359375e-01 0.000000000000000000e+00
-3.625762224197387695e+00 4.036429524421691895e-01 0.000000000000000000e+00
1.848337799310684204e-01 -4.142571240663528442e-02 0.000000000000000000e+00
-2.741073491051793098e-03 0.000000000000000000e+00 0.000000000000000000e+00
0.000000000000000000e+00 0.000000000000000000e+00 0.000000000000000000e+00
0.000000000000000000e+00 0.000000000000000000e+00 0.000000000000000000e+00
0.000000000000000000e+00 0.000000000000000000e+00 0.000000000000000000e+00
-5.711802840232849121e-02 3.290456160902976990e-02 0.000000000000000000e+00
-1.030662059783935547e+00 2.430808991193771362e-01 0.000000000000000000e+00
-6.419529318809509277e-01 7.614057660102844238e-01 0.000000000000000000e+00
-3.992787599563598633e-01 7.940815687179565430e-01 0.000000000000000000e+00
-2.519034445285797119e-01 3.703491091728210449e-01 0.000000000000000000e+00
-1.296557253226637840e-03 1.786190317943692207e-03 0.000000000000000000e+00
0.000000000000000000e+00 0.000000000000000000e+00 0.000000000000000000e+00
-3.620162904262542725e-01 9.326313138008117676e-01 0.000000000000000000e+00
-2.098698168992996216e-01 1.273219823837280273e+00 0.000000000000000000e+00
6.426744908094406128e-02 1.288153171539306641e+00 0.000000000000000000e+00
3.514393568038940430e-01 1.296056628227233887e+00 0.000000000000000000e+00
4.140771627426147461e-01 1.376213312149047852e+00 0.000000000000000000e+00
7.678565382957458496e-01 1.349132537841796875e+00 0.000000000000000000e+00
8.747701644897460938e-01 1.395199298858642578e+00 0.000000000000000000e+00
1.047200202941894531e+00 1.350278615951538086e+00 0.000000000000000000e+00
-3.607371821999549866e-02 -4.425741359591484070e-02 0.000000000000000000e+00
0.000000000000000000e+00 0.000000000000000000e+00 0.000000000000000000e+00
1.153983592987060547e+00 1.113411784172058105e+00 0.000000000000000000e+00
1.486808419227600098e+00 1.385318279266357422e+00 0.000000000000000000e+00
1.458187222480773926e+00 1.397929906845092773e+00 0.000000000000000000e+00
1.482817530632019043e+00 1.395676136016845703e+00 0.000000000000000000e+00
1.478971838951110840e+00 1.397247076034545898e+00 0.000000000000000000e+00
1.459605813026428223e+00 1.402232170104980469e+00 0.000000000000000000e+00
9.780068993568420410e-01 1.015636920928955078e+00 0.000000000000000000e+00
0.000000000000000000e+00 -1.251125126145780087e-03 0.000000000000000000e+00
0.000000000000000000e+00 0.000000000000000000e+00 0.000000000000000000e+00
-1.882636427879333496e+00 2.673633813858032227e+00 0.000000000000000000e+00
-2.843441963195800781e+00 3.654291391372680664e+00 0.000000000000000000e+00
-2.443318367004394531e+00 3.445668220520019531e+00 0.000000000000000000e+00
-3.107739210128784180e+00 3.028211832046508789e+00 0.000000000000000000e+00
-3.137747049331665039e+00 3.098502159118652344e+00 0.000000000000000000e+00
-3.137962818145751953e+00 3.126762390136718750e+00 0.000000000000000000e+00
-3.113056421279907227e+00 3.169700384140014648e+00 0.000000000000000000e+00
-2.999632596969604492e+00 3.201853036880493164e+00 0.000000000000000000e+00
-2.884866714477539062e+00 3.334231376647949219e+00 0.000000000000000000e+00
-2.686016082763671875e+00 3.570903301239013672e+00 0.000000000000000000e+00
-2.540406465530395508e+00 3.801938295364379883e+00 0.000000000000000000e+00
-2.403616666793823242e+00 3.835332870483398438e+00 0.000000000000000000e+00
1.235336586833000183e-01 -1.911042779684066772e-01 0.000000000000000000e+00
-1.814866671338677406e-03 2.786854514852166176e-03 0.000000000000000000e+00
-2.479549169540405273e+00 4.055436611175537109e+00 0.000000000000000000e+00
-2.236712217330932617e+00 4.048906326293945312e+00 0.000000000000000000e+00
-2.119464159011840820e+00 4.182898998260498047e+00 0.000000000000000000e+00
-2.010356903076171875e+00 4.229714870452880859e+00 0.000000000000000000e+00
-1.994442939758300781e+00 4.212778568267822266e+00 0.000000000000000000e+00
-1.907804727554321289e+00 4.216677188873291016e+00 0.000000000000000000e+00
-1.642801642417907715e+00 4.132372379302978516e+00 0.000000000000000000e+00
-1.747967123985290527e+00 4.147001743316650391e+00 0.000000000000000000e+00
-1.126329541206359863e+00 3.556146383285522461e+00 0.000000000000000000e+00
-8.778604865074157715e-01 2.369616985321044922e+00 0.000000000000000000e+00
-1.060539245605468750e+00 2.299588918685913086e+00 0.000000000000000000e+00
-1.082201004028320312e+00 2.544562816619873047e+00 0.000000000000000000e+00
-1.143496751785278320e+00 2.639495372772216797e+00 0.000000000000000000e+00
-9.317482113838195801e-01 2.612006187438964844e+00 0.000000000000000000e+00
-5.249872803688049316e-01 2.487722158432006836e+00 0.000000000000000000e+00
-3.143747150897979736e-01 2.450951576232910156e+00 0.000000000000000000e+00
-2.315376996994018555e-01 2.460707187652587891e+00 0.000000000000000000e+00
-2.000332623720169067e-01 2.500963687896728516e+00 0.000000000000000000e+00
-5.602354183793067932e-02 2.500331878662109375e+00 0.000000000000000000e+00
9.396680444478988647e-02 2.500326395034790039e+00 0.000000000000000000e+00
2.427924573421478271e-01 2.502442836761474609e+00 0.000000000000000000e+00
3.873899877071380615e-01 2.503736019134521484e+00 0.000000000000000000e+00
5.241495370864868164e-01 2.493688344955444336e+00 0.000000000000000000e+00
6.419206857681274414e-01 2.461851119995117188e+00 0.000000000000000000e+00
7.186490893363952637e-01 2.429605960845947266e+00 0.000000000000000000e+00
6.843946576118469238e-01 2.346108913421630859e+00 0.000000000000000000e+00
-5.202313885092735291e-03 -1.853844337165355682e-02 0.000000000000000000e+00
0.000000000000000000e+00 0.000000000000000000e+00 0.000000000000000000e+00
0.000000000000000000e+00 0.000000000000000000e+00 0.000000000000000000e+00
6.152148917317390442e-02 2.871817827224731445e+00 0.000000000000000000e+00
1.030517742037773132e-01 2.915062904357910156e+00 0.000000000000000000e+00
4.103827103972434998e-02 3.108177661895751953e+00 0.000000000000000000e+00
-2.467361092567443848e-01 3.176931142807006836e+00 0.000000000000000000e+00
-1.842391341924667358e-01 3.247719287872314453e+00 0.000000000000000000e+00
-1.421585977077484131e-01 3.353950262069702148e+00 0.000000000000000000e+00
-2.698500752449035645e-01 3.297626733779907227e+00 0.000000000000000000e+00
-3.483707308769226074e-01 3.251981019973754883e+00 0.000000000000000000e+00
-3.930102884769439697e-01 3.244456768035888672e+00 0.000000000000000000e+00
-3.440881967544555664e-01 3.212264060974121094e+00 0.000000000000000000e+00
-3.324939012527465820e-01 3.110254764556884766e+00 0.000000000000000000e+00
7.582439482212066650e-02 2.750566482543945312e+00 0.000000000000000000e+00
-1.740845143795013428e-01 2.737208366394042969e+00 0.000000000000000000e+00
8.280106820166110992e-03 2.785087585449218750e+00 0.000000000000000000e+00
3.235211968421936035e-02 2.710913419723510742e+00 0.000000000000000000e+00
6.989257037639617920e-02 2.737618446350097656e+00 0.000000000000000000e+00
8.380619436502456665e-02 2.686259031295776367e+00 0.000000000000000000e+00
1.938196122646331787e-01 2.716506958007812500e+00 0.000000000000000000e+00
3.299945294857025146e-01 2.690343141555786133e+00 0.000000000000000000e+00
4.562509655952453613e-01 2.605240106582641602e+00 0.000000000000000000e+00
6.569397449493408203e-01 2.500785350799560547e+00 0.000000000000000000e+00
6.879661083221435547e-01 2.465082406997680664e+00 0.000000000000000000e+00
8.458317518234252930e-01 2.432916879653930664e+00 0.000000000000000000e+00
9.417255520820617676e-01 2.492148876190185547e+00 0.000000000000000000e+00
1.062856435775756836e+00 2.490366220474243164e+00 0.000000000000000000e+00
1.189244270324707031e+00 2.486229896545410156e+00 0.000000000000000000e+00
1.339696884155273438e+00 2.480613231658935547e+00 0.000000000000000000e+00
1.453715801239013672e+00 2.463017940521240234e+00 0.000000000000000000e+00
1.413626074790954590e+00 2.475921392440795898e+00 0.000000000000000000e+00
1.414743661880493164e+00 2.475577354431152344e+00 0.000000000000000000e+00
1.414744377136230469e+00 2.475577116012573242e+00 0.000000000000000000e+00
1.435979485511779785e+00 2.461282968521118164e+00 0.000000000000000000e+00
1.565569400787353516e+00 2.359456062316894531e+00 0.000000000000000000e+00
1.581182599067687988e+00 2.324823856353759766e+00 0.000000000000000000e+00
1.579848170280456543e+00 2.327643156051635742e+00 0.000000000000000000e+00
1.675015449523925781e+00 2.186651229858398438e+00 0.000000000000000000e+00
1.694139480590820312e+00 2.091804981231689453e+00 0.000000000000000000e+00
1.726546168327331543e+00 1.806223392486572266e+00 0.000000000000000000e+00
1.583325624465942383e+00 1.624876141548156738e+00 0.000000000000000000e+00
1.539042830467224121e+00 1.613451838493347168e+00 0.000000000000000000e+00
1.554621338844299316e+00 1.608555436134338379e+00 0.000000000000000000e+00
1.577768921852111816e+00 1.668651700019836426e+00 0.000000000000000000e+00
1.612259030342102051e+00 1.595339179039001465e+00 0.000000000000000000e+00
1.670762300491333008e+00 1.380618214607238770e+00 0.000000000000000000e+00
1.760930895805358887e+00 1.165487885475158691e+00 0.000000000000000000e+00
1.745437502861022949e+00 1.205508947372436523e+00 0.000000000000000000e+00
1.727859258651733398e+00 1.252502679824829102e+00 0.000000000000000000e+00
1.727474570274353027e+00 1.266943693161010742e+00 0.000000000000000000e+00
1.734670162200927734e+00 1.258841633796691895e+00 0.000000000000000000e+00
1.761217474937438965e+00 1.215935349464416504e+00 0.000000000000000000e+00
1.782703876495361328e+00 1.128833174705505371e+00 0.000000000000000000e+00
1.755081534385681152e+00 1.181524276733398438e+00 0.000000000000000000e+00
1.719162464141845703e+00 1.038466691970825195e+00 0.000000000000000000e+00
1.714030146598815918e+00 1.094341993331909180e+00 0.000000000000000000e+00
1.720270514488220215e+00 1.027901172637939453e+00 0.000000000000000000e+00
1.696564078330993652e+00 8.250853419303894043e-01 0.000000000000000000e+00
1.747746229171752930e+00 7.818270325660705566e-01 0.000000000000000000e+00
1.641428709030151367e+00 8.415508270263671875e-01 0.000000000000000000e+00
1.711656093597412109e+00 7.334093451499938965e-01 0.000000000000000000e+00
1.759580969810485840e+00 6.840795278549194336e-01 0.000000000000000000e+00
1.808048725128173828e+00 7.518598437309265137e-01 0.000000000000000000e+00
1.831077337265014648e+00 7.188705205917358398e-01 0.000000000000000000e+00
1.861953139305114746e+00 6.334766149520874023e-01 0.000000000000000000e+00
1.903691291809082031e+00 5.436787605285644531e-01 0.000000000000000000e+00
2.010343551635742188e+00 6.127307415008544922e-01 0.000000000000000000e+00
1.904371738433837891e+00 5.247587561607360840e-01 0.000000000000000000e+00
1.954554438591003418e+00 5.412864089012145996e-01 0.000000000000000000e+00
1.940749645233154297e+00 4.969000816345214844e-01 0.000000000000000000e+00
1.967739582061767578e+00 4.477047622203826904e-01 0.000000000000000000e+00
2.018046855926513672e+00 3.541838526725769043e-01 0.000000000000000000e+00
1.991651892662048340e+00 3.700396120548248291e-01 0.000000000000000000e+00
2.024356365203857422e+00 3.684491515159606934e-01 0.000000000000000000e+00
2.034281730651855469e+00 3.486340045928955078e-01 0.000000000000000000e+00
2.052501916885375977e+00 3.447644114494323730e-01 0.000000000000000000e+00
2.072648763656616211e+00 3.462096154689788818e-01 0.000000000000000000e+00
2.067981243133544922e+00 3.273500800132751465e-01 0.000000000000000000e+00
2.053735256195068359e+00 3.005284070968627930e-01 0.000000000000000000e+00
2.053718805313110352e+00 2.876647114753723145e-01 0.000000000000000000e+00
2.053720951080322266e+00 2.748387157917022705e-01 0.000000000000000000e+00
2.052821636199951172e+00 2.610612511634826660e-01 0.000000000000000000e+00
2.049088001251220703e+00 2.434289604425430298e-01 0.000000000000000000e+00
2.027451276779174805e+00 2.071795016527175903e-01 0.000000000000000000e+00
2.036056756973266602e+00 1.986780762672424316e-01 0.000000000000000000e+00
2.037012100219726562e+00 1.824396401643753052e-01 0.000000000000000000e+00
2.035549163818359375e+00 1.618965566158294678e-01 0.000000000000000000e+00
2.035553932189941406e+00 1.433261334896087646e-01 0.000000000000000000e+00
2.029691457748413086e+00 1.188777238130569458e-01 0.000000000000000000e+00
1.994925141334533691e+00 1.134902611374855042e-01 0.000000000000000000e+00
1.940452814102172852e+00 1.087715923786163330e-01 0.000000000000000000e+00
