1.259914338588714600e-01
1.259914487600326538e-01
1.259914785623550415e-01
1.259915083646774292e-01
1.259532868862152100e-01
1.252423226833343506e-01
1.247949153184890747e-01
1.236772164702415466e-01
1.232296898961067200e-01
1.229500025510787964e-01
1.224659085273742676e-01
1.220957487821578979e-01
1.220758110284805298e-01
1.217656955122947693e-01
1.212213858962059021e-01
1.209673583507537842e-01
1.212109550833702087e-01
1.187129914760589600e-01
1.163696125149726868e-01
1.150480210781097412e-01
1.114417091012001038e-01
1.111679822206497192e-01
1.099872216582298279e-01
1.094210296869277954e-01
1.053874194622039795e-01
1.045918315649032593e-01
1.027536317706108093e-01
1.009753718972206116e-01
9.391988813877105713e-02
9.174589812755584717e-02
9.054863452911376953e-02
8.995094150304794312e-02
9.196816384792327881e-02
9.122510254383087158e-02
9.132907539606094360e-02
9.132515639066696167e-02
9.131874144077301025e-02
9.131894260644912720e-02
9.131977707147598267e-02
9.132118523120880127e-02
9.131946414709091187e-02
9.131928533315658569e-02
9.131942689418792725e-02
9.132011979818344116e-02
9.131939709186553955e-02
9.131915122270584106e-02
9.131971746683120728e-02
9.131973981857299805e-02
9.131968766450881958e-02
9.131944179534912109e-02
9.131977707147598267e-02
9.131981432437896729e-02
9.131948649883270264e-02
9.131956100463867188e-02
9.131948649883270264e-02
9.131954610347747803e-02
9.131931513547897339e-02
9.132958948612213135e-02
9.112218767404556274e-02
8.918029069900512695e-02
8.930592983961105347e-02
8.876479417085647583e-02
8.943483233451843262e-02
8.886864036321640015e-02
8.789838105440139771e-02
8.804422616958618164e-02
8.804522454738616943e-02
8.802864700555801392e-02
8.802442997694015503e-02
8.802474290132522583e-02
8.802656084299087524e-02
8.802431821823120117e-02
8.802385628223419189e-02
8.802570402622222900e-02
8.802528679370880127e-02
8.802529424428939819e-02
8.802455663681030273e-02
8.802533149719238281e-02
8.802514523267745972e-02
8.802506327629089355e-02
8.802475780248641968e-02
8.802487701177597046e-02
8.802492916584014893e-02
8.802513778209686279e-02
8.802483975887298584e-02
8.802489936351776123e-02
8.802498131990432739e-02
8.802489191293716431e-02
8.802483230829238892e-02
8.802478015422821045e-02
8.802495896816253662e-02
8.802498877048492432e-02
8.895325660705566406e-02
9.413607418537139893e-02
9.444354474544525146e-02
9.330597519874572754e-02
9.565673768520355225e-02
9.553997218608856201e-02
9.450025856494903564e-02
9.470134228467941284e-02
9.483149647712707520e-02
9.622817486524581909e-02
9.624695032835006714e-02
9.631843864917755127e-02
9.610392898321151733e-02
9.566151350736618042e-02
9.434544295072555542e-02
9.310603886842727661e-02
9.214955568313598633e-02
9.133069217205047607e-02
9.039785712957382202e-02
8.907794952392578125e-02
8.774378895759582520e-02
8.710349351167678833e-02
8.615309000015258789e-02
8.504433929920196533e-02
8.423694223165512085e-02
8.378441631793975830e-02
8.126946538686752319e-02
8.102522045373916626e-02
8.022062480449676514e-02
7.851368188858032227e-02
7.760284096002578735e-02
7.701954245567321777e-02
7.490879297256469727e-02
7.447496056556701660e-02
7.368839532136917114e-02
7.165931165218353271e-02
7.001317292451858521e-02
6.993248313665390015e-02
6.811942905187606812e-02
6.608888506889343262e-02
6.628713011741638184e-02
6.478008627891540527e-02
6.321379542350769043e-02
6.086069718003273010e-02
6.069172918796539307e-02
5.910561233758926392e-02
5.720348656177520752e-02
5.511272326111793518e-02
5.361295491456985474e-02
5.069160088896751404e-02
5.005491524934768677e-02
4.958148300647735596e-02
4.938616231083869934e-02
4.906312003731727600e-02
4.522906616330146790e-02
4.535103961825370789e-02
4.260545596480369568e-02
4.155815392732620239e-02
4.071089252829551697e-02
3.758702799677848816e-02
3.722747415304183960e-02
3.436709567904472351e-02
3.387527540326118469e-02
3.297051787376403809e-02
3.150338307023048401e-02
2.993566915392875671e-02
2.846443839371204376e-02
2.683364041149616241e-02
2.612729743123054504e-02
2.395023033022880554e-02
2.257562242448329926e-02
2.086550183594226837e-02
2.020975761115550995e-02
1.695722527801990509e-02
1.668773032724857330e-02
1.343658659607172012e-02
1.234684139490127563e-02
1.014700159430503845e-02
9.191374294459819794e-03
5.094482563436031342e-03
2.638334641233086586e-03
2.842571353539824486e-03
1.668273704126477242e-03
2.204003976657986641e-03
3.419156419113278389e-03
3.535215510055422783e-03
6.917214486747980118e-03
7.574015762656927109e-03
7.557025644928216934e-03
9.029927663505077362e-03
1.099076028913259506e-02
1.187433954328298569e-02
1.244195923209190369e-02
1.473744120448827744e-02
1.519434247165918350e-02
1.803184486925601959e-02
1.827441714704036713e-02
2.063493244349956512e-02
2.107509970664978027e-02
2.370903268456459045e-02
2.465540356934070587e-02
2.546564117074012756e-02
2.613289467990398407e-02
3.005492873489856720e-02
3.048094734549522400e-02
3.137052431702613831e-02
3.427341952919960022e-02
3.477989882230758667e-02
3.718278184533119202e-02
3.880823776125907898e-02
3.952026367187500000e-02
3.983675688505172729e-02
4.302716627717018127e-02
4.294693470001220703e-02
4.458148032426834106e-02
4.698610678315162659e-02
4.733353480696678162e-02
4.758937656879425049e-02
5.088911950588226318e-02
5.165836215019226074e-02
5.544358119368553162e-02
5.612289533019065857e-02
5.713521316647529602e-02
5.918813496828079224e-02
6.134377419948577881e-02
6.151980161666870117e-02
6.488417834043502808e-02
6.562624126672744751e-02
6.713796406984329224e-02
6.924659013748168945e-02
7.086049020290374756e-02
7.239675521850585938e-02
7.295662909746170044e-02
7.651773095130920410e-02
7.725320756435394287e-02
8.024480193853378296e-02
8.226982504129409790e-02
8.225125074386596680e-02
8.305696398019790649e-02
8.550681918859481812e-02
8.572669327259063721e-02
8.434992283582687378e-02
8.299575746059417725e-02
8.202202618122100830e-02
8.149067312479019165e-02
7.998459786176681519e-02
7.884657382965087891e-02
7.704976201057434082e-02
7.670558989048004150e-02
7.550885528326034546e-02
7.315355539321899414e-02
7.312324643135070801e-02
7.267443090677261353e-02
6.975991278886795044e-02
6.920055299997329712e-02
6.824458390474319458e-02
6.676627695560455322e-02
6.589101254940032959e-02
6.434398889541625977e-02
6.339771300554275513e-02
6.128336861729621887e-02
6.054583564400672913e-02
5.981478840112686157e-02
5.822291225194931030e-02
5.747488141059875488e-02
5.620407313108444214e-02
5.399532616138458252e-02
5.322320014238357544e-02
5.270732566714286804e-02
5.298566073179244995e-02
5.307254940271377563e-02
5.182363465428352356e-02
5.085335671901702881e-02
4.846685007214546204e-02
4.512485116720199585e-02
4.489169642329216003e-02
4.197398573160171509e-02
4.065658524632453918e-02
4.038868471980094910e-02
3.864222019910812378e-02
3.607173636555671692e-02
3.541821613907814026e-02
3.431152924895286560e-02
3.254197910428047180e-02
3.180183842778205872e-02
2.792713046073913574e-02
2.680991403758525848e-02
2.610855922102928162e-02
2.436146698892116547e-02
2.168501354753971100e-02
2.160652726888656616e-02
1.840092055499553680e-02
1.739758253097534180e-02
1.613993570208549500e-02
1.564462669193744659e-02
1.322882715612649918e-02
1.309258397668600082e-02
1.179325580596923828e-02
1.116405706852674484e-02
9.623399004340171814e-03
7.899261079728603363e-03
6.854136474430561066e-03
4.797046538442373276e-03
3.740398911759257317e-03
3.158915089443325996e-03
4.008022136986255646e-03
5.802460014820098877e-03
7.663021795451641083e-03
9.521643631160259247e-03
1.318844407796859741e-02
1.213763374835252762e-02
1.176593173295259476e-02
1.361176837235689163e-02
1.360898464918136597e-02
1.376071665436029434e-02
1.803003251552581787e-02
1.947902701795101166e-02
2.313564531505107880e-02
2.386096492409706116e-02
2.365559153258800507e-02
2.476944029331207275e-02
2.659490890800952911e-02
2.881398238241672516e-02
3.013963997364044189e-02
3.289189562201499939e-02
3.288649767637252808e-02
3.357125446200370789e-02
3.372606262564659119e-02
3.480096533894538879e-02
3.736057877540588379e-02
3.867430984973907471e-02
3.958076238632202148e-02
4.153234884142875671e-02
4.252506792545318604e-02
4.390444234013557434e-02
4.507286101579666138e-02
4.768703877925872803e-02
4.897483810782432556e-02
4.879095405340194702e-02
5.076855421066284180e-02
5.141225829720497131e-02
5.348924919962882996e-02
5.518970265984535217e-02
5.676501989364624023e-02
5.799139663577079773e-02
5.879827216267585754e-02
6.094549223780632019e-02
6.157714128494262695e-02
6.399725377559661865e-02
6.553255766630172729e-02
6.589429080486297607e-02
6.462508440017700195e-02
6.367793679237365723e-02
6.283189356327056885e-02
6.115770339965820312e-02
6.000822409987449646e-02
5.982356145977973938e-02
5.781836435198783875e-02
5.636965855956077576e-02
5.615890398621559143e-02
5.483674630522727966e-02
5.303518846631050110e-02
5.265602096915245056e-02
5.224092677235603333e-02
4.908831790089607239e-02
4.804745316505432129e-02
4.674825444817543030e-02
4.570794105529785156e-02
4.437790066003799438e-02
4.332821816205978394e-02
4.251123592257499695e-02
4.062740132212638855e-02
3.973946347832679749e-02
3.956909850239753723e-02
3.832576423883438110e-02
3.711856529116630554e-02
3.526328131556510925e-02
3.389798104763031006e-02
3.193603828549385071e-02
2.981772273778915405e-02
2.846167050302028656e-02
2.831231616437435150e-02
2.576299943029880524e-02
2.286110445857048035e-02
2.142687886953353882e-02
2.042908035218715668e-02
1.845408976078033447e-02
1.617292128503322601e-02
1.516798697412014008e-02
1.209609210491180420e-02
1.103843282908201218e-02
9.822050109505653381e-03
8.412311784923076630e-03
9.409213438630104065e-03
1.037110574543476105e-02
1.034946087747812271e-02
1.420229393988847733e-02
1.564431749284267426e-02
1.651309803128242493e-02
1.813393272459506989e-02
1.870731636881828308e-02
2.111961133778095245e-02
2.755040861666202545e-02
2.820613980293273926e-02
3.090375289320945740e-02
3.271705284714698792e-02
3.465952724218368530e-02
3.568580374121665955e-02
3.747871145606040955e-02
3.782423213124275208e-02
4.154706373810768127e-02
4.137620329856872559e-02
4.138132557272911072e-02
4.189832136034965515e-02
4.425248503684997559e-02
4.500454664230346680e-02
4.639073461294174194e-02
4.861014708876609802e-02
4.934116825461387634e-02
5.097957700490951538e-02
5.269519984722137451e-02
5.407849326729774475e-02
5.585971474647521973e-02
5.713097378611564636e-02
5.785251781344413757e-02
5.967197939753532410e-02
6.103742495179176331e-02
6.236388534307479858e-02
6.264982372522354126e-02
6.147329136729240417e-02
6.068853661417961121e-02
6.035794690251350403e-02
5.898135155439376831e-02
5.683866888284683228e-02
5.676939710974693298e-02
5.349542200565338135e-02
5.274024605751037598e-02
5.002968013286590576e-02
4.949080199003219604e-02
4.785055294632911682e-02
4.757544025778770447e-02
4.450853168964385986e-02
4.402052238583564758e-02
4.300502687692642212e-02
4.133213311433792114e-02
4.060527309775352478e-02
3.893821313977241516e-02
3.806373849511146545e-02
3.704170137643814087e-02
3.590501844882965088e-02
3.466011211276054382e-02
3.307216614484786987e-02
3.242647275328636169e-02
3.145356848835945129e-02
3.065721131861209869e-02
2.892123162746429443e-02
2.798196300864219666e-02
2.731621451675891876e-02
2.512120269238948822e-02
2.448762767016887665e-02
2.248635701835155487e-02
2.151867747306823730e-02
2.099032141268253326e-02
2.075810730457305908e-02
1.733858510851860046e-02
1.691620238125324249e-02
1.637160032987594604e-02
1.373468805104494095e-02
1.182552799582481384e-02
9.901932440698146820e-03
8.862183429300785065e-03
8.090534247457981110e-03
7.652041967958211899e-03
6.711713969707489014e-03
3.701498731970787048e-03
2.683559898287057877e-03
2.449074992910027504e-03
2.165297511965036392e-03
4.688975866883993149e-03
6.694635841995477676e-03
6.572484970092773438e-03
9.035443887114524841e-03
9.214798919856548309e-03
9.668425656855106354e-03
1.036059483885765076e-02
1.184744108468294144e-02
1.260196138173341751e-02
1.267591863870620728e-02
1.290632970631122589e-02
1.498742122203111649e-02
1.499828416854143143e-02
1.506923884153366089e-02
1.741790026426315308e-02
1.787287928164005280e-02
1.850141771137714386e-02
2.066353894770145416e-02
2.074121683835983276e-02
2.096036635339260101e-02
2.131986431777477264e-02
2.153817564249038696e-02
2.186616882681846619e-02
2.201082184910774231e-02
2.234104275703430176e-02
2.250295132398605347e-02
2.265040576457977295e-02
2.310200408101081848e-02
2.370570227503776550e-02
2.422242239117622375e-02
2.404694817960262299e-02
2.320892922580242157e-02
2.296664752066135406e-02
2.288277633488178253e-02
2.262936532497406006e-02
2.244815044105052948e-02
2.211662195622920990e-02
2.180731855332851410e-02
2.156223915517330170e-02
2.123331837356090546e-02
2.067298069596290588e-02
2.034810185432434082e-02
2.007296867668628693e-02
1.996437273919582367e-02
1.973925903439521790e-02
1.931289397180080414e-02
1.889213547110557556e-02
1.885532215237617493e-02
1.859599538147449493e-02
1.847409084439277649e-02
1.839234121143817902e-02
1.823050528764724731e-02
1.809579320251941681e-02
1.796299777925014496e-02
1.781230606138706207e-02
1.777727901935577393e-02
1.775879040360450745e-02
1.763544231653213501e-02
1.769865490496158600e-02
1.761414855718612671e-02
1.759425178170204163e-02
1.762210577726364136e-02
1.771975867450237274e-02
1.777902804315090179e-02
1.774389110505580902e-02
1.791084185242652893e-02
1.799486763775348663e-02
1.808429881930351257e-02
1.816604100167751312e-02
1.844589412212371826e-02
1.858363114297389984e-02
1.893022842705249786e-02
1.904324069619178772e-02
1.930193416774272919e-02
1.934280246496200562e-02
1.960292458534240723e-02
2.020519599318504333e-02
2.016850002110004425e-02
2.088736183941364288e-02
2.083696052432060242e-02
2.140562422573566437e-02
2.153938263654708862e-02
2.190827578306198120e-02
2.241686359047889709e-02
2.272837050259113312e-02
2.300587669014930725e-02
2.349564991891384125e-02
2.390180155634880066e-02
2.428482472896575928e-02
2.428758516907691956e-02
2.519223280251026154e-02
2.537922933697700500e-02
2.584542334079742432e-02
2.615340240299701691e-02
2.655690722167491913e-02
2.752489224076271057e-02
2.786232344806194305e-02
2.791592478752136230e-02
2.840784192085266113e-02
2.876904793083667755e-02
2.967274188995361328e-02
2.989098057150840759e-02
3.067512251436710358e-02
3.083365596830844879e-02
3.140331432223320007e-02
3.193793818354606628e-02
3.238405659794807434e-02
3.271219506859779358e-02
3.312944993376731873e-02
3.356089815497398376e-02
3.404241427779197693e-02
3.446537628769874573e-02
3.527196496725082397e-02
3.549025580286979675e-02
3.639669343829154968e-02
3.658676147460937500e-02
3.707348927855491638e-02
3.760288283228874207e-02
3.852437064051628113e-02
3.869707137346267700e-02
3.917150944471359253e-02
4.023165628314018250e-02
4.058329761028289795e-02
4.105305299162864685e-02
4.194721952080726624e-02
4.239475727081298828e-02
4.290724545717239380e-02
4.328478127717971802e-02
4.353987053036689758e-02
4.386899620294570923e-02
4.503653198480606079e-02
4.527375102043151855e-02
4.572040587663650513e-02
4.568134620785713196e-02
4.568125307559967041e-02
4.624753445386886597e-02
4.646432027220726013e-02
4.697358235716819763e-02
4.745243117213249207e-02
4.793764650821685791e-02
4.846123233437538147e-02
4.905349016189575195e-02
5.015478283166885376e-02
5.008754506707191467e-02
5.125099048018455505e-02
5.172092095017433167e-02
5.191318690776824951e-02
5.265580862760543823e-02
5.312591418623924255e-02
5.366514623165130615e-02
5.456766486167907715e-02
5.455088615417480469e-02
5.544992536306381226e-02
5.563602596521377563e-02
5.597440153360366821e-02
5.636388435959815979e-02
5.651589855551719666e-02
5.745553597807884216e-02
5.777405202388763428e-02
5.820377916097640991e-02
5.854783207178115845e-02
5.882233381271362305e-02
5.959245190024375916e-02
6.011441722512245178e-02
6.058000773191452026e-02
6.067479774355888367e-02
6.195743381977081299e-02
6.239379942417144775e-02
6.270064413547515869e-02
6.299264729022979736e-02
6.332644820213317871e-02
6.386576592922210693e-02
6.391993910074234009e-02
6.496235728263854980e-02
6.542696803808212280e-02
6.597116589546203613e-02
6.666135787963867188e-02
6.695777922868728638e-02
6.729572266340255737e-02
6.738205999135971069e-02
6.835545599460601807e-02
6.908595561981201172e-02
6.954743713140487671e-02
6.975966691970825195e-02
7.085843384265899658e-02
7.146945595741271973e-02
7.188916206359863281e-02
7.200682163238525391e-02
7.293787598609924316e-02
7.295629382133483887e-02
7.386360317468643188e-02
7.412409037351608276e-02
7.456411421298980713e-02
7.536065578460693359e-02
7.547392696142196655e-02
7.594564557075500488e-02
7.662265747785568237e-02
7.737276703119277954e-02
7.793205976486206055e-02
7.804305106401443481e-02
7.884366065263748169e-02
7.901984453201293945e-02
7.966104894876480103e-02
8.013220131397247314e-02
8.094167709350585938e-02
8.109977096319198608e-02
8.193283528089523315e-02
8.218897134065628052e-02
8.301021158695220947e-02
8.383510261774063110e-02
8.419077843427658081e-02
8.432588726282119751e-02
8.527326583862304688e-02
8.562655001878738403e-02
8.590304851531982422e-02
8.642185479402542114e-02
8.714732527732849121e-02
8.736594766378402710e-02
8.779732137918472290e-02
8.832013607025146484e-02
8.852048963308334351e-02
8.892346173524856567e-02
8.936545252799987793e-02
8.998300135135650635e-02
9.052569419145584106e-02
9.112160652875900269e-02
9.163341671228408813e-02
9.212522208690643311e-02
9.269285947084426880e-02
9.329348802566528320e-02
9.422528743743896484e-02
9.466023743152618408e-02
9.509366750717163086e-02
9.535316377878189087e-02
9.540330618619918823e-02
9.578131884336471558e-02
9.586707502603530884e-02
9.682155400514602661e-02
9.695956110954284668e-02
9.691518545150756836e-02
9.689275920391082764e-02
9.688928723335266113e-02
9.739399701356887817e-02
9.745135903358459473e-02
9.747089445590972900e-02
9.802302718162536621e-02
9.804911911487579346e-02
9.803728759288787842e-02
9.821510314941406250e-02
9.856341034173965454e-02
9.855618327856063843e-02
9.857654571533203125e-02
9.857082366943359375e-02
9.857008606195449829e-02
9.856887161731719971e-02
9.856854379177093506e-02
9.856815636157989502e-02
9.856802970170974731e-02
9.856791049242019653e-02
9.862606227397918701e-02
9.917552769184112549e-02
9.961636364459991455e-02
1.002058908343315125e-01
1.004306674003601074e-01
1.013826280832290649e-01
1.013462319970130920e-01
1.022127047181129456e-01
1.028749421238899231e-01
1.034039780497550964e-01
1.041246950626373291e-01
1.045151799917221069e-01
1.054368615150451660e-01
1.058170571923255920e-01
1.062663793563842773e-01
1.068295538425445557e-01
1.068127602338790894e-01
1.083091348409652710e-01
1.085330545902252197e-01
1.088168397545814514e-01
1.096946224570274353e-01
1.101732999086380005e-01
1.106981411576271057e-01
1.113003715872764587e-01
1.112875193357467651e-01
1.121559217572212219e-01
1.125437691807746887e-01
1.130107566714286804e-01
1.134845837950706482e-01
1.146551072597503662e-01
1.146830990910530090e-01
1.149215549230575562e-01
1.158133372664451599e-01
1.168633401393890381e-01
1.171163544058799744e-01
1.175937801599502563e-01
1.181277707219123840e-01
1.195629462599754333e-01
1.197577640414237976e-01
1.200903803110122681e-01
1.202910691499710083e-01
1.214512065052986145e-01
1.220749020576477051e-01
1.225477755069732666e-01
1.227257251739501953e-01
1.236265376210212708e-01
1.240519210696220398e-01
1.242766827344894409e-01
1.253039538860321045e-01
1.257732957601547241e-01
1.263534128665924072e-01
1.271713078022003174e-01
1.276830583810806274e-01
1.280011236667633057e-01
1.282102912664413452e-01
1.292487680912017822e-01
1.299482882022857666e-01
1.305631399154663086e-01
1.308146566152572632e-01
1.310278177261352539e-01
1.321672946214675903e-01
1.326666176319122314e-01
1.331870555877685547e-01
1.336160749197006226e-01
1.339394897222518921e-01
1.345056742429733276e-01
1.355350464582443237e-01
1.361219882965087891e-01
1.362965852022171021e-01
1.368342936038970947e-01
1.373261213302612305e-01
1.381848901510238647e-01
1.386740952730178833e-01
1.397552490234375000e-01
1.403519213199615479e-01
1.404656469821929932e-01
1.408646404743194580e-01
1.414875537157058716e-01
1.415425240993499756e-01
1.426538527011871338e-01
1.436194926500320435e-01
1.442077308893203735e-01
1.443955302238464355e-01
1.448628902435302734e-01
1.456385552883148193e-01
1.464375108480453491e-01
1.469511091709136963e-01
1.471938788890838623e-01
1.482187211513519287e-01
1.484900265932083130e-01
1.489581167697906494e-01
1.495604664087295532e-01
1.506774127483367920e-01
1.512040048837661743e-01
1.512750387191772461e-01
1.517111659049987793e-01
1.526248306035995483e-01
1.530773937702178955e-01
1.539140939712524414e-01
1.545718908309936523e-01
1.551903784275054932e-01
1.557655334472656250e-01
1.558373123407363892e-01
1.561890989542007446e-01
1.571294069290161133e-01
1.574511080980300903e-01
1.577724367380142212e-01
1.591154038906097412e-01
1.596550047397613525e-01
1.599417179822921753e-01
1.601562649011611938e-01
1.607496440410614014e-01
1.615916937589645386e-01
1.621026247739791870e-01
1.625703275203704834e-01
1.635329425334930420e-01
1.638029515743255615e-01
1.642402559518814087e-01
1.647121757268905640e-01
1.652754098176956177e-01
1.656933724880218506e-01
1.658997982740402222e-01
1.674779653549194336e-01
1.677933931350708008e-01
1.685787290334701538e-01
1.692161262035369873e-01
1.696691960096359253e-01
1.698341518640518188e-01
1.707293391227722168e-01
1.713710874319076538e-01
1.713624894618988037e-01
1.714269369840621948e-01
1.730182170867919922e-01
1.735209524631500244e-01
1.741115152835845947e-01
1.742189526557922363e-01
1.746842712163925171e-01
1.751997470855712891e-01
1.752424985170364380e-01
1.763375252485275269e-01
1.764546036720275879e-01
1.773321926593780518e-01
1.781515330076217651e-01
1.785449087619781494e-01
1.786664873361587524e-01
1.796359121799468994e-01
1.797576993703842163e-01
1.807406693696975708e-01
1.815133690834045410e-01
1.820769757032394409e-01
1.823725551366806030e-01
1.828931123018264771e-01
1.833063066005706787e-01
1.838874816894531250e-01
1.839576512575149536e-01
1.849071085453033447e-01
1.856480985879898071e-01
1.859612166881561279e-01
1.859149932861328125e-01
1.865205317735671997e-01
1.869019418954849243e-01
1.872708797454833984e-01
1.880830377340316772e-01
1.889774948358535767e-01
1.890282630920410156e-01
1.899742633104324341e-01
1.899826526641845703e-01
1.904596388339996338e-01
1.909296959638595581e-01
1.911818087100982666e-01
1.925461888313293457e-01
1.929773837327957153e-01
1.932520419359207153e-01
1.935518980026245117e-01
1.939311176538467407e-01
1.944122016429901123e-01
1.944388747215270996e-01
1.948096454143524170e-01
1.959799230098724365e-01
1.963784098625183105e-01
1.964557468891143799e-01
1.967766880989074707e-01
1.974955201148986816e-01
1.981515139341354370e-01
1.985450387001037598e-01
1.987633705139160156e-01
1.996292173862457275e-01
1.997570246458053589e-01
2.001228481531143188e-01
2.001540511846542358e-01
2.007127106189727783e-01
2.011448442935943604e-01
2.013765126466751099e-01
2.022169828414916992e-01
2.029023170471191406e-01
2.033185660839080811e-01
2.041985094547271729e-01
2.044995576143264771e-01
2.049409598112106323e-01
2.054169625043869019e-01
2.057421952486038208e-01
2.058709412813186646e-01
2.064455896615982056e-01
2.068320065736770630e-01
2.073190808296203613e-01
2.082357704639434814e-01
2.084213644266128540e-01
2.085169404745101929e-01
2.087196409702301025e-01
2.089063227176666260e-01
2.092172950506210327e-01
2.093215733766555786e-01
2.096392661333084106e-01
2.098348289728164673e-01
2.099379003047943115e-01
2.101583182811737061e-01
2.104454487562179565e-01
2.106197029352188110e-01
2.109075337648391724e-01
2.110206633806228638e-01
2.113304436206817627e-01
2.114933282136917114e-01
2.116855978965759277e-01
2.117742449045181274e-01
2.119531184434890747e-01
2.119615823030471802e-01
2.125444412231445312e-01
2.127317935228347778e-01
2.128552794456481934e-01
2.130922973155975342e-01
2.132063955068588257e-01
2.133821845054626465e-01
2.136452049016952515e-01
2.139262259006500244e-01
2.142167985439300537e-01
2.144599854946136475e-01
2.145029008388519287e-01
2.148299813270568848e-01
2.150836884975433350e-01
2.151682376861572266e-01
2.152889221906661987e-01
2.155692726373672485e-01
2.157950997352600098e-01
2.160052806138992310e-01
2.162363529205322266e-01
2.164162695407867432e-01
2.164566218852996826e-01
2.169139385223388672e-01
2.168982923030853271e-01
2.172622084617614746e-01
2.176212817430496216e-01
2.179334014654159546e-01
2.182715535163879395e-01
2.182981818914413452e-01
2.182445526123046875e-01
2.180750370025634766e-01
2.179812788963317871e-01
2.176893502473831177e-01
2.175891250371932983e-01
2.175722420215606689e-01
2.175525575876235962e-01
2.175339460372924805e-01
2.173314541578292847e-01
2.171440422534942627e-01
2.172064036130905151e-01
2.168931066989898682e-01
2.166582047939300537e-01
2.166698873043060303e-01
2.166396677494049072e-01
2.165454030036926270e-01
2.165498435497283936e-01
2.163106799125671387e-01
2.164143621921539307e-01
2.161874324083328247e-01
2.162050157785415649e-01
2.160888165235519409e-01
2.159802168607711792e-01
2.158079445362091064e-01
2.159030288457870483e-01
2.157628238201141357e-01
2.155304402112960815e-01
2.155269831418991089e-01
2.152043133974075317e-01
2.152863740921020508e-01
2.151583284139633179e-01
2.150867432355880737e-01
2.149434238672256470e-01
2.148289829492568970e-01
2.147327363491058350e-01
2.144898027181625366e-01
2.144957333803176880e-01
2.144710421562194824e-01
2.143439501523971558e-01
2.140742093324661255e-01
2.139440625905990601e-01
2.139553576707839966e-01
2.138067930936813354e-01
2.135125547647476196e-01
2.134368121623992920e-01
2.134289592504501343e-01
2.133074849843978882e-01
2.132476419210433960e-01
2.130417376756668091e-01
2.129374742507934570e-01
2.128560245037078857e-01
2.127601653337478638e-01
2.126065343618392944e-01
2.126333713531494141e-01
2.124629467725753784e-01
2.123944312334060669e-01
2.122027575969696045e-01
2.122841477394104004e-01
2.120082974433898926e-01
2.120183259248733521e-01
2.119348645210266113e-01
2.116437852382659912e-01
2.116488218307495117e-01
2.115819305181503296e-01
2.114985436201095581e-01
2.114983052015304565e-01
2.112378627061843872e-01
2.111964970827102661e-01
2.112147659063339233e-01
2.110565155744552612e-01
2.107230126857757568e-01
2.108206748962402344e-01
2.107284218072891235e-01
2.106504589319229126e-01
2.105123102664947510e-01
2.103968709707260132e-01
2.103769630193710327e-01
2.103250920772552490e-01
2.101373076438903809e-01
2.100257724523544312e-01
2.099677324295043945e-01
2.099022865295410156e-01
2.097684890031814575e-01
2.096221297979354858e-01
2.096082568168640137e-01
2.094654887914657593e-01
2.094402611255645752e-01
2.092234641313552856e-01
2.092571407556533813e-01
2.091331779956817627e-01
2.090064436197280884e-01
2.090290486812591553e-01
2.087879925966262817e-01
2.088657915592193604e-01
2.087609618902206421e-01
2.085806727409362793e-01
2.086520493030548096e-01
2.084664851427078247e-01
2.084065079689025879e-01
2.084352374076843262e-01
2.081558704376220703e-01
2.082074880599975586e-01
2.080926150083541870e-01
2.079946696758270264e-01
2.079976648092269897e-01
2.078139483928680420e-01
2.078231275081634521e-01
2.077204287052154541e-01
2.077120542526245117e-01
2.075256854295730591e-01
2.074711173772811890e-01
2.075518071651458740e-01
2.074170857667922974e-01
2.073419988155364990e-01
2.073350995779037476e-01
2.072299569845199585e-01
2.073074728250503540e-01
2.071696519851684570e-01
