0.000000000000000000e+00 0.000000000000000000e+00 0.000000000000000000e+00
0.000000000000000000e+00 0.000000000000000000e+00 0.000000000000000000e+00
0.000000000000000000e+00 0.000000000000000000e+00 0.000000000000000000e+00
0.000000000000000000e+00 0.000000000000000000e+00 0.000000000000000000e+00
0.000000000000000000e+00 0.000000000000000000e+00 0.000000000000000000e+00
0.000000000000000000e+00 0.000000000000000000e+00 0.000000000000000000e+00
0.000000000000000000e+00 0.000000000000000000e+00 0.000000000000000000e+00
0.000000000000000000e+00 0.000000000000000000e+00 0.000000000000000000e+00
0.000000000000000000e+00 0.000000000000000000e+00 0.000000000000000000e+00
0.000000000000000000e+00 0.000000000000000000e+00 0.000000000000000000e+00
0.000000000000000000e+00 0.000000000000000000e+00 0.000000000000000000e+00
0.000000000000000000e+00 0.000000000000000000e+00 0.000000000000000000e+00
0.000000000000000000e+00 0.000000000000000000e+00 0.000000000000000000e+00
0.000000000000000000e+00 0.000000000000000000e+00 0.000000000000000000e+00
0.000000000000000000e+00 0.000000000000000000e+00 0.000000000000000000e+00
0.000000000000000000e+00 0.000000000000000000e+00 0.000000000000000000e+00
0.000000000000000000e+00 0.000000000000000000e+00 0.000000000000000000e+00
0.000000000000000000e+00 0.000000000000000000e+00 0.000000000000000000e+00
0.000000000000000000e+00 0.000000000000000000e+00 0.000000000000000000e+00
0.000000000000000000e+00 0.000000000000000000e+00 0.000000000000000000e+00
0.000000000000000000e+00 0.000000000000000000e+00 0.000000000000000000e+00
0.000000000000000000e+00 0.000000000000000000e+00 0.000000000000000000e+00
0.000000000000000000e+00 0.000000000000000000e+00 0.000000000000000000e+00
0.000000000000000000e+00 0.000000000000000000e+00 0.000000000000000000e+00
0.000000000000000000e+00 0.000000000000000000e+00 0.000000000000000000e+00
0.000000000000000000e+00 0.000000000000000000e+00 0.000000000000000000e+00
0.000000000000000000e+00 0.000000000000000000e+00 0.000000000000000000e+00
0.000000000000000000e+00 0.000000000000000000e+00 0.000000000000000000e+00
0.000000000000000000e+00 0.000000000000000000e+00 0.000000000000000000e+00
0.000000000000000000e+00 0.000000000000000000e+00 0.000000000000000000e+00
0.000000000000000000e+00 0.000000000000000000e+00 0.000000000000000000e+00
0.000000000000000000e+00 0.000000000000000000e+00 0.000000000000000000e+00
0.000000000000000000e+00 0.000000000000000000e+00 0.000000000000000000e+00
0.000000000000000000e+00 0.000000000000000000e+00 0.000000000000000000e+00
0.000000000000000000e+00 0.000000000000000000e+00 0.000000000000000000e+00
0.000000000000000000e+00 0.000000000000000000e+00 0.000000000000000000e+00
0.000000000000000000e+00 0.000000000000000000e+00 0.000000000000000000e+00
0.000000000000000000e+00 0.000000000000000000e+00 0.000000000000000000e+00
0.000000000000000000e+00 0.000000000000000000e+00 0.000000000000000000e+00
0.000000000000000000e+00 0.000000000000000000e+00 0.000000000000000000e+00
0.000000000000000000e+00 0.000000000000000000e+00 0.000000000000000000e+00
0.000000000000000000e+00 0.000000000000000000e+00 0.000000000000000000e+00
0.000000000000000000e+00 0.000000000000000000e+00 0.000000000000000000e+00
0.000000000000000000e+00 0.000000000000000000e+00 0.000000000000000000e+00
0.000000000000000000e+00 0.000000000000000000e+00 0.000000000000000000e+00
0.000000000000000000e+00 0.000000000000000000e+00 0.000000000000000000e+00
0.000000000000000000e+00 0.000000000000000000e+00 0.000000000000000000e+00
0.000000000000000000e+00 0.000000000000000000e+00 0.000000000000000000e+00
0.000000000000000000e+00 0.000000000000000000e+00 0.000000000000000000e+00
0.000000000000000000e+00 0.000000000000000000e+00 0.000000000000000000e+00
0.000000000000000000e+00 0.000000000000000000e+00 0.000000000000000000e+00
0.000000000000000000e+00 0.000000000000000000e+00 0.000000000000000000e+00
0.000000000000000000e+00 0.000000000000000000e+00 0.000000000000000000e+00
0.000000000000000000e+00 0.000000000000000000e+00 0.000000000000000000e+00
0.000000000000000000e+00 0.000000000000000000e+00 0.000000000000000000e+00
0.000000000000000000e+00 0.000000000000000000e+00 0.000000000000000000e+00
0.000000000000000000e+00 0.000000000000000000e+00 0.000000000000000000e+00
0.000000000000000000e+00 0.000000000000000000e+00 0.000000000000000000e+00
0.000000000000000000e+00 0.000000000000000000e+00 0.000000000000000000e+00
0.000000000000000000e+00 0.000000000000000000e+00 0.000000000000000000e+00
0.000000000000000000e+00 0.000000000000000000e+00 0.000000000000000000e+00
0.000000000000000000e+00 0.000000000000000000e+00 0.000000000000000000e+00
0.000000000000000000e+00 0.000000000000000000e+00 0.000000000000000000e+00
0.000000000000000000e+00 0.000000000000000000e+00 0.000000000000000000e+00
0.000000000000000000e+00 0.000000000000000000e+00 0.000000000000000000e+00
0.000000000000000000e+00 0.000000000000000000e+00 0.000000000000000000e+00
0.000000000000000000e+00 0.000000000000000000e+00 0.000000000000000000e+00
0.000000000000000000e+00 0.000000000000000000e+00 0.000000000000000000e+00
0.000000000000000000e+00 0.000000000000000000e+00 0.000000000000000000e+00
0.000000000000000000e+00 0.000000000000000000e+00 0.000000000000000000e+00
0.000000000000000000e+00 0.000000000000000000e+00 0.000000000000000000e+00
0.000000000000000000e+00 0.000000000000000000e+00 0.000000000000000000e+00
0.000000000000000000e+00 0.000000000000000000e+00 0.000000000000000000e+00
0.000000000000000000e+00 0.000000000000000000e+00 0.000000000000000000e+00
0.000000000000000000e+00 0.000000000000000000e+00 0.000000000000000000e+00
-6.813171505928039551e-01 -1.292973756790161133e+00 0.000000000000000000e+00
-6.593818664550781250e-01 -1.312466859817504883e+00 0.000000000000000000e+00
-5.807826519012451172e-01 -1.371675372123718262e+00 0.000000000000000000e+00
-4.098066389560699463e-01 -1.316527605056762695e+00 0.000000000000000000e+00
-2.694852948188781738e-01 -1.285315871238708496e+00 0.000000000000000000e+00
-3.434503674507141113e-01 -1.289247035980224609e+00 0.000000000000000000e+00
-2.238979339599609375e-01 -1.233307600021362305e+00 0.000000000000000000e+00
-1.721798628568649292e-01 -1.238550424575805664e+00 0.000000000000000000e+00
-7.711894065141677856e-02 -1.123538255691528320e+00 0.000000000000000000e+00
-2.806068360805511475e-01 -9.400846958160400391e-01 0.000000000000000000e+00
-5.506321787834167480e-01 -7.898687124252319336e-01 0.000000000000000000e+00
-5.688714981079101562e-01 -5.536755919456481934e-01 0.000000000000000000e+00
-6.335514187812805176e-01 -4.697986841201782227e-01 0.000000000000000000e+00
-9.310069084167480469e-01 -2.814199030399322510e-01 0.000000000000000000e+00
-1.165710210800170898e+00 -1.744755506515502930e-01 0.000000000000000000e+00
-1.058259844779968262e+00 -5.234440416097640991e-02 0.000000000000000000e+00
-1.030425071716308594e+00 1.500262916088104248e-01 0.000000000000000000e+00
-4.431935548782348633e-01 1.611329913139343262e-01 0.000000000000000000e+00
-6.255329847335815430e-01 1.463879197835922241e-01 0.000000000000000000e+00
-4.959677159786224365e-01 1.495107412338256836e-01 0.000000000000000000e+00
-3.795202672481536865e-01 1.331560015678405762e-01 0.000000000000000000e+00
-1.507982462644577026e-01 1.058232411742210388e-01 0.000000000000000000e+00
-1.408157497644424438e-02 1.016158834099769592e-01 0.000000000000000000e+00
1.566648036241531372e-01 1.039609462022781372e-01 0.000000000000000000e+00
3.247168064117431641e-01 1.264464557170867920e-01 0.000000000000000000e+00
5.556555390357971191e-01 1.021676436066627502e-01 0.000000000000000000e+00
8.118285536766052246e-01 1.767262220382690430e-01 0.000000000000000000e+00
9.137532711029052734e-01 1.190568581223487854e-01 0.000000000000000000e+00
1.185763239860534668e+00 1.805975139141082764e-01 0.000000000000000000e+00
1.352241754531860352e+00 1.464092582464218140e-01 0.000000000000000000e+00
1.551873683929443359e+00 1.525822132825851440e-01 0.000000000000000000e+00
1.614105582237243652e+00 1.592246145009994507e-01 0.000000000000000000e+00
1.550705790519714355e+00 1.898551285266876221e-01 0.000000000000000000e+00
1.551541924476623535e+00 2.754119038581848145e-01 0.000000000000000000e+00
1.487464785575866699e+00 3.612261712551116943e-01 0.000000000000000000e+00
1.543185114860534668e+00 3.506596088409423828e-01 0.000000000000000000e+00
1.529485940933227539e+00 4.569719731807708740e-01 0.000000000000000000e+00
1.532518625259399414e+00 4.582132399082183838e-01 0.000000000000000000e+00
1.537116289138793945e+00 4.925388991832733154e-01 0.000000000000000000e+00
1.576054215431213379e+00 4.101086556911468506e-01 0.000000000000000000e+00
1.629128813743591309e+00 2.127612531185150146e-01 0.000000000000000000e+00
1.589347362518310547e+00 3.519669175148010254e-01 0.000000000000000000e+00
1.588706851005554199e+00 3.367448449134826660e-01 0.000000000000000000e+00
1.581480145454406738e+00 3.427498936653137207e-01 0.000000000000000000e+00
1.549023985862731934e+00 4.436805844306945801e-01 0.000000000000000000e+00
1.567776918411254883e+00 3.850692808628082275e-01 0.000000000000000000e+00
1.568119883537292480e+00 3.902867734432220459e-01 0.000000000000000000e+00
1.551042675971984863e+00 4.532840251922607422e-01 0.000000000000000000e+00
1.555172204971313477e+00 4.508591294288635254e-01 0.000000000000000000e+00
1.540242433547973633e+00 5.174192190170288086e-01 0.000000000000000000e+00
1.529904723167419434e+00 5.782905220985412598e-01 0.000000000000000000e+00
1.522486329078674316e+00 6.361464858055114746e-01 0.000000000000000000e+00
1.535827994346618652e+00 6.338177323341369629e-01 0.000000000000000000e+00
1.537636637687683105e+00 6.149511337280273438e-01 0.000000000000000000e+00
1.531222343444824219e+00 4.300270378589630127e-01 0.000000000000000000e+00
1.598523974418640137e+00 3.236039876937866211e-01 0.000000000000000000e+00
1.558151721954345703e+00 4.188145101070404053e-01 0.000000000000000000e+00
1.558717250823974609e+00 3.783558309078216553e-01 0.000000000000000000e+00
1.553963780403137207e+00 3.616977334022521973e-01 0.000000000000000000e+00
1.538113713264465332e+00 4.270020425319671631e-01 0.000000000000000000e+00
1.567065596580505371e+00 3.971934616565704346e-01 0.000000000000000000e+00
1.567848443984985352e+00 4.529202580451965332e-01 0.000000000000000000e+00
1.548159599304199219e+00 4.763340353965759277e-01 0.000000000000000000e+00
1.557328343391418457e+00 4.537054598331451416e-01 0.000000000000000000e+00
1.533289194107055664e+00 5.107155442237854004e-01 0.000000000000000000e+00
1.529098033905029297e+00 5.503998398780822754e-01 0.000000000000000000e+00
1.519970655441284180e+00 6.019453406333923340e-01 0.000000000000000000e+00
1.533469915390014648e+00 5.902357101440429688e-01 0.000000000000000000e+00
1.534520030021667480e+00 6.403382420539855957e-01 0.000000000000000000e+00
1.532211542129516602e+00 6.665405035018920898e-01 0.000000000000000000e+00
1.531952023506164551e+00 7.003371715545654297e-01 0.000000000000000000e+00
1.531957507133483887e+00 7.350823283195495605e-01 0.000000000000000000e+00
1.531957626342773438e+00 7.698314785957336426e-01 0.000000000000000000e+00
1.537988424301147461e+00 7.845055460929870605e-01 0.000000000000000000e+00
1.566989302635192871e+00 7.541968226432800293e-01 0.000000000000000000e+00
1.598542928695678711e+00 7.156785130500793457e-01 0.000000000000000000e+00
1.609528422355651855e+00 6.199988722801208496e-01 0.000000000000000000e+00
1.602325201034545898e+00 6.305635571479797363e-01 0.000000000000000000e+00
1.590332984924316406e+00 6.439265608787536621e-01 0.000000000000000000e+00
1.587278842926025391e+00 6.282104253768920898e-01 0.000000000000000000e+00
1.581424593925476074e+00 6.246204376220703125e-01 0.000000000000000000e+00
1.572503566741943359e+00 6.369361877441406250e-01 0.000000000000000000e+00
1.565764069557189941e+00 6.487023234367370605e-01 0.000000000000000000e+00
1.564281463623046875e+00 6.514220237731933594e-01 0.000000000000000000e+00
1.565853834152221680e+00 6.590321063995361328e-01 0.000000000000000000e+00
1.568302035331726074e+00 6.449264287948608398e-01 0.000000000000000000e+00
1.568273544311523438e+00 6.461257338523864746e-01 0.000000000000000000e+00
1.568273782730102539e+00 6.473020911216735840e-01 0.000000000000000000e+00
1.568274021148681641e+00 6.484441161155700684e-01 0.000000000000000000e+00
1.568270921707153320e+00 6.495941877365112305e-01 0.000000000000000000e+00
1.568271040916442871e+00 6.507682800292968750e-01 0.000000000000000000e+00
1.576551318168640137e+00 6.360614299774169922e-01 0.000000000000000000e+00
1.570665597915649414e+00 6.499542593955993652e-01 0.000000000000000000e+00
1.570741057395935059e+00 6.501573324203491211e-01 0.000000000000000000e+00
1.571214199066162109e+00 6.487552523612976074e-01 0.000000000000000000e+00
1.586196899414062500e+00 5.986618995666503906e-01 0.000000000000000000e+00
1.606925487518310547e+00 5.246949791908264160e-01 0.000000000000000000e+00
1.603308916091918945e+00 5.174626708030700684e-01 0.000000000000000000e+00
1.601459026336669922e+00 5.025802850723266602e-01 0.000000000000000000e+00
1.620668053627014160e+00 4.119957685470581055e-01 0.000000000000000000e+00
1.589834332466125488e+00 4.793756306171417236e-01 0.000000000000000000e+00
1.601100087165832520e+00 4.138958454132080078e-01 0.000000000000000000e+00
1.570131063461303711e+00 4.833036363124847412e-01 0.000000000000000000e+00
1.559446334838867188e+00 4.978193342685699463e-01 0.000000000000000000e+00
1.577330112457275391e+00 4.373718500137329102e-01 0.000000000000000000e+00
1.582313060760498047e+00 3.988431394100189209e-01 0.000000000000000000e+00
1.685886621475219727e+00 3.322156518697738647e-02 0.000000000000000000e+00
1.622560977935791016e+00 1.821224838495254517e-01 0.000000000000000000e+00
1.623921036720275879e+00 1.149803623557090759e-01 0.000000000000000000e+00
1.636737108230590820e+00 5.188359692692756653e-02 0.000000000000000000e+00
1.630650758743286133e+00 -8.257000707089900970e-03 0.000000000000000000e+00
1.646322131156921387e+00 -1.620200276374816895e-02 0.000000000000000000e+00
1.559196949005126953e+00 2.095712870359420776e-01 0.000000000000000000e+00
1.559319972991943359e+00 1.460149884223937988e-01 0.000000000000000000e+00
1.591682195663452148e+00 4.342909157276153564e-02 0.000000000000000000e+00
1.593165278434753418e+00 3.897438198328018188e-02 0.000000000000000000e+00
1.616999387741088867e+00 -4.591408744454383850e-02 0.000000000000000000e+00
1.648974299430847168e+00 -6.870347261428833008e-02 0.000000000000000000e+00
1.662448287010192871e+00 -2.199297398328781128e-01 0.000000000000000000e+00
1.683953404426574707e+00 -2.031114548444747925e-01 0.000000000000000000e+00
1.711840033531188965e+00 -1.964611858129501343e-01 0.000000000000000000e+00
1.756147265434265137e+00 -2.021117061376571655e-01 0.000000000000000000e+00
1.755735993385314941e+00 -2.328480631113052368e-01 0.000000000000000000e+00
1.730553269386291504e+00 -2.902856171131134033e-01 0.000000000000000000e+00
1.747393012046813965e+00 -2.979189753532409668e-01 0.000000000000000000e+00
1.766238451004028320e+00 -2.982591390609741211e-01 0.000000000000000000e+00
1.789449453353881836e+00 -2.772948145866394043e-01 0.000000000000000000e+00
1.771593809127807617e+00 -2.857186496257781982e-01 0.000000000000000000e+00
1.763977050781250000e+00 -2.481058239936828613e-01 0.000000000000000000e+00
1.772750616073608398e+00 -1.748221069574356079e-01 0.000000000000000000e+00
1.781048297882080078e+00 -1.427991539239883423e-01 0.000000000000000000e+00
1.766752958297729492e+00 -1.499990671873092651e-01 0.000000000000000000e+00
1.767004966735839844e+00 -1.226224750280380249e-01 0.000000000000000000e+00
1.767014741897583008e+00 -9.434362500905990601e-02 0.000000000000000000e+00
1.764461040496826172e+00 -9.489773213863372803e-02 0.000000000000000000e+00
1.767542243003845215e+00 -4.696664959192276001e-02 0.000000000000000000e+00
1.767355561256408691e+00 -2.096806094050407410e-02 0.000000000000000000e+00
1.764024376869201660e+00 5.372120067477226257e-03 0.000000000000000000e+00
1.758874654769897461e+00 5.411216244101524353e-02 0.000000000000000000e+00
1.753541707992553711e+00 1.011558473110198975e-01 0.000000000000000000e+00
1.750617384910583496e+00 1.461872905492782593e-01 0.000000000000000000e+00
1.755691647529602051e+00 1.655882894992828369e-01 0.000000000000000000e+00
1.747602462768554688e+00 2.278701364994049072e-01 0.000000000000000000e+00
1.754427790641784668e+00 2.446402460336685181e-01 0.000000000000000000e+00
1.752750396728515625e+00 2.811926901340484619e-01 0.000000000000000000e+00
1.773989081382751465e+00 3.126844465732574463e-01 0.000000000000000000e+00
1.748650312423706055e+00 3.438643813133239746e-01 0.000000000000000000e+00
1.768471360206604004e+00 3.799540102481842041e-01 0.000000000000000000e+00
1.773065924644470215e+00 4.145148694515228271e-01 0.000000000000000000e+00
1.775768280029296875e+00 4.444692730903625488e-01 0.000000000000000000e+00
1.776439666748046875e+00 4.781512618064880371e-01 0.000000000000000000e+00
1.775969624519348145e+00 5.105989575386047363e-01 0.000000000000000000e+00
1.777842402458190918e+00 5.331447124481201172e-01 0.000000000000000000e+00
1.769674420356750488e+00 5.646896362304687500e-01 0.000000000000000000e+00
1.770072698593139648e+00 5.924903154373168945e-01 0.000000000000000000e+00
1.772002458572387695e+00 6.055158376693725586e-01 0.000000000000000000e+00
1.774982929229736328e+00 6.327049732208251953e-01 0.000000000000000000e+00
1.763012170791625977e+00 6.487735509872436523e-01 0.000000000000000000e+00
1.775261998176574707e+00 6.863074302673339844e-01 0.000000000000000000e+00
1.775613188743591309e+00 7.106311321258544922e-01 0.000000000000000000e+00
1.788686990737915039e+00 7.289164066314697266e-01 0.000000000000000000e+00
1.774404287338256836e+00 7.619977593421936035e-01 0.000000000000000000e+00
1.773324251174926758e+00 7.908541560173034668e-01 0.000000000000000000e+00
1.764760136604309082e+00 8.513501286506652832e-01 0.000000000000000000e+00
1.763859033584594727e+00 9.348392486572265625e-01 0.000000000000000000e+00
1.775882244110107422e+00 9.589305520057678223e-01 0.000000000000000000e+00
1.770803689956665039e+00 1.000954270362854004e+00 0.000000000000000000e+00
1.763394474983215332e+00 1.061193585395812988e+00 0.000000000000000000e+00
1.740516424179077148e+00 1.095998525619506836e+00 0.000000000000000000e+00
1.742135882377624512e+00 1.163409948348999023e+00 0.000000000000000000e+00
1.720287322998046875e+00 1.232367396354675293e+00 0.000000000000000000e+00
1.729430913925170898e+00 1.213754177093505859e+00 0.000000000000000000e+00
1.722847700119018555e+00 1.235090017318725586e+00 0.000000000000000000e+00
1.707418203353881836e+00 1.241986155509948730e+00 0.000000000000000000e+00
1.654490947723388672e+00 1.256250619888305664e+00 0.000000000000000000e+00
1.648260593414306641e+00 1.287693142890930176e+00 0.000000000000000000e+00
1.569670081138610840e+00 1.449869036674499512e+00 0.000000000000000000e+00
1.382359862327575684e+00 1.461328268051147461e+00 0.000000000000000000e+00
1.327790737152099609e+00 1.514350056648254395e+00 0.000000000000000000e+00
1.383552432060241699e+00 1.466618895530700684e+00 0.000000000000000000e+00
1.394417643547058105e+00 1.470622062683105469e+00 0.000000000000000000e+00
1.296090006828308105e+00 1.606184482574462891e+00 0.000000000000000000e+00
1.278324007987976074e+00 1.603940248489379883e+00 0.000000000000000000e+00
1.054844141006469727e+00 1.864265441894531250e+00 0.000000000000000000e+00
9.573800563812255859e-01 1.892298579216003418e+00 0.000000000000000000e+00
8.997362852096557617e-01 1.959947347640991211e+00 0.000000000000000000e+00
6.602550148963928223e-01 2.027845382690429688e+00 0.000000000000000000e+00
5.887557268142700195e-01 1.986921310424804688e+00 0.000000000000000000e+00
6.088244318962097168e-01 2.012395620346069336e+00 0.000000000000000000e+00
4.649579524993896484e-01 2.060535669326782227e+00 0.000000000000000000e+00
3.242991566658020020e-01 2.248095273971557617e+00 0.000000000000000000e+00
1.909361630678176880e-01 2.290880680084228516e+00 0.000000000000000000e+00
1.254084557294845581e-01 2.263296842575073242e+00 0.000000000000000000e+00
-1.696571707725524902e-01 2.302291631698608398e+00 0.000000000000000000e+00
-2.474872618913650513e-01 2.373585462570190430e+00 0.000000000000000000e+00
-3.370105624198913574e-01 2.433515310287475586e+00 0.000000000000000000e+00
-3.985868990421295166e-01 2.461888551712036133e+00 0.000000000000000000e+00
-4.197167456150054932e-01 2.574187755584716797e+00 0.000000000000000000e+00
-5.450881719589233398e-01 2.532761096954345703e+00 0.000000000000000000e+00
-5.898196697235107422e-01 2.501847505569458008e+00 0.000000000000000000e+00
-4.468789994716644287e-01 2.415304183959960938e+00 0.000000000000000000e+00
-5.212715864181518555e-01 2.406345367431640625e+00 0.000000000000000000e+00
-5.114591121673583984e-01 2.405379533767700195e+00 0.000000000000000000e+00
-4.207325577735900879e-01 2.288844823837280273e+00 0.000000000000000000e+00
-3.709735274314880371e-01 2.281202077865600586e+00 0.000000000000000000e+00
-2.003539055585861206e-01 2.245082855224609375e+00 0.000000000000000000e+00
-2.143765240907669067e-01 2.153687238693237305e+00 0.000000000000000000e+00
-7.856443524360656738e-02 2.099782705307006836e+00 0.000000000000000000e+00
-4.729935899376869202e-02 2.024342536926269531e+00 0.000000000000000000e+00
2.962647564709186554e-02 2.101577281951904297e+00 0.000000000000000000e+00
1.030304804444313049e-01 2.104193210601806641e+00 0.000000000000000000e+00
1.780639141798019409e-01 2.100315570831298828e+00 0.000000000000000000e+00
2.564123272895812988e-01 2.100336551666259766e+00 0.000000000000000000e+00
3.325146734714508057e-01 2.098654031753540039e+00 0.000000000000000000e+00
4.075718224048614502e-01 2.086121320724487305e+00 0.000000000000000000e+00
4.677315056324005127e-01 2.076380729675292969e+00 0.000000000000000000e+00
5.351300239562988281e-01 2.065447807312011719e+00 0.000000000000000000e+00
5.557613968849182129e-01 2.016058444976806641e+00 0.000000000000000000e+00
6.115158796310424805e-01 2.024248361587524414e+00 0.000000000000000000e+00
6.874775290489196777e-01 2.033502101898193359e+00 0.000000000000000000e+00
7.523105740547180176e-01 2.019397735595703125e+00 0.000000000000000000e+00
7.996353507041931152e-01 2.025991678237915039e+00 0.000000000000000000e+00
8.116226196289062500e-01 2.042322158813476562e+00 0.000000000000000000e+00
7.198677659034729004e-01 2.167118310928344727e+00 0.000000000000000000e+00
6.243773698806762695e-01 2.203456878662109375e+00 0.000000000000000000e+00
5.866599678993225098e-01 2.316017627716064453e+00 0.000000000000000000e+00
5.852814912796020508e-01 2.293378829956054688e+00 0.000000000000000000e+00
5.635516643524169922e-01 2.277991533279418945e+00 0.000000000000000000e+00
5.426607728004455566e-01 2.304649829864501953e+00 0.000000000000000000e+00
5.027112364768981934e-01 2.285156726837158203e+00 0.000000000000000000e+00
4.706636667251586914e-01 2.284191608428955078e+00 0.000000000000000000e+00
4.422494173049926758e-01 2.312299489974975586e+00 0.000000000000000000e+00
4.157507717609405518e-01 2.298250675201416016e+00 0.000000000000000000e+00
3.844818770885467529e-01 2.298249483108520508e+00 0.000000000000000000e+00
3.531574904918670654e-01 2.298251628875732422e+00 0.000000000000000000e+00
3.218302726745605469e-01 2.298251628875732422e+00 0.000000000000000000e+00
2.921465933322906494e-01 2.298251628875732422e+00 0.000000000000000000e+00
2.607393264770507812e-01 2.298251628875732422e+00 0.000000000000000000e+00
2.294129729270935059e-01 2.298251628875732422e+00 0.000000000000000000e+00
1.980849057435989380e-01 2.298251628875732422e+00 0.000000000000000000e+00
1.774437576532363892e-01 2.307733535766601562e+00 0.000000000000000000e+00
1.478947848081588745e-01 2.289142131805419922e+00 0.000000000000000000e+00
1.345886588096618652e-01 2.304529190063476562e+00 0.000000000000000000e+00
1.114108264446258545e-01 2.293060064315795898e+00 0.000000000000000000e+00
1.221967414021492004e-01 2.264739990234375000e+00 0.000000000000000000e+00
7.556930184364318848e-02 2.297906160354614258e+00 0.000000000000000000e+00
5.859063193202018738e-02 2.294144153594970703e+00 0.000000000000000000e+00
4.992746934294700623e-02 2.284391403198242188e+00 0.000000000000000000e+00
3.537638485431671143e-02 2.293534517288208008e+00 0.000000000000000000e+00
6.221416965126991272e-02 2.300130128860473633e+00 0.000000000000000000e+00
3.856416791677474976e-02 2.305336475372314453e+00 0.000000000000000000e+00
3.650514408946037292e-02 2.294524192810058594e+00 0.000000000000000000e+00
5.992726609110832214e-02 2.304100513458251953e+00 0.000000000000000000e+00
3.942855447530746460e-02 2.301056385040283203e+00 0.000000000000000000e+00
3.791025280952453613e-02 2.304039716720581055e+00 0.000000000000000000e+00
5.057951807975769043e-02 2.305478096008300781e+00 0.000000000000000000e+00
4.259344190359115601e-02 2.302359342575073242e+00 0.000000000000000000e+00
4.442681372165679932e-02 2.300052165985107422e+00 0.000000000000000000e+00
5.699200928211212158e-02 2.265554666519165039e+00 0.000000000000000000e+00
5.286227539181709290e-02 2.254865169525146484e+00 0.000000000000000000e+00
2.398873679339885712e-02 2.229136466979980469e+00 0.000000000000000000e+00
-3.464595973491668701e-01 2.297745466232299805e+00 0.000000000000000000e+00
-6.121758222579956055e-01 2.230062246322631836e+00 0.000000000000000000e+00
-8.127675056457519531e-01 2.327496767044067383e+00 0.000000000000000000e+00
-7.978966236114501953e-01 2.266412973403930664e+00 0.000000000000000000e+00
-9.668312072753906250e-01 2.278845548629760742e+00 0.000000000000000000e+00
-1.120908141136169434e+00 2.264370679855346680e+00 0.000000000000000000e+00
-1.273321628570556641e+00 2.242834806442260742e+00 0.000000000000000000e+00
-1.406898856163024902e+00 2.142992734909057617e+00 0.000000000000000000e+00
-1.555438995361328125e+00 2.096019029617309570e+00 0.000000000000000000e+00
-1.591096520423889160e+00 2.141366958618164062e+00 0.000000000000000000e+00
-1.647841095924377441e+00 2.092822313308715820e+00 0.000000000000000000e+00
-1.618598580360412598e+00 2.067445278167724609e+00 0.000000000000000000e+00
-1.705109119415283203e+00 1.843713164329528809e+00 0.000000000000000000e+00
-1.789482951164245605e+00 1.103581190109252930e+00 0.000000000000000000e+00
-1.797524094581604004e+00 8.952003121376037598e-01 0.000000000000000000e+00
-1.745727181434631348e+00 1.039299726486206055e+00 0.000000000000000000e+00
-1.487052917480468750e+00 5.666842684149742126e-02 0.000000000000000000e+00
-1.678771972656250000e+00 5.345906615257263184e-01 0.000000000000000000e+00
-1.369941353797912598e+00 -3.800408840179443359e-01 0.000000000000000000e+00
-1.366031765937805176e+00 -2.231593430042266846e-01 0.000000000000000000e+00
-9.453409910202026367e-01 -7.013128995895385742e-01 0.000000000000000000e+00
-7.762435674667358398e-01 -1.491672515869140625e+00 0.000000000000000000e+00
-5.420417785644531250e-01 -1.901389122009277344e+00 0.000000000000000000e+00
3.640505373477935791e-01 -2.042971134185791016e+00 0.000000000000000000e+00
4.470448791980743408e-01 -2.176872730255126953e+00 0.000000000000000000e+00
4.525195956230163574e-01 -2.146262168884277344e+00 0.000000000000000000e+00
7.050231099128723145e-01 -2.137908697128295898e+00 0.000000000000000000e+00
7.781990170478820801e-01 -1.911883711814880371e+00 0.000000000000000000e+00
7.536782026290893555e-01 -1.535058975219726562e+00 0.000000000000000000e+00
3.210871815681457520e-01 -1.529127836227416992e+00 0.000000000000000000e+00
-6.487017273902893066e-01 -1.544434070587158203e+00 0.000000000000000000e+00
-1.559096932411193848e+00 -1.829671740531921387e+00 0.000000000000000000e+00
-1.699346184730529785e+00 -1.698457717895507812e+00 0.000000000000000000e+00
-2.002412080764770508e+00 -1.148097753524780273e+00 0.000000000000000000e+00
-2.162014007568359375e+00 -8.043026924133300781e-01 0.000000000000000000e+00
-1.789091706275939941e+00 -2.196024060249328613e-01 0.000000000000000000e+00
-1.794051289558410645e+00 6.645542383193969727e-02 0.000000000000000000e+00
-1.835054755210876465e+00 2.452929168939590454e-01 0.000000000000000000e+00
-1.665657162666320801e+00 8.952422440052032471e-02 0.000000000000000000e+00
-1.751221537590026855e+00 1.811307519674301147e-01 0.000000000000000000e+00
-1.804855942726135254e+00 1.007806509733200073e-01 0.000000000000000000e+00
-2.069847822189331055e+00 -1.196725219488143921e-01 0.000000000000000000e+00
-2.241290569305419922e+00 -1.065094862133264542e-02 0.000000000000000000e+00
-2.049996376037597656e+00 -6.310690939426422119e-02 0.000000000000000000e+00
-2.050260066986083984e+00 -7.583076134324073792e-03 0.000000000000000000e+00
-2.063590764999389648e+00 0.000000000000000000e+00 0.000000000000000000e+00
-2.018237590789794922e+00 -1.541891247034072876e-01 0.000000000000000000e+00
-2.051040649414062500e+00 -1.488274484872817993e-01 0.000000000000000000e+00
-2.036013364791870117e+00 -1.865007281303405762e-01 0.000000000000000000e+00
-2.035662412643432617e+00 -2.323332577943801880e-01 0.000000000000000000e+00
-2.035023450851440430e+00 -2.782953679561614990e-01 0.000000000000000000e+00
-2.039228677749633789e+00 -3.120789527893066406e-01 0.000000000000000000e+00
-2.032074213027954102e+00 -3.851181864738464355e-01 0.000000000000000000e+00
-2.038297891616821289e+00 -4.292593002319335938e-01 0.000000000000000000e+00
-2.055363416671752930e+00 -5.018491148948669434e-01 0.000000000000000000e+00
-2.069145202636718750e+00 -5.743569135665893555e-01 0.000000000000000000e+00
-2.074557542800903320e+00 -6.378709077835083008e-01 0.000000000000000000e+00
-2.064400434494018555e+00 -6.883659958839416504e-01 0.000000000000000000e+00
-2.064287662506103516e+00 -7.514876127243041992e-01 0.000000000000000000e+00
-2.067814111709594727e+00 -8.105006814002990723e-01 0.000000000000000000e+00
-2.066614389419555664e+00 -8.739262819290161133e-01 0.000000000000000000e+00
-2.070517063140869141e+00 -9.231426715850830078e-01 0.000000000000000000e+00
-2.116207599639892578e+00 -8.883441090583801270e-01 0.000000000000000000e+00
-2.114022254943847656e+00 -8.843430280685424805e-01 0.000000000000000000e+00
-2.115807056427001953e+00 -9.052289724349975586e-01 0.000000000000000000e+00
-2.130331039428710938e+00 -8.742738962173461914e-01 0.000000000000000000e+00
-2.120332479476928711e+00 -9.231169819831848145e-01 0.000000000000000000e+00
-2.134325742721557617e+00 -8.696544766426086426e-01 0.000000000000000000e+00
-2.150595664978027344e+00 -8.097761273384094238e-01 0.000000000000000000e+00
-2.147718191146850586e+00 -8.439366817474365234e-01 0.000000000000000000e+00
-2.151830673217773438e+00 -7.719892859458923340e-01 0.000000000000000000e+00
-2.146669864654541016e+00 -6.271838545799255371e-01 0.000000000000000000e+00
-2.156555652618408203e+00 -5.955064892768859863e-01 0.000000000000000000e+00
-2.159865617752075195e+00 -4.899771213531494141e-01 0.000000000000000000e+00
-2.147274255752563477e+00 -4.635334312915802002e-01 0.000000000000000000e+00
-2.139315128326416016e+00 -3.830496370792388916e-01 0.000000000000000000e+00
-2.147902488708496094e+00 -3.219031989574432373e-01 0.000000000000000000e+00
-2.147901296615600586e+00 -2.538443803787231445e-01 0.000000000000000000e+00
-2.145757198333740234e+00 -1.810302883386611938e-01 0.000000000000000000e+00
-1.996959686279296875e+00 -1.151036545634269714e-01 0.000000000000000000e+00
-1.883473277091979980e+00 -3.585016727447509766e-01 0.000000000000000000e+00
-1.988712310791015625e+00 -1.969588845968246460e-01 0.000000000000000000e+00
-1.992981672286987305e+00 -1.897687315940856934e-01 0.000000000000000000e+00
-1.997390031814575195e+00 -1.823591440916061401e-01 0.000000000000000000e+00
-2.013563632965087891e+00 -1.906402260065078735e-01 0.000000000000000000e+00
-2.003378152847290039e+00 -1.875377446413040161e-01 0.000000000000000000e+00
-1.974159836769104004e+00 -3.377183377742767334e-01 0.000000000000000000e+00
-1.951316118240356445e+00 -5.488971471786499023e-01 0.000000000000000000e+00
-1.968788862228393555e+00 -8.237829804420471191e-01 0.000000000000000000e+00
-1.945227146148681641e+00 -8.685003519058227539e-01 0.000000000000000000e+00
-1.967905879020690918e+00 -9.280501604080200195e-01 0.000000000000000000e+00
-1.962081074714660645e+00 -1.017066240310668945e+00 0.000000000000000000e+00
-1.961034297943115234e+00 -1.154731512069702148e+00 0.000000000000000000e+00
-1.975762486457824707e+00 -1.290374398231506348e+00 0.000000000000000000e+00
-2.022355318069458008e+00 -1.260894179344177246e+00 0.000000000000000000e+00
-2.073849439620971680e+00 -1.048684477806091309e+00 0.000000000000000000e+00
-2.161347150802612305e+00 -8.220006823539733887e-01 0.000000000000000000e+00
-2.244193077087402344e+00 -5.834922790527343750e-01 0.000000000000000000e+00
-2.295309782028198242e+00 -3.321380615234375000e-01 0.000000000000000000e+00
-2.393138885498046875e+00 -1.127919331192970276e-01 0.000000000000000000e+00
-2.424093961715698242e+00 1.133815273642539978e-01 0.000000000000000000e+00
-2.388724327087402344e+00 2.753409743309020996e-01 0.000000000000000000e+00
-2.439656496047973633e+00 6.819969415664672852e-01 0.000000000000000000e+00
-2.564598321914672852e+00 9.960088133811950684e-01 0.000000000000000000e+00
-2.549314022064208984e+00 1.471174716949462891e+00 0.000000000000000000e+00
-2.473219394683837891e+00 1.616783857345581055e+00 0.000000000000000000e+00
-2.450370550155639648e+00 1.975066423416137695e+00 0.000000000000000000e+00
-2.481493949890136719e+00 1.997719168663024902e+00 0.000000000000000000e+00
-2.472976207733154297e+00 2.038181066513061523e+00 0.000000000000000000e+00
-2.427707433700561523e+00 2.100968837738037109e+00 0.000000000000000000e+00
-2.513614416122436523e+00 2.313641786575317383e+00 0.000000000000000000e+00
-2.513391971588134766e+00 2.342740297317504883e+00 0.000000000000000000e+00
-2.466651439666748047e+00 2.260503530502319336e+00 0.000000000000000000e+00
-2.433144807815551758e+00 2.300183773040771484e+00 0.000000000000000000e+00
-2.429866075515747070e+00 2.299759626388549805e+00 0.000000000000000000e+00
-2.393332719802856445e+00 2.346128940582275391e+00 0.000000000000000000e+00
-2.401660203933715820e+00 2.335733652114868164e+00 0.000000000000000000e+00
-2.390586376190185547e+00 2.350364685058593750e+00 0.000000000000000000e+00
-2.355357646942138672e+00 2.391745328903198242e+00 0.000000000000000000e+00
-2.353034257888793945e+00 2.389802217483520508e+00 0.000000000000000000e+00
-2.328480005264282227e+00 2.386710882186889648e+00 0.000000000000000000e+00
-2.271620750427246094e+00 2.374420404434204102e+00 0.000000000000000000e+00
-2.213055610656738281e+00 2.364556789398193359e+00 0.000000000000000000e+00
-2.120697975158691406e+00 2.344760656356811523e+00 0.000000000000000000e+00
-1.990193367004394531e+00 2.315266370773315430e+00 0.000000000000000000e+00
-2.027464151382446289e+00 2.323315382003784180e+00 0.000000000000000000e+00
-1.895215034484863281e+00 2.292846441268920898e+00 0.000000000000000000e+00
-1.894432306289672852e+00 2.292642593383789062e+00 0.000000000000000000e+00
-1.864990711212158203e+00 2.285758972167968750e+00 0.000000000000000000e+00
-1.827935099601745605e+00 2.277246475219726562e+00 0.000000000000000000e+00
-1.708375811576843262e+00 2.266608476638793945e+00 0.000000000000000000e+00
-1.529100060462951660e+00 2.233747005462646484e+00 0.000000000000000000e+00
-1.331664562225341797e+00 2.199929952621459961e+00 0.000000000000000000e+00
-1.172151446342468262e+00 2.172916173934936523e+00 0.000000000000000000e+00
-9.535751342773437500e-01 2.179069757461547852e+00 0.000000000000000000e+00
-8.828650116920471191e-01 2.122734785079956055e+00 0.000000000000000000e+00
-8.341382741928100586e-01 2.103650808334350586e+00 0.000000000000000000e+00
-7.516073584556579590e-01 2.062118768692016602e+00 0.000000000000000000e+00
-7.090484499931335449e-01 2.078547954559326172e+00 0.000000000000000000e+00
-6.594824194908142090e-01 2.101752519607543945e+00 0.000000000000000000e+00
-6.062739491462707520e-01 2.089076995849609375e+00 0.000000000000000000e+00
-5.169764757156372070e-01 2.106707096099853516e+00 0.000000000000000000e+00
-4.320462346076965332e-01 2.099382400512695312e+00 0.000000000000000000e+00
-3.208664059638977051e-01 2.111333608627319336e+00 0.000000000000000000e+00
-1.873226463794708252e-01 2.105000734329223633e+00 0.000000000000000000e+00
-1.185899823904037476e-01 2.112978696823120117e+00 0.000000000000000000e+00
-1.615422591567039490e-02 2.111058235168457031e+00 0.000000000000000000e+00
9.220051765441894531e-02 2.114861726760864258e+00 0.000000000000000000e+00
1.870632469654083252e-01 2.111871719360351562e+00 0.000000000000000000e+00
2.903785407543182373e-01 2.111835718154907227e+00 0.000000000000000000e+00
3.935606479644775391e-01 2.111832380294799805e+00 0.000000000000000000e+00
4.953010976314544678e-01 2.111832380294799805e+00 0.000000000000000000e+00
5.636352896690368652e-01 2.109635829925537109e+00 0.000000000000000000e+00
4.014322459697723389e-01 2.151966094970703125e+00 0.000000000000000000e+00
1.670134067535400391e-01 2.305207729339599609e+00 0.000000000000000000e+00
1.822993159294128418e-01 2.273099899291992188e+00 0.000000000000000000e+00
2.411460727453231812e-01 2.263557910919189453e+00 0.000000000000000000e+00
2.008000016212463379e-01 2.254055261611938477e+00 0.000000000000000000e+00
1.642683744430541992e-01 2.262613773345947266e+00 0.000000000000000000e+00
1.968558579683303833e-01 2.236997604370117188e+00 0.000000000000000000e+00
1.477397680282592773e-01 2.240431785583496094e+00 0.000000000000000000e+00
2.121505737304687500e-01 2.216797828674316406e+00 0.000000000000000000e+00
2.535322606563568115e-01 2.203264951705932617e+00 0.000000000000000000e+00
3.019682168960571289e-01 2.190107107162475586e+00 0.000000000000000000e+00
2.938387691974639893e-01 2.197737216949462891e+00 0.000000000000000000e+00
3.671822249889373779e-01 2.183701753616333008e+00 0.000000000000000000e+00
3.516197502613067627e-01 2.196969032287597656e+00 0.000000000000000000e+00
4.201322793960571289e-01 2.186506509780883789e+00 0.000000000000000000e+00
4.340908527374267578e-01 2.193130731582641602e+00 0.000000000000000000e+00
4.686507284641265869e-01 2.189719200134277344e+00 0.000000000000000000e+00
5.040889382362365723e-01 2.192057847976684570e+00 0.000000000000000000e+00
5.390879511833190918e-01 2.191858768463134766e+00 0.000000000000000000e+00
5.565810203552246094e-01 2.196906328201293945e+00 0.000000000000000000e+00
5.707547068595886230e-01 2.201235294342041016e+00 0.000000000000000000e+00
5.928840041160583496e-01 2.203411817550659180e+00 0.000000000000000000e+00
6.235585808753967285e-01 2.207703351974487305e+00 0.000000000000000000e+00
6.203173398971557617e-01 2.229257106781005859e+00 0.000000000000000000e+00
6.269420385360717773e-01 2.227947950363159180e+00 0.000000000000000000e+00
6.084028482437133789e-01 2.261860847473144531e+00 0.000000000000000000e+00
6.172502040863037109e-01 2.272688388824462891e+00 0.000000000000000000e+00
5.912072062492370605e-01 2.285067081451416016e+00 0.000000000000000000e+00
6.100706458091735840e-01 2.292594194412231445e+00 0.000000000000000000e+00
6.159528493881225586e-01 2.282608747482299805e+00 0.000000000000000000e+00
6.203678846359252930e-01 2.287931680679321289e+00 0.000000000000000000e+00
6.319416761398315430e-01 2.299727439880371094e+00 0.000000000000000000e+00
6.327823400497436523e-01 2.294832706451416016e+00 0.000000000000000000e+00
6.693430542945861816e-01 2.293873786926269531e+00 0.000000000000000000e+00
6.662026643753051758e-01 2.293734788894653320e+00 0.000000000000000000e+00
7.623671293258666992e-01 2.261843204498291016e+00 0.000000000000000000e+00
9.266201853752136230e-01 2.222003936767578125e+00 0.000000000000000000e+00
1.028481483459472656e+00 2.170957088470458984e+00 0.000000000000000000e+00
1.150962591171264648e+00 2.105343580245971680e+00 0.000000000000000000e+00
1.176845431327819824e+00 2.170344352722167969e+00 0.000000000000000000e+00
1.263539552688598633e+00 2.167606115341186523e+00 0.000000000000000000e+00
1.277547478675842285e+00 2.167722702026367188e+00 0.000000000000000000e+00
1.357457637786865234e+00 2.231142759323120117e+00 0.000000000000000000e+00
1.417924165725708008e+00 2.206222057342529297e+00 0.000000000000000000e+00
1.504000902175903320e+00 2.227640628814697266e+00 0.000000000000000000e+00
1.487498998641967773e+00 2.185999393463134766e+00 0.000000000000000000e+00
1.626966476440429688e+00 2.123533248901367188e+00 0.000000000000000000e+00
1.695054411888122559e+00 2.061791419982910156e+00 0.000000000000000000e+00
1.763724207878112793e+00 1.982156634330749512e+00 0.000000000000000000e+00
1.755354642868041992e+00 1.906640172004699707e+00 0.000000000000000000e+00
1.797915935516357422e+00 1.825300812721252441e+00 0.000000000000000000e+00
1.865805149078369141e+00 1.823551058769226074e+00 0.000000000000000000e+00
1.810346961021423340e+00 1.882542848587036133e+00 0.000000000000000000e+00
1.808580994606018066e+00 1.879122853279113770e+00 0.000000000000000000e+00
1.808642983436584473e+00 1.878386616706848145e+00 0.000000000000000000e+00
1.868920326232910156e+00 1.704923987388610840e+00 0.000000000000000000e+00
1.914674162864685059e+00 1.562512993812561035e+00 0.000000000000000000e+00
1.917535305023193359e+00 1.500287294387817383e+00 0.000000000000000000e+00
1.879669666290283203e+00 1.566833138465881348e+00 0.000000000000000000e+00
1.890720009803771973e+00 1.550411820411682129e+00 0.000000000000000000e+00
1.886040329933166504e+00 1.562257885932922363e+00 0.000000000000000000e+00
2.028084278106689453e+00 1.141111254692077637e+00 0.000000000000000000e+00
2.007332563400268555e+00 1.257015109062194824e+00 0.000000000000000000e+00
2.107753992080688477e+00 9.135743975639343262e-01 0.000000000000000000e+00
2.135076999664306641e+00 8.177313208580017090e-01 0.000000000000000000e+00
2.128131628036499023e+00 8.289979100227355957e-01 0.000000000000000000e+00
2.101055860519409180e+00 8.872916698455810547e-01 0.000000000000000000e+00
2.182275295257568359e+00 5.830128192901611328e-01 0.000000000000000000e+00
2.147057771682739258e+00 5.116117000579833984e-01 0.000000000000000000e+00
2.158495426177978516e+00 4.218086600303649902e-01 0.000000000000000000e+00
2.175312995910644531e+00 -5.719386786222457886e-02 0.000000000000000000e+00
2.169363260269165039e+00 3.434538096189498901e-02 0.000000000000000000e+00
2.205357313156127930e+00 -1.222960278391838074e-01 0.000000000000000000e+00
2.181895017623901367e+00 -2.695604264736175537e-01 0.000000000000000000e+00
2.201078891754150391e+00 -4.255271553993225098e-01 0.000000000000000000e+00
2.184484481811523438e+00 -5.059899091720581055e-01 0.000000000000000000e+00
2.086557388305664062e+00 -2.159335166215896606e-01 0.000000000000000000e+00
2.101754188537597656e+00 -1.636614054441452026e-01 0.000000000000000000e+00
2.137144327163696289e+00 -2.970097772777080536e-02 0.000000000000000000e+00
2.170989036560058594e+00 -1.913147792220115662e-02 0.000000000000000000e+00
2.253627061843872070e+00 1.535701006650924683e-02 0.000000000000000000e+00
2.212130784988403320e+00 3.301700577139854431e-02 0.000000000000000000e+00
2.234040260314941406e+00 1.333110481500625610e-01 0.000000000000000000e+00
2.226008892059326172e+00 2.019776701927185059e-01 0.000000000000000000e+00
2.231910228729248047e+00 2.769356071949005127e-01 0.000000000000000000e+00
2.230712413787841797e+00 3.456119000911712646e-01 0.000000000000000000e+00
2.230666399002075195e+00 4.190085232257843018e-01 0.000000000000000000e+00
2.230666399002075195e+00 4.924344420433044434e-01 0.000000000000000000e+00
2.242935657501220703e+00 5.586652159690856934e-01 0.000000000000000000e+00
2.261666059494018555e+00 6.203057765960693359e-01 0.000000000000000000e+00
2.287290334701538086e+00 5.321293473243713379e-01 0.000000000000000000e+00
2.351934909820556641e+00 4.084026813507080078e-01 0.000000000000000000e+00
2.335277080535888672e+00 4.697057008743286133e-01 0.000000000000000000e+00
2.355175495147705078e+00 3.980265855789184570e-01 0.000000000000000000e+00
2.361177921295166016e+00 3.558532595634460449e-01 0.000000000000000000e+00
2.358014106750488281e+00 3.334462940692901611e-01 0.000000000000000000e+00
2.376597404479980469e+00 2.319571673870086670e-01 0.000000000000000000e+00
2.404765605926513672e+00 7.815906405448913574e-02 0.000000000000000000e+00
2.384361743927001953e+00 7.215800136327743530e-02 0.000000000000000000e+00
2.385458469390869141e+00 -4.112266935408115387e-03 0.000000000000000000e+00
2.385454177856445312e+00 -8.088876307010650635e-02 0.000000000000000000e+00
2.376844406127929688e+00 -1.259816586971282959e-01 0.000000000000000000e+00
2.315952062606811523e+00 3.529783338308334351e-03 0.000000000000000000e+00
2.289701461791992188e+00 2.024292014539241791e-02 0.000000000000000000e+00
2.300543069839477539e+00 -5.449955165386199951e-02 0.000000000000000000e+00
2.272197484970092773e+00 -7.719665765762329102e-03 0.000000000000000000e+00
2.285772085189819336e+00 -4.713859036564826965e-02 0.000000000000000000e+00
